Angle (degree),rho (mOhm cm),Delta rho (mOhm cm),rho/rho(theta=0)
101.42493925067143,3.929813209247058,-1.2545356968529404,0.7580148019403495
101.42493925067143,3.92976249842647,-1.2545864076735285,0.7580050204187917
101.42493925067143,3.929581742182352,-1.2547671639176468,0.7579701546627649
101.42493925067143,3.9293598170029402,-1.2549890890970583,0.7579273479027587
101.42493925067143,3.9293480943294115,-1.255000811770587,0.7579250867367491
101.42493925067143,3.929269848247058,-1.2550790578529405,0.7579099939866717
101.42493925067143,3.9291477091176463,-1.2552011969823522,0.7578864347834576
101.42493925067143,3.929400440741176,-1.2549484653588228,0.7579351837446303
101.42493925067143,3.929640085761764,-1.2547088203382346,0.7579814084538328
101.42493925067143,3.9292717573735283,-1.2550771487264702,0.7579103622347401
101.23885538790144,3.928667326808823,-1.2556815792911755,0.7577937746794553
101.23885538790144,3.9283472530441164,-1.2560016530558822,0.7577320362103623
101.04618448574134,3.927931758552941,-1.2564171475470576,0.7576518922041041
100.85433696350498,3.927080593532352,-1.2572683125676467,0.7574877124708327
100.66248944126863,3.9224995181029403,-1.2618493879970583,0.7566040768374321
100.46981853910853,3.9122852699411754,-1.2720636361588231,0.7546338683605784
100.27879439679596,3.897472224635293,-1.2868766814647055,0.7517766059397463
100.08694687455962,3.8795211562058816,-1.304827749894117,0.7483140557228251
99.89509935232329,3.859356570855882,-1.3249923352441164,0.7444245440955746
99.70242845016318,3.836924756370587,-1.3474241497294117,0.7400977106027705
99.51058092792684,3.8132745388705875,-1.371074367229411,0.7355358614818188
99.51058092792684,3.7878437471205872,-1.3965051589794113,0.7306305605056291
99.3187334056905,3.7617867131764697,-1.4225621929235288,0.7256044647670769
99.1260625035304,3.7338272356411757,-1.4505216704588229,0.7202114100090539
98.92927470175148,3.705363656914705,-1.4789852491852935,0.714721120053264
98.73742717951515,3.675635056141176,-1.5087138499588226,0.70898682220565
98.54557965727881,3.646056131632352,-1.5382927744676467,0.7032813951511513
98.34796847557614,3.6174349703470585,-1.56691393575294,0.6977607093709914
98.1561209533398,3.588143947355882,-1.5962049587441167,0.6921108151370767
97.96427343110345,3.557439041038235,-1.6269098650617635,0.6861881994193114
97.96427343110345,3.5280798590470583,-1.6562690470529402,0.6805251581150057
97.77160252894336,3.49622007547647,-1.6881288306235285,0.6743797801422575
97.58057838663078,3.464891654823529,-1.7194572512764696,0.6683368958340506
97.38873086439445,3.433113660179411,-1.7512352459205873,0.6622072939843897
97.1968833421581,3.400690067908823,-1.7836588381911755,0.6559531639368464
97.004212439998,3.369119547911764,-1.8152293581882346,0.6498635815092609
96.81236491776166,3.337043836329411,-1.8473050697705875,0.6436765535596929
96.62051739552533,3.3069409081264696,-1.877407997973529,0.637870052348418
96.42866987328897,3.2776547919088235,-1.906694114191175,0.6322211045734741
96.42866987328897,3.2487023812558813,-1.9356465248441173,0.626636524681701
96.23599897112886,3.220588320682352,-1.9637605854176465,0.6212136526715919
96.04415144889252,3.191815575879412,-1.9925333302205868,0.6156637282116302
95.85230392665619,3.1648217697352936,-2.019527136364705,0.6104569401205824
95.66045640441985,3.1374181946058814,-2.046930711494117,0.6051711124060996
95.4686088821835,3.110805531791176,-2.0735433743088225,0.6000378423857519
95.27676135994717,3.0843782603323517,-2.099970645767647,0.5949403321800384
95.08409045778707,3.0573010277970587,-2.12704787830294,0.5897174521181981
94.89224293555073,3.0300416769617637,-2.154307229138235,0.584459443575752
94.89224293555073,3.0023842779411756,-2.181964628158823,0.579124656214499
94.7003954133144,2.974663356905882,-2.2096855491941167,0.5737776162028445
94.50854789107805,2.9470032318999997,-2.237345674199999,0.5684423030310523
94.31752374876548,2.9187803904617637,-2.265568515638235,0.5629984484700623
94.12485284660538,2.890695229079411,-2.2936536770205875,0.5575811507744332
93.93300532436902,2.8622531903205877,-2.322095715779411,0.5520950156253582
93.74115780213268,2.8348995072794114,-2.349449398820587,0.5468188115085807
93.54848689997259,2.807530283311764,-2.3768186227882344,0.5415396097296564
93.35746275766,2.780829287332353,-2.4035196187676457,0.5363893012795452
93.16561523542366,2.7550661520735287,-2.42928275402647,0.5314198951447632
93.16561523542366,2.729510766870588,-2.4548381392294107,0.5264905615551831
92.97376771318731,2.7040584351529406,-2.480290470947058,0.5215811057722787
92.78192019095098,2.679801879835294,-2.5045470262647047,0.5169023012093554
92.58924928879088,2.65663531582647,-2.5277135902735286,0.512433743165053
92.39740176655454,2.6355475882029404,-2.548801317897058,0.5083661682380033
92.20061396477563,2.615648821079411,-2.5687000850205877,0.5045279298238958
92.00794306261552,2.5977231089970583,-2.5866257971029403,0.5010702705484444
91.8160955403792,2.581558613858823,-2.6027902922411754,0.49795232933132927
91.62424801814285,2.566042444205882,-2.6183064618941168,0.4949594424840176
91.62424801814285,2.5522174271176468,-2.632131478982352,0.49229275909934644
91.4324004959065,2.5394794018176468,-2.644869504282352,0.48983574366101196
91.24055297367016,2.528357825844117,-2.6559910802558817,0.4876905223082508
91.04870545143382,2.5185195407029406,-2.665829365397058,0.4857928326813816
90.85603454927372,2.510242087294117,-2.6741068188058814,0.48419620915955736
90.66418702703739,2.503788557858823,-2.6805603482411757,0.4829513991453816
90.47233950480104,2.4985177163470587,-2.68583118975294,0.48193471573783503
90.28049198256471,2.49501981632647,-2.6893290897735285,0.48126001191601603
90.08864446032837,2.493761881841176,-2.6905870242588223,0.481017371131594
90.08864446032837,2.494441832502941,-2.6899070735970576,0.4811485256264168
89.89679693809202,2.4970457629764695,-2.687303143123529,0.4816507932246613
89.70494941585568,2.5013760159088227,-2.682972890191176,0.4824860481449577
89.51227851369558,2.507521741323529,-2.6768271647764696,0.48367148637954005
89.321254371383,2.5145985115588227,-2.669750394541176,0.4850365122224125
89.1285834692229,2.5236292549382346,-2.660719651161764,0.48677843653016617
88.93673594698656,2.535013923152941,-2.6493349829470576,0.4889744052855312
88.74488842475021,2.548263408867647,-2.6360854972323517,0.49153007542939753
88.55221752259011,2.5629845781647056,-2.621364327935293,0.49436961604745616
88.55221752259011,2.5784091415970583,-2.6059397645029403,0.49734483313097533
88.36119338027754,2.5945984460117644,-2.589750460088234,0.5004675597660707
88.16852247811744,2.611048114808823,-2.5733007912911754,0.5036405076318488
87.97749833580485,2.6286082263617643,-2.5557406797382343,0.5070276468601287
87.78482743364476,2.646904721155882,-2.5374441849441167,0.5105568257648488
87.5929799114084,2.666133626573529,-2.5182152795264696,0.5142658557252017
87.40113238917208,2.6863876354823524,-2.497961270617646,0.5181726161064315
87.20928486693573,2.706881838355882,-2.4774670677441164,0.5221257070817352
87.01661396477563,2.7291105397705873,-2.4552383663294113,0.5264133624493263
86.82558982246306,2.7529960407147054,-2.431352865385293,0.5310205949826179
86.82558982246306,2.778485176044117,-2.4058637300558816,0.5359371497498753
86.62715526083663,2.804049286273529,-2.3802996198264696,0.5408681662945628
86.43613111852405,2.8295804092705876,-2.354768496829411,0.5457928199896523
86.2442835962877,2.855795844505882,-2.3285530615941163,0.5508494694764277
86.0516126941276,2.882246289649999,-2.3021026164499996,0.5559514496137974
85.85976517189125,2.9099535788852933,-2.2743953272147053,0.5612958602113738
85.66791764965492,2.9392396951029407,-2.245109210997058,0.5669448079863179
85.47607012741858,2.967331944047058,-2.2170169620529405,0.5723634727893491
85.28422260518224,2.996134135111764,-2.1882147709882345,0.5779190770872806
85.28422260518224,3.0246694156823524,-2.159679490417646,0.5834231974864715
85.09237508294589,3.0523450797411753,-2.1320038263588232,0.5887615079590286
84.90052756070956,3.0805611052794113,-2.1037878008205873,0.5942040478129794
84.70868003847322,3.1088534696470584,-2.07549543645294,0.5996613125303208
84.51600913631312,3.138034893041176,-2.0463140130588227,0.6052900662895021
84.32498499400053,3.1676037304676465,-2.016745175632352,0.6109935476643146
84.13231409184043,3.1968186900382345,-1.987530216061764,0.6166287701579652
83.94046656960408,3.2267659429352933,-1.9575829631647053,0.6224052434315565
83.74861904736775,3.2561935574617644,-1.9281553486382341,0.6280814845679982
83.74861904736775,3.2872310770764708,-1.8971178290235278,0.6340682574833371
83.55594814520765,3.3182110699705873,-1.8661378361294112,0.6400439341700788
83.36492400289508,3.349396085061764,-1.8349528210382346,0.6460591572301015
83.17225310073498,3.3815718524823524,-1.8027770536176462,0.6522654847754429
82.98122895842239,3.413263421214705,-1.7710854848852935,0.6583784160820267
82.78855805626229,3.445574961438235,-1.7387739446617636,0.6646109326060422
82.5975339139497,3.4779841050499996,-1.706364801049999,0.6708622756770365
82.4048630117896,3.510751216432352,-1.6735976896676465,0.6771826665256921
82.21301548955327,3.5438842037529406,-1.640464702347058,0.6835736305446461
82.21301548955327,3.576323063414705,-1.6080258426852936,0.6898307054925911
82.02034458739317,3.609738773817646,-1.5746101322823525,0.6962762034727953
81.82932044508058,3.6421729983676463,-1.5421759077323522,0.7025323843621327
81.63664954292048,3.674195818341176,-1.5101530877588227,0.7087092101417115
81.44562540060791,3.70671210722647,-1.4776367988735286,0.7149812202772629
81.25377787837157,3.7383747767676456,-1.445974129332353,0.7210885772693667
81.06110697621146,3.768753066955881,-1.4155958391441175,0.7269481925727449
80.86925945397512,3.798862811058823,-1.3854860950411756,0.732756008491059
80.67741193173879,3.828488356473528,-1.3558605496264704,0.7384704281706155
80.48556440950244,3.858462874844117,-1.3258860312558816,0.7442521606337451
80.48556440950244,3.887267244823528,-1.2970816612764704,0.7498081852187262
80.29289350734234,3.915336048420588,-1.2690128576794106,0.755222327689738
80.101045985106,3.941691072838234,-1.2426578332617644,0.7603059022899422
79.91002184279343,3.9665452428205876,-1.217803663279411,0.7650999797011113
79.71735094063332,3.9909991857029405,-1.193349720397058,0.7698168580064236
79.52550341839698,4.014679939858823,-1.1696689662411757,0.7743845972895609
79.33365589616064,4.038083968099999,-1.1462649379999998,0.7788989593946342
79.14180837392429,4.060872114764705,-1.1234767913352934,0.783294525178776
78.94996085168796,4.083104906094117,-1.1012440000058819,0.7875829694428671
78.94996085168796,4.105493644391176,-1.0788552617088225,0.791901494045005
78.75811332945162,4.126698876032353,-1.057650030067646,0.795991734116661
78.56544242729152,4.147447444247058,-1.0369014618529402,0.7999938891780792
78.37441828497894,4.1672731474705875,-1.017075758629411,0.8038180344242069
78.1825707627426,4.187178730494116,-0.9971701756058824,0.8076575875453533
77.98989986058248,4.207288516982352,-0.9770603891176464,0.8115365291159282
77.79805233834615,4.226155909911764,-0.9581929961882345,0.8151758275642276
77.60538143618605,4.244783927608823,-0.9395649784911759,0.8187689533423056
77.41435729387348,4.262415195808822,-0.9219337102911762,0.8221698178518787
77.41435729387348,4.2814914254411764,-0.9028574806588221,0.8258493984468323
77.22250977163714,4.299653239699999,-0.8846956663999999,0.8293525990584756
77.03066224940079,4.316702977485293,-0.8676459286147056,0.8326412931826757
76.83716796731692,4.332017669658823,-0.8523312364411755,0.8355953173910986
76.64614382500434,4.347302645782352,-0.8370462603176465,0.8385436097225705
76.454296302768,4.362779010429411,-0.8215698956705877,0.8415288186518631
76.26244878053167,4.377760272447058,-0.8065886336529404,0.8444185281002415
76.07060125829533,4.391369091735293,-0.7929798143647053,0.8470435094691118
75.87299007659266,4.405695755691176,-0.7786531504088225,0.8498069546413736
75.68114255435631,4.419829123870588,-0.764519782229411,0.8525331153291278
75.68114255435631,4.4334733865882345,-0.750875519511764,0.8551649333191541
75.48929503211997,4.446966063914705,-0.7373828421852933,0.8577675122679966
75.29662412995988,4.459066124347057,-0.7252827817529415,0.8601014717779584
75.1055999876473,4.471970183697058,-0.7123787224029403,0.8625905132340258
74.91375246541097,4.484098324588234,-0.7002505815117646,0.864929889134615
74.72190494317462,4.49587885832647,-0.6884700477735288,0.8672022156989738
74.5292340410145,4.508374784282353,-0.6759741218176458,0.8696125330179297
74.33738651877817,4.519861962658823,-0.664486943441176,0.871828274779244
74.14553899654183,4.531754274908822,-0.6525946311911763,0.8741221621053857
74.14553899654183,4.542888663949999,-0.64146024215,0.8762698549483724
73.95286809438173,4.553883465682352,-0.6304654404176464,0.8783906230393118
73.76184395206914,4.56440578952647,-0.6199431165735287,0.8804202556961217
73.5699964298328,4.575409587947057,-0.6089393181529417,0.8825427591425313
73.37238524813014,4.5855472256176455,-0.598801680482353,0.8844981903556313
73.1805377258938,4.595793372491175,-0.5885555336088233,0.886474551719249
72.9878668237337,4.605609300805881,-0.5787396052941176,0.8883679289769324
72.79601930149737,4.615472668758822,-0.5688762373411764,0.8902704567835266
72.60417177926101,4.624449975332352,-0.5598989307676465,0.8920020737591833
72.60417177926101,4.6337931559705865,-0.550555750129412,0.8938042635437561
72.41232425702468,4.643122161485293,-0.5412267446147059,0.8956037191135248
72.22047673478833,4.65172323150294,-0.5326256745970586,0.8972627644774522
72.02862921255199,4.659835196058824,-0.524513710041175,0.8988274671436518
71.83678169031566,4.667171787352941,-0.5171771187470577,0.9002426094164808
71.64493416807932,4.674302267929411,-0.5100466381705875,0.9016179953531952
71.45308664584297,4.681395124288235,-0.5029537818117635,0.9029861240203222
71.26041574368288,4.688098114164704,-0.496250791935295,0.9042790520230232
71.0693916013703,4.695209510970587,-0.4891393951294116,0.905650756924581
71.0693916013703,4.7015564384558814,-0.4827924676441171,0.9068750046749255
70.8767206992102,4.708081671608823,-0.4762672344911758,0.9081336454938843
70.67993289743129,4.7142317585999995,-0.470117147499999,0.9093199250253294
70.48726199527118,4.720451094985293,-0.4638978111147054,0.9105195619513813
70.29541447303485,4.726630081167646,-0.4577188249323525,0.9117114157973063
70.1035669507985,4.732647121341176,-0.4517017847588223,0.9128720321606167
69.91171942856217,4.738815748779411,-0.44553315732058785,0.9140618879264925
69.71987190632582,4.7449871003294115,-0.43936180577058703,0.9152522691415259
69.52802438408948,4.751108288129411,-0.4332406179705872,0.9164329743584911
69.52802438408948,4.757088251155881,-0.42726065494411714,0.9175864389757035
69.33617686185313,4.763128740423529,-0.4212201656764698,0.9187515783937971
69.14432933961679,4.769361163411763,-0.41498774268823535,0.919953739571819
68.9516584374567,4.775172092867646,-0.4091768132323521,0.9210745995990148
68.75981091522036,4.780650954223528,-0.4036979518764703,0.9221314075907445
68.56714001306025,4.7857972004088225,-0.39855170569117604,0.923124058023519
68.37611587074768,4.79116428137941,-0.3931846247205888,0.9241593048920839
68.18426834851134,4.79663114652647,-0.38771775957352883,0.9252137989560593
67.99159744635124,4.801316641244116,-0.38303226485588215,0.9261175758434778
67.80057330403865,4.805977055023528,-0.3783718510764702,0.9270165149125532
67.80057330403865,4.810718712532352,-0.3736301935676467,0.9279311249426082
67.60790240187855,4.8155465224176455,-0.3688023836823531,0.9288623527539951
67.41605487964222,4.8201780351323515,-0.364170870967647,0.9297557171472088
67.22420735740587,4.824586534147057,-0.35976237195294125,0.9306060648175823
67.03235983516953,4.82891487795294,-0.3554340281470587,0.9314409514898103
66.84051231293319,4.833007121455881,-0.35134178464411736,0.9322302971872278
66.64866479069684,4.837609734979411,-0.3467391711205874,0.9331180872659617
66.45599388853674,4.84254005502647,-0.34180885107352843,0.9340690880832981
66.26496974622417,4.847297526997057,-0.3370513791029417,0.9349867485372443
66.26496974622417,4.852044091279411,-0.3323048148205876,0.9359023050262701
66.07229884406406,4.85664670480294,-0.3277022012970585,0.9367900951050038
65.88045132182774,4.861218240220587,-0.32313066587941197,0.9376718905822078
65.68860379959139,4.865641459555881,-0.318707446544118,0.9385250776294934
65.49675627735505,4.86939836190294,-0.3149505441970586,0.9392497399574165
65.29914509565238,4.873265954241176,-0.31108295185882273,0.9399957530842886
65.10729757341603,4.877568670038235,-0.30678023606176374,0.9408256964146837
64.9154500511797,4.882132570823528,-0.3022163352764702,0.941706019260996
64.72360252894336,4.8864009354588225,-0.29794797064117606,0.9425293366558325
64.72360252894336,4.890462097108823,-0.2938868089911759,0.9433126870289569
64.53093162678326,4.894456192026469,-0.28989271407352923,0.9440831010172875
64.33908410454691,4.898464462067645,-0.28588444403235336,0.9448562492204226
64.14147292284424,4.9021292148705875,-0.28221969122941104,0.9455631369838272
63.950448780531666,4.905803236023528,-0.27854567007647013,0.9462718125030651
63.75777787837156,4.909525785335292,-0.2748231207647063,0.9469898485340474
63.565930356135226,4.91296970335294,-0.27137920274705873,0.9476541398616615
63.37408283389889,4.91621241742647,-0.26813648867352846,0.9482796213121315
63.18223531166255,4.919322084682352,-0.26502682141764655,0.9488794395944665
63.18223531166255,4.922300889655881,-0.26204801644411724,0.9494540160798617
62.9903877894262,4.925119929408823,-0.2592289766911753,0.9499977757310736
62.798540267189864,4.927892074720587,-0.25645683137941155,0.9505324899954825
62.60669274495352,4.9307743667,-0.25357453939999886,0.9510884502581147
62.414845222717176,4.933860043411763,-0.25048886268823534,0.951683641046322
62.22299770048084,4.936849207129411,-0.24749969897058754,0.9522602156117667
62.031150178244495,4.939781660985293,-0.2445672451147054,0.952825851511085
61.8384792760844,4.942806268132353,-0.24154263796764575,0.9534092626976857
61.646631753848055,4.945841234023528,-0.23850767207647028,0.9539946719643352
61.646631753848055,4.949395296835293,-0.23495360926470532,0.9546802089287906
61.449843952069145,4.9526216512499985,-0.23172725485,0.955302534793261
61.25717304990904,4.9555704666382345,-0.22877843946176402,0.9558713266399607
61.065325527672705,4.958580349717646,-0.22576855638235216,0.9564518977268854
60.87347800543637,4.9615138958411755,-0.22283501025882302,0.9570177443118014
60.681630483200024,4.964637741967645,-0.21971116413235325,0.9576202975317041
60.48978296096369,4.9680287683764695,-0.2163201377235291,0.958274386689329
60.29793543872735,4.97141652360294,-0.21293238249705837,0.9589278448743065
60.10526453656725,4.974496746470587,-0.20985215962941162,0.9595219836800537
59.91341701433091,4.977381219238235,-0.2069676868617636,0.9600783645911174
59.91341701433091,4.980183901205881,-0.2041650048941177,0.9606189690177115
59.721569492094574,4.983122899299999,-0.2012260067999998,0.961185867223706
59.5239583103919,4.985944119841176,-0.19840478625882252,0.9617300475233493
59.33211078815555,4.989377679114705,-0.19497122698529346,0.9623923407709141
59.14026326591922,4.992740351529411,-0.19160855457058723,0.9630409607761666
58.94841574368288,4.995517405488234,-0.1888315006117649,0.963576621860928
58.75656822144654,4.997555620008822,-0.1867932860911763,0.9639697694976911
58.56472069921019,4.99790186510588,-0.18644704099411857,0.9640365561093426
58.37204979705009,5.000817417852941,-0.18353148824705734,0.9645989319833179
58.37204979705009,5.004623940626469,-0.17972496547352979,0.9653331655085825
58.18102565473751,5.008142014811765,-0.17620689128823397,0.9660117606897742
57.9883547525774,5.011262587882352,-0.17308631821764653,0.9666136825756481
57.796507230341064,5.014323181782352,-0.17002572431764662,0.9672040351841306
57.60465970810473,5.016910482808822,-0.16743842329117697,0.9677030951573946
57.41281218586838,5.019300396270587,-0.16504850982941122,0.9681640813882699
57.220964663632046,5.021832623026469,-0.16251628307352917,0.9686525181817316
57.02829376147194,5.024642394429411,-0.15970651167058758,0.96919449007711
56.836446239235606,5.027174623058822,-0.15717428304117664,0.9696829272319534
56.836446239235606,5.029676316905881,-0.1546725891941172,0.9701654745859934
56.64459871699927,5.032103307514705,-0.15224559858529396,0.9706336125629664
56.45275119476293,5.034660073758823,-0.1496888323411758,0.9711267827354272
56.26090367252659,5.037351520538235,-0.14699738556176367,0.9716459312009645
56.069056150290244,5.039622564179411,-0.1447263419205873,0.9720839888398908
55.87638524813014,5.042130800391176,-0.14221810570882276,0.9725677981392251
55.67959744635124,5.044932391964704,-0.1394165141352941,0.9731081922416035
55.4877499241149,5.0475600431941166,-0.136788862905882,0.9736150352949946
55.29590240187856,5.049681684105881,-0.13466722199411763,0.9740242749025503
55.29590240187856,5.051671370467646,-0.13267753563235285,0.9744080620275688
55.10405487964221,5.054087455261764,-0.13026145083823426,0.974874096401003
54.91220735740587,5.0564359281264695,-0.12791297797352907,0.9753270892275355
54.71459617570321,5.058521037088234,-0.1258278690117649,0.9757292822511012
54.52274865346687,5.060841155958823,-0.12350775014117588,0.976176805925262
54.33007775130677,5.063262694597059,-0.12108621150293963,0.9766438922811566
54.138230229070416,5.06571313242647,-0.11863577367352818,0.9771165529515309
53.947206086757845,5.067989084714704,-0.1163598213852941,0.9775555574108095
53.75453518459774,5.070349008591176,-0.11399989750882256,0.9780107590029892
53.75453518459774,5.072662038026469,-0.11168686807352923,0.9784569152083656
53.56268766236139,5.074978885714705,-0.10937002038529364,0.9789038079098791
53.370840140125054,5.077285917982353,-0.10706298811764547,0.9793488073320695
53.17816923796495,5.079712363394116,-0.10463654270588219,0.9798168401469344
52.986321715728614,5.082117546120587,-0.10223135997941135,0.9802807716395932
52.79447419349228,5.084589793705882,-0.09975911239411683,0.9807576391556636
52.60262667125593,5.0868935547911756,-0.09745535130882299,0.9812020076052067
52.410779149019596,5.089007015873528,-0.09534189022647066,0.9816096694197627
52.21893162678326,5.091281877767646,-0.09306702833235292,0.9820484635548259
52.21893162678326,5.093405154270587,-0.09094375182941139,0.9824580186487053
52.02708410454692,5.095407927235294,-0.08894097886470487,0.9828443300256942
51.83523658231058,5.097653889938234,-0.08669501616176412,0.9832775498462772
51.64256568015047,5.099808791617646,-0.0845401144823521,0.983693205065176
51.45154153783789,5.101697058211763,-0.08265184788823543,0.9840574295084604
51.258870635677795,5.103374305441174,-0.08097460065882434,0.9843809507952777
51.067023113441444,5.104883609494117,-0.07946529660588197,0.9846720778162941
50.87517559120511,5.106506874720587,-0.07784203137941148,0.9849851866089064
50.68332806896876,5.108054891511764,-0.07629401458823448,0.985283780862344
50.491480546732426,5.109623086214704,-0.0747258198852947,0.9855862671979174
50.491480546732426,5.111154745220587,-0.07319416087941111,0.9858817062267377
50.29880964457232,5.112695674449999,-0.07165323164999915,0.9861789333727731
50.106962122335986,5.114206615967646,-0.07014229013235251,0.9864703762414945
49.91593798002341,5.115448192667646,-0.06890071343235249,0.9867098618012992
49.72326707786331,5.116590530388234,-0.06775837571176435,0.9869302053278014
49.532242935550734,5.1178986304970575,-0.06645027560294103,0.9871825224716735
49.339572033390624,5.119436833741175,-0.06491207235882346,0.9874792238071696
49.14772451115428,5.120688225861764,-0.06366068023823424,0.9877206026462976
48.955053608994184,5.121645717423529,-0.06270318867646996,0.9879052915202732
48.955053608994184,5.1226370168235285,-0.06171188927647009,0.9880965015290814
48.76402946668159,5.123824066323529,-0.06052483977646972,0.9883254694325733
48.572181944445255,5.125543299347059,-0.05880560675293989,0.9886570892858411
48.38033442220892,5.127312696120588,-0.057036209979410835,0.9889983851371769
48.18848689997258,5.1289534113999995,-0.05539549469999905,0.9893148598400042
47.99581599781248,5.13064483375294,-0.05370407234705876,0.9896411153416257
47.80396847557614,5.132751752470587,-0.05159715362941153,0.9900475152108876
47.6121209533398,5.135201099905881,-0.049147806194117294,0.9905199655570464
47.41450977163712,5.13774805260294,-0.04660085349705856,0.9910112428115656
47.41450977163712,5.140170681635293,-0.044178224464705984,0.9914785394916756
47.222662249400784,5.142485891858822,-0.041863014241176444,0.9919251163454836
47.03081472716445,5.144807646320587,-0.03954125977941114,0.9923729555059679
46.83896720492811,5.147146850835294,-0.03720205526470455,0.9928241605766672
46.64629630276801,5.149583656864705,-0.034765249235293894,0.9932941918329632
46.45527216045542,5.151711840141177,-0.032637065958821765,0.9937046933858135
46.26177787837156,5.153872740861764,-0.03047616523823482,0.9941215057492802
46.07157711598275,5.155982930761763,-0.028365975338235927,0.9945285365911889
45.87890621382264,5.157869016567647,-0.02647988953235192,0.9948923403860425
45.6870586915863,5.159927952323528,-0.024420953776470355,0.9952894849056675
45.6870586915863,5.162280241567645,-0.022068664532353566,0.995743213866955
45.495211169349965,5.164404063267646,-0.019944842832352982,0.9961528741229423
45.30336364711362,5.166562238002941,-0.017786668097057756,0.9965691606758701
45.111516124877284,5.168523568497058,-0.015825337602940692,0.9969474782871345
44.91966860264094,5.170356762694116,-0.013992143405882729,0.9973010799119983
44.7278210804046,5.172299011291176,-0.012049894808822792,0.9976757168494882
44.5351501782445,5.174071134049999,-0.010277772049999356,0.9980175385113632
44.343302656008156,5.175671499126469,-0.008677406973529145,0.9983262301340639
44.15145513377182,5.177115915361764,-0.00723299073823469,0.9986048410573362
44.15145513377182,5.178733183420587,-0.005615722679411128,0.9989167930667623
43.959607611535475,5.180286654055882,-0.004062252044116477,0.9992164393026602
43.76776008929914,5.18171089612647,-0.00263800997352881,0.9994911588665599
43.575912567062794,5.183022812614705,-0.0013260934852938888,0.9997442121451869
43.38324166490269,5.1841406127205865,-0.00020829337941208337,0.9999598226540719
43.19221752259012,5.185127005347058,0.0007780992470598491,1.0001500862039097
43.000370000353776,5.1862622555058815,0.001913349405882947,1.0003690626230097
42.80769909819368,5.187407864408822,0.003058958308823634,1.000590037122159
42.61585157595733,5.188683794144117,0.004334888044118301,1.0008361489789042
42.61585157595733,5.189657098294117,0.0053081921941187105,1.0010238879153894
42.42400405372099,5.1908430573999995,0.006494151300000972,1.0012526454946657
42.23133315156089,5.191837082785294,0.0074881766852952225,1.001444381314013
42.04030900924831,5.1927989377970585,0.008450031697059934,1.0016299118462335
41.84763810708821,5.193701902158823,0.009352996058824559,1.0018040830638963
41.65661396477564,5.19471719397647,0.010368287876471705,1.0019999209282138
41.463943062615535,5.195648512332352,0.011299606232353376,1.0021795612982487
41.27209554037918,5.196631086705882,0.012282180605883042,1.0023690883519494
41.080248018142846,5.19770962887647,0.013360722776471157,1.0025771264663053
40.88840049590651,5.198665484847058,0.014316578747059161,1.0027614998539573
40.88840049590651,5.199350342282353,0.015001436182354055,1.002893600807751
40.69078931420384,5.200003574541175,0.01565466844117669,1.0030196016365251
40.4989417919675,5.200974152705881,0.016625246605882715,1.003206814762471
40.3062708898074,5.202082684461763,0.017733778361764152,1.0034206375155226
40.115246747494815,5.203162862223528,0.01881395612352943,1.0036289911162022
39.92339922525848,5.204415889935293,0.02006698383529404,1.0038706854416537
39.730728323098376,5.205426273105881,0.021077367005882586,1.0040655764856186
39.5397041807858,5.206312334485293,0.021963428385294748,1.0042364873165561
39.347033278625695,5.20698683130294,0.02263792520294139,1.0043665898289185
39.347033278625695,5.20758717382647,0.023238267726471307,1.0044823888490855
39.14942209692302,5.208490683385293,0.024141777285294097,1.0046566652288562
38.95839795461045,5.2094176401647045,0.025068734064706,1.0048354643020283
38.765727052450345,5.209985810441176,0.02563690434117749,1.0049450576736865
38.57387953021401,5.210576337544117,0.02622743144411821,1.00505896341453
38.382032007977664,5.211256831529411,0.02690792542941267,1.0051902227100789
38.19018448574132,5.211967316973528,0.027618410873529342,1.005327267005705
37.998336963504975,5.212702885229411,0.028353979129412288,1.0054691494810564
37.80648944126864,5.213330489479412,0.028981583379413145,1.005590206967998
37.80648944126864,5.214158207279411,0.029809301179412273,1.0057498640078677
37.613818539108536,5.214953754705881,0.03060484860588275,1.0059033157606103
37.4219710168722,5.21561789277941,0.0312689866794118,1.0060314201929235
37.23012349463586,5.216360548597058,0.03201164249705979,1.006174669775677
37.032512312933186,5.217003965435293,0.03265505933529411,1.006298777325128
36.84066479069685,5.217590129088234,0.033241222988235286,1.0064118414077268
36.648817268460505,5.2184233007323515,0.034074394632352956,1.006572550430057
36.45696974622417,5.219247747349999,0.03489884125000042,1.0067315764972797
36.26512222398783,5.219677964035292,0.03532905793529384,1.006814560241832
36.26512222398783,5.220237954482351,0.035889048382352406,1.00692257582049
36.073274701751494,5.221070035732351,0.036721129632352856,1.0070830745186046
35.88142717951514,5.2217903347235275,0.03744142862352895,1.0072220117321724
35.689579657278806,5.2222123734529395,0.037863467352940994,1.0073034180451068
35.49773213504247,5.222737467541175,0.03838856144117653,1.0074047025260988
35.305061232882366,5.223346533217645,0.03899762711764687,1.0075221841399913
35.11321371064603,5.223835093482352,0.03948618738235332,1.0076164216756116
34.921366188409685,5.224012305008823,0.0396633989088242,1.0076506036972463
34.72951866617334,5.224152984585293,0.03980407848529488,1.0076777391348912
34.72951866617334,5.224500321949999,0.04015141585000048,1.0077447364321406
34.537671143937,5.225029777614705,0.040680871514706674,1.0078468622099954
34.34582362170066,5.2254529067382345,0.04110400063823594,1.0079284788471454
34.15315271954056,5.225822599055881,0.04147369295588277,1.0079997881521987
33.962128577227986,5.226244090714705,0.04189518461470687,1.0080810889416436
33.76945767506788,5.226522723882352,0.04217381778235385,1.008134834006394
33.57678677290778,5.226909319182352,0.04256041308235314,1.0082094036981724
33.38493925067143,5.227215761147057,0.04286685504705812,1.0082685127531867
33.19309172843509,5.227287189455882,0.04293828335588312,1.0082822904348434
33.19309172843509,5.2274295064970575,0.043080600397058966,1.0083097417201936
33.002067586122514,5.227639433594116,0.04329052749411755,1.0083502341910633
32.81022006388618,5.227795380561764,0.043446474461765305,1.00838031452911
32.61837254164984,5.228434435823529,0.04408552972353075,1.0085035807816984
32.42652501941349,5.229057133299999,0.04470822720000012,1.008623691809669
32.23385411725339,5.2291623694470575,0.044813463347058935,1.0086439906261577
32.04200659501705,5.229142195282352,0.044793289182353035,1.0086400992667852
31.850159072780713,5.22926597187647,0.044917065776471254,1.0086639743177048
31.658311550544372,5.229481352817645,0.0451324467176466,1.0087055187710348
31.466464028308035,5.229545148367646,0.04519624226764751,1.0087178241831811
31.466464028308035,5.229529335779411,0.04518042967941227,1.0087147741206717
31.274616506071695,5.229577863938234,0.04522895783823522,1.008724134632416
31.082768983835347,5.229693460702941,0.04534455460294229,1.008746431890336
30.890921461599007,5.229703276123527,0.04535437002352882,1.008748325169659
30.698250559438907,5.2298472268823515,0.04549832078235294,1.008776091579951
30.500639377736242,5.229942649482352,0.045593743382353225,1.0087944974784986
30.3087918554999,5.229969913082352,0.04562100698235305,1.0087997563066549
30.116944333263564,5.22987067410294,0.045521768002941165,1.0087806142733524
29.925096811027213,5.229853225923528,0.04550431982352965,1.0087772487245195
29.925096811027213,5.2299835448823515,0.045634638782352965,1.008802385720733
29.733249288790876,5.230237640435293,0.0458887343352945,1.0088513977678664
29.541401766554536,5.230172207420587,0.04582330132058843,1.0088387765080147
29.3495542443182,5.2303472381588225,0.045998332058823976,1.0088725378812182
29.15770672208186,5.2304050384147045,0.046056132314705955,1.0088836868715598
28.96503581992176,5.23053917375294,0.04619026765294176,1.0089095600025286
28.77401167760917,5.230444841547057,0.0460959354470587,1.008891364428197
28.576400495906505,5.230094780070587,0.04574587397058849,1.0088238416817903
28.384552973670168,5.229751806155881,0.045402900055882434,1.0087576860427856
28.384552973670168,5.229658564344117,0.04530965824411837,1.0087397007926697
28.191882071510065,5.229617668944117,0.045268762844118626,1.0087318125504352
28.000034549273728,5.229424644829411,0.04507573872941251,1.0086945804662908
27.808187027037377,5.229149828041175,0.04480092194117624,1.008641571536295
27.61633950480104,5.2288990055441165,0.04455009944411792,1.0085931908231909
27.423668602640937,5.228808489717646,0.04445958361764735,1.0085757313836141
27.2318210804046,5.2287212469470585,0.04437234084705999,1.0085589032780666
27.03997355816826,5.228551122982353,0.04420221688235415,1.0085260883638338
26.848949415855685,5.228413171264705,0.04406426516470674,1.00849947909811
26.848949415855685,5.22835591807941,0.044007011979411814,1.0084884356312578
26.656278513695582,5.228148169897058,0.04379926379705967,1.008448363447438
26.464430991459235,5.227842820199999,0.04349391410000081,1.0083894650780207
26.271760089299132,5.227703231017645,0.04335432491764646,1.0083625399645912
26.080735946986557,5.22768305497941,0.04333414887941167,1.0083586482438371
25.88888842475022,5.227604537235293,0.043255631135294514,1.008343503093397
25.696217522590118,5.227119793349999,0.042770887250000555,1.0082500016925318
25.505193380277532,5.2265521682705876,0.042203262170589007,1.0081405134829817
25.31252247811743,5.226049431008822,0.04170052490882359,1.0080435413711755
25.120674955881093,5.225593584441175,0.041244678341176844,1.0079556139234085
25.120674955881093,5.225301866544116,0.04095296044411789,1.0078993449680695
24.928827433644752,5.225093027967646,0.04074412186764764,1.0078590624600339
24.736979911408415,5.224994334185293,0.04064542808529481,1.0078400255888393
24.545132389172075,5.224782771497058,0.040433865397059066,1.007799217631646
24.353284866935738,5.224507954708822,0.04015904860882369,1.0077462087016504
24.160613964775624,5.22414480662941,0.03979590052941173,1.0076761617032732
23.96958982246305,5.223835093482352,0.03948618738235332,1.0076164216756116
23.776918920302947,5.2236835080911765,0.039334601991178,1.007587182634428
23.58507139806661,5.2233623458058815,0.039013439705883,1.0075252342025012
23.58507139806661,5.22295884565,0.03860993955000147,1.0074474037626155
23.39322387583027,5.2226911201705875,0.03834221407058891,1.0073957626627859
23.195612694127593,5.2224828267911745,0.03813392069117594,1.0073555853168576
23.003765171891256,5.222262539076469,0.03791363297647088,1.007313094404557
22.811917649654916,5.221945191297057,0.0375962851970586,1.0072518817460032
22.62007012741858,5.2216420223882345,0.03729311628823595,1.0071934040250177
22.42822260518224,5.221243430879411,0.03689452477941213,1.0071165204054846
22.2363750829459,5.220746145588235,0.036397239488236366,1.007020599914757
22.0437041807858,5.22040262647647,0.036053720376471254,1.0069543391136444
22.0437041807858,5.220068920911764,0.035720014811765566,1.0068899712304735
21.852680038473213,5.219546554682352,0.0351976485823533,1.0067892129214024
21.66000913631311,5.2193289910794105,0.03498008497941196,1.0067472474582593
21.468161614076774,5.219201398105882,0.03485249200588303,1.0067226362725847
21.27549071191667,5.21863322970294,0.03428432360294131,1.0066130432623086
21.084466569604096,5.218025799617646,0.033676893517647244,1.0064958771347396
20.891795667443994,5.217481621758822,0.03313271565882303,1.0063909116185907
20.699948145207646,5.217126651635293,0.03277774553529422,1.0063224420518317
20.508100622971305,5.217013235658823,0.03266432955882426,1.0063005654423434
20.508100622971305,5.216858924282352,0.03251001818235366,1.0062708005906202
20.31707648065873,5.216569387173529,0.03222048107353004,1.0062149522837127
20.124405578498628,5.216099365482352,0.03175045938235321,1.0061242906211414
19.93255805626229,5.215543736611764,0.031194830511765304,1.006017116339346
19.74071053402595,5.21537252225294,0.031023616152941358,1.0059840911008977
19.548863011789603,5.215448859208823,0.031099953108824074,1.0059988156029065
19.3561921096295,5.214903590955881,0.03055468485588264,1.0058936397625422
19.165167967316926,5.214189287258822,0.029840381158823703,1.005755858970779
18.96755678561426,5.213568772444117,0.02921986634411855,1.0056361689526216
18.96755678561426,5.213102567132352,0.028753661032353328,1.0055462434248053
18.774885883454157,5.212762864399998,0.02841395829999982,1.0054807187584476
18.583861741141572,5.21253058047647,0.028181674376471122,1.0054359139183924
18.386250559438906,5.2123926268852925,0.028043720785293935,1.0054093042912866
18.19440303720257,5.212170158382353,0.027821252282354436,1.0053663927305547
18.001732135042467,5.211456399882351,0.027107493782352776,1.0052287171008991
17.8041209533398,5.210920401852941,0.026571495752942376,1.0051253293777505
17.613096811027216,5.210374586529411,0.026025680429412112,1.0050200480138962
17.421249288790875,5.209899112867646,0.02555020676764741,1.0049283347302465
17.421249288790875,5.209819502855881,0.02547059675588237,1.0049129788942086
17.22940176655454,5.209682641532352,0.025333735432353066,1.0048865799527005
17.036730864394436,5.209234974794116,0.02488606869411747,1.004800230297933
16.8448833421581,5.208736599108823,0.024387693008824485,1.0047040994829899
16.652212439997996,5.208386537632352,0.024037631532353387,1.004636576736583
16.455424638219082,5.2080326579029395,0.02368375180294091,1.0045683174940394
16.263577115982745,5.207481935805881,0.023133029705882713,1.0044620896712149
16.070906213822642,5.2070544451058804,0.022705539005881903,1.0043796317372016
15.879882071510066,5.20674091557941,0.02239200947941189,1.004319155574785
15.879882071510066,5.206348323111763,0.021999417011764777,1.0042434290998201
15.688034549273727,5.20595899995294,0.021610093852941326,1.0041683332361204
15.495363647113626,5.205661828211764,0.02131292211176561,1.0041110122983212
15.30433950480104,5.20556367962647,0.02121477352647183,1.0040920805892346
15.111668602640938,5.205432815470587,0.02108390937058857,1.0040668384309128
14.919821080404601,5.205341211123528,0.020992305023529667,1.0040491690285023
14.727973558168262,5.204951887964705,0.020602981864706216,1.0039740731648028
14.536126035931924,5.204420796708822,0.02007189060882375,1.0038716319006245
14.344278513695574,5.2037877404882344,0.019438834388235904,1.0037495227926045
14.151607611535473,5.2030527174294114,0.0187038113294129,1.003607745479361
14.151607611535473,5.202625226729411,0.01827632062941209,1.0035252875453478
13.959760089299134,5.202286069194116,0.017937163094117636,1.0034598680410982
13.767912567062796,5.202013980264705,0.017665074164706418,1.0034073852830239
13.576065044826457,5.2015548643882346,0.017205958288236012,1.0033188272239917
13.384217522590118,5.201055398308823,0.01670649220882403,1.0032224860848324
13.186606340887442,5.200608821964704,0.016259915864705654,1.0031363467542807
12.994758818651103,5.200212956441176,0.015864050341177105,1.0030599889452871
12.802911296414765,5.199883069129411,0.015534163029412795,1.0029963575582528
12.611063774178426,5.199543911594116,0.015195005494117453,1.002930938054003
12.611063774178426,5.199179673120587,0.014830767020588276,1.0028606807314102
12.418392872018325,5.198818160632352,0.014469254532353482,1.002790949219357
12.226545349781986,5.198281070335292,0.01393216423529342,1.00268735081061
12.0355212074694,5.1977859658323515,0.013437059732352985,1.002591850968314
11.84367368523306,5.197273958347058,0.012925052247059199,1.0024930907392926
11.65100278307296,5.196954976849999,0.01260607075000042,1.0024315629557972
11.45915526083662,5.196743957485293,0.012395051385294842,1.00239085979933
11.267307738600282,5.196464233923527,0.012115327823528865,1.0023369044103636
11.069696556897616,5.196308286955881,0.011959380855882884,1.0023068240723172
11.069696556897616,5.196083635791176,0.011734729691177392,1.0022634915017719
10.877849034661267,5.195765744688234,0.011416838588235834,1.002202174042492
10.686001512424928,5.1954173188029396,0.01106841270294101,1.0021349667824089
10.49415399018859,5.195050897667647,0.010701991567648506,1.002064288450003
10.301483088028489,5.194567244176469,0.010218338076470879,1.0019709973733535
10.110458945715912,5.194188281635293,0.009839375535294792,1.001897899951085
9.918611423479563,5.193855123141176,0.009506217041177045,1.0018336375914036
9.725940521319462,5.193502333805882,0.009153427705883566,1.0017655886730759
9.534092999083123,5.193109194267645,0.008760288167646735,1.001689756674621
9.534092999083123,5.192764584761764,0.008415678661765291,1.001623285549293
9.342245476846784,5.192439604223529,0.008090698123530693,1.0015606006212296
9.150397954610446,5.192169697955881,0.007820791855882803,1.0015085388729683
8.958550432374107,5.1918278125617645,0.007478906461765966,1.0014425931967978
8.766702910137768,5.191564993855882,0.007216087755883116,1.0013918985559387
8.574032007977667,5.191471752044117,0.007122845944118161,1.0013739133058226
8.38300786566508,5.191167492741175,0.006818586641176516,1.0013152252606212
8.19033696350498,5.190801071605881,0.006452165505882235,1.0012445469282152
7.998489441268641,5.190370309723528,0.006021403623529764,1.001161458021555
7.998489441268641,5.189968447032352,0.005619540932353395,1.0010839434293748
7.806641919032303,5.189864846476469,0.0055159403764708514,1.0010639600992095
7.614794396795964,5.189615657697058,0.005266751597059027,1.001015894511047
7.4229468745596145,5.18934683995,0.004997933850001246,1.00096404272562
7.231099352323276,5.1890164074411755,0.004667501341176994,1.0009003061764776
7.038428450163175,5.188799936105881,0.00445103000588265,1.0008585513989319
6.847404307850598,5.188536025132352,0.004187119032353692,1.0008076460724753
6.65555678561426,5.188305376799999,0.003956470700000381,1.0007631567187434
6.462885883454159,5.188117804655881,0.0037688985558821386,1.0007269762556774
6.27103836121782,5.188098175688234,0.0037492695882352933,1.0007231900584128
6.27103836121782,5.188073638073528,0.003724731973529849,1.0007184570407959
6.079190838981471,5.188074183270587,0.003725277170588015,1.0007185622029036
5.887343316745132,5.188161426041176,0.0038125199411771504,1.0007353903084515
5.694672414585031,5.187979851064704,0.00363094496470584,1.0007003666285719
5.5036482722724545,5.187721393935293,0.0033724878352945353,1.000650513284576
5.3109773701123535,5.187363152629411,0.00301424652941229,1.0005814127451695
5.119129847876015,5.186884405911764,0.0025354998117652627,1.0004890681274907
4.927282325639665,5.186709375173528,0.002360469073529714,1.0004553067542874
4.735434803403327,5.186642306567645,0.002293400467646478,1.000442370008112
4.735434803403327,5.186637944991176,0.002289038891177597,1.0004415287112494
4.543587281166988,5.186628129570587,0.0022792234705883985,1.000439635431926
4.351739758930649,5.186341863644116,0.001992957544117324,1.0003844180976655
4.1598922366943105,5.185966719355881,0.0016178132558826164,1.000312057171534
3.9672213345342096,5.185604114599999,0.0012552085000008262,1.000242114973883
3.776197192221623,5.185349473849999,0.0010005677500002363,1.0001929977646418
3.583526290061522,5.185271501302941,0.0009225952029421336,1.0001779577763095
3.391678767825183,5.185229515508823,0.0008806094088242844,1.0001698592098591
3.1998312455888445,5.1851842585323515,0.0008353524323529982,1.0001611296707615
3.1998312455888445,5.185201161514706,0.000852255414707237,1.0001643900574873
3.0079837233525057,5.185193526882352,0.0008446207823533669,1.0001629174265951
2.816136201116167,5.18501195377941,0.0006630476794118323,1.0001278941080975
2.6242886788798176,5.184828743211764,0.00047983711176513566,1.0000925549418946
2.4316177767197167,5.184738772582351,0.0003898664823527298,1.0000752006644256
2.234006595017051,5.184840739420587,0.0004918333205887748,1.0000948688696492
2.042982452704475,5.184635717223528,0.0002868111235292403,1.0000553224963682
1.8511349304681362,5.184480860649998,0.0001319545499995911,1.0000254524825372
1.6592874082317872,5.18431619052941,-3.271557058859287e-05,0.999993689550765
1.466616506071686,5.184310191488234,-3.8714611764412155e-05,0.9999925324061969
1.466616506071686,5.184332003117646,-1.690298235246246e-05,0.9999967396132747
1.2747689838353473,5.184345634917646,-3.2711823525488626e-06,0.999999369027353
1.0820980816752461,5.184135160749999,-0.00021374534999996087,0.9999587710329935
0.8910739393626699,5.184186416767647,-0.00016248933235196716,0.9999686577166593
0.6992264171263312,5.184550110044117,0.00020120394411815568,1.0000388098771442
0.5073788948899924,5.184722414797057,0.00037350869705843337,1.000072045439808
0.3147079927298809,5.1846766126235275,0.0003277065235289811,1.0000632107386027
0.12286047049354219,5.184533207061763,0.00018430096176480504,1.0000355494904187
-0.06898705174279651,5.1843489060999985,0.0,1.0
-0.06898705174279651,5.184335819497058,-1.3086602940859393e-05,0.9999974757480297
-0.26083457397913523,5.18456646782941,0.00021756172941156393,1.0000419651017616
-0.45350547613923636,5.184740410047057,0.00039150394705878,1.000075516512131
-0.6445296184518127,5.184931253373528,0.0005823472735295709,1.000112327947844
-0.8363771406881617,5.184943249582352,0.0005943434823532101,1.0001146418755986
-1.029048042848263,5.184859823191176,0.0005109170911774541,1.000098549904806
-1.2200721851608392,5.184826562423528,0.000477656323529807,1.0000921342934632
-1.4127430873209403,5.184897992605881,0.000549086505882812,1.0001059123365013
-1.604590609557279,5.184868548217646,0.0005196421176476562,1.0001002328599136
-1.604590609557279,5.184765490985294,0.00041658488529527915,1.0000803543304744
-1.7964381317936178,5.184763855394117,0.00041494929411811654,1.0000800388441506
-1.988285654029967,5.18488490600294,0.0005359999029410645,1.0001033880845307
-2.1801331762663057,5.184925256205881,0.0005763501058826392,1.0001111711646575
-2.3719806985026444,5.185287313891176,0.0009384077911773758,1.0001810078388191
-2.5646516006627453,5.185223518341175,0.0008746122411764645,1.0001687024266726
-2.755675742975322,5.184997231585292,0.0006483254852938103,1.0001250543698035
-2.9483466451354228,5.184959062170588,0.0006101560705893405,1.0001176919381085
-3.1401941673717615,5.185111192758822,0.0007622866588237187,1.0001470361414
-3.3320416896081104,5.1855043304235275,0.0011554243235289974,1.0002228677784726
-3.3320416896081104,5.185629742608823,0.001280836508824379,1.000247058315716
-3.523889211844449,5.185521778602939,0.001172872502940514,1.0002262333273058
-3.71656011400454,5.1855125102529405,0.0011636041529419217,1.0002244455714724
-3.9133479157834534,5.185709352620587,0.0013604465205885319,1.0002624141517535
-4.105195438019792,5.186050690944116,0.0017017848441174266,1.0003282543044345
-4.297042960256131,5.186221905302941,0.0018729992029422604,1.0003612795428831
-4.494654141958807,5.186165197314704,0.001816291214705501,1.0003503412381385
-4.686501664195146,5.186089403682352,0.0017404975823538393,1.000335721536856
-4.686501664195146,5.1862464410441165,0.001897534944117929,1.0003660121991182
-4.8783491864314845,5.186453098832352,0.002104192732353738,1.0004058740587227
-5.0710200885915855,5.186744271532352,0.0023953654323536355,1.0004620378519538
-5.262044230904162,5.187062164508823,0.002713258408824082,1.0005233556726152
-5.4604787925305995,5.187136320676469,0.0027874145764705816,1.0005376595261926
-5.651502934843176,5.187182122849999,0.002833216750000034,1.0005464942273978
-5.844173837003277,5.18742258660294,0.003073680502941656,1.000592876860453
-6.036021359239616,5.187653234935293,0.003304328835294079,1.0006373662141848
-6.227868881475954,5.187645602176469,0.003296696076470873,1.000635893944675
-6.227868881475954,5.187556721941175,0.0032078158411765756,1.0006187499914216
-6.419716403712293,5.187777556726469,0.003428650626470464,1.000661346427212
-6.611563925948632,5.188310828770588,0.003961922670589146,1.000764208339822
-6.803411448184971,5.188868095105882,0.004519189005883106,1.000871698469323
-6.995258970421331,5.189330482164705,0.004981576064706061,1.0009608875010023
-7.1928701521239855,5.189695812905881,0.0053469068058822344,1.0010313555091925
-7.384717674360324,5.189749794908823,0.005400888808824611,1.0010417680033976
-7.576565196596663,5.189866482067646,0.005517575967647126,1.001064275585533
-7.768412718833002,5.191537185058823,0.007188278958824235,1.0013865345656745
-7.768412718833002,5.1914930184764705,0.007144112376471945,1.001378015350793
-7.961083620993103,5.19075581462941,0.006406908529411837,1.0012358173891178
-8.152931143229463,5.1904073887441164,0.006058482644117902,1.0011686101290347
-8.344778665465801,5.189076931808822,0.00472802570882358,1.0009119806159767
-8.53662618770214,5.189479341570587,0.005130435470588779,1.0009896007316468
-8.728473709938479,5.190639127470587,0.0062902213705884336,1.0012133098069822
-8.920321232174818,5.191831085617647,0.007482179517648291,1.0014432245308267
-9.112992134334919,5.192298926520588,0.007950020420589787,1.0015334655449666
-9.304839656571257,5.192864368938235,0.008515462838236232,1.0016425327447034
-9.496687178807596,5.193621746949999,0.009272840850000463,1.0017886220657506
-9.496687178807596,5.193887838711764,0.009538932611765638,1.0018399480406386
-9.689358080967697,5.193625020005881,0.009276113905882788,1.0017892533997796
-9.880382223280273,5.193542138811764,0.009193232711765198,1.0017732665910946
-10.072229745516612,5.193567221623528,0.009218315523529697,1.0017781047708196
-10.26407726775295,5.1937689707647055,0.009420064664706906,1.0018170198100715
-10.455924789989309,5.1942248154588215,0.009875909358822987,1.0019049468964565
-10.648595692149412,5.194716101708822,0.01036719560882382,1.0019997102426161
-10.839619834461987,5.195001822438234,0.01065291633823584,1.0020548224147687
-11.03229073662209,5.195186668597057,0.010837762497058812,1.0020904770672951
-11.03229073662209,5.195486022999999,0.011137116900000521,1.0021482190149078
-11.224138258858428,5.195737390694116,0.011388484594117898,1.00219670489012
-11.415985781094767,5.19614088897647,0.01179198287647143,1.002274534968624
-11.607833303331105,5.196500767747057,0.012151861647058837,1.0023439513557355
-11.800504205491206,5.1969664278617635,0.012617521761765005,1.002433771721444
-11.991528347803783,5.197433721694116,0.013084815594117671,1.002523907212094
-12.184199249963884,5.197742889644117,0.013393983544118804,1.002583542077648
-12.380987051742796,5.1980144333764695,0.013665527276470968,1.0026359196736145
-12.572834573979135,5.198404301732352,0.014055395632353473,1.002711120699422
-12.572834573979135,5.19886450800294,0.0145156019029411,1.00279988908267
-12.764682096215473,5.198895587982352,0.014546681882353418,1.0028058840455814
-12.933474980586507,5.198274526097057,0.013925619997058547,1.0026860885039341
-12.933474980586507,5.198554794855881,0.01420588875588269,1.0027401490550083
-12.933474980586507,5.199228746476469,0.014879840376470277,1.0028701464052627
-12.933474980586507,5.2000128447647045,0.015663938664705945,1.0030213897537403
-12.933474980586507,5.200181876461763,0.015832970361764787,1.0030539939823755
-12.933474980586507,5.200095724085293,0.015746817985294648,1.0030373762010436
-12.933474980586507,5.200226588241175,0.01587768214117613,1.0030626183593652
-12.933474980586507,5.200349274441175,0.01600036834117624,1.003086283086069
-12.933474980586507,5.200394531417646,0.016045625317647527,1.0030950126251665
-12.933474980586507,5.200663894361764,0.01631498826176525,1.0031469695727016
-12.933474980586507,5.200835108720587,0.01648620262058831,1.0031799948111497
-12.933474980586507,5.200783309379411,0.016434403279412813,1.0031700033267583
-12.933474980586507,5.200720602349998,0.016371696249999346,1.0031579078774455
-12.933474980586507,5.20056520057941,0.01621629447941153,1.0031279327015068
-12.933474980586507,5.200308924238234,0.015960018138235554,1.0030785000059423
-12.933474980586507,5.200202597697057,0.015853691597058628,1.0030579908652377
-12.933474980586507,5.200332916655882,0.01598401055588372,1.0030831278614518
-12.933474980586507,5.200523214785293,0.01617430868529457,1.0031198341350567
-12.933474980586507,5.200560839002939,0.016211932902940873,1.003127091404644
-12.933474980586507,5.20059682762941,0.01624792152941179,1.003134033187908
-12.933474980586507,5.200491589608823,0.016142683508824085,1.0031137340100376
-12.933474980586507,5.20043815280294,0.01608924670294165,1.0031034266779404
-12.933474980586507,5.200632269185292,0.016283363085293878,1.0031408694476822
-12.933474980586507,5.200709151338234,0.01636024523823565,1.003155699111799
-12.933474980586507,5.200458328841176,0.016109422741177326,1.0031073183986947
-12.933474980586507,5.200239674844117,0.015890768744118766,1.0030651426113357
-12.933474980586507,5.200194417867646,0.01584551176764748,1.0030564130722381
-12.933474980586507,5.200235313267646,0.01588640716764722,1.0030643013144727
-12.933474980586507,5.200331826261764,0.015982920161765612,1.003082917537236
-12.933474980586507,5.200446332632351,0.0160974265323528,1.00310500447094
