Angle (degree),rho (mOhm cm),Delta rho (mOhm cm),rho/rho(theta=0)
105.24490547869365,6.288964017471903,-0.11557001387809507,0.98195496919645
105.24490547869365,6.28896285935865,-0.11557117199134836,0.9819547883693598
105.24490547869365,6.288953592462744,-0.11558043888725411,0.9819533414419392
105.24490547869365,6.28889857611358,-0.1156354552364185,0.9819447512230576
105.24490547869365,6.289016138537935,-0.11551789281206304,0.9819631073476062
105.24490547869365,6.289164396933147,-0.11536963441685089,0.981986256322143
105.24490547869365,6.2893161296681175,-0.11521790168188062,0.9820099477779504
105.24490547869365,6.289403000101389,-0.1151310312486089,0.9820235116739101
105.24490547869365,6.289356090544995,-0.11517794080500288,0.9820161872446598
105.24490547869365,6.289306283715585,-0.11522774763441301,0.9820084104369847
105.24490547869365,6.289276749837752,-0.11525728151224612,0.9820037990354856
105.08073583583649,6.289244897743529,-0.11528913360646875,0.9819988256691069
104.90716440726506,6.2892883309702805,-0.1152457003797176,0.9820056073063874
104.73865547869363,6.289227522064968,-0.1153065092850305,0.9819961126413556
104.73865547869363,6.28907521027337,-0.1154588210766283,0.981972330772003
104.56580726440794,6.288741629879085,-0.1157924014709133,0.9819202457346446
104.39657512155078,6.288357086532021,-0.11617694481797702,0.9818602033732206
104.22372690726507,6.2880258223642445,-0.11650820898575365,0.9818084799900431
104.05521797869365,6.287865401789992,-0.11666862956000568,0.9817834320203599
103.8859858358365,6.287726989347315,-0.11680704200268277,0.9817618203867892
103.71747690726507,6.287601318140304,-0.11693271320969423,0.9817421981619097
103.54462869297936,6.28747506588678,-0.11705896546321792,0.9817224852127855
103.3753965501222,6.287131641529847,-0.1174023898201515,0.9816688631451609
103.3753965501222,6.2868913011917265,-0.11764273015827165,0.9816313365527587
103.20688762155078,6.286646328400592,-0.11788770294940587,0.9815930866519954
103.03837869297935,6.2864071461757245,-0.11812688517427361,0.9815557408866834
102.86986976440792,6.286187074809412,-0.11834695654058613,0.9815213790790585
102.7013608358365,6.285936311452014,-0.11859771989798418,0.9814822250428443
102.53285190726507,6.285659484576774,-0.11887454677322395,0.9814390014650033
102.36434297869363,6.285343858917679,-0.11919017243231878,0.9813897198689419
102.19077155012221,6.284982479825557,-0.11955155152444075,0.9813332943600206
102.02226262155078,6.284722447582368,-0.11981158376763013,0.9812926930856865
102.02226262155078,6.284534230300163,-0.11999980104983532,0.9812633049551396
101.83422690726506,6.284368019159649,-0.12016601219034939,0.9812373528500059
101.66499476440792,6.284204703302263,-0.12032932804773466,0.981211852812597
101.49720905012221,6.283987529208969,-0.12054650214102924,0.9811779433833971
101.32870012155078,6.28390644934196,-0.12062758200803803,0.9811652836228881
101.16019119297935,6.2839689974070385,-0.12056503394295959,0.9811750498392549
100.99095905012221,6.283883864143647,-0.12065016720635136,0.9811617571839305
100.82245012155079,6.283592560852746,-0.12094147049725201,0.9811162732674622
100.82245012155079,6.283385809778726,-0.12114822157127225,0.9810839912820737
100.65394119297936,6.283212649958694,-0.12132138139130433,0.9810569542143988
100.48543226440793,6.283091030158181,-0.1214430011918175,0.9810379645736352
100.3169233358365,6.282981574526594,-0.12155245682340432,0.9810208742387176
100.14841440726508,6.282749342971128,-0.12178468837887024,0.980984613746646
99.97990547869362,6.282262292671994,-0.12227173867800367,0.9809085660128454
99.81067333583648,6.281962880598439,-0.12257115075155944,0.9808618159960464
99.64216440726506,6.281874852051914,-0.12265917929808445,0.9808480712729963
99.47365547869363,6.281693004392601,-0.1228410269573974,0.9808196776914457
99.3051465501222,6.281399384875194,-0.12313464647480377,0.980773832120797
99.3051465501222,6.281063486264519,-0.12347054508547917,0.980721385118559
99.13663762155078,6.280831833765677,-0.1237021975843211,0.9806852150400321
98.96812869297935,6.280707320671919,-0.12382671067807927,0.9806657736422429
98.79889655012221,6.280518522343204,-0.12401550900679403,0.9806362947874518
98.63038762155078,6.280290923240749,-0.12424310810924943,0.9806007576037409
98.46187869297935,6.280081276883597,-0.12445275446640114,0.980568023550627
98.29336976440793,6.279963714459239,-0.12457031689075926,0.980549667426078
98.1248608358365,6.2797650721678755,-0.12476895918212261,0.9805186515410204
97.95635190726507,6.279472029717209,-0.1250620016327888,0.9804728960732172
97.95635190726507,6.2792606461901785,-0.12527338515981956,0.980439890779468
97.78784297869363,6.279075903247732,-0.12545812810226575,0.9804110451301918
97.6193340501222,6.278827454126957,-0.12570657722304102,0.980372252437459
97.45010190726506,6.278557579911003,-0.12597645143899516,0.9803301144435576
97.28231619297935,6.278371097808793,-0.1261629335412051,0.9803009972429467
97.11380726440792,6.278326504478904,-0.12620752687109427,0.9802940344678767
96.94457512155078,6.278130178414045,-0.1264038529359528,0.9802633802369993
96.77606619297936,6.278060683659335,-0.12647334769066276,0.980252529368791
96.60249476440792,6.2780740039516285,-0.1264600273983696,0.9802546091910276
96.60249476440792,6.278050837706802,-0.12648319364319605,0.9802509920278252
96.43326262155078,6.277888100906044,-0.12664593044395378,0.9802255824039616
96.26041440726507,6.27767266398263,-0.12686136736736842,0.9801919442153971
96.09190547869365,6.277476916974396,-0.12705711437560208,0.9801613803980647
95.9233965501222,6.27735529916377,-0.12717873218622788,0.9801423910680009
95.75488762155078,6.2772753793999,-0.12725865195009778,0.9801299124452817
95.58637869297935,6.277165923768312,-0.12736810758168637,0.9801128221103638
95.41714655012221,6.276981178835981,-0.12755285251401727,0.9800839761503881
95.24429833583649,6.276723464809184,-0.12781056654081446,0.980043736840934
95.24429833583649,6.276494707593475,-0.12803932375652316,0.9800080188301328
95.07578940726506,6.273183226018829,-0.13135080533116916,0.979490966136145
94.90728047869364,6.271088503596962,-0.13344552775303598,0.9791638974670407
94.73877155012221,6.272678802031018,-0.13185522931898053,0.9794122056852921
94.56953940726507,6.273992275579717,-0.13054175577028104,0.9796172906364018
94.40103047869364,6.274679705340095,-0.12985432600990343,0.9797246254958955
94.23252155012221,6.275004020828358,-0.12953001052164037,0.9797752639165325
94.06401262155079,6.2751586488464595,-0.12937538250353864,0.9797994074400651
93.89550369297936,6.275312118751308,-0.1292219125986902,0.9798233701365076
93.89550369297936,6.275284899110096,-0.1292491322399023,0.9798191200784895
93.72699476440793,6.275220615865024,-0.12931341548497421,0.9798090829321869
93.5584858358365,6.2750156019608845,-0.12951842938911362,0.9797770721874339
93.38925369297935,6.274761943320357,-0.12977208802964135,0.9797374660834948
93.22074476440793,6.274579516604415,-0.12995451474558273,0.9797089820883987
93.05223583583648,6.2744358906622155,-0.13009814068778258,0.9796865564222227
92.88372690726506,6.274320063417851,-0.13021396793214723,0.9796684712276094
92.71521797869363,6.274390718275699,-0.13014331307429927,0.9796795032336073
92.5467090501222,6.274841863084227,-0.12969216826577146,0.979749944706214
92.37820012155078,6.274838967801094,-0.1296950635489038,0.9797494926384885
92.37820012155078,6.274501911077166,-0.1300321202728325,0.9796968648091603
92.20969119297935,6.274242459880487,-0.13029157146951142,0.9796563542590705
92.04118226440792,6.2741573286069805,-0.1303767027430176,0.9796430619144456
91.8726733358365,6.274082620352749,-0.13045141099724944,0.9796313970136322
91.70344119297935,6.274085515635879,-0.13044851571411886,0.9796318490813575
91.53493226440793,6.274073353456841,-0.13046067789315696,0.9796299500862115
91.3664233358365,6.2740490290987605,-0.1304850022512376,0.9796261520959186
91.19791440726507,6.274086094692507,-0.13044793665749133,0.9796319394949027
91.02940547869365,6.274124316409619,-0.13040971494037912,0.9796379074102772
91.02940547869365,6.274094201485277,-0.1304398298647209,0.979633205284534
90.8608965501222,6.274027022957074,-0.13050700839292428,0.9796227160705062
90.69238762155078,6.273945945079949,-0.13058808627004925,0.9796100566206964
90.52315547869364,6.273981850570557,-0.13055218077944097,0.9796156628818908
90.35464655012221,6.2741486407677,-0.13038539058229848,0.9796417054005699
90.18179833583649,6.274207133446506,-0.13032689790349217,0.9796508384114213
90.01256619297936,6.274222190908679,-0.13031184044131905,0.9796531894742933
89.83899476440793,6.274221032795426,-0.13031299855457235,0.9796530086472031
89.67120905012221,6.274276049144589,-0.13025798220540885,0.9796615988660845
89.67120905012221,6.274148061711071,-0.1303859696389269,0.9796416149870246
89.50197690726507,6.274177018522163,-0.13035701282783485,0.9796461362856781
89.33274476440793,6.274269100465073,-0.13026493088492508,0.9796605139035436
89.1649590501222,6.274251147719769,-0.13028288363022877,0.9796577107729465
88.99645012155078,6.274386085822689,-0.1301479455273089,0.9796787799252469
88.82721797869362,6.2745743031048935,-0.1299597282451046,0.9797081680557936
88.65943226440793,6.274876031404956,-0.12965799994504223,0.9797552797267732
88.48875369297934,6.274758466990711,-0.12977556435928683,0.9797369232915245
88.31662869297936,6.274489169841499,-0.13004486150849903,0.9796948754004688
88.31662869297936,6.274293424823153,-0.13024060652684533,0.9796643118938362
88.14884297869364,6.274273732918085,-0.13026029843191278,0.9796612372119045
87.98033405012221,6.274289948493509,-0.13024408285648903,0.9796637691018663
87.81182512155078,6.274419675086791,-0.13011435626320722,0.9796840245322608
87.64259297869363,6.274505387406809,-0.1300286439431888,0.9796974076011303
87.4740840501222,6.274551138849952,-0.12998289250004635,0.9797045512032907
87.30557512155077,6.274636849180085,-0.12989718216991353,0.9797179339614606
87.13706619297935,6.274761943320357,-0.12977208802964135,0.9797374660834948
86.96855726440792,6.274981433640157,-0.12955259770984107,0.979771737166875
86.96855726440792,6.274962322781599,-0.12957170856839895,0.9797687532091875
86.8000483358365,6.274980275526904,-0.12955375582309436,0.9797715563397849
86.63081619297935,6.275111739290065,-0.1294222920599335,0.9797920830108147
86.46230726440793,6.275099577111025,-0.12943445423897337,0.9797901840156683
86.2937983358365,6.274953055885692,-0.12958097546430647,0.9797673062817667
86.12528940726507,6.274832596188318,-0.12970143516167987,0.979748497778793
85.95678047869363,6.2748632901692885,-0.12967074118070965,0.9797532903180817
85.7882715501222,6.275103630507409,-0.1294304008425895,0.9797908169104838
85.61903940726506,6.27513432448838,-0.1293997068616184,0.9797956094497725
85.45125369297935,6.275273315987683,-0.12926071536231554,0.9798173114968882
85.45125369297935,6.275559986825573,-0.1289740445244254,0.979862072104996
85.28202155012221,6.275949743672159,-0.12858428767783892,0.9799229284990254
85.1142358358365,6.276140279170756,-0.12839375217924243,0.9799526785944521
84.94500369297936,6.27608931422809,-0.12844471712190852,0.9799447209596864
84.77649476440793,6.276022714756513,-0.12851131659348525,0.9799343221592037
84.6079858358365,6.2760406675018166,-0.12849336384818155,0.9799371252898009
84.43947690726507,6.2761425953972605,-0.1283914359527376,0.9799530402486324
84.27096797869365,6.276359769490556,-0.12817426185944214,0.9799869496778324
84.1024590501222,6.276582736139999,-0.12795129520999904,0.9800217635531826
84.1024590501222,6.276654549111099,-0.12787948223889867,0.9800329763862706
83.93322690726508,6.27677153247883,-0.12776249887116808,0.9800512420972745
83.76471797869362,6.276808019015949,-0.12772601233404934,0.9800569390827132
83.5962090501222,6.277098164193596,-0.12743586715640198,0.9801022421720913
83.42697690726506,6.2774896582100626,-0.12704437313993555,0.9801633698067561
83.25919119297934,6.277416108069082,-0.12711792328091587,0.9801518857330327
83.09068226440792,6.27725105504182,-0.12728297630817842,0.9801261144549889
82.92217333583649,6.277241209089287,-0.12729282226071081,0.9801245771140232
82.75294119297935,6.277665136246487,-0.1268688951035113,0.980190768839311
82.75294119297935,6.2779998747540215,-0.12653415659597655,0.980243034703759
82.58515547869364,6.278332297035054,-0.12620173431494397,0.9802949389140271
82.4159233358365,6.278497929118943,-0.12603610223105477,0.980320800605616
82.24741440726507,6.278602752297519,-0.12593127905247936,0.9803371676321728
82.07890547869364,6.2785066149683395,-0.1260274163816586,0.9803221568087923
81.91039655012221,6.278593485401611,-0.12594054594838688,0.9803357207047521
81.74188762155079,6.278823400730571,-0.12571063061942667,0.9803716195426432
81.57337869297935,6.279033047087723,-0.12550098426227496,0.9804043535957571
81.4041465501222,6.279191149445584,-0.12534288190441423,0.9804290396005604
81.4041465501222,6.2793973214629775,-0.12513670988702064,0.9804612311724038
81.2312983358365,6.279704261272677,-0.1248297700773211,0.980509156565289
81.06278940726507,6.280003094289605,-0.12453093706039287,0.9805558161685428
80.89355726440793,6.280230693392062,-0.12430333795793569,0.9805913533522541
80.7257715501222,6.280356366588957,-0.1241776647610413,0.9806109758878326
80.55653940726506,6.280502306767778,-0.12403172458222045,0.9806337628974897
80.38803047869364,6.280718324737707,-0.12381570661229091,0.9806674918102992
80.21952155012221,6.280749018718676,-0.12378501263132247,0.9806722843495875
80.05101262155078,6.281032792283549,-0.12350123906644939,0.9807165925792705
79.88250369297936,6.281384906469648,-0.12314912488035024,0.9807715714714702
79.88250369297936,6.281629300204154,-0.12290473114584444,0.9808097309586881
79.71399476440793,6.2818024600241875,-0.12273157132581058,0.9808367680263633
79.54403940726507,6.281927552174571,-0.12260647917542666,0.9808562998376975
79.37625369297936,6.282348003002129,-0.12218602834786907,0.9809219487710156
79.20774476440793,6.2827140145472615,-0.12182001680273657,0.9809790975882974
79.0392358358365,6.283008215111178,-0.12152581623881975,0.9810250338831905
78.87072690726507,6.283269403477736,-0.12126462787226178,0.9810658156739155
78.70149476440793,6.283532331004057,-0.12100170034594093,0.981106869015975
78.5337090501222,6.2837442935877155,-0.12078973776228263,0.9811399647232694
78.5337090501222,6.2839209277475065,-0.12061310360249156,0.981167544272215
78.36520012155077,6.284172851208041,-0.12036118014195729,0.9812068794462184
78.19669119297934,6.284329216396024,-0.12020481495397384,0.9812312942103868
78.0274590501222,6.284518593781365,-0.12001543756863331,0.9812608634787228
77.85895012155078,6.284697546157548,-0.11983648519245005,0.9812888049925483
77.69044119297935,6.2850757198817195,-0.11945831146827857,0.9813478528049763
77.52193226440792,6.285372234682259,-0.11916179666773896,0.9813941504433507
77.3534233358365,6.285581301982782,-0.11895272936721568,0.9814267940829191
77.18491440726507,6.285808901085239,-0.1187251302647594,0.9814623312666303
77.18491440726507,6.286060245489147,-0.11847378586085089,0.9815015760270888
77.01640547869364,6.2863503906667955,-0.11818364068320264,0.981546879116467
76.8471733358365,6.286601735070703,-0.11793229627929502,0.9815861238769253
76.67866440726507,6.286734354957231,-0.11779967639276734,0.9816068310643458
76.51015547869363,6.2868380200225555,-0.11769601132744256,0.9816230172638127
76.3416465501222,6.286972379068849,-0.11756165228114934,0.9816439960025681
76.17241440726507,6.287165809850576,-0.11736822149942228,0.98167419816572
76.00462869297935,6.287569466046081,-0.11696456530391686,0.9817372247955309
75.83539655012221,6.287820808460104,-0.11671322288989394,0.9817764692452899
75.66688762155079,6.288029296704003,-0.11650473464599553,0.9818090224713135
75.66688762155079,6.28836229804166,-0.11617173330833808,0.9818610170951265
75.49331619297935,6.288662868228469,-0.11587116312152901,0.9819079479390158
75.32480726440792,6.288984286443712,-0.11554974490628567,0.9819581339812274
75.15195905012222,6.289298176922814,-0.11523585442718431,0.9820071446473532
74.98345012155079,6.28952230168551,-0.11501172966448792,0.9820421393497936
74.81494119297936,6.289841403674249,-0.11469262767574939,0.982091963737825
74.6457090501222,6.290242741653364,-0.11429128969663438,0.9821546284027562
74.47720012155078,6.29063249849995,-0.11390153285004789,0.9822154847967857
74.47720012155078,6.2909000584792825,-0.11363397287071564,0.9822572614472058
74.30869119297935,6.291355256684193,-0.11317877466580484,0.9823283358146279
74.14018226440793,6.291758912879699,-0.11277511847029942,0.9823913624444388
73.9716733358365,6.291974928859741,-0.11255910249025725,0.9824250910465486
73.80316440726507,6.292124345368206,-0.1124096859817918,0.9824484208481757
73.63465547869365,6.292479352847552,-0.11205467850244588,0.9825038514974014
73.46614655012222,6.292796138609786,-0.11173789274021217,0.9825533142312527
73.29691440726508,6.293030688381642,-0.11150334296835585,0.9825899366882039
73.12840547869365,6.293360794436168,-0.11117323691382985,0.9826414792442916
72.95989655012221,6.293760395245403,-0.11077363610459479,0.9827038726685874
72.95989655012221,6.293978729441837,-0.11055530190816132,0.982737963235577
72.79138762155078,6.294276402355627,-0.11025762899437108,0.9827844417010413
72.62287869297934,6.294648206456911,-0.1098858248930874,0.9828424949644736
72.4536465501222,6.29485495753093,-0.10967907381906805,0.982874776949862
72.28513762155077,6.29515263044472,-0.10938140090527781,0.9829212554153262
72.11735190726506,6.2954665209238225,-0.10906751042617557,0.9829702660814521
71.94811976440792,6.295807631044134,-0.10872640030586389,0.9830235268055956
71.7796108358365,6.296579615011278,-0.10795441633872027,0.9831440639068687
71.61110190726507,6.2974761120721805,-0.1070579192778176,0.9832840424059311
71.61110190726507,6.2975641406187055,-0.1069698907312926,0.9832977871289811
71.44259297869364,6.297572247411476,-0.10696178393852218,0.9832990529186124
71.2733608358365,6.297774945089109,-0.10675908626088937,0.9833307020091849
71.10557512155079,6.298085938295195,-0.1064480930548033,0.983379260296886
70.93200369297935,6.298588627103012,-0.10594540424698629,0.983457749817803
70.76349476440792,6.299095367317328,-0.1054386640326701,0.983536871922836
70.5949858358365,6.29957778516345,-0.10495624618654809,0.983612196348276
70.42647690726507,6.3000335624249875,-0.10450046892501064,0.9836833611292432
70.25796797869364,6.3004157895455455,-0.10411824180445262,0.983743041836487
70.25796797869364,6.300763848345374,-0.10377018300462382,0.9837973875231716
70.08873583583649,6.301114223371709,-0.10341980797828931,0.9838520948640366
69.92022690726506,6.301481974076607,-0.10305205727339128,0.9839095152326532
69.75171797869363,6.3019145870832025,-0.10261944426679559,0.9839770631611173
69.5832090501222,6.302303762883276,-0.10223026846672223,0.984037828830902
69.41397690726507,6.302748538068911,-0.10178549328108666,0.9841072757545124
69.24546797869364,6.3032900256605835,-0.1012440056894146,0.9841918232936497
69.07768226440793,6.303826303732503,-0.10070772761749502,0.9842755574215808
68.9091733358365,6.303991935816392,-0.10054209553360582,0.9843014191131696
68.73994119297936,6.304373004823697,-0.1001610265263011,0.9843609189933232
68.73994119297936,6.3050123669144265,-0.09952166443557164,0.9844607485964761
68.57143226440793,6.30557123018466,-0.09896280116533784,0.9845480091633649
68.4029233358365,6.30614630903032,-0.09838772231967852,0.9846378016202156
68.23441440726508,6.306629305933067,-0.09790472541693074,0.9847132164592006
68.06590547869365,6.306991264081817,-0.09754276726818123,0.9847697323816671
67.89739655012221,6.307449359559745,-0.09708467179025337,0.9848412591275139
67.72888762155078,6.307911506444171,-0.09662252490582723,0.9849134184574767
67.55965547869364,6.30848195283682,-0.09605207851317843,0.9850024876059669
67.3904233358365,6.309058768852357,-0.09547526249764093,0.9850925513034527
67.3904233358365,6.3096205274057215,-0.09491350394427656,0.9851802639380667
67.22263762155077,6.310121477053775,-0.0944125542962233,0.9852584819076491
67.05412869297935,6.310558722513382,-0.0939753088366162,0.9853267531444739
66.88561976440792,6.3109015698035735,-0.09363246154642457,0.9853802851092528
66.71638762155078,6.311251365773281,-0.09328266557671672,0.9854349020365727
66.54860190726507,6.311640543563242,-0.09289348778675599,0.9854956680170571
66.38009297869364,6.3119700705611415,-0.09256396078885665,0.9855471201595996
66.21158405012221,6.312353455794952,-0.09218057555504622,0.9856069816939336
66.04235190726507,6.3128231324054065,-0.09171089894459161,0.9856803167106819
66.04235190726507,6.313335665175875,-0.09119836617412336,0.9857603432618657
65.87384297869363,6.3137792802583705,-0.09075475109162756,0.9858296090476862
65.7053340501222,6.31428833868908,-0.09024569266091831,0.9859090931175994
65.53176262155078,6.314961869100538,-0.08957216224946052,0.9860142577413115
65.36325369297936,6.315684048228154,-0.08884998312184411,0.9861270183456086
65.18968226440792,6.316358159686125,-0.0881758716638732,0.9862322736935654
65.0211733358365,6.316812778834409,-0.08772125251558904,0.9863032576474422
64.85266440726507,6.3170890246631375,-0.08744500668686062,0.9863463905010388
64.68415547869364,6.318042856289597,-0.08649117506040138,0.986495321183863
64.68415547869364,6.319194172094165,-0.08533985925583298,0.9866750869246541
64.51564655012221,6.319493005111094,-0.08504102623890386,0.9867217465279081
64.34713762155079,6.319612885751842,-0.08492114559815622,0.9867404646173368
64.17862869297936,6.3200200162871045,-0.08451401506289358,0.986804033728418
64.0093965501222,6.320553976142634,-0.0839800552073644,0.9868874058914693
63.840887621550785,6.321139479997453,-0.08339455135254514,0.986978826102831
63.67237869297936,6.321813591455423,-0.08272043989457512,0.9870840814507876
63.50314655012221,6.322494072536283,-0.08203995881371551,0.9871903313477401
63.33536083583649,6.323410838568995,-0.08112319278100344,0.98733347463158
63.33536083583649,6.3239245294527135,-0.08060950189728455,0.9874136820098537
63.16685190726506,6.324136492036372,-0.08039753931362625,0.9874467777171481
62.99328047869364,6.324486867062706,-0.08004716428729175,0.987501485058013
62.824771550122215,6.324995925493414,-0.07953810585658427,0.987580969127926
62.65553940726507,6.325614439555707,-0.07891959179429087,0.9876775435327564
62.48703047869363,6.326180832551971,-0.07835319879802682,0.987765979786431
62.31924476440792,6.326881003548014,-0.07765302780198446,0.9878753040546158
62.14495012155078,6.327647196948893,-0.07688683440110466,0.9879949370204381
61.97210190726507,6.328390224104947,-0.07614380724505132,0.9881109528230579
61.97210190726507,6.328821097951777,-0.07571293339822116,0.9881782292001872
61.798530478693635,6.32915815268582,-0.07537587866417805,0.9882308567188158
61.63002155012221,6.329726861908589,-0.0748071694414092,0.9883196546266707
61.46151262155078,6.330439774140298,-0.07409425720970031,0.9884309683035469
61.29228047869364,6.331177010730086,-0.07335702061991167,0.9885460799707159
61.11943226440792,6.331856912754322,-0.07267711859567605,0.9886522394541236
60.95092333583649,6.332381607703827,-0.07215242364617147,0.9887341650004532
60.78169119297935,6.3328970357574255,-0.07163699559257264,0.9888146436193622
60.78169119297935,6.333548560027194,-0.0709854713228042,0.9889163722176614
60.60884297869364,6.334805278066967,-0.06972875328303108,0.989112595398555
60.44033405012221,6.335592898552909,-0.06894113279708947,0.9892355739762448
60.27110190726507,6.3359791790698505,-0.06855485228014757,0.9892958875783041
60.10331619297935,6.336352720341013,-0.06818131100898484,0.9893542120823717
59.93480726440792,6.336875678120638,-0.0676583532293602,0.9894358663880659
59.76557512155078,6.337556738258127,-0.06697729309187128,0.989542206698564
59.597066192979355,6.338307874196834,-0.06622615715316371,0.9896594886015144
59.42783405012221,6.338972137712385,-0.06556189363761344,0.9897632062978056
59.2600483358365,6.339568645632991,-0.06496538571700672,0.9898563446772235
59.2600483358365,6.3402398598179435,-0.06429417153205463,0.9899611476467551
59.091539407265074,6.34079988120143,-0.06373415014856842,0.990048589040734
58.92303047869363,6.341531327224956,-0.06300270412504183,0.9901627965724523
58.754521550122206,6.3422592969188365,-0.062274734431161605,0.9902764613122003
58.585289407265066,6.343013328140676,-0.06152070320932168,0.9903941952828762
58.41678047869364,6.343723345089254,-0.06081068626074426,0.9905050568920272
58.2475483358365,6.344259042114663,-0.06027498923533514,0.9905887002957138
58.07903940726507,6.344757096479582,-0.05977693487041602,0.9906664661975704
57.91125369297936,6.34544684445635,-0.059087186893648,0.9907741630219439
57.91125369297936,6.346250680517716,-0.058283350832281755,0.9908996734895956
57.742744764407924,6.3470643625316185,-0.05746966881837956,0.9910267212982136
57.5742358358365,6.347796385621883,-0.05673764572811546,0.991141018932777
57.40572690726507,6.348545784390713,-0.05598824695928517,0.9912580295950925
57.23721797869364,6.349342669782678,-0.05519136156731985,0.9913824547895038
57.0629233358365,6.350114074693195,-0.05441995665680288,0.9915029014772317
56.89441440726506,6.350888955933357,-0.05364507541664132,0.9916238909569298
56.726628692979354,6.351711323796653,-0.05282270755334473,0.9917522949687239
56.557396550122206,6.352478096254159,-0.05205593509583917,0.991872018348091
56.557396550122206,6.353447564399414,-0.05108646695058372,0.9920233905073317
56.38888762155078,6.354036542593992,-0.05049748875600635,0.9921153531999638
56.22037869297935,6.354503323921315,-0.05003070742868321,0.9921882361489869
56.05114655012221,6.35502917499419,-0.04950485635580826,0.9922703422117076
55.88336083583649,6.355607730169491,-0.048926301180507004,0.992360677460528
55.714851907265064,6.356133583232249,-0.04840044811774913,0.9924427838339479
55.541280478693636,6.356571405758598,-0.047962625591400077,0.9925111451736185
55.37277155012221,6.357183550198003,-0.04735048115199536,0.9926067250294531
55.20353940726507,6.3577760027323365,-0.04675802861766165,0.9926992302033555
55.20353940726507,6.358338919398956,-0.0461951119510422,0.9927871236650601
55.03575369297935,6.358907628621724,-0.04562640272827423,0.9928759215729147
54.86652155012221,6.359505294655582,-0.04502873669441598,0.9929692407794226
54.69801262155078,6.3601052749260605,-0.04442875642393762,0.9930629213294113
54.52878047869364,6.360737109280649,-0.043796922069349264,0.9931615755564784
54.36099476440793,6.361367785521984,-0.043166245828014205,0.9932600489564554
54.1924858358365,6.36203668348043,-0.042497347869567825,0.9933644902718067
54.018914407265065,6.362658092825857,-0.041875938524141176,0.9934615167443627
53.849682264407924,6.363396487528899,-0.04113754382109924,0.9935768092386219
53.849682264407924,6.364281403457274,-0.04025262789272421,0.9937149794667827
53.68189655012221,6.365041804302004,-0.03949222704799382,0.9938337079864545
53.50832512155078,6.365737921901663,-0.038796109448335336,0.9939423993598239
53.33909297869364,6.366437513841081,-0.03809651750891696,0.9940516332144641
53.17130726440792,6.36713826389375,-0.03739576745624795,0.9941610478961941
53.00207512155078,6.367711026512903,-0.03682300483709522,0.9942504786988643
52.83428940726507,6.368251937037832,-0.036282094312166,0.9943349361351558
52.66505726440793,6.3687905313362565,-0.0357435000137416,0.994419031917267
52.4965483358365,6.369311749956119,-0.03522228139387895,0.9945004146716269
52.4965483358365,6.3699615370560085,-0.034572494293989564,0.9946018720292907
52.328039407265074,6.370665184381697,-0.033868846968300836,0.994711739089446
52.15953047869363,6.37140821153775,-0.03312581981224838,0.9948277548920658
51.991021550122205,6.372021512100521,-0.032512519249476846,0.994923515264291
51.82251262155078,6.372532307701109,-0.032001723648889424,0.9950032705748393
51.65400369297935,6.373044840471574,-0.031489190878423834,0.9950832971260227
51.485494764407925,6.373772231108829,-0.030761800241169368,0.9951968714522257
51.316262621550784,6.374546531302477,-0.029987500047520932,0.995317770207679
51.14775369297936,6.375260603637327,-0.029273427712671385,0.9954292650223453
51.14775369297936,6.375929501595774,-0.028604529754224117,0.9955337063376968
50.97418226440792,6.376638360431098,-0.027895670918899995,0.9956443871197574
50.805673335836495,6.377374438907634,-0.027159592442363767,0.9957593179598362
50.63716440726507,6.3782303960350335,-0.026303635314964602,0.9958929665786442
50.46865547869364,6.3791987060670365,-0.025335325282961563,0.9960441579107948
50.2994233358365,6.379708343554371,-0.024825687795627438,0.9961237323942528
50.130914407265074,6.380208714145796,-0.024325317204201724,0.9962018599502899
49.96240547869363,6.3806963435015565,-0.023837687848441647,0.9962779980976357
49.793896550122206,6.381229724300457,-0.023304307049540895,0.9963612798471416
49.62538762155078,6.38181464909865,-0.022719382251348286,0.9964526096449582
49.62538762155078,6.382462699028662,-0.02207133232133618,0.9965537957619871
49.45687869297935,6.382950907441048,-0.02158312390895034,0.9966300243228778
49.288369764407925,6.383495871362363,-0.021038159987635474,0.9967151146539851
49.11479833583649,6.384066317755011,-0.02046771359498667,0.9968041838024753
48.94628940726506,6.384500088874859,-0.020033942475139455,0.9968719125580293
48.777780478693636,6.384987139173992,-0.019546892176006025,0.9969479602918301
48.608548335836495,6.385654879019186,-0.018879152330812055,0.9970522207800913
48.44076262155078,6.386383427769695,-0.018150603580303404,0.9971659759333846
48.27225369297935,6.386949820765958,-0.01758421058404025,0.997254412187059
48.27225369297935,6.387501733366789,-0.017032297983209155,0.9973405874807072
48.10302155012221,6.388130672438244,-0.01640335891175404,0.9974387896400487
47.93451262155078,6.388825631924649,-0.01570839942534885,0.9975473001863279
47.76600369297935,6.389359591780177,-0.015174439569821452,0.9976306723493789
47.59749476440793,6.390019224832602,-0.014514806517396117,0.997733667048009
47.428262621550786,6.390579246216089,-0.01395478513390902,0.997821108441988
47.26047690726507,6.3909921673176155,-0.013541864032382556,0.9978855816885202
47.09196797869364,6.391431149947103,-0.013102881402895505,0.9979541241659803
46.92345905012221,6.3918631838970725,-0.012670847452925571,0.9980215816808995
46.92345905012221,6.3923479179697,-0.012186113380297847,0.9980972677605198
46.754950121550785,6.392947321173438,-0.011586710176560544,0.9981908582076628
46.58644119297936,6.39353629737813,-0.010997733971867873,0.9982828205895957
46.412146550122216,6.393992655686179,-0.010541375663819075,0.9983540760948073
46.244360835836495,6.394329710420221,-0.010204320929776856,0.9984067036134359
46.07512869297935,6.394696301021981,-0.009837730328016825,0.9984639428442629
45.90661976440792,6.395391260508386,-0.009142770841612524,0.9985724533905419
45.738110835836494,6.396074636872379,-0.008459394477618787,0.9986791553552202
45.56960190726507,6.396618442680441,-0.007915588669557216,0.9987640648592371
45.56960190726507,6.39694333722533,-0.007590694124668396,0.9988147936934191
45.40109297869364,6.397180203223693,-0.007353828126305473,0.9988517778045508
45.227521550122205,6.397871686380454,-0.006662344969543987,0.99895974555886
45.058289407265065,6.398613555423254,-0.00592047592674394,0.9990755805343896
44.89050369297935,6.399137671316133,-0.005396360033865122,0.9991574156671742
44.721994764407924,6.399593448577672,-0.004940582772325897,0.9992285804481416
44.552762621550784,6.40005212112234,-0.00448191022765787,0.999300197296834
44.38425369297936,6.400467939496886,-0.004066091853111686,0.9993651229217912
44.21574476440792,6.400734920419593,-0.0037991109304051918,0.9994068091586665
44.21574476440792,6.401056338634836,-0.003477692715161851,0.9994569952008782
44.047235835836496,6.4014501488778075,-0.003083882472190602,0.9995184844897232
43.87872690726507,6.401877548384881,-0.00265648296511678,0.9995852183855822
43.71021797869364,6.402274253910982,-0.002259777439015842,0.9996471597421523
43.540985835836494,6.402639688389375,-0.0018943429606235185,0.9997042184565886
43.37320012155079,6.4031238434053765,-0.0014101879446215548,0.9997798141226639
43.20469119297935,6.403648536364997,-0.0008854949850007898,0.9998617393582943
43.03618226440792,6.404298902521514,-0.00023512882848386596,0.9999632871295034
42.86695012155078,6.40485429145199,0.00032026010199182053,1.0000500052151218
42.69844119297935,6.405239415845565,0.0007053844955668964,1.0001101383007904
42.69844119297935,6.405628591645639,0.0010945602956411449,1.000170903970575
42.524869764407924,6.406253477320708,0.001719445970709721,1.0002684732351008
42.355637621550784,6.406708096468993,0.0021740651189947613,1.0003394571889779
42.18712869297935,6.407048625542795,0.0025145941927968707,1.0003926271888772
42.019342978693636,6.407599382020258,0.0030653506702602584,1.0004786219661346
41.85083405012221,6.407755168151613,0.0032211368016152875,1.0005029463167574
41.68232512155078,6.40761617665231,0.0030821453023115453,1.0004812442696416
41.51309297869364,6.406525088706543,0.001991057356544701,1.0003108824696376
41.34530726440792,6.405849242068578,0.0013152107185803175,1.0002053561917452
41.34530726440792,6.406859250147337,0.002325218797339268,1.0003630582312402
41.174628692979354,6.407935857697675,0.0034018263476767174,1.000531159071218
41.007566192979354,6.409216900095526,0.004682868745527813,1.0007311802424042
40.83905726440793,6.410732490275349,0.006198458925350536,1.000967823559842
40.6705483358365,6.411467408648749,0.006933377298750543,1.0010825732621316
40.50203940726507,6.411631303562758,0.007097272212759798,1.001108163713085
40.332807264407926,6.411705432760364,0.007171401410365874,1.0011197382003534
40.1642983358365,6.411862378994857,0.007328347644858901,1.0011442436887659
39.99651262155078,6.412036117871515,0.007502086521516738,1.001171371169986
39.99651262155078,6.412328579275669,0.007794547925670692,1.0012170359135444
39.82728047869364,6.412703857716709,0.008169826366710708,1.001275631658247
39.65877155012221,6.412580502736204,0.008046471386205845,1.0012563710875482
39.490262621550784,6.412373751662185,0.007839720312186493,1.0012240891021598
39.32175369297936,6.41225502913469,0.007720997784692152,1.0012055518398213
39.152521550122216,6.412871806027106,0.008337774677108278,1.0013018550040167
38.984735835836496,6.413511749164347,0.008977717814349084,1.0014017753314142
38.81550369297935,6.414060766482047,0.009526735132048714,1.001487498557337
38.64699476440792,6.414551870177565,0.010017838827566905,1.0015641791859533
38.64699476440792,6.414721557647724,0.010187526297725569,1.0015906740830571
38.478485835836494,6.414766150977613,0.010232119627614722,1.0015976368581272
38.309253692979354,6.414956684486324,0.010422653136325621,1.0016273866428544
38.14146797869364,6.41502733934417,0.010493307994171808,1.001638418648852
37.97223583583649,6.415164593673595,0.010630562323596493,1.0016598494553328
37.80445012155078,6.4156296378310405,0.011095606481042353,1.0017324611637208
37.63521797869364,6.41588155930169,0.011347527951691916,1.001771796027025
37.4659858358365,6.41613579898873,0.011601767638731886,1.0018114928552087
37.298200121550785,6.416450268524457,0.011916237174458999,1.0018605939348795
37.12969119297936,6.4167016129283665,0.012167581578368392,1.0018998386953382
37.12969119297936,6.4169888628228815,0.012454831472883399,1.0019446897169908
36.961182264407924,6.417304490471863,0.012770459121864697,1.0019939716237518
36.7926733358365,6.417602163385655,0.01306813203565671,1.0020404500892162
36.62344119297935,6.417774167082319,0.013240135732321079,1.0020673066405004
36.45059297869364,6.417871460534865,0.013337429184867133,1.0020824979802716
36.2813608358365,6.418176663174685,0.013642631824686724,1.0021301521325214
36.10851262155078,6.418420477852566,0.013886446502567651,1.0021682212061946
35.94000369297935,6.418606380898149,0.014072349548150953,1.0021972479932604
35.771494764407926,6.4188235549914445,0.014289523641446422,1.0022311574224603
35.771494764407926,6.419042468244504,0.01450843689450565,1.002265338402995
35.6029858358365,6.419192461819709,0.01465843046971127,1.0022887583074676
35.43375369297936,6.419347091827697,0.014813060477698592,1.0023129021416999
35.26524476440793,6.419466391421933,0.01493236007193488,1.002331529506884
35.09673583583649,6.419514461081466,0.014980429731467737,1.002339035073924
34.92822690726506,6.4196719843827,0.015137953032701823,1.0023636306651822
34.75971797869364,6.419763487268984,0.015229455918985835,1.0023779178695027
34.590485835836496,6.419843988079365,0.01530995672936708,1.0023904872164666
34.42270012155078,6.419930856522751,0.015396825172753204,1.0024040508017267
34.42270012155078,6.420048999993619,0.015514968643620897,1.00242249765052
34.254191192979356,6.420292235614873,0.015758204264875175,1.002460476310648
34.08495905012221,6.420672725565552,0.01613869421555414,1.0025198857772566
33.91645012155078,6.4210317884311685,0.016497757081170406,1.0025759496319973
33.74287869297935,6.421387956013652,0.01685392466365432,1.0026315614190127
33.574369764407926,6.421659569389369,0.017125538039371335,1.0026739709642485
33.4058608358365,6.421759179068423,0.01722514771842487,1.0026895239582003
33.237351907265065,6.4217649716245715,0.017230940274573392,1.0026904284043505
33.06884297869364,6.421935236161474,0.01740120481147578,1.0027170134043004
33.06884297869364,6.422158202810916,0.017624171460917992,1.0027518272796503
32.90033405012221,6.422429237130009,0.017895205780011025,1.0027941464113415
32.731101907265064,6.4226058712898,0.018071839939802103,1.002821725960287
32.56331619297936,6.422656834242579,0.018122802892580836,1.002829683284353
32.39408405012221,6.4227819283828484,0.018247897032850346,1.0028492154063866
32.22557512155078,6.422960880759031,0.01842684940903272,1.0028771569202122
32.05706619297935,6.4225375346483435,0.018003503298345436,1.002811055919169
31.888557264407922,6.418827029331202,0.014292997981203648,1.0022316999037306
31.720048335836495,6.418814867152163,0.01428083580216466,1.0022298009085846
31.720048335836495,6.4207723372344905,0.016238305884492377,1.0025354390819077
31.551539407265068,6.422083494556683,0.017549463206685267,1.0027401623788368
31.38303047869364,6.422641778770293,0.018107747420295084,1.0028273325321808
31.2137983358365,6.4227616574211535,0.018227626071155356,1.0028460503109098
31.045289407265063,6.422871115042628,0.01833708369262954,1.002863140956527
30.876780478693636,6.423037326183143,0.0185032948331445,1.002889093061661
30.70827155012221,6.423123036513276,0.018589005163278216,1.002902475819831
30.539762621550782,6.423230175918357,0.01869614456835933,1.0029192045005682
30.371253692979355,6.423359323455013,0.01882529210501449,1.0029393695174178
30.202744764407928,6.423458935123953,0.018924903773954505,1.002954922822069
30.202744764407928,6.4234079701812865,0.018873938831288406,1.0029469651873033
30.034235835836494,6.423374959973811,0.01884092862381248,1.0029418109938344
29.865726907265067,6.423319941634762,0.018785910284764284,1.0029332204642536
29.69721797869364,6.4232434962106515,0.01870946486065339,1.002921284322805
29.528709050122213,6.423271873965113,0.01873784261511524,1.0029257152079127
29.35947690726507,6.423394649888993,0.018860618538995233,1.0029448853650669
29.190967978693642,6.423515688642994,0.018981657292996168,1.0029637842815857
29.022459050122208,6.423513951473116,0.018979920123118,1.0029635130409507
28.85395012155078,6.423478045982509,0.01894401463251061,1.0029579067797563
28.85395012155078,6.423429399256235,0.018895367906236693,1.0029503111098708
28.685441192979354,6.42336859035092,0.018834559000922013,1.0029408164448386
28.511146550122213,6.423871856225478,0.01933782487548008,1.0030193960686011
28.3433608358365,6.424130149308903,0.019596117958904813,1.0030597257916005
28.174851907265065,6.4239123961589835,0.01937836480898536,1.0030257259488558
28.006342978693638,6.4235996637931345,0.019065632443136415,1.0029768961098202
27.837110835836494,6.423422448586832,0.018888417236833988,1.0029492258366302
27.668601907265067,6.423253921219811,0.018719889869813322,1.0029229120773158
27.50009297869364,6.423023426834223,0.01848939548422468,1.0028869228258792
27.50009297869364,6.422813201420446,0.018279170070448103,1.0028540983592205
27.326521550122216,6.422651043676315,0.018117012326317017,1.0028287791489021
27.158012621550778,6.422557803620153,0.018023772270154836,1.0028142207039465
26.98950369297935,6.422577493535335,0.0180434621853367,1.0028172950751788
26.820994764407924,6.4227541296850115,0.01822009833501337,1.0028448749348238
26.652485835836497,6.42300141870265,0.01846738735265152,1.002883486489767
26.48397690726507,6.423720702547135,0.019186671197136462,1.0029957950263388
26.315467978693643,6.422846790684549,0.018312759334550677,1.0028593429662347
26.146959050122206,6.422114767594281,0.017580736244283024,1.0027450453316706
26.146959050122206,6.422312251772393,0.017778220422394853,1.0027758803896383
25.97845012155078,6.4225033643377305,0.0179693329877324,1.0028057205879106
25.80921797869364,6.422354528875777,0.01782049752577919,1.0027824815105282
25.64070905012221,6.422096233802465,0.01756220245246709,1.0027421514768289
25.472200121550785,6.422117083820786,0.01758305247078784,1.0027454069858508
25.303691192979358,6.422318042338657,0.01778401098865867,1.002776784525089
25.13518226440792,6.422457612894587,0.017923581544589062,1.0027985769857501
24.966673335836493,6.422176155556221,0.017642124206222576,1.0027546304102477
24.798164407265066,6.4216392984276744,0.017105267077676345,1.0026708058687714
24.798164407265066,6.421396062806422,0.016862031456423843,1.0026328272086438
24.628932264407926,6.421489881919212,0.01695585056921356,1.0026474760671449
24.456084050122215,6.421491040032463,0.01695700868246508,1.0026476568942349
24.28685190726507,6.421314405872673,0.01678037452267489,1.0026200773452894
24.11906619297935,6.421215373260361,0.0166813419103633,1.0026046144541834
23.94983405012221,6.421049162119845,0.016515130769846564,1.0025786623490491
23.781325121550783,6.421119237921067,0.016585206571068767,1.002589603941502
23.612816192979356,6.4210595871290055,0.016525555779007384,1.0025802901035603
23.44430726440793,6.421319038325683,0.016785006975684524,1.00262080065365
23.275075121550785,6.421036999940806,0.016502968590807576,1.002576763353903
23.275075121550785,6.420624078839278,0.016090047489280224,1.0025122901073709
23.107289407265064,6.420600912594451,0.01606688124445288,1.0025086729441683
22.938057264407924,6.4201277616442365,0.015593730294238384,1.0024347954461492
22.769548335836497,6.42007969397459,0.015545662624592005,1.0024272901898088
22.60103940726507,6.420632766678559,0.016098735328561098,1.0025136466212465
22.432530478693643,6.420931597705604,0.01639756635560552,1.002560305913801
22.2632983358365,6.420899745611381,0.01636571426138289,1.0025553325474224
22.095512621550778,6.420798398762448,0.016264367412450298,1.0025395083128354
21.92700369297935,6.4207103702159225,0.0161763388659244,1.0025257635897853
21.92700369297935,6.420532575952994,0.015998544602996212,1.0024980029030501
21.758494764407924,6.420310767416803,0.01577673606680463,1.00246336985479
21.58926262155078,6.420130077870742,0.015596046520744089,1.0024351571003296
21.420753692979353,6.419978924192399,0.01544489284240047,1.0024115560580673
21.252244764407926,6.419664456646556,0.015130425296558059,1.002362455289096
21.0837358358365,6.419312921517083,0.014778890167084668,1.0023075668104413
20.915226907265065,6.419338403988417,0.014804372638418606,1.0023115456278242
20.74599476440792,6.4192683281871945,0.014734296837196403,1.0023006040353712
20.57820905012221,6.419181459743807,0.014647428393808504,1.0022870404501107
20.57820905012221,6.418992661415091,0.014458630065092848,1.0022575615953195
20.408976907265068,6.41863533770924,0.014101306359242116,1.0022017692919136
20.24046797869364,6.418668347916715,0.014134316566717153,1.0022069234853823
20.07268226440792,6.418847300292898,0.014313268942899526,1.0022348649992079
19.90345012155078,6.418841507736747,0.01430747638674923,1.0022339605530572
19.734941192979353,6.418579740313565,0.014045708963567272,1.0021930883487875
19.566432264407926,6.418269903230849,0.01373587188085068,1.0021447105774774
19.392860835836498,6.417978599939948,0.013444568589950023,1.0020992266610091
19.22435190726507,6.417807177289793,0.013273145939795228,1.002072460833969
19.22435190726507,6.41775621234713,0.013222180997131794,1.002064503199204
19.055842978693637,6.417692508158683,0.01315847680868476,1.0020545564664463
18.886610835836493,6.41771567440351,0.013181643053512104,1.0020581736296488
18.718825121550783,6.417621855290721,0.013087823940723275,1.0020435247711479
18.54959297869364,6.417489233414309,0.012955202064310889,1.002022817273028
18.38180726440793,6.4173815149526,0.012847483602602239,1.0020059981787457
18.212575121550785,6.417305648585114,0.012771617235116217,1.0019941524508418
18.044066192979358,6.417088472501935,0.012554441151936935,1.0019602427109424
17.875557264407924,6.416886355870812,0.012352324520813696,1.0019286843446142
17.707048335836497,6.416696978485469,0.012162947135470503,1.0018991150762777
17.707048335836497,6.41661879589148,0.012084764541482329,1.001886907694194
17.53853940726507,6.416490808457962,0.011956777107964278,1.001866923815134
17.364967978693635,6.416412046807344,0.011878015457345903,1.001854626019505
17.19573583583649,6.4164218907699935,0.011887859419995372,1.0018561630497713
17.02795012155078,6.416396987355288,0.01186295600528986,1.0018522746459337
16.859441192979354,6.416490808457962,0.011956777107964278,1.001866923815134
16.68514655012222,6.416370348760588,0.011836317410589992,1.0018481153121603
16.51736083583649,6.4160807826395665,0.011546751289568391,1.0018029026363273
16.51736083583649,6.415757046207931,0.011223014857932867,1.0017523546292355
16.348851907265065,6.41538176776689,0.010847736416891962,1.001693758884533
16.17961976440792,6.415166330843475,0.010632299493477326,1.0016601206959683
16.011110835836494,6.41496768855211,0.010433657202112201,1.0016291048109105
15.842601907265067,6.414780629383158,0.010246598033160303,1.0015998975074538
15.67409297869364,6.414648586563371,0.010114555213372789,1.001579280422879
15.504860835836498,6.414416353018019,0.009882321668021277,1.0015430196201078
15.33635190726507,6.414186437689057,0.009652406339059283,1.0015071207822164
15.167842978693644,6.413959996699855,0.00942596534985718,1.0014717644255955
15.000057264407932,6.4138267957668145,0.009292764416816368,1.0014509665139304
15.000057264407932,6.4138267957668145,0.009292764416816368,1.0014509665139304
14.83082512155079,6.4138175308607925,0.009283499510794435,1.001449519897209
14.662316192979363,6.413794364615967,0.009260333265968868,1.0014459027340068
14.493807264407918,6.413650740663651,0.009116709313652827,1.00142347737853
14.325298335836491,6.413463679504814,0.008929648154816228,1.001394269764374
14.156789407265064,6.4131845383929535,0.008650507042955446,1.001350684843052
13.987557264407922,6.413021801592196,0.008487770242197712,1.0013252752191886
13.819048335836495,6.4129528858941125,0.008418854544114396,1.0013145147645253
13.650539407265068,6.41283879581963,0.008304764469631465,1.0012967008105476
13.650539407265068,6.412627412292598,0.008093380942599815,1.0012636955167984
13.482030478693641,6.412442090293527,0.00790805894352875,1.0012347594539772
13.313521550122214,6.412160630965275,0.007626599615276675,1.0011908125677753
13.145012621550787,6.411978783305961,0.007444751955962836,1.0011624189862247
12.97650369297936,6.411805623485929,0.00727159213593076,1.0011353819185496
12.807994764407933,6.4117146996562715,0.007180668306273397,1.0011211851277741
12.639485835836506,6.4116347798924025,0.007100748542404389,1.001108706505055
12.470253692979362,6.411403704460302,0.006869673110303509,1.001072626529374
12.302467978693633,6.411225331140747,0.006691299790748673,1.0010447754290936
12.302467978693633,6.411058540943604,0.006524509593606176,1.0010187329104145
12.13323583583649,6.410815305322352,0.006281273972353674,1.0009807542502869
11.964726907265064,6.410643882672199,0.0061098513222006545,1.0009539884232472
11.796217978693637,6.410528055427836,0.0059940240778377785,1.0009359032286342
11.62770905012221,6.410301614438633,0.005767583088634787,1.0009005468720134
11.454137621550775,6.410277871127067,0.005743839777069049,1.0008968396059656
11.284905478693632,6.410328834079845,0.005794802729846893,1.0009047969300313
11.11711976440792,6.4102465980894685,0.005712566739470404,1.0008919566531316
10.948610835836494,6.410202004759579,0.005667973409581251,1.0008849938780615
10.780101907265067,6.410149302647036,0.0056152712970378715,1.0008767650026609
10.780101907265067,6.410081545062205,0.005547513712206964,1.0008661853750878
10.61159297869364,6.409969771214229,0.0054357398642306265,1.0008487330752907
10.442360835836498,6.409882902770842,0.005348871420843615,1.0008351694900302
10.27385190726507,6.409763022130093,0.0052289907800950886,1.0008164514006015
10.105342978693644,6.409659936121397,0.005125904771398737,1.0008003556146798
9.936834050122217,6.409616500904761,0.005082469554762881,1.0007935736667
9.76832512155079,6.409466505339671,0.004932473989672559,1.0007701534515279
9.599092978693648,6.409334462519881,0.004800431169883268,1.0007495363669527
9.431307264407918,6.409229639341307,0.004695607991308748,1.000733169340396
9.431307264407918,6.409092964068509,0.004558932718510711,1.0007118289474606
9.262075121550776,6.4089412313335385,0.004407199983540444,1.0006881374916532
9.093566192979349,6.408701472041928,0.004167440691929869,1.0006507016234951
8.925057264407922,6.408386423449575,0.0038523920995769956,1.0006015101302794
8.755825121550778,6.4081437668849475,0.0036097355349493654,1.0005636218836966
8.588039407265068,6.408091064772404,0.0035570334224059863,1.000555393008296
8.414467978693633,6.407957284782736,0.0034232534327376385,1.0005345046830856
8.245235835836489,6.40779860336825,0.003264572018252032,1.0005097282647375
8.072387621550789,6.407656135539303,0.0031221041893045864,1.0004874834256516
8.072387621550789,6.407521778482896,0.0029877471328978444,1.0004665049975958
7.903878692979362,6.407509616303854,0.002975584953856192,1.0004646060024494
7.735369764407935,6.407512511586987,0.0029784802369885455,1.0004650580701748
7.566860835836489,6.407548417077593,0.003014385727595048,1.000470664331369
7.3932894072650726,6.407453439851553,0.002919408501554699,1.0004558346457781
7.224780478693646,6.407320817975139,0.002786786625140536,1.0004351271476581
7.055548335836503,6.407254797560188,0.0027207662101895735,1.0004248187607203
6.887762621550792,6.407149395324986,0.002615363974987517,1.0004083613206185
6.719253692979346,6.406936274628076,0.002402243278077698,1.000375084786234
6.719253692979346,6.406777591223703,0.0022435598737047258,1.000350308057186
6.550021550122204,6.406737053280085,0.0022030219300868126,1.0003439784876313
6.381512621550777,6.406643811234037,0.0021097798840390425,1.000329419731976
6.21300369297935,6.406467756130873,0.0019337247808746127,1.0003019305965757
6.043771550122208,6.406393626933267,0.0018595955832685362,1.0002903561093073
5.875262621550781,6.406204828604551,0.0016707972545528804,1.000260877254516
5.707476907265069,6.406086687123567,0.0015526557735690005,1.000242430716422
5.538244764407927,6.405989391681135,0.0014553603311364682,1.0002272390659512
5.3697358358365,6.405916420596782,0.0013823892467836885,1.000215845405773
5.3697358358365,6.405895572568346,0.0013615412183476394,1.0002125902074503
5.201226907265073,6.40609247768983,0.0015584463398319315,1.0002433348518727
5.032717978693646,6.406305019330116,0.0017709879801177664,1.0002765209727122
4.864209050122219,6.406265637509862,0.0017316061598640076,1.0002703719195476
4.695700121550792,6.406222204283113,0.001688172933114629,1.0002635902822674
4.5271911929793465,6.406109272321882,0.0015752409718841065,1.00024595715538
4.3586822644079195,6.4059216340963046,0.0013876027463064489,1.0002166594383781
4.1901733358364925,6.405670289692396,0.0011362583423979444,1.0001774146779197
4.021664407265066,6.405539984042487,0.0010059526924885986,1.0001570688339798
4.021664407265066,6.4055069738350126,0.0009729424850144497,1.0001519146405111
3.848092978693649,6.405506394778386,0.0009723634283878013,1.000151824226966
3.6795840501222035,6.405452536542475,0.0009185051924767151,1.0001434148351747
3.5103519072650613,6.405378407344868,0.0008443759948697505,1.000131840347906
3.3418429786936343,6.4053529248735375,0.0008188935235393657,1.0001278615305236
3.1733340501222074,6.405258526704121,0.0007244953541230004,1.0001131222584776
3.0048251215507804,6.405036139111304,0.000502107761305659,1.0000783987966724
2.8312536929793453,6.405023976932265,0.000489945582266671,1.0000764998015264
2.6627447644079183,6.405194822515677,0.0006607911656786314,1.0001031755257204
2.6627447644079183,6.405184976563141,0.000650945213142684,1.000101638184754
2.4942358358364913,6.405055829026487,0.0005217976764892995,1.000081473167905
2.3257269072650644,6.405027451272021,0.0004934199220230084,1.0000770422827965
2.1572179786936374,6.404916837527183,0.00038280617718466914,1.000059771120789
1.9887090501222104,6.404805644725716,0.0002716133757179051,1.000042409545236
1.8202001215507835,6.404602367991455,6.833664145666773e-05,1.000010670041118
1.650967978693641,6.404381140501775,-0.0001528908482226754,0.9999761277171025
1.4824590501222141,6.40436666209623,-0.00016736925376825695,0.9999738670677759
1.3139501215507872,6.40485429145199,0.00032026010199182053,1.0000500052151218
1.1454411929793602,6.404973013979484,0.00043898262948616207,1.00006854247746
1.1454411929793602,6.404756997999442,0.0002229666494439897,1.0000348138753503
0.9769322644079332,6.404649277547848,0.00011524619784974988,1.0000179944703682
0.8084233358365063,6.404574569293618,4.053794361968954e-05,1.0000063295695552
0.639914407265061,6.404459902152392,-7.41291976060765e-05,0.9999884255127316
0.47140547869363403,6.404399093247078,-0.00013493810291986819,0.9999789308476995
0.30217333583649164,6.4044471609167255,-8.687043327260113e-05,0.9999864361040401
0.13366440726506465,6.404530557010241,-3.474339757225664e-06,0.9999994575187297
-0.0348445213063623,6.404534031349998,0.0,1.0
-0.20335344987778925,6.404507969822039,-2.606152795880945e-05,0.9999959307690721
-0.20335344987778925,6.4045820990196445,4.8067669646378874e-05,1.0000075052563404
-0.3718623784492162,6.404699084377261,0.00016505302726255167,1.0000257712780438
-0.5403713070206432,6.404852554282109,0.00031852293211098726,1.0000497339744863
-0.7088802355920701,6.404862400234645,0.0003283688846469346,1.0000512713154524
-0.8773891641634971,6.404806802838968,0.00027277148897031367,1.000042590372326
-1.0466213070206396,6.40484212927295,0.00030809792295194427,1.0000481062199753
-1.2151302355920666,6.404947531508152,0.000413500158154001,1.0000645636600773
-1.3836391641635117,6.405032664771546,0.0004986334215475452,1.000077856315402
-1.5521480927349387,6.405039613451062,0.0005055821010637729,1.000078941277943
-1.5521480927349387,6.405001970790576,0.00046793944057821335,1.0000730637761135
-1.7206570213063657,6.404966063310083,0.0004320319600852329,1.0000674572042199
-1.8942284498777826,6.404920311866941,0.000386280516942783,1.0000603136020594
-2.0634605927349248,6.4049347902724865,0.00040075892248836453,1.000062574251386
-2.2319695213063517,6.405029190431787,0.0004951590817885432,1.0000773138341315
-2.3997552355920817,6.405039034394436,0.0005050030444380127,1.0000788508643979
-2.5682641641635087,6.404948110564779,0.00041407921478064935,1.0000646540736224
-2.7367730927349356,6.404907572621159,0.0003735412711609598,1.0000583245040673
-2.906005235592078,6.404865874574402,0.00033184322440416025,1.0000518137967227
-2.906005235592078,6.404770895358475,0.00023686400847733324,1.0000369838004324
-3.0745141641635048,6.404773213574867,0.00023918222486862817,1.0000373457653122
-3.2430230927349317,6.40487687864019,0.00034284729019162796,1.000053531964779
-3.4115320213063587,6.4052081408180825,0.0006741094680844384,1.0001052550372571
-3.5800409498777856,6.405493074486093,0.0009590431360946283,1.0001497444047296
-3.7492730927349283,6.405623380136002,0.0010893487860039741,1.0001700902486694
-3.9177820213063552,6.405633226088536,0.001099194738538145,1.0001716275896353
-4.086290949877782,6.405721252645175,0.001187221295176677,1.0001853720019858
-4.254799878449209,6.405740944550243,0.001206913200245019,1.0001884466839175
-4.254799878449209,6.405770480417961,0.0012364490679628304,1.000193058396116
-4.428371307020644,6.405747314173134,0.0012132828231354864,1.0001894412329135
-4.601219521306364,6.405826654880378,0.0012926235303796219,1.0002018294420878
-4.770451664163506,6.405976650445468,0.0014426190954699436,1.0002252496572597
-4.938960592734933,6.406130699406943,0.0015966680569450276,1.0002493027672472
-5.106746307020645,6.406252317217571,0.001718285867572611,1.0002682920973114
-5.275978449877787,6.406304440273488,0.0017704089234902298,1.000276430559167
-5.444487378449214,6.406368144461934,0.001834113111935487,1.0002863772919244
-5.612996307020641,6.406343241047228,0.0018092096972299743,1.0002824888880868
-5.612996307020641,6.4063646701221755,0.0018306387721773731,1.0002858348106538
-5.781505235592068,6.4064324277070055,0.0018983963570073925,1.000296414438227
-5.955076664163503,6.406416791188207,0.0018827598382085142,1.0002939729618099
-6.12358559273493,6.406565628640045,0.0020315972900473156,1.000317212349892
-6.292094521306357,6.406760217535027,0.002226186185028567,1.0003475953401342
-6.460603449877784,6.406861566373844,0.0023275350238458614,1.0003634198854205
-6.629835592734927,6.406989553807359,0.0024555224573612477,1.0003834037644803
-6.797621307020638,6.4071383912592,0.0026043599092018255,1.0004066431525624
-6.966853449877781,6.4072275779189765,0.0026935465689783555,1.0004205687027024
-6.966853449877781,6.4072275779189765,0.0026935465689783555,1.0004205687027024
-7.1353623784492255,6.4072136785700575,0.0026796472200594224,1.0004183984669208
-7.3038713070206525,6.407359041682137,0.0028250103321392217,1.0004410953737322
-7.472380235592079,6.407517723096625,0.0029836917466266044,1.0004658717920807
-7.640889164163506,6.407734318133292,0.003200286783293649,1.0004996908077353
-7.809398092734933,6.407882576528505,0.00334854517850669,1.0005228397822723
-7.97790702130636,6.408015198404917,0.0034811670549190765,1.000543547280392
-8.147139164163503,6.408075428253605,0.003541396903607108,1.0005529515318792
-8.31564809273493,6.408211524469778,0.003677493119780273,1.0005742015112697
-8.484157021306357,6.40826770092208,0.003733669572081766,1.000582972867941
-8.484157021306357,6.408307659809071,0.0037736284590730307,1.0005892120239508
-8.652665949877784,6.408534100798275,0.004000069448276911,1.0006245683805717
-8.821174878449211,6.409640825262841,0.005106793912842633,1.0007973716569925
-8.989683807020638,6.40994602790266,0.005411996552662224,1.0008450258092425
-9.15891594987778,6.409555112942821,0.005021081592823329,1.000783988588123
-9.327424878449225,6.409011307134759,0.00447727578476087,1.000699079084106
-9.495933807020652,6.4089568678523365,0.004422836502338434,1.00069057896807
-9.664442735592079,6.409158407416718,0.0046243760667197265,1.0007220472315526
-9.832951664163506,6.409381374066163,0.004847342716164604,1.0007568611069029
-9.832951664163506,6.409409170774116,0.004875139424117769,1.0007612012677665
-10.001460592734933,6.409293924576264,0.004759893226266243,1.000743206797398
-10.16996952130636,6.409297398916022,0.004763367566023469,1.0007437492786684
-10.338478449877787,6.40939701058496,0.004862979234961706,1.0007593025833195
-10.507710592734929,6.409549322376557,0.0050152910265586215,1.000783084452672
-10.676219521306356,6.409662252347903,0.005128220997905331,1.0008007172688602
-10.844728449877783,6.409720165970084,0.0051861346200858804,1.0008097598661667
-11.017576664163503,6.409800085733956,0.005266054383957552,1.0008222384888863
-11.186808807020645,6.409847574346974,0.005313542996975507,1.0008296533316812
-11.186808807020645,6.410071699109671,0.005537667759672793,1.0008646480341217
-11.355317735592072,6.410330571249723,0.005796539899725062,1.0009050681706664
-11.523826664163499,6.410539059493623,0.006005028143625246,1.0009376213966903
-11.692335592734926,6.41066704692714,0.006133015577141521,1.00095760527575
-11.860844521306353,6.41080430324645,0.006270271896451796,1.0009790363929303
-12.02935344987778,6.410998311094918,0.006464279744919921,1.0010093286589279
-12.198585592734922,6.411271661640514,0.006737630290515995,1.0010520094447988
-12.366371307020653,6.411449455903443,0.006915424553445071,1.0010797701315342
-12.535603449877796,6.411563545977928,0.007029514627929778,1.001097584085512
-12.704112378449222,6.411668948213129,0.007134916863130947,1.001114041525614
-12.704112378449222,6.411773192335079,0.007239160985080595,1.0011303181386257
-12.87262130702065,6.411846161429546,0.007312130079547785,1.0011417114881045
-13.041130235592076,6.4120888179941735,0.007554786644175415,1.001179599734687
-13.210362378449219,6.412495369472813,0.007961338122814965,1.001243078432224
-13.37814809273493,6.412818526847821,0.008284495497822952,1.0012935360257702
-13.547380235592072,6.412829528923722,0.008295497573723942,1.0012952538831268
-13.720228449877792,6.412841112046134,0.008307080696136282,1.001297062464728
-13.88873737844922,6.412947093337964,0.008413061987965875,1.001313610318375
-14.057969521306362,6.413186275562832,0.008652244212833615,1.001350956083687
-14.057969521306362,6.413410400325528,0.008876368975530013,1.0013859507861276
-14.287228449877794,6.413648424437146,0.00911439308714801,1.0014231157243498
-14.287228449877794,6.4137590381819845,0.009225006831986349,1.0014403868863575
-14.287228449877794,6.413849382955015,0.009315351605017064,1.0014544932635878
-14.287228449877794,6.413947836510701,0.009413805160702893,1.0014698657411487
-14.287228449877794,6.413994167010468,0.009460135660470215,1.001477099756854
-14.287228449877794,6.414209024877258,0.009674993527259979,1.0015106475318738
-14.287228449877794,6.4143190595654715,0.009785028215473446,1.0015278282803364
-14.287228449877794,6.414141844359167,0.009607813009169242,1.001500158007146
-14.287228449877794,6.413896871568037,0.00936284021803857,1.0014619081063834
-14.287228449877794,6.413711549568965,0.009177518218966618,1.0014329720435622
-14.287228449877794,6.4135650283436325,0.00903099699363441,1.0014100943096607
-14.287228449877794,6.4135007450985615,0.008966713748563393,1.0014000571633583
-14.287228449877794,6.413573137126287,0.009039105776288636,1.0014113604099912
-14.287228449877794,6.413629892635216,0.009095861285217666,1.0014202221802075
-14.287228449877794,6.413648424437146,0.00911439308714801,1.0014231157243498
-14.287228449877794,6.413659426513048,0.009125395163049888,1.0014248335817066
-14.287228449877794,6.413618309512802,0.00908427816280355,1.0014184135986062
-14.287228449877794,6.413478157910361,0.008944126560362697,1.001396530413701
-14.287228449877794,6.413285308175143,0.008751276825145204,1.001366418974793
-14.287228449877794,6.4132395567320035,0.008705525382005419,1.0013592753726333
-14.287228449877794,6.41333685018455,0.008802818834551474,1.0013744667124043
-14.287228449877794,6.41341676994842,0.008882738598422257,1.0013869453351238
-14.287228449877794,6.413413874665289,0.008879843315290792,1.0013864932673984
-14.287228449877794,6.413459047051802,0.008925015701803929,1.0013935464560133
-14.287228449877794,6.413481055183377,0.008947023833378864,1.0013969827921256
-14.287228449877794,6.413332217731539,0.008798186381540951,1.0013737434040437
-14.287228449877794,6.413230868892722,0.008696837542723657,1.0013579188587574
