Angle (degree),rho (mOhm cm),Delta rho (mOhm cm),rho/rho(theta=0)
101.60558546659864,2.882718801097915,-2.116416135633849,0.5766435268463711
101.60558546659864,2.8827987720960366,-2.1163361646357273,0.5766595238136732
101.60558546659864,2.8832036420288025,-2.1159312947029614,0.576740511812175
101.60558546659864,2.883785451911801,-2.115349484819963,0.5768568939243527
101.60558546659864,2.8845369560248675,-2.1145979807068964,0.57700722075541
101.60558546659864,2.885451745428949,-2.113683191302815,0.5771902102957323
101.60558546659864,2.8854141285757238,-2.11372080815604,0.5771826856232236
101.41950160382864,2.884879967345088,-2.114254969386676,0.5770758348905677
101.41950160382864,2.8847102731150187,-2.114424663616745,0.5770418901716879
101.22189042212597,2.8839501311997173,-2.1151848055320466,0.5768898354812422
101.02510262034704,2.8808320971392165,-2.1183028395925474,0.5762661207586027
100.83325509811071,2.8727745327113237,-2.1263604040204402,0.5746543290126571
100.63976081602685,2.8558153885167195,-2.1433195482150444,0.5712619132428817
100.4437963941717,2.830470156184667,-2.168664780547097,0.5661919896155306
100.2511254920116,2.801677812696426,-2.197457124035338,0.5604325244575318
100.05927796977525,2.768126220170963,-2.231008716560801,0.5537210447815305
99.8616667880726,2.7345066377443805,-2.2646282989873834,0.5469959647722756
99.8616667880726,2.6973098179974624,-2.3018251187343015,0.5395553134960699
99.66981926583625,2.658393202442942,-2.3407417342888217,0.5317706435387588
99.4779717435999,2.6192823713337194,-2.3798525653980445,0.5239471237489945
99.28612422136356,2.5779557591701097,-2.4211791775616542,0.5156803710634534
99.09345331920346,2.5385607116237567,-2.460574225108007,0.5077999981499534
98.90160579696712,2.4969083637443963,-2.5022265729873676,0.49946808704803153
98.70975827473079,2.4554404791859135,-2.5436944575458504,0.49117307499428753
98.5187341324182,2.414440994820126,-2.5846939419116377,0.4829717591897193
98.32688661018187,2.3714341549148372,-2.6277007818169267,0.4743689028056496
98.32688661018187,2.3315701499599935,-2.6675647867717704,0.4663947221805302
98.13421570802177,2.2901194012233237,-2.70901553550844,0.4581031378841942
97.94236818578543,2.247517850598769,-2.751617086132995,0.44958135338273286
97.7505206635491,2.206182738500751,-2.792952198231013,0.4413129004161399
97.55867314131275,2.163729288558094,-2.83540564817367,0.4328207411766033
97.36682561907641,2.123407328813169,-2.875727607918595,0.4247549537443309
97.17497809684008,2.0815887697811646,-2.9175461669505993,0.4163897946595586
96.98230719467995,2.0396732417970505,-2.9594616949347134,0.4080052384284126
96.79128305236738,2.0005468086455735,-2.9985881280861904,0.4001785976902339
96.59861215020727,1.9628328217923459,-3.036302114939418,0.39263449509437887
96.59861215020727,1.9288748255545582,-3.0702601111772054,0.38584172061088234
96.40676462797093,1.8942281605714961,-3.104906776160268,0.37891118854452593
96.2149171057346,1.8592132659451297,-3.1399216707866344,0.37190699780562625
96.0222462035745,1.8256972002349536,-3.17343773649681,0.3652026247222128
95.83039868133815,1.7925333414374773,-3.206601595294287,0.35856870521069883
95.63937453902558,1.7601229375827987,-3.239011999148965,0.3520855027637036
95.44670363686548,1.72955952926379,-3.2695754074679737,0.3459717633456214
95.25485611462913,1.699083893729963,-3.300051043001801,0.33987558152226166
95.0630085923928,1.6696124935646486,-3.3295224431671153,0.33398028152770265
95.0630085923928,1.6399085641844386,-3.359226372547325,0.32803846764267297
94.87116107015646,1.6129509559525164,-3.3861839807792475,0.3226460130334069
94.6793135479201,1.585795092064156,-3.413339844667608,0.31721390043151865
94.48746602568376,1.5594498052054002,-3.439685131526364,0.3119439312884214
94.29479512352367,1.5345176641326252,-3.4646172725991384,0.30695664020940233
94.10294760128733,1.510321005591211,-3.4888139311405526,0.3021164710906161
93.91110007905098,1.4877813069151584,-3.5113536298166057,0.2976077512898283
93.72007593673841,1.4674637988069967,-3.531671137924767,0.29354354650934195
93.52658165465455,1.4485753192412816,-3.5505596174904825,0.28976519689390556
93.52658165465455,1.431380998769532,-3.567753937962232,0.2863257377295985
93.3347341324182,1.4151432650139315,-3.5839916717178326,0.2830776290145703
93.14370999010563,1.4007468146619135,-3.59838812206985,0.28019784070434917
92.95186246786929,1.3873426176239885,-3.611792319107775,0.2775165373973638
92.76001494563295,1.3751795033046563,-3.6239554334271076,0.27508349358613116
92.5681674233966,1.3642160933568521,-3.634918843374912,0.27289043216919495
92.3754965212365,1.3540214638925168,-3.645113472839247,0.2708511534553061
92.18364899900017,1.3451750559573301,-3.653959880774434,0.26908156570719655
91.99180147676383,1.3374309660084227,-3.661703970723341,0.2675324797059353
91.79995395452748,1.3303571557261464,-3.6687777810056175,0.26611747283538645
91.79995395452748,1.3241815560504502,-3.6749533806813135,0.2648821391718919
91.60728305236739,1.3182485164313709,-3.680886420300393,0.263695325914365
91.4162589100548,1.313063080414796,-3.6860718563169677,0.262658059250792
91.22441138781846,1.3086088076454978,-3.6905261290862663,0.26176705054115107
91.03174048565836,1.3051908139825745,-3.6939441227491896,0.26108333351686974
90.83989296342202,1.3024181612285113,-3.6967167755032526,0.2605287070086531
90.64804544118569,1.299919555244616,-3.699215381487148,0.2600288993388228
90.45619791894933,1.298035639471206,-3.7010992972605576,0.259652050984607
90.264350396713,1.2969905829714234,-3.7021443537603407,0.25944300351679334
90.264350396713,1.2964867934482998,-3.702648143283464,0.2593422281767596
90.07250287447665,1.2966418591361495,-3.7024930775956144,0.25937324668092326
89.88065535224031,1.2978178785811858,-3.701317058150578,0.2596084912702212
89.68880783000398,1.299457841258492,-3.699677095473272,0.259936540562361
89.49613692784388,1.3013024683398091,-3.6978324683919546,0.26030552981843474
89.30511278553129,1.3034701836916611,-3.695664753040103,0.2607391479102219
89.11244188337119,1.305974780415541,-3.693160156316223,0.2612401539353798
88.92059436113485,1.3093773093295866,-3.6897576274021775,0.26192077747467357
88.72792345897474,1.3130696285620587,-3.686065308169705,0.2626593691068662
88.72792345897474,1.3170999435981483,-3.6820349931336156,0.2634655715973164
88.53689931666217,1.3215301136248505,-3.6776048231069134,0.2643517589242779
88.34505179442583,1.325911381550876,-3.673223555180888,0.26522816413867484
88.15320427218948,1.3311657823089866,-3.667969154422777,0.26627922613732247
87.96053337002938,1.3368094494257439,-3.66232548730602,0.26740815487963143
87.76868584779305,1.3434572121283566,-3.6556777246034073,0.268737937489372
87.57683832555671,1.3514283973850034,-3.6477065393467605,0.27033245041161336
87.38499080332036,1.3598344076147215,-3.639300529117042,0.27201394337711704
87.19314328108403,1.369916186136414,-3.62921875059535,0.2740306479968734
87.00129575884769,1.3815716098476096,-3.617563326884154,0.276362136116059
87.00129575884769,1.3951633347018004,-3.6039716020299633,0.2790809514763574
86.80862485668759,1.4108786099073547,-3.588256326824409,0.28222455039986
86.61677733445124,1.4274282860857292,-3.5717066506460347,0.28553505839530813
86.4249298122149,1.4461265907729284,-3.5530083459588355,0.28927536645337054
86.23308228997857,1.4653054178728646,-3.5338295188588993,0.2931117956241492
86.04123476774222,1.486257260441816,-3.512877676289948,0.29730288925016934
85.84444696596331,1.5094548389139766,-3.4896800978177875,0.3019432077784238
85.65177606380321,1.5340489839916507,-3.465085952740113,0.3068628879608821
85.45992854156687,1.560516595801943,-3.438618340929821,0.312157326327772
85.45992854156687,1.5871183750270166,-3.412016561704747,0.3174786028209536
85.26725763940676,1.6154452428438113,-3.383689693887953,0.32314495673523974
85.07046983762787,1.6449135781307715,-3.3542213586009924,0.329039643648057
84.87862231539152,1.6751916544321617,-3.3239432822996022,0.33509630678769703
84.68677479315518,1.7069809595202659,-3.2921539772114983,0.3414552679860693
84.49410389099508,1.7390934924700776,-3.2600414442616863,0.3478788859432204
84.30225636875873,1.7746457531795734,-3.2244891835521905,0.35499056849618993
84.1104088465224,1.8118719713254514,-3.1872629654063127,0.36243710046962274
83.91938470420982,1.8490303393528669,-3.1501045973788973,0.36987006007117096
83.91938470420982,1.8889297342125875,-3.110205202519176,0.37785131990205784
83.72753718197349,1.9273459039217198,-3.0717890328100443,0.38553588337060213
83.53404289988963,1.9671199079941344,-3.0320150287376295,0.3934920607044385
83.34301875757704,2.00671906311167,-2.992415873620094,0.40141326219603574
83.1511712353407,2.0470794764909286,-2.9520554602408353,0.4094867416859982
82.95932371310435,2.089011722863717,-2.910123213868047,0.41787464217347775
82.76747619086802,2.1284460589106806,-2.8706888778210833,0.42576287414681674
82.57562866863167,2.170434174304929,-2.828700762426835,0.43416195037213234
82.38378114639534,2.2135232121566895,-2.7856117245750744,0.44278124919024553
82.38378114639534,2.257804990522924,-2.74132994620884,0.4516391373902356
82.19111024423523,2.3034622953326336,-2.6956726413991303,0.46077217848385305
81.99926272199889,2.348577220457442,-2.6505577162743217,0.4697967248695329
81.80165154029622,2.3932826762256396,-2.6058522605061243,0.4787393632127627
81.60980401805989,2.4389918116784197,-2.560143125053344,0.487882772228776
81.41795649582353,2.4846597055030606,-2.5144752312287033,0.49701793149184975
81.22528559366344,2.5322831280537974,-2.4668518086779665,0.5065442641780947
81.03426145135086,2.5783623026650906,-2.4207726340666733,0.5157616938323176
80.84241392911453,2.624751329469737,-2.374383607262027,0.5250411046487365
80.84241392911453,2.6727826856826944,-2.3263522510490695,0.5346490381854053
80.65056640687818,2.7185071455272456,-2.2806277912045183,0.5437955126101273
80.45213184525176,2.761848916166316,-2.237286020565448,0.5524653667324098
80.26028432301541,2.800972285588337,-2.1981626511434267,0.5602913946186662
80.06843680077907,2.840417210650232,-2.158717726081532,0.5681817447614614
79.87658927854272,2.8808683219103703,-2.1182666148213936,0.5762733669665192
79.68556513623015,2.920907595168061,-2.0782273415637027,0.5842826073179842
79.49289423407005,2.96258390715626,-2.036551029575504,0.592619312071036
79.30104671183372,3.0014342044570466,-1.9977007322747173,0.6003907160824239
79.30104671183372,3.041989528474627,-1.9571454082571371,0.6085031844456191
79.10919918959736,3.082003725106722,-1.9171312116250419,0.6165074086041001
78.91735166736103,3.1230639536534652,-1.8760709830782987,0.6247208753471256
78.72550414512469,3.165331827758486,-1.833803108973278,0.6331759129966302
78.53365662288834,3.2063198863282327,-1.7928150504035312,0.6413749432465604
78.34098572072824,3.248000376477476,-1.7511345602542878,0.6497124837764211
78.14913819849191,3.2884473076617384,-1.7106876290700255,0.6578032698216374
77.95729067625555,3.3287532460164404,-1.6703816907153235,0.6658658524213886
77.76544315401922,3.3690837037809436,-1.6300512329508203,0.6739333397516805
77.57277225185912,3.4075848603877676,-1.5915500763439963,0.6816349035410337
77.57277225185912,3.4464554989373095,-1.5526794377944544,0.6894103765061531
77.38092472962278,3.484692778440927,-1.5144421582908367,0.6970591557424696
77.1899005873102,3.5215722226238464,-1.4775627141079175,0.7044363209219775
76.9972296851501,3.5578445007328585,-1.4412904359989054,0.7116920318735858
76.80538216291376,3.591732140338523,-1.407402796393241,0.7184707325957188
76.61353464067743,3.624626132058742,-1.374508804673022,0.7250506693520816
76.42168711844107,3.6561728755583633,-1.3429620611734006,0.7313611098380601
76.22983959620474,3.685927659017881,-1.3132072777138828,0.7373130962989357
76.0379920739684,3.715858264166378,-1.283276672565386,0.7433002531825353
76.0379920739684,3.7439698795216447,-1.2551650572101192,0.7489235491549472
75.8453211718083,3.7733005643163975,-1.2258343724153664,0.7547907012054433
75.65429702949571,3.8021366559464385,-1.1969982807853254,0.7605589175058605
75.46244950725938,3.830118143222729,-1.169016793509035,0.766156183358937
75.26483832555671,3.858173472123399,-1.140961464608365,0.7717682200924386
75.07299080332037,3.8846622606231715,-1.1144726761085924,0.7770668945301183
74.88031990116026,3.9111836510340194,-1.0879512856977445,0.782372090478317
74.68929575884768,3.9376272993099217,-1.0615076374218422,0.7876617353089865
74.49662485668757,3.9632740236835753,-1.0358609130481886,0.7927919677788506
74.49662485668757,3.9898363742424157,-1.0092985624893482,0.7981053571742179
74.30477733445124,4.014913271744905,-0.9842216649868591,0.8031216045489854
74.1129298122149,4.039685331996193,-0.9594496047355712,0.808076873923547
73.9202589100548,4.06338906787138,-0.9357458688603835,0.8128184414497647
73.72841138781847,4.086676509932595,-0.9124584267991693,0.8174767358058755
73.53656386558212,4.110030545983194,-0.8891043907485701,0.8221483512645827
73.33977606380321,4.132072446067591,-0.8670624906641731,0.8265574941189677
73.14216488210054,4.153808394469199,-0.8453265422625647,0.8309054360482605
72.9503173598642,4.175105478944898,-0.8240294577868656,0.8351655900039411
72.9503173598642,4.19553820683302,-0.8035967298987439,0.8392528427280054
72.7576464577041,4.216097160374726,-0.7830377763570375,0.8433653449512694
72.56662231539151,4.235219701594515,-0.7639152351372491,0.8471905149980475
72.37477479315518,4.254198460076107,-0.7449364766556572,0.8509869235210789
72.18210389099508,4.271144231091635,-0.7279907056401287,0.8543766641922131
71.99025636875874,4.2862342264973226,-0.7129007102344413,0.8573951855157349
71.7984088465224,4.301202455890618,-0.6979324808411462,0.8603893494226369
71.60656132428606,4.3157125945408366,-0.6834223421909273,0.8632918793270817
71.41471380204972,4.3301692309006,-0.6689657058311642,0.8661837069218005
71.41471380204972,4.344157189417187,-0.654977747314577,0.8689817827276382
71.22204289988963,4.35745438608683,-0.6416805506449341,0.8716416822578429
71.03019537765327,4.3707892015245315,-0.6283457352072324,0.8743091068435892
70.83834785541694,4.383507374390151,-0.6156275623416132,0.8768531815738332
70.6465003331806,4.3961391692334235,-0.6029957674983404,0.8793799777101926
70.45465281094425,4.408309250473538,-0.590825686258226,0.8818144151466965
70.26198190878415,4.420409390599836,-0.5787255461319276,0.8842348619398789
70.0701343865478,4.432723250748486,-0.5664116859832777,0.8866980601340648
69.87911024423524,4.444493197432675,-0.5546417392990888,0.8890524568113195
69.87911024423524,4.456428102970094,-0.5427068337616703,0.8914398509682017
69.68643934207513,4.467907422363267,-0.5312275143684966,0.8937361121290732
69.49459181983879,4.47949429972348,-0.5196406370082842,0.8960538886057745
69.30356767752622,4.491134675544488,-0.5080002611872763,0.8983823666261374
69.11089677536611,4.502002650702708,-0.4971322860290561,0.9005563377823
68.91904925312977,4.51256272296544,-0.48657221376632354,0.9026687177033023
68.72720173089344,4.523002141732539,-0.47613279499922534,0.9047569627495388
68.52959054919076,4.532838852152088,-0.46629608457967553,0.9067246452674227
68.33774302695443,4.542607852235829,-0.45652708449593504,0.9086787833747904
68.33774302695443,4.551776930050998,-0.44735800668076564,0.9105129162660229
68.14589550471808,4.560615257208261,-0.4385196795235027,0.9122808875788839
67.95404798248174,4.56943101425359,-0.4297039224781738,0.91404434408824
67.76220046024541,4.5782066460172,-0.4209282907145635,0.9157997741525757
67.56952955808529,4.5866752116664316,-0.41245972506533235,0.9174937803669324
67.37768203584895,4.594810518229267,-0.40432441850249656,0.9191211232304067
67.18583451361262,4.602924928242383,-0.3962100084893807,0.9207442860607385
66.99398699137627,4.611166119210046,-0.38796881752171775,0.9223928094696807
66.79719918959738,4.618996588521681,-0.38013834821008263,0.9239591743329493
66.60452828743728,4.626769658861963,-0.3723652778698012,0.9255140574154538
66.60452828743728,4.634754218446583,-0.36438071828518126,0.9271112456661554
66.41268076520092,4.6427986873458815,-0.3563362493858824,0.9287204178531654
66.21506958349826,4.650629156657519,-0.3485057800742446,0.9302867827164346
66.02322206126192,4.658183490118464,-0.3409514466132997,0.9317979108529124
65.83137453902557,4.665893585499778,-0.33324135123198584,0.9333401967641534
65.63952701678924,4.6730352460920015,-0.3260996906397624,0.9347687760448904
65.4476794945529,4.680035075158722,-0.3190998615730418,0.9361689841119478
65.25583197231656,4.686913138213052,-0.3122217985187117,0.9375448347623859
65.06398445008021,4.693853617095722,-0.305281319636042,0.9389331707386113
65.06398445008021,4.70088047591557,-0.2982544608161941,0.9403387856917539
64.87131354792011,4.707623118298287,-0.2915118184334773,0.9416875475211605
64.68028940560752,4.714209717280491,-0.2849252194512726,0.9430050952700337
64.48761850344742,4.720732230701802,-0.2784027060299623,0.9443098236888219
64.29577098121109,4.726852936004973,-0.27228200072679076,0.9455341765779985
64.10392345897475,4.732716175058825,-0.26641876167293876,0.9467070273067858
63.91207593673841,4.7381430567004275,-0.26099188003133644,0.9477925914514397
63.720228414502074,4.743199341967721,-0.2559355947640425,0.9488040234954404
63.52838089226574,4.748320829142331,-0.25081410758943257,0.9498284981774457
63.52838089226574,4.753413337265948,-0.24572159946581618,0.9508471760463303
63.33653337002939,4.7583102377527915,-0.2408246989789724,0.9518267256181698
63.1438624678693,4.763133017049944,-0.2360019196818195,0.9527914483868467
62.952014945632946,4.767988120607685,-0.23114681612407928,0.9537626371263357
62.76016742339661,4.77272340553607,-0.22641153119569424,0.9547098579932085
62.56749652123651,4.777284260857544,-0.22185067587421958,0.9556221869019489
62.37647237892392,4.782018431354338,-0.217116505377426,0.9565691848439346
62.18462485668758,4.78669575818074,-0.21243917855102357,0.9575048120845668
61.99277733445124,4.791672352015224,-0.20746258471653967,0.958500303084003
61.99277733445124,4.796665105107756,-0.20246983162400767,0.959499026494297
61.80010643229114,4.801679591531119,-0.19745534520064467,0.9605020973229154
61.6082589100548,4.80680832442589,-0.192326612305874,0.9615280213997165
61.416411387818464,4.811720269739193,-0.18741466699257092,0.9625105804575271
61.22456386558213,4.81676875207053,-0.1823661846612339,0.9635204516442883
61.03271634334578,4.821536361259505,-0.17759857547225888,0.9644741384819739
60.840868821109446,4.826302856016889,-0.17283208071487532,0.9654276023947723
60.649021298873095,4.831158516790427,-0.16797641994133716,0.9663989025967054
60.45717377663676,4.835798506328915,-0.16333643040284862,0.9673270610875666
60.26532625440042,4.840534905688889,-0.1586000310428748,0.968274504879326
60.26532625440042,4.845270192532103,-0.15386474419966056,0.9692217261292309
60.07265535224032,4.849977055625293,-0.1491578811064711,0.9701632616454269
59.88080783000397,4.854613701869012,-0.1445212348627516,0.9710907513616278
59.68896030776763,4.85888532198154,-0.1402496147502239,0.9719452232185768
59.49628940560753,4.86323998065131,-0.13589495608045432,0.9728163056608156
59.299501603828624,4.867709439178622,-0.13142549755314192,0.9737103520476159
59.10765408159229,4.872128185324115,-0.12700675140764872,0.9745942542029721
58.915806559355936,4.876715231702775,-0.1224197050289888,0.9755118222295832
58.72313565719584,4.881114471465789,-0.11802046526597465,0.9763918224333565
58.72313565719584,4.885543806626215,-0.113591130105549,0.9772778427581692
58.53211151488326,4.890007691080749,-0.10912724565101506,0.9781707741375034
58.33944061272316,4.894640436813905,-0.10449449991785897,0.9790974836166008
58.14759309048682,4.899460987247878,-0.0996739494838863,0.980061760535504
57.955745568250485,4.903817317565031,-0.09531761916673265,0.9809331773650728
57.76307466609038,4.907968006531442,-0.09116693020032152,0.9817634588075507
57.572050523777804,4.911763703080632,-0.08737123365113231,0.9825227294808225
57.38020300154147,4.915572774723724,-0.08356216200803956,0.9832846756357673
57.188355479305116,4.919454851210091,-0.07968008552167305,0.9840612252859562
57.188355479305116,4.923445040964462,-0.07568989576730178,0.9848594013313862
56.99650795706878,4.9275494752754145,-0.07158546145634936,0.9856804302419672
56.803837054908676,4.931706295530399,-0.06742864120136449,0.9865119381543547
56.61198953267234,4.935997979241203,-0.0631369574905607,0.9873704234253302
56.42014201043599,4.940311396282833,-0.05882354044893123,0.9882332561146293
56.22829448819965,4.944483820494903,-0.05465111623686081,0.9890678853584637
56.036446965963314,4.948596614957608,-0.05053832177415618,0.9898905865887276
55.84377606380321,4.952684888095679,-0.046450048636084595,0.9907083827054183
55.65275192149063,4.958083905117881,-0.04105103161388257,0.9917883729618389
55.65275192149063,4.961963193610443,-0.037171743121320766,0.9925643649167786
55.46008101933053,4.964695025424719,-0.034439911307044824,0.9931108258242854
55.26905687701796,4.967771260641286,-0.03136367609047763,0.9937261793315422
55.07638597485786,4.971269365659438,-0.02786557107232568,0.9944259213994046
54.88453845262152,4.974926296327415,-0.02420864040434889,0.9951574340939524
54.69269093038517,4.978716420718655,-0.020418516013108956,0.9959155901427902
54.50084340814883,4.982210623311412,-0.016924313420352277,0.9966145515905165
54.30899588591249,4.985626248902949,-0.013508687828815091,0.9972977949185652
54.117148363676144,4.989019582033032,-0.010115354698731593,0.997976578982814
54.117148363676144,4.992469758833509,-0.006665177898255159,0.9986667337484167
53.91953718197349,4.9960013006290085,-0.0031336361027554105,0.9993731643289461
53.72768965973714,4.99948101369627,0.0003460769645062811,1.0000692273701122
53.535018757577035,5.003213737201324,0.0040788004695597735,1.0008159012551532
53.343994615264464,5.0069665223898205,0.007831585658056639,1.001566588171188
53.15214709302811,5.010912129136117,0.011777192404353265,1.0023558460720512
52.95947619086801,5.014921823358138,0.015786886626374397,1.0031579236860317
52.76762866863167,5.018651760784218,0.01951682405245414,1.003904040258856
52.575781146395336,5.0225187886144615,0.023383851882697648,1.0046775796570087
52.38393362415899,5.026279376738917,0.027144440007153214,1.0054298274302833
52.38393362415899,5.029754074864025,0.030619138132260915,1.0061248873094588
52.192086101922655,5.03314295026775,0.034008013535985704,1.0068027796741608
52.00023857968632,5.036278258017888,0.0371433212861243,1.0074299497325445
51.80839105744998,5.0396927691778375,0.04055783244607358,1.0081129701357068
51.61489677536611,5.043019228753222,0.04388429202145794,1.0087783771746213
51.42469601297729,5.0461205425102165,0.046985605778452566,1.0093987472578945
51.227084831274624,5.049022346205043,0.0498874094732793,1.0099792084239867
51.03523730903829,5.051746375083362,0.052611438351598316,1.010524108474254
50.842566406878184,5.054417462716682,0.055282525984917896,1.0110584184433036
50.842566406878184,5.056812134933998,0.05767719820223416,1.0115374357628244
50.65071888464185,5.059304888620185,0.06016995188842067,1.0120360727705737
50.45887136240551,5.061578627776553,0.06244369104478942,1.012490899292591
50.26702384016916,5.0637960823931545,0.06466114566139058,1.0129344669587301
50.07517631793282,5.066014092310721,0.06687915557895696,1.0133781457042805
49.88250541577272,5.0680298080019766,0.06889487127021265,1.0137813586034654
49.691481273460134,5.070280140265301,0.07114520353353715,1.0142315029367959
49.49963375122379,5.072184954694746,0.0730500179629825,1.0146125317454904
49.306962849063694,5.073831743744245,0.07469680701248116,1.0149419465483192
49.306962849063694,5.075503054118378,0.07636811738661375,1.0152762664647217
49.11511532682735,5.077015536927856,0.07788060019609233,1.0155788153714065
48.92326780459101,5.078692978590562,0.07955804185879778,1.0159143617577184
48.73142028235468,5.080598350235801,0.08146341350403752,1.016295502028856
48.538749380194574,5.082191638909677,0.08305670217791317,1.0166142149049917
48.347725237881995,5.083952115299961,0.08481717856819682,1.016966371110528
48.1550543357219,5.086140031734948,0.08700509500318443,1.0174040301180718
47.963206813485556,5.088907531104582,0.08977259437281848,1.0179576257710516
47.77135929124921,5.09230587917682,0.09317094244505597,1.018637412997291
47.57951176901287,5.0961522900226575,0.09701735329089356,1.0194068282850393
47.57951176901287,5.099890585685658,0.10075564895389366,1.0201546167945137
47.38766424677653,5.1036060316714105,0.10447109493964657,1.020897834577745
47.19581672454018,5.107374420816993,0.10823948408522899,1.021651642825227
47.00396920230384,5.111094326443935,0.11195938971217068,1.0223957526910377
46.812121680067506,5.114834850970115,0.11569991423835102,1.0231439870502856
46.62027415783117,5.118939842496862,0.11980490576509784,1.0239651274233101
46.4226629761285,5.12273331018287,0.12359837345110591,1.0247239522468081
46.2299920739684,5.126228627207217,0.12709369047545316,1.025423136619421
46.03896793165582,5.130010948662498,0.1308760119307344,1.0261797318110193
46.03896793165582,5.133840639204831,0.13470570247306668,1.0269458024594016
45.846297029495716,5.137373295431922,0.13823835870015788,1.027652455964818
45.65444950725937,5.140653498437016,0.14151856170525168,1.0283086100888028
45.462601985023035,5.143657845156731,0.1445229084249675,1.028909583408735
45.26993108286293,5.1466059054218505,0.14747096869008658,1.0294992974897568
45.078906940550354,5.149388449617945,0.15025351288618083,1.0300559026287077
44.88623603839025,5.151890677887471,0.15275574115570745,1.0305564348810263
44.69521189607767,5.15429705163648,0.15516211490471576,1.0310377929118582
44.50336437384133,5.156653827435258,0.15751889070349367,1.0315092296361326
44.50336437384133,5.158653381953633,0.15951844522186942,1.031909209741427
44.31069347168123,5.160583273008673,0.16144833627690947,1.0322952547431052
44.11884594944489,5.162440161135274,0.16330522440351025,1.0326666966325724
43.926998427208545,5.164101439710269,0.1649665029785048,1.0329990098419615
43.73515090497221,5.165774978947581,0.16664004221581674,1.0333337756081373
43.54330338273587,5.16748641460343,0.16835147787166616,1.0336761219695598
43.3456922010332,5.169016730233172,0.16988179350140786,1.0339822380574648
43.15384467879686,5.170632868584296,0.17149793185253248,1.0343055216598436
42.96117377663676,5.172144794177979,0.1730098574462149,1.0346079591040849
42.96117377663676,5.173478387739356,0.17434345100759252,1.0348747239700578
42.770149634324184,5.174707209412668,0.17557227268090436,1.0351205308324176
42.57747873216408,5.175834606322341,0.17669966959057692,1.0353460492318889
42.38563120992773,5.17714535020647,0.17801041347470647,1.0356082433716187
42.192960307767635,5.178216458746714,0.17908152201495042,1.0358225021491472
42.00193616545506,5.179153820177561,0.18001888344579697,1.036010006876007
41.81008864321872,5.180044925038118,0.18090998830635385,1.0361882586879372
41.618241120982375,5.18090315033712,0.18176821360535644,1.0363599334496438
41.42639359874603,5.1818756201927005,0.18274068346093664,1.0365544610765007
41.42639359874603,5.182895459135332,0.18376052240356788,1.036758464160142
41.23454607650969,5.183900808552467,0.18476587182070325,1.0369595688372228
41.04187517434959,5.184624727611445,0.18548979087968132,1.0371043777027846
40.85002765211325,5.185314093546656,0.18617915681489183,1.0372422747477603
40.65818012987691,5.186302724575116,0.18716778784335197,1.0374400351685076
40.466332607640574,5.187474704492865,0.18833976776110095,1.037674471712546
40.27448508540424,5.1887029689503805,0.18956803221861662,1.0379201671124623
40.082637563167886,5.1896815681797035,0.1905466314479396,1.0381159208261963
39.89079004093155,5.190494096039041,0.19135915930727698,1.0382784545184491
39.698942518695205,5.191131635160842,0.19199669842907774,1.0384059844070939
39.698942518695205,5.191635982474209,0.19250104574244542,1.0385068713244805
39.50627161653511,5.192047818561826,0.19291288183006206,1.0385892527950407
39.314424094298765,5.192352655813024,0.19321771908126006,1.0386502307952459
39.12257657206243,5.192745544648787,0.193610607917023,1.038728822159699
38.92496539035975,5.192853100700998,0.19371816396923425,1.0387503370924969
38.733117868123415,5.192828024075401,0.19369308734363688,1.0387453208995125
38.54127034588708,5.192918304523143,0.1937833677913794,1.0387633801135336
38.348599443726975,5.192863132500134,0.19372819576837053,1.0387523437995099
38.1575753014144,5.192751116806735,0.1936161800749714,1.038729936784133
38.1575753014144,5.192598977746448,0.19346404101468373,1.038699503706768
37.965727779178046,5.192407827836033,0.19327289110426893,1.0386612671092696
37.77305687701795,5.192303613163759,0.19316867643199487,1.0386404205680995
37.581209354781606,5.19214534472973,0.1930104079979662,1.0386087614038577
37.38936183254527,5.191872829824289,0.19273789309252543,1.0385542489914326
37.192574030766366,5.191721805195592,0.19258686846382833,1.0385240388389545
37.00072650853002,5.191717902770198,0.19258296603843394,1.0385232582188184
36.80805560636992,5.19158303931438,0.1924481025826159,1.0384962808602303
36.615384704209816,5.191235290702489,0.19210035397072467,1.0384267191027878
36.615384704209816,5.190742089619848,0.19160715288808383,1.038328061817301
36.41859690243091,5.190430565779109,0.1912956290473451,1.0382657462677747
36.226749380194576,5.1900683276417245,0.19093339090996064,1.0381932861037724
36.03490185795824,5.189715564087678,0.19058062735591452,1.0381227211843393
35.84305433572189,5.189466454160452,0.19033151742868792,1.0380728905775685
35.65120681348555,5.189221805789243,0.1900868690574793,1.038023952436409
35.45853591132545,5.188885758709043,0.18975082197727922,1.0379567313902776
35.26751176901287,5.18858983882539,0.18945490209362603,1.0378975371721981
35.07484086685277,5.188219799666875,0.18908486293511118,1.037823516533988
35.07484086685277,5.187951742487796,0.18881680575603177,1.0377698958211103
34.883816724540196,5.187947841977231,0.18881290524546746,1.0377691155840065
34.685382162913754,5.187934466883326,0.18879953015156214,1.0377664401023334
34.494358020601176,5.187832482989064,0.18869754625730017,1.0377460397939695
34.30168711844108,5.187859790392668,0.1887248536609043,1.037751502219759
34.109839596204736,5.187729941879005,0.18859500514724115,1.0377255280231619
33.9179920739684,5.187449068736642,0.18831413200487823,1.0376693436740858
33.7253211718083,5.187182683204945,0.18804774647318112,1.0376160573485378
33.53347364957195,5.187035559086811,0.18790062235504745,1.0375866274331633
33.53347364957195,5.186918528451257,0.18778359171949344,1.0375632172557956
33.342449507259374,5.18683103408249,0.18769609735072645,1.0375457153539918
33.14977860509927,5.186637098093102,0.1875021613613379,1.0375069214442767
32.95875446278669,5.186367928397262,0.187232991665498,1.0374530781895444
32.7660835606266,5.185961105336968,0.1868261686052044,1.0373716994979423
32.56929575884768,5.185501342946506,0.18636640621474232,1.0372797311081547
32.37580147676382,5.1847796527507075,0.1856447160189436,1.0371353680923665
32.18477733445124,5.1840523903969595,0.18491745366519563,1.0369898904521444
31.992929812214904,5.183318441453674,0.18418350472191047,1.0368430752626019
31.992929812214904,5.182666412806377,0.18353147607461295,1.0367126469673968
31.801082289978563,5.1820851601391755,0.18295022340741163,1.0365963763176629
31.608411387818464,5.181562422789749,0.18242748605798553,1.0364918107566126
31.417387245505875,5.18090315033712,0.18176821360535644,1.0363599334496438
31.225539723269538,5.180298490776873,0.1811635540451091,1.0362389806112229
31.033692201033197,5.179625286014543,0.1804903492827794,1.0361043163601376
30.84184467879686,5.178864029667653,0.17972909293588923,1.0359520387448051
30.649173776636758,5.177954532856207,0.17881959612444298,1.0357701079061787
30.45650287447666,5.177227827718254,0.17809289098649028,1.0356247417284
30.45650287447666,5.176576913502547,0.17744197677078333,1.0354945363580819
30.26547873216408,5.175883647056774,0.17674871032501027,1.0353558590760028
30.07280783000397,5.175112358910745,0.17597742217898116,1.035201574753657
29.88096030776763,5.1744151900395785,0.1752802533078146,1.0350621168514418
29.689936165455055,5.1736115795477895,0.1744766428160256,1.0349013669413156
29.497265263294953,5.172787905457727,0.17365296872596314,1.034736603617163
29.305417741058616,5.171664410973449,0.17252947424168497,1.0345118658378278
29.113570218822275,5.170645129246612,0.17151019251484811,1.0343079742166301
28.921722696585928,5.169553957108094,0.17041902037632983,1.0340897020250754
28.72905179442583,5.168483403868814,0.1693484671370502,1.033875554326958
28.72905179442583,5.1672144569137854,0.16807952018202155,1.0336217210195782
28.53802765211325,5.16619294632377,0.16705800959200623,1.033417383548607
28.346180129876913,5.1651301960204465,0.16599525928868264,1.0332047967077287
28.15350922771681,5.163983294643127,0.16484835791136287,1.0329753767397074
27.961661705480473,5.162693726874029,0.1635587901422655,1.0327174185558579
27.769814183244122,5.161340071629207,0.1622051348974427,1.0324466406588908
27.577966661007785,5.159839849482045,0.16070491275028154,1.0321465443089928
27.386119138771445,5.158440496797559,0.15930556006579533,1.0318666253425723
27.194271616535108,5.15709185649489,0.15795691976312654,1.0315968506075959
27.194271616535108,5.155820123460889,0.15668518672912501,1.0313424599879994
27.002424094298767,5.154468697079246,0.15533376034748247,1.031072127940806
26.80975319213867,5.153235415764747,0.15410047903298274,1.030825428995867
26.617905669902328,5.151914082865685,0.15277914613392074,1.0305611166866806
26.42605814766598,5.150593307182417,0.15145837045065313,1.0302969158399373
26.23421062542964,5.149120949654657,0.14998601292289315,1.0300023933782727
26.042363103193303,5.147649149342692,0.14851421261092845,1.0297079823790516
25.844751921490637,5.1460213075450465,0.1468863708132826,1.0293823576823296
25.652904399254297,5.144658736847509,0.14552380011574506,1.029109796386269
25.652904399254297,5.143028108970888,0.14389317223912368,1.0287836143773297
25.460233497094197,5.141943066206113,0.14280812947434907,1.0285665682726524
25.26920935478161,5.14102353951036,0.14188860277859572,1.028382631110045
25.07736183254527,5.139609697300378,0.14047476056861452,1.0280998137370645
24.88469093038517,5.13809610005931,0.13896116332754627,1.027797041905493
24.692843408148832,5.136709006122309,0.13757406939054473,1.0275195751128265
24.496055606369918,5.135211570054122,0.1360766333223582,1.0272200360751453
24.303384704209815,5.1336751250506385,0.1345401883188746,1.0269126939003634
24.106596902430912,5.132205553601852,0.13307061687008837,1.0266187287509156
24.106596902430912,5.13090038187567,0.1317654451439063,1.0263576492356195
23.913926000270813,5.129352790641461,0.13021785390969676,1.0260480774289378
23.722901857958234,5.127919999264792,0.12878506253302824,1.0257614695668174
23.530230955798135,5.126236985444137,0.12710204871237352,1.0254248085560715
23.338383433561784,5.124562888991033,0.12542795225926895,1.0250899313274526
23.146535911325447,5.123005823173479,0.12387088644171484,1.0247784642762008
22.954688389089107,5.121570247632668,0.12243531090090443,1.024491299484896
22.76284086685277,5.120146373623547,0.1210114368917834,1.0242064754049018
22.57099334461643,5.118961018611894,0.11982608188013,1.0239693633791904
22.57099334461643,5.117643030922431,0.1185080941906671,1.0237057202276967
22.37914582238008,5.1162381041651654,0.11710316743340154,1.02342468625381
22.187298300143745,5.114727293003071,0.11559235627130704,1.0231224717344551
21.995450777907404,5.1134399560119865,0.11430501928022263,1.0228649597834123
21.8027798757473,5.1122206070071865,0.1130856702754226,1.0226210477825897
21.610932353510965,5.111073705629865,0.11193876889810106,1.022391627814568
21.419084831274624,5.109832623294239,0.11069768656247536,1.0221433683954217
21.227237309038287,5.108560890260237,0.10942595352847295,1.021888977775825
21.034566406878184,5.107197760432073,0.10806282370030917,1.0216163046342888
20.8435422645656,5.1059856571474365,0.10685072041567256,1.0213738420282625
20.8435422645656,5.104655964096621,0.10552102736485747,1.021107857399393
20.651694742329262,5.1033496779388505,0.10421474120708663,1.0208465549592103
20.45984722009292,5.1019553421113475,0.10282040537958359,1.0205676395378125
20.267176317932822,5.1007766736892295,0.10164173695746559,1.020331865061421
20.075328795696482,5.099459800431357,0.10032486369959326,1.020068444834814
19.88265789353638,5.0979718389465125,0.09883690221474861,1.0197708010417026
19.691633751223794,5.096453224848462,0.09731828811669807,1.0194670256651086
19.499786228987457,5.095013746882257,0.09587881015049327,1.0191790802536678
19.307115326827354,5.093601019103864,0.09446608237209997,1.0188964858055738
19.307115326827354,5.092408420286878,0.09327348355511411,1.0186579247680985
19.115267804591017,5.0908636151316395,0.09172867839987564,1.0183489102736332
18.92424366227844,5.089496584792912,0.09036164806114844,1.018075456894993
18.73157276011834,5.088144601195476,0.08900966446371239,1.0178050133853564
18.53972523788199,5.086799863318203,0.08766492658643887,1.017536019270516
18.34787771564565,5.085320260070278,0.0861853233385137,1.0172400474140548
18.15603019340931,5.0842212869106325,0.08508635017886856,1.017020214748293
17.964182671172974,5.0829423081564675,0.08380737142470362,1.0167643747339001
17.772335148936634,5.08177980282206,0.08264486609029653,1.0165318334344315
17.772335148936634,5.080364846180489,0.08122990944872477,1.016248793136564
17.579664246776534,5.079008402941862,0.07987346621009817,1.0159774575443479
17.387816724540183,5.0777043475621015,0.07856941083033764,1.0157166013369712
17.195969202303846,5.076399733051714,0.07726479631994998,1.0154556332841183
17.004121680067506,5.074988119704911,0.07585318297314725,1.0151732617609113
16.81227415783117,5.073740348864915,0.07460541213315075,1.0149236644094117
16.619603255671066,5.072399511498205,0.07326457476644066,1.014655450531675
16.42857911335849,5.071160100809962,0.07202516407819815,1.0144075254998588
16.23590821119839,5.069975860229897,0.07084092349813353,1.014170636399034
16.044884068885803,5.068818928968269,0.0696839922365049,1.0139392101070313
16.044884068885803,5.067428491736498,0.06829355500473433,1.0136610745397046
15.853036546649465,5.0663623981384065,0.0672274614066426,1.0134478189241665
15.660365644489362,5.0650622432692085,0.06592730653744461,1.013187742953893
15.468518122253023,5.063674592116413,0.06453965538464868,1.0129101646987833
15.276670600016685,5.06216155209114,0.0630266153593757,1.0126075043296552
15.084823077780337,5.0607571844644985,0.061622247732734614,1.012326582201244
14.892975555543998,5.059304331404389,0.06016939467262539,1.0120359613081302
14.700304653383897,5.057869311164542,0.0587343744327784,1.0117489075962363
14.508457131147559,5.056540734460149,0.05740579772838483,1.0114831462752862
14.508457131147559,5.055304109850879,0.05616917311911518,1.0112357785556867
14.31660960891122,5.054217952654515,0.05508301592275089,1.0110185095261226
14.124762086674881,5.053039286147228,0.05390434941546385,1.0107827354327636
13.932914564438542,5.051668355297935,0.05253341856617144,1.0105085018170195
13.741067042202193,5.050420027242147,0.05128509051038321,1.0102587930030773
13.549219519965854,5.049288172606116,0.05015323587435194,1.010032382904059
13.351608338263189,5.048288954477553,0.049154017745789425,1.0098325046968875
13.15976081602685,5.047150413251986,0.04801547652022187,1.009604757048549
12.967913293790511,5.0459890223491675,0.04685408561740356,1.0093724386739669
12.967913293790511,5.04474682366712,0.04561188693535634,1.0091239559469014
12.776065771554162,5.043341898824685,0.044206962092920854,1.008842922356047
12.583394869394061,5.0419603789604635,0.04282544222869955,1.008566570570847
12.391547347157722,5.040709822041493,0.041574885309729304,1.0083164159071307
12.199699824921383,5.039409108041671,0.04027417130990685,1.0080562280913818
12.007852302685045,5.038232113181768,0.03909717645000388,1.007820788385353
11.816004780448706,5.037076853567525,0.03794191683576109,1.0075896964806808
11.624157258212357,5.036028592789697,0.03689365605793338,1.0073800080463626
11.432309735976018,5.034934634572204,0.03579969784044046,1.007161178542591
11.432309735976018,5.033811697303721,0.03467676057195668,1.006936552225699
11.24046221373968,5.032222307225577,0.033087370493813495,1.0066186192036346
11.042027652113251,5.031194667261819,0.0320597305300554,1.0064130556457864
10.851003509800675,5.030271238140673,0.03113630140890944,1.0062283378630434
10.658332607640574,5.029522799671891,0.03038786294012752,1.0060786242669404
10.466485085404225,5.028726432985437,0.029591496253672744,1.0059193233685784
10.274637563167886,5.027844245492427,0.028709308760663355,1.0057428553387744
10.07702638146522,5.026818275261222,0.027683338529458368,1.0055376257852238
9.885178859228882,5.025748836453532,0.02661389972176842,1.005323701011993
9.885178859228882,5.024700577590535,0.025565640858770777,1.0051140129607072
9.693331336992543,5.023855168254814,0.024720231523049918,1.0049449018351986
9.501483814756194,5.023062703993752,0.023927767261987753,1.0047863815569722
9.308812912596093,5.022295873574081,0.023160936842317348,1.0046329889341732
9.117788770283516,5.0215853296090085,0.022450392877244596,1.0044908555502847
8.925117868123415,5.020960051149524,0.02182511441776036,1.004365778218427
8.733270345887076,5.020099039771548,0.02096410303978402,1.0041935461445035
8.541422823650738,5.019223538868078,0.02008860213631447,1.0040184156640204
8.350398681338152,5.018529156075885,0.019394219344120778,1.003879515074022
8.350398681338152,5.017837561277497,0.018702624545732682,1.003741172179273
8.15772777917805,5.017151538637057,0.018016601905292973,1.003603943908958
7.965880256941712,5.016501738852939,0.017366802121174807,1.0034739614635264
7.774032734705373,5.0155387435806995,0.01640380684893561,1.003281329081239
7.582185212469034,5.0147044804757055,0.015569543743941594,1.0031144475876301
7.390337690232696,5.0140619264117525,0.014926989679988623,1.0029859145369953
7.198490167996346,5.013531945256992,0.014397008525228294,1.0028798999641808
7.0066426457600075,5.012883817120261,0.013748880388496865,1.0027502519060798
6.8139717435999065,5.012191107890281,0.013056171158517316,1.0026116860864438
6.622124221363568,5.011525146933285,0.01239021020152098,1.0024784708471224
6.622124221363568,5.010917144078269,0.01178220734650548,1.0023568492340413
6.429453319203467,5.010349823720768,0.011214886989003858,1.002243365528424
6.23842917689089,5.009820956997598,0.010686020265834095,1.0021375738804963
6.046581654654552,5.009230786962847,0.010095850231083503,1.0020195194486357
5.854734132418202,5.008754863399505,0.009619926667741474,1.0019243182649578
5.662063230258101,5.00816302171737,0.009028084985605922,1.0018059294457669
5.471039087945525,5.007723321010354,0.008588384278589878,1.0017179740869737
5.278368185785424,5.007363311736146,0.008228375004382116,1.0016459597727445
5.086520663549085,5.0070980425508695,0.007963105819105643,1.0015928967551158
5.086520663549085,5.006857849991189,0.007722913259424757,1.0015448499304709
4.8946731413127464,5.006468861665991,0.007333924934227021,1.0014670388031217
4.702825619076398,5.005963401835865,0.006828465104101511,1.0013659293438808
4.505214437373732,5.005376017880088,0.006241081148323779,1.0012484322242368
4.313366915137394,5.004640397289418,0.005505460557653663,1.001101282647364
4.115755733434728,5.004090909752178,0.004955973020414284,1.0009913661229666
3.9239082111983787,5.003519688884114,0.004384752152350124,1.0008771021802458
3.7312373090382778,5.003009210282172,0.003874273550407814,1.0007749887929491
3.5402131667257013,5.002449692860627,0.0033147561288631167,1.0006630659445712
3.5402131667257013,5.002001632001858,0.0028666952700939774,1.000573438266095
3.3483656444893626,5.001503415977064,0.002368479245300037,1.0004737778186177
3.1556947423292616,5.001034736219055,0.0018997994872913537,1.000380025646704
2.964670600016685,5.000785070990864,0.001650134259100433,1.000330083960522
2.771999697856584,5.00063460166313,0.001499664931365885,1.0002999848874545
2.580152175620235,5.000459612925595,0.0013246761938310314,1.0002649810838466
2.3883046533838965,5.000174839272669,0.0010399025409046914,1.0002080164976672
2.191516851604993,4.99986777315829,0.0007328364265264398,1.0001465926476882
1.9988459494448922,4.999596372684439,0.00046143595267533755,1.0000923031601499
1.9988459494448922,4.999638169613543,0.0005032328817788922,1.0001006639925003
1.806175047284791,4.999656002433807,0.000521065702042911,1.0001042311737205
1.6143275250484523,4.9996844242690015,0.0005494875372376029,1.0001099165243972
1.4175397232695388,4.999537857366663,0.0004029206348992176,1.000080598071466
1.2256922010332,4.999264785245429,0.00012984851366493189,1.0000259741965976
1.0338446787968614,4.999157786409012,2.28496772480824e-05,1.000004570726243
0.8419971565605228,4.999208498790831,7.356205906727808e-05,1.0000147149576872
0.6493262544004216,4.999296550375394,0.00016161364363043162,1.0000323283219348
0.4574787321640725,4.999361754197539,0.00022681746577468687,1.0000453713429713
0.4574787321640725,4.9994314157460416,0.0002964790142776508,1.000059306063555
0.2656312099277338,4.999243609130397,0.00010867239863276978,1.0000217382407173
0.0737836876913951,4.999134936731764,0.0,1.0
-0.11806383454494361,4.998979454376708,-0.00015548235505580266,0.9999688981479748
-0.30991135678128234,4.998797777134804,-0.0003371595969596797,0.999932556412014
-0.5017588790176314,4.998615544591938,-0.0005193921398261026,0.9998961035966424
-0.6936064012539701,4.998582105899756,-0.0005528308320075226,0.9998894147009425
-0.8854539234903088,4.998837902416524,-0.00029703431524019663,0.9999405828570344
-1.0773014457266477,4.999271473749797,0.00013653701803306717,1.0000273121289505
-1.0773014457266477,4.999786408163265,0.0006514714315013492,1.0001303168327613
-1.2699723478867486,5.000100162782013,0.0009652260502495125,1.0001930786150934
-1.4618198701230873,5.000247286900146,0.0011123501683822923,1.0002225085304677
-1.653667392359426,5.00052593117933,0.001390994447565852,1.0002782470297702
-1.8455149145957752,5.000681972665012,0.0015470359332478978,1.0003094607272711
-2.037362436832114,5.000649091188626,0.0015141544568617604,1.0003028832940148
-2.230033338992215,5.00073045618365,0.0015955194518859628,1.0003191591089415
-2.4218808612285536,5.000943339424893,0.0018084026931290964,1.0003617431247638
-2.61290500354113,5.00098569548462,0.0018507587528562297,1.0003702158025898
-2.805575905701231,5.0009895959951844,0.0018546592634205439,1.0003709960396934
-2.805575905701231,5.001178517042421,0.0020435803106568784,1.0004087867874183
-2.9974234279375804,5.001409792234554,0.002274855502790274,1.0004550498299367
-3.189270950173919,5.001858965610082,0.00272402887831813,1.0005449000502673
-3.3868821318765843,5.002198355985052,0.0030634192532881244,1.0006127898710593
-3.578729654112923,5.002440777407911,0.0033058406761474757,1.0006612825454775
-3.7705771763492617,5.00282530609192,0.0036903693601564314,1.0007382015902473
-3.963248078509363,5.003279496324433,0.004144559592669239,1.000829055355601
-4.155095600745701,5.003588791301991,0.004453854570226845,1.0008909250553535
-4.34694312298204,5.0036211155625825,0.004486178830818588,1.0008973910261665
-4.34694312298204,5.004110971435622,0.004976034703857657,1.0009953791539603
-4.538790645218379,5.004891176949199,0.005756240217435149,1.0011514472584326
-4.729814787530977,5.005503637530573,0.006368700798809357,1.001273960571061
-4.922485689691078,5.00597789136136,0.006842954629596498,1.001368827750441
-5.114333211927416,5.006501743142376,0.00736680641061227,1.001473616236378
-5.306180734163755,5.006977109489922,0.007842172758158128,1.0015687059576122
-5.498028256400094,5.0073705555414785,0.008235618809714573,1.0016474087845084
-5.6898757786364325,5.008142400903302,0.009007464171538082,1.0018018045692976
-5.881723300872771,5.009188990033745,0.010054053301980836,1.0020111586162852
-5.881723300872771,5.0094436721189215,0.010308735387157597,1.0020621038474902
-6.074394203032872,5.0099240553234505,0.01078911859168663,1.002158197113747
-6.265418345345449,5.010379359987554,0.011244423255790004,1.0022492738039877
-6.45808924750555,5.010688097749316,0.011553161017552327,1.0023110320412967
-6.649936769741888,5.011306132403469,0.012171195671704993,1.002434660361391
-6.841784291978227,5.011963733208712,0.012828796476948234,1.0025662032810292
-7.034455194138328,5.012526595839859,0.0133916591080947,1.0026787952871001
-7.226302716374687,5.0132516293304255,0.014116692598661551,1.0028238270775485
-7.417326858687264,5.014044650807282,0.01490971407551811,1.0029824588182181
-7.609174380923602,5.014502741550357,0.015367804818593456,1.0030740928206752
-7.609174380923602,5.015975100992947,0.01684016426118351,1.003368615665372
-7.801021903159941,5.0178665403284874,0.018731603596723545,1.0037469689923932
-7.993692805320042,5.018594359898031,0.01945942316626681,1.0038925580950588
-8.185540327556382,5.0184188139447,0.019283877212935785,1.0038574428290072
-8.37738784979272,5.017370553166873,0.01823561643510896,1.0036477543946896
-8.569235372029059,5.017529380731527,0.018394443999762977,1.003679525404407
-8.76190627418916,5.018448350211485,0.019313413479721042,1.0038633511045707
-8.952930416501736,5.019559026817652,0.020424090085888302,1.004085524864676
-9.144777938738075,5.020924385508995,0.021789448777231435,1.0043586438559862
-9.144777938738075,5.022211165284288,0.023076228552524114,1.0046160443445862
-9.337448840898176,5.023103386491265,0.023968449759500743,1.0047945194644357
-9.529296363134534,5.023833992139781,0.024699055408016868,1.0049406658793179
-9.721143885370873,5.024585775818161,0.025450839086397004,1.0050910486331133
-9.913814787530976,5.025458490642658,0.026323553910893693,1.0052656218013798
-10.105662309767315,5.026517338520586,0.02738240178882201,1.0054774280221217
-10.29668645207989,5.027480335707657,0.028345398975893055,1.0056700607874418
-10.488533974316228,5.028604944623525,0.029470007891760908,1.0058950214916638
-10.680381496552567,5.029686084962905,0.030551148231141134,1.0061112869762052
-10.680381496552567,5.030632919062265,0.03149798233050127,1.0063006865646027
-10.87305239871267,5.031507305534146,0.032372368802382034,1.006475594120199
-11.064899920949008,5.032397295963112,0.03326235923134835,1.0066536230072425
-11.256747443185347,5.033256637608535,0.03412170087677069,1.0068255210768682
-11.448594965421686,5.033982226400067,0.03484728966830275,1.0069706639467277
-11.641265867581787,5.034864973023701,0.035730036291937495,1.0071472438220075
-11.832290009894383,5.035877568160999,0.036742631429235395,1.0073497978938846
-12.024960912054484,5.036863413110487,0.037728476378722675,1.007547001002415
-12.216808434290822,5.03771940763148,0.03858447089971584,1.0077182295313158
-12.408655956527161,5.038691320271264,0.03955638353949986,1.0079126456957292
-12.408655956527161,5.0397674456684936,0.04063250893672965,1.0081279080182808
-12.6005034787635,5.04110438252464,0.041969445792876314,1.008395341658914
-12.752828764659304,5.042983003982068,0.04384806725030366,1.0087711309667047
-12.752828764659304,5.043722526998131,0.04458759026636727,1.0089190611637133
-12.752828764659304,5.043818938734447,0.04468400200268352,1.008938346847644
-12.752828764659304,5.0436679121909185,0.04453297545915458,1.0089081363121333
-12.752828764659304,5.043523574151759,0.04438863741999466,1.0088792637089756
-12.752828764659304,5.043453914518086,0.04431897778632177,1.0088653293714243
-12.752828764659304,5.043423819120674,0.04428888238891027,1.008859309250385
-12.752828764659304,5.043371992307266,0.04423705557550228,1.008848942094054
-12.752828764659304,5.043437751430376,0.04430281469861175,1.0088620961945018
-12.752828764659304,5.043387039048557,0.04425210231679344,1.0088519519630579
-12.752828764659304,5.043410444026769,0.04427550729500496,1.0088566337687117
-12.752828764659304,5.043474533417325,0.04433959668556131,1.008869453864862
-12.752828764659304,5.043460601107623,0.04432566437585894,1.0088666669207447
-12.752828764659304,5.043489022942819,0.04435408621105541,1.0088723522714216
