Angle (degree),rho (mOhm cm),Delta rho (mOhm cm),rho/rho(theta=0)
99.40395717760714,5.995626035864705,-0.11666789706764824,0.9809125839909212
99.40395717760714,5.995674018826469,-0.11661991410588346,0.9809204342288664
99.40395717760714,5.995807608967646,-0.1164863239647067,0.9809422902035042
99.40395717760714,5.995942836573528,-0.11635109635882479,0.9809644140750597
99.40395717760714,5.995875222770587,-0.11641871016176619,0.9809533521392819
99.40395717760714,5.99552788727941,-0.11676604565294291,0.9808965264213129
99.40395717760714,5.995549697035292,-0.11674423589706073,0.9809000945998267
99.40395717760714,5.99566474860294,-0.11662918432941272,0.9809189175767501
99.40395717760714,5.995871406391175,-0.1164225265411778,0.9809527277616826
99.40395717760714,5.996003360941175,-0.1162905719911782,0.9809743161459207
99.40395717760714,5.996127137535293,-0.11616679539705999,0.9809945665781604
99.40395717760714,5.9959651915264685,-0.11632874140588445,0.9809680714503735
99.40395717760714,5.995829420597057,-0.11646451233529564,0.9809458586885362
99.40395717760714,5.99575090097941,-0.11654303195294258,0.9809330125102423
99.40395717760714,5.995799976208822,-0.1164939567235308,0.9809410414483056
99.40395717760714,5.995813608008822,-0.11648032492353089,0.9809432716748211
99.40395717760714,5.995683289049999,-0.1166106438823542,0.9809219508809828
99.40395717760714,5.995635304214704,-0.11665862871764876,0.9809141003365193
99.40395717760714,5.995558967258822,-0.11673496567353059,0.9809016112519433
99.40395717760714,5.995513165085293,-0.11678076784706004,0.9808941178011976
99.40395717760714,5.99586050057647,-0.11643343235588333,0.9809509435191667
99.40395717760714,5.996147311699999,-0.11614662123235409,0.9809978671662747
99.2121096553708,5.996136405885292,-0.1161575270470605,0.9809960829237585
99.01449847366813,5.995920479747058,-0.1163734531852949,0.9809607563932278
99.01449847366813,5.995823421555881,-0.11647051137647146,0.9809448772172193
98.82347433135556,5.9958594101823515,-0.11643452275000143,0.9809507651255668
98.63080342919545,5.996058978535293,-0.11623495439705955,0.9809834154455828
98.43895590695911,5.995964101132351,-0.11632983180000167,0.9809678930567737
98.24710838472276,5.995668566855881,-0.11662536607647223,0.9809195422608674
98.0494972030201,5.995461363870588,-0.11683256906176531,0.980885642879135
97.85764968078375,5.995488082273528,-0.11680585065882454,0.9808900141353661
97.66580215854742,5.9957394518411755,-0.11655448109117739,0.9809311393774447
97.47395463631108,5.99586050057647,-0.11643343235588333,0.9809509435191667
97.47395463631108,5.995489717864705,-0.11680421506764826,0.9808902817257658
97.28210711407473,5.995411743444116,-0.11688218948823703,0.9808775247442717
97.0902595918384,5.995553513414704,-0.11674041951764913,0.980900718977426
96.8975886896783,5.995609131008822,-0.11668480192353048,0.9809098182770881
96.70574116744196,5.995615675247056,-0.1166782576852965,0.9809108889452048
96.51389364520563,5.995615130049999,-0.11667880288235377,0.9809107997484052
96.32204612296928,5.99577325780588,-0.11652067512647246,0.9809366701920743
96.13019860073294,5.99577870977647,-0.11651522315588281,0.9809375621600736
95.93835107849661,5.995587866449999,-0.1167060664823536,0.9809063392953741
95.74650355626025,5.995457547491175,-0.1168363854411778,0.9808850185015356
95.74650355626025,5.995320684294116,-0.11697324863823688,0.9808626270395803
95.5546560340239,5.9953179583088225,-0.11697597462353038,0.980862181055581
95.3619851318638,5.995456457097058,-0.11683747583529502,0.980884840107936
95.16519733008491,5.995513165085293,-0.11678076784706004,0.9808941178011976
94.97252642792482,5.995644029241176,-0.11664990369117678,0.980915527791836
94.78150228561222,5.995772712608822,-0.11652122032353063,0.9809365809952746
94.58965476337588,5.995826694611763,-0.11646723832059003,0.9809454127045367
94.39698386121577,5.995710005579411,-0.11658392735294232,0.9809263218306958
94.20513633897944,5.995772167411763,-0.11652176552058968,0.9809364917984746
94.20513633897944,5.995749810585292,-0.11654412234706069,0.9809328341166426
94.0132888167431,5.995683832373529,-0.11661010055882404,0.9809220397712646
93.82144129450676,5.995891035358822,-0.11640289757353095,0.9809559391529971
93.62877039234665,5.99596464632941,-0.11632928660294262,0.9809679822535736
93.43774625003408,5.995941746179411,-0.11635218675294201,0.9809642356814601
93.24507534787398,5.995951014529411,-0.11634291840294164,0.9809657520270583
93.05322782563765,5.996111870144117,-0.11618206278823617,0.9809920687612452
92.86138030340129,5.996048072720588,-0.11624586021176508,0.9809816312030667
92.66953278116496,5.995736178785292,-0.1165577541470606,0.980930603890127
92.66953278116496,5.995598772264705,-0.11669516066764807,0.9809081235378901
92.47768525892862,5.995566600017646,-0.1167273329147065,0.9809028600071419
92.28583773669227,5.995729636420587,-0.1165642965117657,0.9809295335285284
92.09316683453217,5.996040439961763,-0.11625349297059007,0.980980382447868
91.90214269221958,5.99634633485588,-0.11594759807647304,0.9810304282894904
91.70947179005948,5.996511006849999,-0.11578292608235419,0.9810573694012769
91.51762426782315,5.996147856897058,-0.11614607603529503,0.9809979563630746
91.32577674558681,5.995584595267647,-0.11670933766470615,0.9809058041145748
91.13392922335048,5.995522433435292,-0.11677149949706056,0.9808956341467957
91.13392922335048,5.995682741979411,-0.11661119095294215,0.9809218613776648
90.94125832119038,5.995783618423528,-0.1165103145088251,0.9809383652377905
90.75023417887779,5.995760716399998,-0.11653321653235515,0.9809346183591585
90.55756327671769,5.995465725447057,-0.11682820748529554,0.9808863564535341
90.3665391344051,5.995540973882353,-0.11675295905000027,0.9808986674510287
90.17469161216877,5.995729636420587,-0.1165642965117657,0.9809295335285284
89.98284408993243,5.99566474860294,-0.11662918432941272,0.9809189175767501
89.79017318777233,5.995474995670587,-0.11681893726176629,0.9808878731056504
89.598325665536,5.995445551282351,-0.11684838165000233,0.9808830558654197
89.40647814329964,5.995454274435293,-0.11683965849706013,0.980884483014218
89.40647814329964,5.995453729238235,-0.1168402036941183,0.9808843938174183
89.2146306210633,5.995335406488234,-0.11695852644411886,0.9808650356596957
89.02278309882696,5.995350673879411,-0.11694325905294178,0.980867533476611
88.83093557659062,5.995534429644117,-0.11675950328823603,0.9808975967829118
88.63826467443052,5.995599317461764,-0.11669461547058901,0.9809082127346901
88.44724053211795,5.99551425547941,-0.11677967745294282,0.9808942961947973
88.25456962995784,5.995776528988235,-0.11651740394411814,0.9809372053728739
88.0627221077215,5.996025717767647,-0.11626821516470631,0.9809779738277529
87.87087458548515,5.996037166905881,-0.1162567660264715,0.9809798469605506
87.87087458548515,5.996015902347057,-0.11627803058529551,0.9809763679788365
87.67902706324882,5.995844687988234,-0.11644924494411857,0.9809483565054515
87.48635616108872,5.99552843247647,-0.11676550045588296,0.9808966156181129
87.29533201877614,5.995549697035292,-0.11674423589706073,0.9809000945998267
87.10348449653979,5.995646210029411,-0.11664772290294234,0.9809158845790354
86.91081359437969,5.995557876864704,-0.1167360560676487,0.9809014328583434
86.71896607214336,5.995435190664705,-0.11685874226764792,0.9808813608197037
86.52711854990702,5.995489172667645,-0.11680476026470821,0.9808901925289657
86.33527102767067,5.995458092688233,-0.11683584024411964,0.9808851076983355
86.33527102767067,5.995368122058823,-0.11692581087353027,0.9808703880807258
86.14260012551057,5.995218174132352,-0.11707575880000132,0.9808458558955729
85.95157598319798,5.995154376708823,-0.11713955622353023,0.9808354183373945
85.75972846096165,5.995337587276469,-0.11695634565588353,0.9808653924468953
85.56705755880155,5.995314141929409,-0.11697979100294376,0.9808615566779815
85.3752100365652,5.995264521502939,-0.1170294114294137,0.9808534385431185
85.18336251432888,5.995276517711764,-0.11701741522058917,0.9808554011792344
84.99151499209253,5.995216538541175,-0.11707739439117759,0.9808455883051733
84.79966746985619,5.9952459829294105,-0.11704795000294244,0.9808504055454039
84.60781994761984,5.995278153302939,-0.11701577962941379,0.9808556687696339
84.60781994761984,5.99519145572941,-0.11710247720294298,0.9808414846393417
84.4159724253835,5.995361579694117,-0.11693235323823625,0.980869317719127
84.22412490314717,5.995364305679411,-0.11692962725294187,0.9808697637031265
84.0265137214445,5.995244347338234,-0.11704958559411871,0.9808501379550043
83.83466619920816,5.99535558252647,-0.11693835040588318,0.9808683365543283
83.64281867697181,5.99550062367941,-0.11679330925294273,0.9808920659682818
83.45014777481171,5.995548061444117,-0.11674587148823612,0.9808998270094272
83.25830025257537,5.995613494458822,-0.11668043847353093,0.9809105321580054
83.06645273033904,5.995699101638234,-0.11659483129411896,0.9809245378946979
83.06645273033904,5.995825602344116,-0.11646833058823702,0.9809452340044188
82.87378182817893,5.995921570141175,-0.11637236279117769,0.9809609347868276
82.68193430594259,5.995770531820588,-0.11652340111176507,0.9809362242080751
82.49091016363,5.995724182576469,-0.11656975035588424,0.9809286412540111
82.2982392614699,5.995535520038234,-0.11675841289411881,0.9808977751765114
82.10721511915733,5.995391024082351,-0.11690290885000199,0.9808741349593575
81.91454421699723,5.9953321353058815,-0.11696179762647141,0.9808645004788964
81.72269669476088,5.995343586317646,-0.11695034661470682,0.9808663739182124
81.53084917252455,5.995306507297057,-0.11698742563529585,0.9808603076162649
81.53084917252455,5.995301055326469,-0.11699287760588373,0.980859415648266
81.33817827036445,5.995315232323528,-0.11697870060882476,0.9808617350715815
81.14633074812811,5.995230715538234,-0.11706321739411862,0.9808479077284887
80.9495429463492,5.995467906235292,-0.1168260266970611,0.9808867132407335
80.7568720441891,5.995561693244117,-0.1167322396882362,0.9809020572359428
80.56584790187652,5.995600407855881,-0.1166935250764718,0.9809083911282898
80.37400037964018,5.99588721897941,-0.11640671395294255,0.9809553147753978
80.18215285740384,5.996034440920587,-0.11625949201176589,0.9809794009765511
79.98948195524373,5.995897579597058,-0.11639635333529519,0.980957009821114
79.98948195524373,5.99597827812941,-0.1163156548029427,0.9809702124800892
79.79763443300739,5.9959084835382335,-0.11638544939411943,0.9809587937571118
79.60578691077106,5.995694192991175,-0.11659973994117756,0.9809237348169807
79.41393938853471,5.99567838040294,-0.1166155525294128,0.9809211478032656
79.22126848637461,5.995793977167645,-0.11649995576470751,0.9809400599769885
79.03024434406204,5.995951014529411,-0.11634291840294164,0.9809657520270583
78.83757344190192,5.9961598531058815,-0.11613407982647139,0.9809999189991905
78.64654929958935,5.996330522267646,-0.1159634106647065,0.9810278412757756
78.45470177735301,5.996511006849999,-0.11578292608235419,0.9810573694012769
78.2620308751929,5.9968730645352935,-0.11542086839705945,0.9811166037393613
78.2620308751929,5.997159330461764,-0.11513460247058926,0.9811634381896693
78.07018335295658,5.997168055488234,-0.11512587744411906,0.9811648656449858
77.87751245079647,5.996953219744116,-0.11534071318823713,0.9811297175080547
77.68648830848389,5.997003928691175,-0.11529000424117797,0.9811380137299994
77.49464078624754,5.997435782841175,-0.11485815009117761,0.9812086670975794
77.30279326401121,5.997614629958822,-0.11467930297353046,0.9812379273261629
77.11094574177487,5.9975720989676455,-0.11472183396470736,0.9812309690562165
76.91827483961477,5.997667521567646,-0.11462641136470708,0.9812465806418253
76.72642731737842,5.998043756249999,-0.11425017668235427,0.9813081344032251
76.72642731737842,5.998306576829411,-0.11398735610294164,0.9813511330846197
76.53457979514208,5.998571031126469,-0.11372290180588429,0.9813943990498954
76.34273227290574,5.998865476882352,-0.11342845605000118,0.9814425717587203
76.1508847506694,5.998987072688234,-0.11330686024411918,0.9814624654037604
75.95903722843306,5.9991430196558815,-0.11315091327647142,0.9814879790602302
75.76718970619673,5.999365488158822,-0.11292844477353103,0.9815243759523596
75.56957852449406,5.999604861517645,-0.11268907141470752,0.9815635385583223
75.3777310022577,5.999543246755882,-0.11275068617647133,0.9815534580938617
75.18506010009762,5.999635396299999,-0.11265853663235426,0.9815685341921528
75.18506010009762,6.000126139226469,-0.11216779370588359,0.9816488220401941
74.99403595778503,6.0003126209764694,-0.11198131195588346,0.9816793313304943
74.8021884355487,6.000719390441175,-0.11157454249117826,0.9817458807257244
74.6095175333886,6.001054186399998,-0.11123974653235447,0.981800654917296
74.41767001115224,6.001213404549999,-0.11108052838235416,0.981826703754565
74.22582248891591,6.001410792114704,-0.1108831408176485,0.9818589972873814
74.03397496667957,6.001650710670587,-0.11064322226176593,0.9818982490901439
73.8363637849769,6.002025309761764,-0.1102686231705885,0.9819595352611442
73.64451626274057,6.002447348491176,-0.10984658444117734,0.9820285827798078
73.64451626274057,6.002698170988234,-0.10959576194411902,0.9820696185185681
73.45184536058046,6.002968079129411,-0.10932585380294224,0.9821137767583612
73.2599978383441,6.003249983479411,-0.10904394945294182,0.9821598976342703
73.06815031610778,6.003703102188234,-0.10859083074411924,0.9822340299835641
72.87712617379519,6.004042259723527,-0.10825167320882567,0.9822895177495347
72.67869161216876,6.004460480199998,-0.107833452732355,0.9823579405840808
72.48684408993243,6.005064637229411,-0.10722929570294149,0.9824567835121276
72.29499656769607,6.005641532532351,-0.10665240040000157,0.982551166293661
72.10314904545974,6.00586945487941,-0.10642447805294264,0.9825884554603077
72.10314904545974,6.006009044061763,-0.10628488887059007,0.9826112929062624
71.91047814329964,6.006182984405881,-0.10611094852647174,0.9826397503636469
71.7186306210633,6.006422357764705,-0.10587157516764822,0.9826789129696096
71.52760647875073,6.006912553620587,-0.1053813793117655,0.9827591113143328
71.33575895651438,6.0073558587823515,-0.10493807415000145,0.9828316381212286
71.14308805435428,6.007506351905881,-0.10478758102647223,0.9828562595031812
70.95124053211795,6.0079992756205876,-0.10429465731176535,0.9829369041384222
70.7593930098816,6.008822629970587,-0.10347130296176577,0.9830716087777988
70.56754548764526,6.009615451411763,-0.10267848152058967,0.9832013180898632
70.56754548764526,6.010201615064704,-0.1020923178676485,0.983297217216995
70.37569796540892,6.010557675582352,-0.10173625735000069,0.9833554703902806
70.18385044317259,6.010714714817646,-0.10157921811470683,0.9833811627468684
69.99200292093623,6.011033696314706,-0.10126023661764716,0.9834333496182066
69.79933201877613,6.011706012344117,-0.10058792058823585,0.9835433436788307
69.60830787646356,6.012363060982351,-0.09993087195000161,0.9836508399225395
69.41069669476089,6.012807456538234,-0.09948647639411856,0.9837235451230353
69.21802579260078,6.013103536011763,-0.09919039692058984,0.9837719851157414
69.0270016502882,6.013475954314705,-0.09881797861764774,0.983832914499542
68.8343307481281,6.013960153002939,-0.09833377992941372,0.9839121316794661
68.8343307481281,6.014083929597057,-0.0982100033352955,0.9839323821117059
68.64248322589177,6.0142131581617635,-0.09808077477058941,0.9839535245119445
68.44569542411286,6.014677727882352,-0.09761620505000046,0.9840295303005545
68.25302452195275,6.015536525661763,-0.0967574072705899,0.9841700336514787
68.06117699971642,6.016292813279411,-0.096001119652942,0.9842937658583959
67.86932947748006,6.016928052161763,-0.09536588077058994,0.9843976939235908
67.67748195524374,6.017692519608823,-0.09460141332353,0.9845227643890245
67.48481105308363,6.018400277194116,-0.0938936557382366,0.984638556854678
67.29378691077106,6.0189030163294115,-0.09339091660294141,0.9847208073388353
67.29378691077106,6.0194292008117625,-0.09286473212059043,0.9848068935919057
67.10193938853472,6.019987010470587,-0.0923069224617663,0.9848981538724068
66.91009186629837,6.020611343538234,-0.09168258939411889,0.9850002976950858
66.71742096413827,6.021245490152939,-0.09104844277941382,0.9851040470601626
66.52557344190194,6.021783125647057,-0.09051080728529559,0.9851920067525494
66.33290253974182,6.02232294192941,-0.08997099100294292,0.9852803232321355
66.13611473796293,6.02289165740294,-0.08940227552941327,0.9853733677551526
65.94426721572658,6.023303335514704,-0.08899059741764859,0.9854407202281
65.75241969349024,6.023478911449998,-0.08881502148235487,0.9854694452758841
65.75241969349024,6.024196484455881,-0.08809744847647227,0.9855868435904541
65.56057217125391,6.025335007670587,-0.08695892526176596,0.9857731113366062
65.36790126909379,6.0260084140941155,-0.08628551883823743,0.98588328379083
65.17605374685746,6.026754341094117,-0.085539591838236,0.9860053209520311
64.98502960454488,6.027667120876469,-0.08462681205588396,0.9861546560122175
64.79235870238477,6.028639336505881,-0.08365459642647188,0.9863137150561837
64.60051118014844,6.02908591097647,-0.08320802195588328,0.9863867767373607
64.40866365791209,6.0296491744794105,-0.08264475845294239,0.9864789292923788
64.21187585613319,6.030239154511764,-0.08205477842058873,0.98657545279711
64.21187585613319,6.031129579341176,-0.08116435359117702,0.9867211304819827
64.01920495397309,6.032007460891175,-0.08028647204117778,0.9868647560274215
63.82735743173675,6.032761567720587,-0.0795323652117661,0.9869881314471389
63.6355099095004,6.033168339058823,-0.07912559387353024,0.9870546811488874
63.4428390073403,6.033506951397057,-0.07878698153529573,0.987110079718058
63.251814865027725,6.034245788961764,-0.07804814397058912,0.9872309570143422
63.05914396286762,6.034892478855881,-0.07740145407647159,0.987336758518853
62.868119820555044,6.035406667129411,-0.07688726580294158,0.987420882135808
62.67544891839494,6.036182583714704,-0.07611134921764862,0.9875478257340392
62.67544891839494,6.037208781347058,-0.07508515158529505,0.9877157164872676
62.483601396158605,6.038298772655882,-0.07399516027647124,0.9878940441856381
62.29175387392227,6.039223548647057,-0.07307038428529555,0.9880453418819405
62.09990635168593,6.039667942329411,-0.07262599060294228,0.988118046775918
61.90805882944958,6.040242111647058,-0.07205182128529497,0.9882119835734522
61.71621130721324,6.040703953508822,-0.07158997942353107,0.9882875430715443
61.5243637849769,6.041317925958822,-0.07097600697353101,0.9883879918485071
61.3316928828168,6.04211456377941,-0.07017936915294332,0.9885183255381708
61.13984536058045,6.042871941791175,-0.0694219911411782,0.9886422361386876
61.13984536058045,6.043753096397058,-0.06854083653529486,0.9887863971714441
60.947997838344115,6.044513202267645,-0.06778073066470824,0.9889107540624784
60.75615031610777,6.044905794735293,-0.06738813819706024,0.9889749840343933
60.564302793871434,6.045372545244117,-0.06692138768823597,0.9890513466102029
60.3724552716351,6.046064492114705,-0.06622944081764803,0.9891645523686596
60.18060774939876,6.046693186758823,-0.06560074617352996,0.9892674097657378
59.98793684723866,6.047192107641175,-0.06510182529117792,0.9893490355657772
59.79608932500232,6.047901502691175,-0.06439243024117758,0.9894650959283489
59.604241802765976,6.048789199661763,-0.06350473327059003,0.9896103273227039
59.604241802765976,6.049342647744116,-0.06295128518823656,0.9897008740288058
59.407454000987066,6.050122382582352,-0.062171550350001326,0.9898284423111545
59.21560647875073,6.051016623791175,-0.061277309141178016,0.9899747443736266
59.022935576590626,6.051521541841175,-0.06077239109117816,0.9900573513384651
58.83108805435429,6.052203673291175,-0.060090259641177646,0.9901689512480056
58.639240532117945,6.053285486644117,-0.059008446288236094,0.9903459409943777
58.44656962995785,6.053841115514706,-0.058452817417647296,0.9904368444876791
58.25554548764526,6.05448453235294,-0.05780940057941297,0.9905421105048724
58.06369796540892,6.055265902782351,-0.05702803015000146,0.9906699463776208
57.87102706324882,6.055861336658823,-0.056432596273530145,0.9907673621568692
57.87102706324882,6.056303004355881,-0.05599092857647214,0.9908396210668471
57.674239261469914,6.057027666797058,-0.05526626613529473,0.990958179246334
57.47662807976724,6.05775451002647,-0.05453942290588287,0.9910770942130204
57.2847805575309,6.058509162052941,-0.053784770879412136,0.9912005588295376
57.092933035294564,6.059429576467646,-0.05286435646470711,0.9913511429514409
56.90108551305823,6.060235482638234,-0.05205845029411904,0.9914829929867027
56.70923799082188,6.060962325867646,-0.051331607064707185,0.9916019079533891
56.51656708866179,6.061731700088234,-0.050562232844119315,0.9917277811900217
56.324719566425436,6.062467813541175,-0.0498261193911782,0.9918482128088244
56.324719566425436,6.063009265414705,-0.049284667517647485,0.9919367968788105
56.1328720441891,6.0637453788676465,-0.04854855406470637,0.9920572284976132
55.94102452195276,6.0644934866558815,-0.0478004462764714,0.9921796224460137
55.74917699971641,6.0653855470764695,-0.04690838585588342,0.9923255677212861
55.55650609755631,6.066100394097058,-0.0461935388352952,0.9924425200518565
55.36465857531997,6.066695282776468,-0.04559865015588471,0.9925398466343046
55.172811053083635,6.067002815135293,-0.045291117797059854,0.9925901603728452
54.98096353084729,6.067535541982352,-0.044758390950001115,0.9926773169875146
54.789116008610954,6.0680982602882345,-0.04419567264411839,0.9927693803457329
54.789116008610954,6.068777118682351,-0.04351681425000198,0.9928804447679556
54.59726848637462,6.069711164897058,-0.04258276803529526,0.9930332591163746
54.404597584214514,6.070675200697058,-0.04161873223529522,0.993190979901824
54.213573441901936,6.071339882094117,-0.040954050838236,0.9932997249007316
54.02090253974184,6.072195953888234,-0.04009797904411894,0.9934397822676564
53.82987839742925,6.073071656523528,-0.03922227640882525,0.9935830513324139
53.63720749526915,6.0737706909558815,-0.03852324197647139,0.9936974166492694
53.44535997303281,6.074578234591175,-0.03771569834117816,0.993829534581449
53.253512450796464,6.075409768770586,-0.03688416416176654,0.9939655774793423
53.253512450796464,6.075988299664705,-0.036305633267647686,0.9940602278512758
53.06084154863636,6.0764457799499985,-0.03584815298235444,0.9941350737749687
52.86981740632378,6.076937066199998,-0.0353568667323545,0.9942154505132916
52.677969884087446,6.077192799217645,-0.0351011337147078,0.9942572896362875
52.48612236185111,6.07777787247647,-0.03451606045588296,0.9943530103698197
52.294274839614765,6.078602864291175,-0.03369106864117821,0.9944879829061141
52.10160393745467,6.079252278297057,-0.03304165463529607,0.9945942300881063
51.909756415218325,6.079806816773528,-0.03248711615882449,0.9946849551878081
51.71790889298199,6.080294286644117,-0.03199964628823615,0.9947647075485317
51.52606137074564,6.080769216982351,-0.031524715950001614,0.9948424083828578
51.52606137074564,6.081475338976469,-0.0308185939558836,0.9949579332581118
51.3342138485093,6.082209271641175,-0.030084661291177817,0.9950780080897149
51.1415429463492,6.08271637047941,-0.02957756245294263,0.9951609718417529
50.95051880403661,6.08353536512647,-0.02875856780588304,0.9952949632132487
50.758671281800275,6.084378350317646,-0.027915582614706835,0.995432879550458
50.56600037964017,6.085113373376469,-0.027180559555883832,0.9955531327756608
50.374152857403836,6.085614475047058,-0.02667945788529469,0.9956351153629002
50.18148195524373,6.086155926920587,-0.026138006011765746,0.9957236994328861
49.990457812931155,6.0868707739411745,-0.02542315899117842,0.9958406517634564
49.990457812931155,6.0873293464941165,-0.024964586438236402,0.9959156763872676
49.79861029069482,6.087973308529411,-0.024320624402942137,0.996021031601261
49.60099910899214,6.0888697305264685,-0.023424202405884387,0.9961676904509325
49.40832820683204,6.089582396758822,-0.02271153617353061,0.9962842859943035
49.211540405053135,6.090205639432352,-0.0220882935000013,0.9963862514233827
49.0196928828168,6.091024087008822,-0.02126984592353054,0.9965201532915603
48.82702198065669,6.091713853091175,-0.020580079841177934,0.9966330022628175
48.63517445842035,6.091901425235293,-0.020392507697059692,0.9966636899467175
48.44415031610777,6.092050282767646,-0.02024365016470675,0.9966880437382705
48.44415031610777,6.092374718108822,-0.019919214823531206,0.9967411228841256
48.252302793871436,6.093188258911764,-0.01910567402058927,0.9968742219811043
48.0604552716351,6.093863847997057,-0.018430084935295632,0.996984751529046
47.867784369475,6.094459279999999,-0.01783465293235409,0.9970821670017761
47.67593684723865,6.0950356301058815,-0.01725830282647145,0.9971764605865098
47.48326594507856,6.095701403770587,-0.016592529161766123,0.9972853842855351
47.29224180276598,6.096321918585293,-0.01597201434706008,0.9973869034240967
47.099570900605876,6.096959338255881,-0.015334594676471802,0.9974911882764913
46.907723378369525,6.097402641544116,-0.014891291388236638,0.997563714776869
46.907723378369525,6.098621318094116,-0.013672614838236896,0.9977630959851963
46.716699236056954,6.099387421132352,-0.012906511800000686,0.9978884340410297
46.52402833389685,6.099400505861764,-0.012893427070588714,0.9978905747642272
46.33135743173674,6.099372698938234,-0.012921233994118708,0.9978860254209143
46.14033328942417,6.099564632658822,-0.012729300273530697,0.9979174266792133
45.94766238726407,6.099872710214704,-0.012421222717648561,0.9979678296145537
45.75663824495149,6.100343277102939,-0.01195065582941357,0.9980448165679624
45.563967342791386,6.101088113708823,-0.011205819223530256,0.9981666753355636
45.3729432004788,6.101768064370586,-0.010525868561766849,0.9982779184579043
45.3729432004788,6.102326419226469,-0.009967513705883668,0.9983692679352052
45.181095678242464,6.102662850776469,-0.009631082155883597,0.9984243097171763
44.98842477608236,6.103021637279411,-0.009272295652942297,0.9984830088744613
44.795753873922266,6.103573994967647,-0.008719937964706048,0.9985733771869635
44.60472973160968,6.104075096638234,-0.008218836294118681,0.9986553597742025
44.41205882944958,6.104368450126469,-0.007925482805884343,0.9987033537829091
44.221034687137006,6.104728874094117,-0.007565058838236105,0.9987623208371121
44.0283637849769,6.105342301347057,-0.006951631585295992,0.9988626804172749
43.83651626274056,6.105867395435293,-0.00642653749705957,0.9989485882767459
43.64466874050422,6.10631451510294,-0.005979417829412803,0.9990217391547228
43.64466874050422,6.10685106020294,-0.005442872729412684,0.9991095204535098
43.45282121826788,6.107340165664705,-0.004953767267648068,0.999189540404633
43.260973696031535,6.107902338773528,-0.004391594158825285,0.9992815145660512
43.0691261737952,6.108280754244116,-0.00401317868823714,0.9993434251146506
42.87727865155885,6.108506495802939,-0.00378743712941354,0.9993803574940977
42.68460774939875,6.108839656170587,-0.0034542767617660175,0.9994348640952696
42.49358360708618,6.109049038070587,-0.0032448948617656015,0.9994691199576836
42.301736084849836,6.109310223058822,-0.0029837098735310263,0.9995118510486782
42.10906518268973,6.109663557591175,-0.0026303753411776043,0.9995696582379644
42.10906518268973,6.110253537623527,-0.0020403953088257154,0.9996661817426953
41.917217660453396,6.110800441467646,-0.0014934914647071196,0.9997556577806803
41.72537013821705,6.111222480197057,-0.0010714527352959635,0.9998247052993439
41.53269923605695,6.111528376964705,-0.0007655559676482682,0.9998747514474846
41.34167509374437,6.111979858208823,-0.0003140747235299557,0.9999486158998608
41.14900419158427,6.112488594511763,0.00019466157941039341,1.0000318475488166
40.95798004927169,6.112719242844117,0.0004253099117637049,1.0000695826994628
40.76530914711159,6.112833749214705,0.0005398162823517794,1.000088316479586
40.57346162487525,6.113118379549999,0.000824446617645691,1.0001348833394945
40.57346162487525,6.113557866458821,0.0012639335264683638,1.0002067854622727
40.38161410263891,6.114046971920588,0.0017530389882347563,1.0002868054133964
40.18976658040256,6.114476100085292,0.002182167152938952,1.0003570127969765
39.997919058166225,6.114556253420587,0.0022623204882341597,1.000370126259152
39.80607153592988,6.114635863432352,0.0023419304999992008,1.000383150831046
39.613400633769785,6.115054083908822,0.002760150976468978,1.000451573665592
39.42155311153344,6.115668056358823,0.0033741234264699216,1.0005520224425548
39.229705589297104,6.116384540844116,0.0040906079117633,1.000669242670043
39.037034687137,6.1170006940823525,0.004706761149999572,1.0007700482342055
38.846010544824416,6.116053016067646,0.00375908313529294,1.000615003659271
38.846010544824416,6.113698000838234,0.0014040679058808792,1.0002297121050274
38.653339642664314,6.1147727247558805,0.002478791823527615,1.0004055419864828
38.46231550035174,6.116450517182351,0.0041565842499977634,1.0006800367089028
38.2704679781154,6.117372021991175,0.005078089058821789,1.000830799224406
38.07862045587906,6.118071056423528,0.005777123491174763,1.0009451645412615
37.88677293364271,6.118632684335292,0.00633875140293938,1.0010370495058798
37.694102031482615,6.119163230394116,0.006869297461762791,1.0011238493333496
37.50225450924627,6.119624527058822,0.007330594126469414,1.001199319634642
37.310406987009934,6.120144169176469,0.007850236244116182,1.001284335526114
37.310406987009934,6.120459334294116,0.008165401361763358,1.001335898019853
37.1185594647736,6.120795763970587,0.008501831038233654,1.0013909394953058
36.92671194253726,6.1212881424882335,0.008994209555880595,1.0014714949337467
36.73404104037716,6.121683462814705,0.009389529882351866,1.0015361711961792
36.54301689806457,6.122033526164706,0.009739593232352739,1.001593443204666
36.35116937582823,6.122119676667645,0.009825743735292214,1.00160753783164
36.15849847366813,6.122403761805881,0.01010982887352796,1.0016540154947486
35.96665095143179,6.122359050026469,0.010065117094115728,1.0016467004376026
35.77480342919545,6.121814326970587,0.009520394038234237,1.0015575811868176
35.77480342919545,6.1218803051823505,0.009586372249997588,1.0015683755321954
35.58213252703535,6.122205283847058,0.009911350914705075,1.0016215435683327
35.39110838472276,6.12288632490294,0.010592391970587478,1.0017329650842732
35.19843748256266,6.123477942399998,0.011184009467645417,1.0018297564859222
35.00741334025009,6.123603899782352,0.011309966849998965,1.0018503637053615
34.80897877862366,6.123500844423528,0.011206911491175475,1.0018335033645542
34.61219097684476,6.1234365018029395,0.011142568870586622,1.0018229766095756
34.42034345460841,6.123447952814705,0.011154019882352095,1.0018248500488918
34.22849593237207,6.123597355544117,0.011303422611764091,1.0018492930372447
34.22849593237207,6.123878714697057,0.011584781764703678,1.0018953247163533
34.03664841013573,6.1239228812794115,0.011628948347058632,1.0019025505766996
33.84480088789939,6.123895072482352,0.011601139549998862,1.0018980009268685
33.64636632627296,6.124018849076471,0.01172491614411797,1.0019182513591085
33.45451880403662,6.124425620414705,0.01213168748235205,1.0019848010608567
33.26267128180027,6.124489961161763,0.012196028229410238,1.0019953275093167
33.0716471394877,6.124374909594117,0.012080976661763998,1.0019765045323938
32.8789762373276,6.124567935582351,0.012274002649998117,1.0020080844908108
32.68712871509126,6.124561936541175,0.012268003608822298,1.002007103019494
32.68712871509126,6.124847657270586,0.01255372433823343,1.002053848273002
32.49528119285492,6.12566447112941,0.013370538197056803,1.002187482857298
32.303433670618574,6.126258812738234,0.013964879805881125,1.0022847199364284
32.105822488915905,6.126247361726469,0.01395342879411654,1.0022828464971125
31.913974966679568,6.126054337611764,0.013760404679411309,1.0022512668452137
31.722127444443228,6.1258618568205865,0.01356792388823358,1.0022197760835962
31.53027992220689,6.125708092514704,0.013414159582350926,1.0021946195208442
31.33843239997054,6.1256290277,0.013335094767646716,1.0021816841457507
31.14576149781044,6.125558142714705,0.013264209782351877,1.0021700870291734
31.14576149781044,6.125650839329411,0.013356906397057777,1.0021852526307828
30.9539139755741,6.125748986041176,0.013455053108822668,1.002201309893873
30.762066453337763,6.125735901311763,0.013441968379409808,1.002199169170675
30.56939555117766,6.125675375070586,0.013381442138233446,1.002189266793296
30.378371408865085,6.125715725273529,0.013421792341175909,1.002195868276043
30.185700506704983,6.1259283802294116,0.01363444729705865,1.0022306596257744
29.994676364392397,6.126156302576469,0.013862369644115802,1.0022679487924209
29.802005462232295,6.126160664152939,0.013866731220586459,1.00226866236682
29.61098131991972,6.125909841655882,0.013615908723529024,1.0022276266280599
29.418310417759617,6.125931651411764,0.013637718479411198,1.0022311948065739
29.418310417759617,6.125816054647057,0.013522121714704127,1.0022122826328506
29.22646289552328,6.1258056940294106,0.01351176109705765,1.0022105875871345
29.029675093744366,6.1258564048499995,0.01356247191764659,1.0022188841155975
28.837004191584267,6.126213555761764,0.013919622829410727,1.0022773156824827
28.645156669347926,6.126510182305882,0.014216249373529166,1.002325845178507
28.452485767187824,6.126679761073528,0.014385828141175061,1.0023535890614923
28.255697965408924,6.126609421285294,0.014315488352941053,1.0023420811417152
28.063850443172583,6.1231006154499985,0.010806682517645605,1.0017680240244045
27.872002920936236,6.122642044770588,0.010348111838235141,1.0016929997071118
27.872002920936236,6.124435979158822,0.01214204622646875,1.0019864958000546
27.680155398699895,6.125601764099999,0.013307831167646,1.0021772236927196
27.48830787646356,6.126111590797058,0.013817657864705346,1.0022606337352753
27.295636974303456,6.126370593123529,0.014076660191175705,1.0023030077325523
27.10378945206712,6.12638367972647,0.014089746794117453,1.002305148762268
26.91276530975453,6.126376046967646,0.014082114035293358,1.0023039000070695
26.72009440759443,6.126510182305882,0.014216249373529166,1.002325845178507
26.52824688535809,6.128480783023528,0.016186850091175486,1.002648244712834
26.336399363121753,6.128372275694117,0.01607834276176412,1.002630492404028
26.336399363121753,6.127355893482352,0.015061960549998865,1.0024642074997157
26.144551840885413,6.126561438323529,0.014267505391176272,1.00233423090377
25.952704318649076,6.125962733264704,0.013668800332351516,1.002236279943722
25.760856796412735,6.125751713899999,0.013457780967645938,1.0022017561843903
25.569009274176388,6.125648656667646,0.013354723735292673,1.002184895537065
25.376338372016285,6.125744624464704,0.013450691532351122,1.0022005963194736
25.184490849779948,6.125711363697057,0.013417430764704363,1.0021951547016437
24.992643327543608,6.125666651917647,0.013372718985293908,1.002187839644498
24.80079580530727,6.125650294132352,0.013356361199998723,1.002185163433983
24.80079580530727,6.125450723905882,0.013156790973528842,1.0021525128074489
24.608124903147168,6.125313862582352,0.01301992964999954,1.0021301216520118
24.417100760834582,6.125366754191175,0.013072821258822032,1.002138774967674
24.225253238598242,6.125239161217646,0.012945228285293098,1.0021179001578353
24.032582336438143,6.125104478808822,0.012810545876469348,1.0020958654830796
23.840734814201802,6.124980702214705,0.012686769282352017,1.0020756150508399
23.648887291965465,6.124779498270587,0.012485565338233862,1.0020426971404244
23.456216389805363,6.124669900547057,0.012375967614704386,1.0020247664380184
23.265192247492777,6.124683532347058,0.012389599414705188,1.0020269966645339
23.072521345332675,6.124954530882352,0.012660597949999186,1.002071333297927
23.072521345332675,6.1251628223882335,0.012868889455880606,1.0021054107667409
22.880673823096338,6.124911454694117,0.012617521761764117,1.0020642858311808
22.688826300859997,6.1246993449352924,0.012405412002939542,1.002029583678249
22.49697877862366,6.124680804488235,0.012386871555881918,1.0020265503740164
22.30513125638732,6.124827483105881,0.012533550173528418,1.0020505476848878
22.113283734150983,6.124877101658823,0.012583168726470362,1.0020586655132329
21.92143621191463,6.1245352181382335,0.012241285205880637,1.0020027317632625
21.729588689678295,6.124113181282352,0.011819248349999256,1.0019336845511173
21.537741167441954,6.123930515911764,0.011636582979410726,1.0019037996384164
21.537741167441954,6.123834548114704,0.011540615182351388,1.0018880988560075
21.345893645205617,6.1238650828970576,0.011571149964704652,1.001893094489838
21.154046122969277,6.123805103726469,0.011511170794116232,1.001883281615777
20.961375220809177,6.123754938102939,0.011461005170586347,1.0018750742841138
20.769527698572826,6.123821461511764,0.011527528579411417,1.0018859578262922
20.57768017633649,6.1238999811294095,0.011606048197056573,1.0018988040045858
20.385009274176387,6.123686780976469,0.011392848044115667,1.0018639234580544
20.193985131863812,6.123360710044116,0.01106677711176296,1.0018105767217993
20.00131422970371,6.122932128949998,0.01063819601764493,1.001740458841537
20.00131422970371,6.122774544517646,0.010480611585292898,1.0017146772881496
19.810290087391135,6.122814349523527,0.01052041659117453,1.0017211895740963
19.618442565154787,6.122947941538235,0.010654008605881948,1.0017430458552523
19.425771662994684,6.122792539767646,0.010498606835293245,1.0017176213955825
19.233924140758344,6.122636047602939,0.010342114670586433,1.0016920185423126
19.042076618522007,6.122566253011763,0.010272320079409702,1.0016805998193352
18.850229096285666,6.122516632585293,0.01022269965293976,1.0016724816844722
18.65838157404933,6.122302342038234,0.010008409105880745,1.001637422744341
18.46653405181298,6.121827958770587,0.00953402583823415,1.001559811413333
18.27386314965288,6.121742896788234,0.009448963855881232,1.0015458948734404
18.27386314965288,6.121773976767646,0.009480043835292662,1.0015509797040707
18.082015627416542,6.121821961602939,0.00952802867058633,1.001558830248534
17.8901681051802,6.121819780814704,0.009525847882351002,1.0015584734613345
17.698320582943865,6.12152151680588,0.0092275838735274,1.0015096760683924
17.506473060707524,6.1214457250470575,0.009151792114704627,1.0014972761806162
17.31380215854742,6.121205261294117,0.008911328361763893,1.0014579351810537
17.121954636311084,6.1208677412235275,0.0085738082911746,1.0014027153120009
16.930107114074737,6.120801217814705,0.008507284882352195,1.0013918317698232
16.738259591838396,6.12077068303235,0.008476750099997155,1.0013868361359923
16.738259591838396,6.120536216447057,0.00824228351470424,1.0013484763012288
16.54723544952582,6.120608737023528,0.008314804091175354,1.0013603410082057
16.35456454736572,6.120763593597058,0.008469660664705003,1.0013856762710758
16.162717025129382,6.1206180072470575,0.00832407431470461,1.0013618576603223
15.97086950289303,6.120354096273529,0.00806016334117654,1.001318680585328
15.779021980656692,6.120142533585294,0.007848600652940796,1.0012840679357145
15.587174458420353,6.120189426152941,0.007895493220588357,1.00129173978006
15.395326936184015,6.120199786770588,0.007905853838234833,1.001293434825776
15.203479413947676,6.120128901785293,0.007834968852939994,1.0012818377091988
15.203479413947676,6.119908612197058,0.00761467926470516,1.0012457972977507
15.010808511787575,6.119679054258822,0.0073851213264690685,1.0012082405407041
14.818960989551236,6.119595082670587,0.007301149738234258,1.0011945023944115
14.627113467314887,6.119445679941174,0.007151747008821374,1.0011700594060584
14.435265945078548,6.119333354358822,0.0070394214264695165,1.001151682413135
14.242595042918447,6.11912069940294,0.006826766470586776,1.0011168910634034
14.050747520682108,6.119054175994116,0.006760243061763482,1.0011060075212255
13.859723378369532,6.1191763169970566,0.0068823840647036505,1.0011259903630652
13.667052476209431,6.119007283426469,0.006713350494115922,1.00109833567688
13.475204953973082,6.119050904811763,0.006756971879410045,1.001105472340426
13.475204953973082,6.1187777254882345,0.006483792555881607,1.0010607789198336
13.28253405181298,6.118500727911764,0.006206794979410901,1.0010154608151236
13.091509909500404,6.118087414208823,0.005793481276469947,1.0009478407517767
12.899662387264065,6.117845860061763,0.005551927129410217,1.000908321358614
12.707814865027727,6.117785880891175,0.005491947958821797,1.000898508484553
12.515967342791388,6.117826231094116,0.0055322981617633715,1.0009051099672999
12.323296440631276,6.1177269921147035,0.005433059182350597,1.0008888740040915
12.126508638852375,6.117573225935292,0.005279293002939056,1.0008637171348216
11.934661116616036,6.117459809958823,0.005165877026469978,1.0008451617482983
11.934661116616036,6.117509975582351,0.005216042649998087,1.000853369079961
11.742813594379697,6.1174570839735285,0.005163151041175595,1.0008447157642988
11.550966072143359,6.1172858696147046,0.00499193668235165,1.0008167042909137
11.358295169983258,6.117086301261764,0.004792368329410657,1.0007840539708979
11.166447647746908,6.116938534123528,0.004644601191174935,1.0007598785729446
10.97460012551057,6.116953801514705,0.004659868582352011,1.0007623763898599
10.782752603274231,6.116842566326469,0.004548633394116486,1.0007441777905361
10.590905081037892,6.116640271988233,0.004346339055880222,1.0007110814865205
10.399057558801553,6.116538852220588,0.004244919288234783,1.0006944887361133
10.399057558801553,6.11664681435294,0.004352881420587096,1.0007121518481195
10.206386656641453,6.116494138567647,0.004200205635293663,1.0006871733724492
10.014539134405103,6.116415620823527,0.004121687891173842,1.000674327500673
9.822691612168764,6.116384540844116,0.0040906079117633,1.000669242670043
9.630844089932426,6.11613807805,0.0038441451176467467,1.0006289201991636
9.43323290822976,6.115892707523529,0.0035987745911763014,1.0005887764284023
9.241385385993421,6.115774384773528,0.0034804518411748475,1.0005694182706795
9.049537863757072,6.115677326582352,0.003383393649999178,1.0005535390946712
8.857690341520733,6.115680597764705,0.0033866648323517268,1.0005540742754704
8.857690341520733,6.115730218191176,0.003436285258823446,1.0005621924103336
8.659255779894306,6.115728582599999,0.0034346496676462834,1.000561924819934
8.468231637581729,6.115487573649999,0.0031936407176464954,1.0005224946235716
8.27638411534539,6.115358890282352,0.003064957349999453,1.000501441420133
8.08371321318529,6.115247109897057,0.002953176964703985,1.0004831536240089
7.892689070872703,6.115181131685292,0.0028871987529388576,1.0004723592786307
7.700841548636364,6.114977201755882,0.0026832688235289837,1.000438995384216
7.5081706464762625,6.114782540176468,0.0024886072441150375,1.0004071478353989
7.316323124239924,6.11490031772941,0.002606384797057437,1.0004264167963217
7.316323124239924,6.114830525011764,0.0025365920794113705,1.0004149983798627
7.124475602003585,6.1145453476058815,0.002251414673528629,1.000368342016636
6.932628079767246,6.11434087247941,0.002046939547057036,1.000334888925421
6.740780557530898,6.114370862064704,0.002076929132351246,1.0003397953624515
6.548109655370796,6.1143305118617635,0.0020365789294105596,1.0003331938797049
6.3570855130582204,6.114308702105881,0.0020147691735283857,1.000329625701191
6.165237990821882,6.114277076929411,0.0019831439970579012,1.0003244516737608
5.972567088661781,6.114325059891175,0.002031126958821794,1.0003323019117059
5.780719566425442,6.11432724067941,0.0020333077470571226,1.0003326586989054
5.780719566425442,6.11428634527941,0.001992412347057382,1.0003259680193588
5.58804866426534,6.114233455544117,0.0019395226117637776,1.0003173150102147
5.397024521952754,6.114365410094117,0.002071477161764257,1.0003389033944527
5.205176999716415,6.114337601297057,0.0020436683647044873,1.0003343537446217
5.0133294774800765,6.114052970961763,0.0017590380294096875,1.000287786884713
4.821481955243738,6.1139957177764686,0.0017017848441156502,1.0002784199946515
4.628811053083637,6.11402243617941,0.0017285032470573114,1.0002827912508827
4.432023251304723,6.113931375155881,0.0016374422235276853,1.0002678932396731
4.240175729068384,6.113557866458821,0.0012639335264683638,1.0002067854622727
4.240175729068384,6.113378474144117,0.0010845412117639341,1.0001774360368896
4.047504826908283,6.113265056294116,0.0009711233617633042,1.000158880343848
3.8507170251293803,6.113399193505882,0.0011052605735288878,1.000180825821804
3.658046122969279,6.113478256447057,0.0011843235147042108,1.0001937608903793
3.46619860073293,6.113346847094116,0.0010529141617627857,1.000172261702941
3.2743510784965912,6.113587310847057,0.0012933779147044078,1.0002116027025034
3.0816801763364903,6.113394286732351,0.0011003537999982882,1.0001800230506046
2.890656034023914,6.113115108367646,0.0008211754352931422,1.000134348158695
2.698808511787575,6.112944984402939,0.0006510514705864168,1.00010651507891
2.506137609627474,6.113150551797058,0.0008566188647050055,1.0001401468702429
2.506137609627474,6.113206167517647,0.0009122345852938807,1.0001492458633867
2.3151134673148874,6.113127649773528,0.0008337168411749474,1.0001363999916109
2.1232659450785487,6.112983699014705,0.0006897660823517171,1.000112848971257
1.9305950429184475,6.113138555588234,0.0008446226558813663,1.000138184234127
1.7387475206821088,6.113308679552939,0.0010147466205863154,1.000166017313912
1.54689999844577,6.113338669138233,0.0010447362058805254,1.0001709237509426
1.3550524762094314,6.113229614738234,0.0009356818058812166,1.0001530819388185
1.1623815740493302,6.113189264535292,0.0008953316029387537,1.0001464804560714
0.9713574317367436,6.113178905791175,0.0008849728588220529,1.0001447857168737
0.9713574317367436,6.113218708923529,0.0009247759911756859,1.0001512976963023
0.7786865295766424,6.113245972523529,0.0009520395911764012,1.0001557581493337
0.5868390073403037,6.1131407363764705,0.0008468034441175831,1.0001385410213268
0.394991485103965,6.112928626617646,0.0006346936852930085,1.000103838868395
0.2031439628676263,6.112850652197058,0.00055671926470513,1.000091081886901
0.011296440631277183,6.112293932932353,0.0,1.0
-0.18055108160506153,6.112286300173528,-7.632758824982488e-06,0.9999987512448013
-0.37816226330772695,6.112560024694116,0.00026609176176339844,1.0000435338621936
-0.5700097855440657,6.113044768579411,0.0007508356470582456,1.000122840238918
-0.5700097855440657,6.113381745326469,0.001087812394116483,1.0001779712176888
-0.7626806877041669,6.1132737813205855,0.000979848388232618,1.000160307799164
-0.9545282099405056,6.11337192990588,0.0010779969735272843,1.0001763653687725
-1.1455523522530922,6.113507702708821,0.0012137697764682542,1.000198578437128
-1.3373998744894309,6.113417186882352,0.0011232539499994587,1.0001837696227185
-1.530070776649532,6.113377381876469,0.00108344894411605,1.0001772573367715
-1.7219182988858708,6.113381745326469,0.001087812394116483,1.0001779712176888
-1.9137658211222095,6.11329940932941,0.001005476397057059,1.0001645006617956
-2.105613343358548,6.11318108657941,0.0008871536470573815,1.0001451425040733
-2.105613343358548,6.113259604323528,0.0009656713911754267,1.000157988375849
-2.297460865594897,6.113233431117647,0.0009394981852937079,1.0001537063164179
-2.489308387831236,6.1131407363764705,0.0008468034441175831,1.0001385410213268
-2.6811559100675746,6.113068760997058,0.0007748280647055239,1.0001267655111497
-2.873826812227676,6.113148914332351,0.0008549813999980671,1.000139878973325
-3.064850954540252,6.113184357761763,0.0008904248294099304,1.0001456776848725
-3.2575218567003534,6.11321816372647,0.0009242307941175198,1.0001512084995026
-3.4493693789367024,6.113413915699998,0.0011199827676451335,1.0001832344419188
-3.6420402810968033,6.113627115852941,0.0013331829205878165,1.0002181149884506
-3.83306442340938,6.113706723991175,0.0014127910588221937,1.000231139253826
-3.83306442340938,6.1137737925970566,0.0014798596647036533,1.0002421119928036
-4.0249119456457185,6.113826139008823,0.0015322060764697554,1.0002506761116665
-4.216759467882057,6.113768885823527,0.0014749528911739418,1.0002413092216045
-4.408606990118396,6.1138812114058805,0.0015872784735275758,1.0002596862145283
-4.606218171821072,6.1140878673205865,0.001793934388233609,1.0002934960929428
-4.798889073981173,6.114169658120586,0.0018757251882330905,1.000306877452036
-4.990736596217512,6.114062784508822,0.0017688515764691104,1.0002893924271112
-5.182584118453851,6.113870850788234,0.0015769178558810992,1.0002579911688123
-5.374431640690189,6.11374107702647,0.0014471440941168368,1.0002367595717738
-5.374431640690189,6.113801601394116,0.0015076684617634228,1.0002466616426346
-5.566279162926528,6.113941190576469,0.0016472576441159958,1.0002694990885894
-5.7581266851628765,6.113654924649999,0.0013609917176458097,1.0002226646382815
-5.950797587322978,6.1137672502323515,0.0014733172999985555,1.000241041631205
-6.141821729635554,6.114055696947057,0.0017617640147040703,1.0002882328687126
-6.333669251871893,6.114428115249998,0.0021341823176452834,1.0003491622525131
-6.525516774108231,6.114614596999999,0.0023206640676463053,1.0003796715428135
-6.718187676268333,6.114656582794117,0.0023626498617641545,1.00038654061596
-6.910035198504672,6.114616232591175,0.0023222996588216915,1.000379939133213
-6.910035198504672,6.114357230264704,0.0020632973323513326,1.000337565135936
-7.101882720741011,6.114354504279411,0.002060571347057838,1.0003371191519366
-7.294553622901112,6.1144799164647035,0.002185983532350555,1.0003576371745757
-7.4855777652137085,6.114477190479411,0.0021832575470579485,1.0003571911905766
-7.677425287450047,6.114632592249998,0.0023386593176448756,1.0003826156502462
-7.869272809686386,6.114762911208822,0.0024689782764690804,1.0004039364440847
-8.061943711846487,6.114911768741174,0.002617835808821134,1.0004282902356374
-8.253791234082826,6.115076985932352,0.002783052999999036,1.000455320544224
-8.445638756319164,6.115226388661762,0.0029324557294092557,1.0004797635325764
-8.445638756319164,6.115397057823528,0.0031031248911750353,1.0005076858091617
-8.64324993802184,6.1157307633882345,0.003436830455881612,1.0005622816071336
-8.83509746025818,6.115928150952939,0.0036342180205863883,1.0005945751399496
-9.026944982494518,6.116084643117645,0.003790710185292312,1.0006201779932193
-9.218792504730857,6.116953801514705,0.004659868582352011,1.0007623763898599
-9.411463406890958,6.117164273808823,0.004870340876470536,1.0007968106458738
-9.602487549203534,6.11681094115,0.0045170082176468895,1.000739003763106
-9.794335071439873,6.1165650235529405,0.004271090620587614,1.0006987704890262
-9.99194625314255,6.116469057629411,0.0041751246970580524,1.0006830700131357
-9.99194625314255,6.116422163188234,0.004128230255880716,1.000675397862272
-10.183793775378888,6.116347461823528,0.004053528891175162,1.0006631763680955
-10.375641297615227,6.116394354391174,0.0041004214588209464,1.000670848212441
-10.568312199775328,6.116538305149999,0.004244372217645953,1.000694399232795
-10.760159722011666,6.116555210005881,0.004261277073528191,1.000697164946628
-10.952007244248005,6.116779314099999,0.004485381167645741,1.0007338294291575
-11.143854766484344,6.1169499832617635,0.004656050329410633,1.0007617517057426
-11.335702288720682,6.117040499088236,0.004746566155882981,1.0007765605201524
-11.527549810957021,6.116986517085293,0.004692584152939716,1.0007677288108898
-11.71939733319336,6.116904726285293,0.0046107933529402345,1.0007543474517968
-11.71939733319336,6.117019232655881,0.004725299723528309,1.00077308123192
-11.911244855429718,6.11722916162647,0.004935228694116667,1.000807426597652
-12.103092377666057,6.1174859831647055,0.005192050232352585,1.0008494438077296
-12.295763279826158,6.117436362738234,0.005142429805880866,1.0008413256728663
-12.487610802062497,6.1171424640529395,0.0048485311205865855,1.0007932424673596
-12.679458324298835,6.116870375123528,0.004576442191175367,1.000748727440367
-12.871305846535174,6.116951073655881,0.004657140723527853,1.0007619300993422
-13.063153368771513,6.117238431849999,0.004944498917645923,1.0008089432497684
-13.255000891007851,6.117332216985293,0.005038284052940156,1.0008242869384594
-13.255000891007851,6.117509975582351,0.005216042649998087,1.000853369079961
-13.44684841324419,6.117878032308822,0.005584099376469531,1.0009135848893627
-13.639519315404293,6.118368773361764,0.00607484042941131,1.0009938724308858
-13.83136683764063,6.118542168508822,0.006248235576468808,1.00102224069147
-14.023214359876969,6.118455470935293,0.006161538002940503,1.0010080565611779
-14.215061882113307,6.118444565120587,0.006150632188234084,1.0010062723186617
-14.406909404349667,6.118878600058822,0.006584667126468879,1.001077282473441
-14.598756926586006,6.119044905770587,0.006750972838234226,1.001104490869109
-14.791427828746107,6.119132695611763,0.006838762679410415,1.0011188536995193
-14.791427828746107,6.119031275844116,0.0067373429117632,1.0011022609491116
-14.954457053650803,6.119037273011763,0.006743340079410132,1.0011032421139103
-14.954457053650803,6.118994742020587,0.0067008090882341165,1.001096283843964
-14.954457053650803,6.11904763362941,0.006753700697057496,1.0011049371596266
-14.954457053650803,6.1193268101205875,0.007032877188234643,1.001150611745018
-14.954457053650803,6.119614166441174,0.007320233508821161,1.0011976245889258
-14.954457053650803,6.119442408758822,0.007148475826468825,1.0011695242252592
-14.954457053650803,6.119459856938234,0.00716592400588123,1.001172378829374
-14.954457053650803,6.119560186311764,0.007266253379411225,1.001188793186182
-14.954457053650803,6.119469125288234,0.007175192355880711,1.0011738951749722
-14.954457053650803,6.119474033935293,0.007180101002940198,1.0011746982526895
-14.954457053650803,6.119610350061763,0.007316417129410446,1.0011970002113266
-14.954457053650803,6.11961634910294,0.007322416170587154,1.0011979816826437
-14.954457053650803,6.119722675644117,0.00742874271176408,1.0012153772042505
-14.954457053650803,6.11991679202647,0.007622859094117196,1.0012471355562673
-14.954457053650803,6.11999858282647,0.0077046498941166774,1.0012605169153606
-14.954457053650803,6.119932059417646,0.007638126485293384,1.0012496333731826
-14.954457053650803,6.119765206635293,0.0074712737029400955,1.0012223354741967
-14.954457053650803,6.1196686936411755,0.007374760708822592,1.001206545494988
-14.954457053650803,6.119680689849999,0.007386756917646231,1.001208508131104
-14.954457053650803,6.119754300820587,0.007460367888233677,1.0012205512316805
-14.954457053650803,6.119789744249998,0.00749581131764554,1.0012263499432281
-14.954457053650803,6.119908612197058,0.00761467926470516,1.0012457972977507
-14.954457053650803,6.120089641976469,0.007795709044116528,1.001275414620052
-14.954457053650803,6.120129446982351,0.00783551404999816,1.0012819269059987
-14.954457053650803,6.120221051329411,0.007927118397057953,1.00129691380749
-14.954457053650803,6.120107090155881,0.007813157223528044,1.0012782692241666
-14.954457053650803,6.1198960707911745,0.007602137858821578,1.0012437454648349
-14.954457053650803,6.119805556838234,0.007511623905880782,1.0012289369569434
-14.954457053650803,6.11974884885,0.007454915917646687,1.0012196592636817
-14.954457053650803,6.119716133279411,0.007422200347058094,1.0012143068426518
-14.954457053650803,6.119796286614704,0.007502353682351526,1.0012274203048268
-14.954457053650803,6.119883529385293,0.007589596452939773,1.001241693631919
