Angle (degree),rho (mOhm cm),Delta rho (mOhm cm),rho/rho(theta=0)
107.9669954210224,4.913805948519332,-0.3134899659630186,0.9400282725348518
107.9669954210224,4.913800138555602,-0.31349577592674915,0.9400271610684596
107.9669954210224,4.913819313432462,-0.3134766010498886,0.9400308292895005
107.9669954210224,4.9138140844651055,-0.3134818300172455,0.9400298289697477
107.9669954210224,4.913722856055235,-0.31357305842711636,0.9400123766557094
107.9669954210224,4.913637437609093,-0.31365847687325754,0.939996035808063
107.9669954210224,4.913651383518598,-0.313644530963753,0.9399987037093513
107.80282577816524,4.913625815685082,-0.31367009879726915,0.9399938124933317
107.63431684959382,4.913569453047245,-0.3137264614351061,0.9399830301234872
107.46580792102239,4.913395711173099,-0.3139002033092524,0.9399497926949986
107.29729899245096,4.9129814068522535,-0.3143145076300975,0.9398705348286709
107.29729899245096,4.912260875515254,-0.31503503896709706,0.9397326946625912
107.12879006387953,4.9111022170095655,-0.3161936974727855,0.9395110392360296
106.9595579210224,4.909346795366739,-0.3179491191156121,0.9391752209331165
106.79177220673668,4.907234015033829,-0.3200618994485218,0.9387710386623067
106.62254006387954,4.904838251532786,-0.32245766294956457,0.9383127207212073
106.45475434959381,4.902047939584134,-0.32524797489821733,0.9377789242814607
106.28552220673667,4.899440084455222,-0.32785583002712926,0.9372800324697906
106.11701327816525,4.896275562925118,-0.33102035155723275,0.9366746484276636
105.94850434959382,4.892178418430144,-0.33511749605220675,0.9358908503488859
105.94850434959382,4.888099867815659,-0.3391960466666921,0.93511060934451
105.77999542102239,4.8838493183161455,-0.34344659616620543,0.934297464351563
105.61148649245096,4.879916617756798,-0.3473792967255527,0.9335451249730994
105.44297756387954,4.875588787753469,-0.3517071267288818,0.9327171959493495
105.27446863530811,4.870568607732059,-0.3567273067502921,0.9317568179444423
105.10523649245097,4.865548429707198,-0.36174748477515273,0.930796440321482
104.93672756387954,4.860210694238632,-0.3670852202437187,0.9297753128483314
104.76821863530812,4.854842742965568,-0.37245317151678314,0.9287484049860478
104.59970970673666,4.849421334036533,-0.3778745804458179,0.9277112704871161
104.43120077816523,4.843836351668154,-0.38345956281419724,0.926642843816855
104.43120077816523,4.838010515356616,-0.38928539912573523,0.9255283409444622
104.2619686353081,4.832102748573725,-0.3951931659086263,0.9243981644862052
104.09418292102238,4.826485515915266,-0.400810398567085,0.9233235682226005
103.92567399245095,4.820733186625945,-0.40656272785640635,0.9222231275007764
103.75716506387953,4.815018334597513,-0.4122775798848384,0.9211298563101022
103.58793292102239,4.809177100883813,-0.41811881359853764,0.9200124078607967
103.41942399245096,4.803366661974435,-0.42392925250791613,0.9189008505653162
103.25091506387953,4.797478070068405,-0.42981784441394577,0.9177743423281003
103.0824061353081,4.791680996072158,-0.4356149184101934,0.9166653417872687
103.0824061353081,4.7855495157373875,-0.44174639874496346,0.9154923681437099
102.91389720673668,4.779309664604916,-0.4479862498774354,0.9142986627873355
102.74538827816525,4.7731543594257495,-0.4541415550566015,0.9131211313676749
102.57687934959382,4.766843327253103,-0.4604525872292484,0.9119138088292356
102.40837042102238,4.7604125938552055,-0.46688332062714544,0.9106835870275425
102.23913827816524,4.753797952144909,-0.4734979623374418,0.9094181829221483
102.07062934959382,4.747162682068541,-0.48013323241381034,0.9081488325381409
101.90212042102239,4.740290042030703,-0.4870058724516477,0.9068340724498902
101.72782577816525,4.733153595698143,-0.494142318784208,0.9054688452943376
101.72782577816525,4.7257739694403815,-0.5015219450419695,0.9040570969681493
101.56004006387954,4.7181090380255455,-0.5091868764568055,0.9025907687670616
101.3915311353081,4.710241893917735,-0.5170540205646157,0.9010857565702173
101.22302220673667,4.701959281499781,-0.5253366329825697,0.8995012638318195
101.05451327816525,4.693361435623616,-0.5339344788587352,0.8978564658297884
100.88094184959382,4.68486208360681,-0.5424338308755408,0.8962305100477066
100.70737042102239,4.676286611082384,-0.551009303399967,0.894589992146153
100.53886149245096,4.667740190373158,-0.5595557241091926,0.8929550319585066
100.37035256387954,4.658703927828393,-0.5685919866539582,0.8912263633136475
100.37035256387954,4.6498181613132,-0.5774777531691511,0.8895264850858673
100.20184363530811,4.64072262715563,-0.5865732873267211,0.8877864775740731
100.02827220673667,4.631457422091628,-0.5958384923907234,0.8860140114241595
99.85976327816525,4.62225991009301,-0.6050360043893406,0.8842544951945281
99.6905311353081,4.613056296634201,-0.61423961784815,0.8824938117342116
99.52274542102239,4.603346569448302,-0.623949345034049,0.8806363069468897
99.35423649245097,4.59374956953463,-0.633546344947721,0.8788003672812046
99.18500434959383,4.583924499594554,-0.6433714148877971,0.8769207970213967
99.0164954210224,4.573536659796541,-0.6537592546858102,0.8749335669184991
99.0164954210224,4.562511966115101,-0.6647839483672504,0.8728245044391977
98.84726327816526,4.5518312662106135,-0.6754646482717375,0.8707812491731439
98.67947756387953,4.541156084773393,-0.6861398297089583,0.8687390496091887
98.5109686353081,4.529649970708994,-0.6976459437733569,0.8665378897260223
98.34245970673668,4.518128459242433,-0.7091674552399176,0.864333784265943
98.17395077816525,4.506137730313299,-0.7211581841690524,0.862039915863369
98.00544184959382,4.493808236574567,-0.7334876779077844,0.8596812405673
97.83620970673668,4.481161766388505,-0.7461341480938462,0.8572619265676804
97.66697756387953,4.468283740197801,-0.7590121742845497,0.8547983150941029
97.66697756387953,4.454867058493469,-0.7724288559888821,0.8522316569358837
97.49919184959383,4.4412435141286215,-0.7860524003537295,0.8496254252268458
97.3306829210224,4.42758074751722,-0.7997151669651306,0.8470116901647944
97.16217399245097,4.413859875278864,-0.813436039203487,0.8443868392929808
96.99366506387955,4.400376371005427,-0.8269195434769241,0.8418073977434636
96.82443292102239,4.386947486380709,-0.8403484281016418,0.8392384051238737
96.65664720673666,4.37293985349952,-0.8543560609828313,0.8365586959376421
96.48741506387952,4.359007470629665,-0.8682884438526859,0.8338933823418966
96.31818292102238,4.345464405243516,-0.8818315092388351,0.831302546543099
96.14967399245096,4.332049758024763,-0.8952461564575875,0.8287362775890903
96.14967399245096,4.31856886723673,-0.9087270472456206,0.8261573360084762
95.98116506387953,4.304997329035199,-0.9222985854471517,0.8235610532604628
95.81337934959382,4.290974007255387,-0.9363219072269642,0.8208783427330254
95.64487042102239,4.276894322837738,-0.9504015916446127,0.8181848498357436
95.47636149245096,4.262741420897782,-0.9645544935845694,0.8154773501702386
95.30712934959382,4.248452258337667,-0.9788436561446838,0.8127437833712888
95.1342811353081,4.234044556545048,-0.9932513579373028,0.8099875396023639
94.96432577816525,4.219230686377357,-1.0080652281049938,0.8071535944020073
94.79726327816525,4.2043926998688095,-1.0229032146135415,0.804315035661256
94.79726327816525,4.189782785383213,-1.0375131290991382,0.8015201078965737
94.6280311353081,4.17446221849551,-1.0528336959868412,0.7985892298406256
94.45879899245097,4.158875229831134,-1.0684206846512172,0.7956073843665266
94.29101327816525,4.143967515771617,-1.0833283987107336,0.7927554865012815
94.12250434959383,4.129341039894565,-1.0979548745877858,0.7899573904844616
93.9539954210224,4.1148185783406905,-1.1124773361416604,0.7871791927716365
93.78476327816526,4.100746155379428,-1.1265497591029225,0.784487089016371
93.61625434959382,4.086376513840619,-1.1409194006417316,0.7817381263071818
93.44774542102239,4.072277071553186,-1.1550188429291648,0.7790408536602726
93.44774542102239,4.058709021326445,-1.168586893155906,0.7764452381740419
93.27923649245096,4.045927742012881,-1.1813681724694698,0.7740001347166017
93.11072756387954,4.033409398497755,-1.1938865159845964,0.7716053317974778
92.94221863530811,4.021757144878304,-1.205538769604047,0.7693762149060526
92.77370970673668,4.011090971879693,-1.2162049426026575,0.7673357386879261
92.60520077816525,4.0006203311140425,-1.2266755833683085,0.765332668470179
92.43669184959383,3.990734827568419,-1.236561086913932,0.7634415370501583
92.2681829210224,3.981349921279164,-1.245945993203187,0.7616461716369904
92.09895077816525,3.972378446817919,-1.254917467664432,0.759929897179218
92.09895077816525,3.9639293559787574,-1.2633665585035936,0.7583135565362953
91.93044184959382,3.9560067197293933,-1.2712891947529577,0.7567979284985914
91.76193292102239,3.9485230811450034,-1.2787728333373476,0.7553662822503551
91.59342399245097,3.9418256364705186,-1.2854702780118323,0.7540850376481643
91.42491506387952,3.9357638836867164,-1.2915320307956346,0.7529254031290991
91.25568292102238,3.930191685235095,-1.2971042292472559,0.7518594220668479
91.08789720673667,3.9250730153474254,-1.3022228991349256,0.7508802026058855
90.91866506387953,3.9207652327137916,-1.3065306817685594,0.7500561087141089
90.7501561353081,3.917134107206515,-1.3101618072758359,0.7493614616983897
90.58092399245096,3.913830707577746,-1.3134652069046049,0.7487295097900202
90.58092399245096,3.9111603883508064,-1.3161355261315446,0.7482186683778206
90.41313827816525,3.9093302996895667,-1.3179656147927843,0.7478685660130071
90.24462934959382,3.9082718740392552,-1.3190240404430957,0.7476660854824179
90.07105792102239,3.907834327866939,-1.3194615866154118,0.747582381368575
89.90254899245096,3.9079534460992664,-1.3193424683830846,0.7476051691032425
89.73404006387953,3.908770434813495,-1.318525479668856,0.7477614619031134
89.5655311353081,3.9100092827979664,-1.3172866316843845,0.7479984578575685
89.39629899245097,3.9120084633658188,-1.3152874511165322,0.7483809080958099
89.22779006387954,3.9144765698997817,-1.3128193445825693,0.7488530655122525
89.22779006387954,3.9175611954441165,-1.3097347190382345,0.7494431651727268
89.05928113530811,3.9213265490825213,-1.3059693653998297,0.7501634904996273
88.89004899245097,3.925557049215787,-1.301738865266564,0.7509727999786534
88.72226327816526,3.9303552586744375,-1.2969406558079135,0.7518907142381767
88.55303113530809,3.9357034520777177,-1.2915924624046333,0.7529138423508329
88.38524542102239,3.9416562530674453,-1.2856396614149057,0.7540526340104432
88.21601327816524,3.94825898335382,-1.2790369311285308,0.7553157594187603
88.04822756387954,3.955312337222282,-1.2719835772600692,0.7566650906951704
87.87465613530811,3.9632341029753624,-1.2640618115069886,0.7581805522038891
87.87465613530811,3.971563492589272,-1.2557324218930788,0.7597739935835579
87.70614720673669,3.980591329688353,-1.246704584793998,0.7615010504111749
87.53691506387952,3.9902252278630916,-1.2370706866192593,0.7633440488433179
87.36840613530809,4.000475934548113,-1.2268199799342376,0.7653050449018387
87.19989720673667,4.011739449683682,-1.2155564647986692,0.7674597947610082
87.03138827816524,4.02374761050056,-1.2035483039817914,0.7697569979447058
86.86287934959381,4.036030618539795,-1.1912652959425563,0.7721067803637964
86.69437042102238,4.048879011918923,-1.178416902563428,0.7745647229768272
86.52586149245096,4.062403772924497,-1.1648921415578544,0.7771520570835693
86.52586149245096,4.075943931332231,-1.1513519831501196,0.779742336767224
86.35229006387952,4.090703473347666,-1.1365924411346846,0.7825658888019468
86.1837811353081,4.1052927594671935,-1.1220031550151575,0.7853568702880164
86.01527220673667,4.120209771465227,-1.1070861430171242,0.7882105468814354
85.84604006387953,4.1354687447511855,-1.0918271697311654,0.791129641865839
85.67825434959381,4.150973219951288,-1.076322694531063,0.7940957022254882
85.50902220673667,4.1659817518556554,-1.0613141626266955,0.796966886897239
85.33617399245095,4.18102950401003,-1.0462664104723212,0.7998455745400572
85.16694184959381,4.195914265717984,-1.0313816487643672,0.8026930815401326
85.16694184959381,4.210833893197973,-1.0164620212843776,0.8055472584844021
84.99409363530812,4.226038244838662,-1.0012576696436888,0.8084559041569314
84.82052220673668,4.240425899261586,-0.9868700152207648,0.8112083127938831
84.65201327816526,4.255243257404065,-0.9720526570782857,0.814042925256022
84.48350434959383,4.269846199933184,-0.9574497145491669,0.8168365192610334
84.3149954210224,4.284577558633151,-0.9427183558492,0.8196546797288871
84.14576327816523,4.298701115264891,-0.9285947992174597,0.822356565534244
83.97725434959384,4.312892947954943,-0.9144029665274083,0.8250715127884701
83.80874542102238,4.326790467049312,-0.900505447433039,0.8277301568219686
83.80874542102238,4.340615932610671,-0.88667998187168,0.8303750167624696
83.64023649245095,4.354528559607289,-0.8727673548750623,0.8330365509905343
83.47172756387953,4.368518179604364,-0.8587777348779868,0.8357128142490036
83.29815613530812,4.382548473340654,-0.8447474411416973,0.8383968585361116
83.12892399245095,4.3963556365179866,-0.8309402779643644,0.841038217166504
82.96041506387954,4.410150888271397,-0.8171450262109543,0.8436772970998191
82.7919061353081,4.42401528458285,-0.8032806298995006,0.8463296046290412
82.62339720673667,4.437314010047604,-0.7899819044347467,0.8488736973458719
82.45488827816524,4.45070105694381,-0.7765948575385409,0.8514346862615974
82.45488827816524,4.463728419167891,-0.7635674953144598,0.8539268662409225
82.28637934959382,4.4765718710830225,-0.7507240433993285,0.8563838635345994
82.11787042102239,4.489511201375559,-0.7377847131067918,0.8588592026973753
81.94936149245096,4.501854643020344,-0.7254412714620067,0.8612205462766793
81.78012934959382,4.5142375944150475,-0.7130583200673035,0.8635894482093968
81.6116204210224,4.525949409147212,-0.7013465053351391,0.8658299593501027
81.44383470673668,4.537659478893707,-0.6896364355886444,0.868070136668944
81.27460256387954,4.548825374659303,-0.6784705398230484,0.8702062116010442
81.1060936353081,4.559823921507405,-0.6674719929749457,0.8723102720996341
81.1060936353081,4.57049794095188,-0.6567979735304714,0.8743522493703109
80.93758470673667,4.580911346586857,-0.6463845678954936,0.8763443703072807
80.76907577816525,4.5911187640507105,-0.6361771504316405,0.8782970849863126
80.60056684959382,4.60106818318702,-0.626227731295331,0.8802004436824876
80.43205792102239,4.6109542657324685,-0.6163416487498825,0.8820916858672009
80.26282577816525,4.6207482493717595,-0.6065476651105914,0.8839653092088902
80.09504006387954,4.63049661780784,-0.5967992966745106,0.8858302062025868
79.9258079210224,4.6404968811147205,-0.5867990333676305,0.8877432915665078
79.75657577816524,4.650176392496118,-0.5771195219862326,0.8895950159646963
79.75657577816524,4.659446247527657,-0.567849666954694,0.891368371669671
79.58879006387954,4.668369782800199,-0.5589261316821519,0.893075475192894
79.42028113530812,4.677252352837065,-0.5500435616452863,0.894774741923185
79.24670970673668,4.686191868504692,-0.5411040459776588,0.896484902551907
79.07820077816525,4.694998028534026,-0.5322978859483252,0.8981695517803802
78.90969184959383,4.70370017424018,-0.5235957402421709,0.8998343027048581
78.7411829210224,4.7113851550212615,-0.5159107594610894,0.9013044664198662
78.57267399245097,4.7191639757010675,-0.5081319387812835,0.9027925820358684
78.40416506387955,4.72685098897118,-0.5004449255111707,0.9042631345731402
78.40416506387955,4.734204466399055,-0.4930914480832964,0.9056698805366701
78.2356561353081,4.7417810743858855,-0.4855148400964655,0.9071193121569157
78.06714720673668,4.748916650222158,-0.4783792642601927,0.9084843727834823
77.89791506387954,4.755860760800085,-0.47143515368226563,0.9098128054361447
77.7294061353081,4.762644785913455,-0.4646511285688959,0.9111106131792599
77.56089720673667,4.769324509200286,-0.45797140528206537,0.9123884676179811
77.39238827816524,4.775725607790058,-0.45157030669229314,0.9136130201771806
77.2231561353081,4.782117408441311,-0.4451785060410396,0.9148357940082057
77.05537042102239,4.7882779425878335,-0.4390179718945175,0.9160143257476189
76.88613827816525,4.794591009246062,-0.4327049052362888,0.9172220374902692
76.88613827816525,4.800628356189097,-0.4266675582932544,0.9183770030865936
76.71762934959382,4.8064765638558224,-0.42081935062652853,0.9194957856775167
76.5491204210224,4.812395371566351,-0.41490054291599954,0.9206280743038657
76.38061149245097,4.818252585675135,-0.4090433288072157,0.9217485798586701
76.21210256387954,4.824028450308941,-0.4032674641734104,0.9228535229742498
76.0435936353081,4.829633480047016,-0.3976624344353352,0.9239257847764842
75.87508470673667,4.83549476113041,-0.391801153351941,0.9250470683577628
75.70585256387953,4.8411616739701415,-0.38613424051220946,0.9261311686138879
75.5373436353081,4.846895119879062,-0.3804007946032888,0.927227996878964
75.5373436353081,4.8525027631025415,-0.3747931513798095,0.9283007586501013
75.36883470673668,4.85786606640462,-0.36942984807773094,0.9293267773392708
75.20032577816525,4.863049815872273,-0.36424609861007795,0.930318446751613
75.03181684959382,4.868135366970129,-0.3591605475122224,0.9312913304721933
74.8633079210224,4.873282509673179,-0.3540134048091721,0.932275996882371
74.69479899245097,4.8782088458027655,-0.3490870686795855,0.9332184222223902
74.52556684959382,4.882787117187684,-0.344508797294667,0.9340942615587924
74.35778113530812,4.887317742876913,-0.33997817160543775,0.9349609861068856
74.18854899245096,4.891623493021518,-0.3356724214608331,0.9357846911763987
74.02004006387953,4.896043713427465,-0.33125220105488573,0.9366302948074656
74.02004006387953,4.9003593425069605,-0.3269365719753905,0.9374558897517922
73.85153113530811,4.904619187948442,-0.322676726533909,0.9382708130909664
73.68302220673668,4.908794195940156,-0.318501718542195,0.9390695067291335
73.51379006387954,4.912653099977373,-0.3146428145049782,0.9398077285746819
73.34600434959381,4.9166136923557255,-0.31068222212662544,0.9405654037557214
73.17749542102239,4.920606243527699,-0.30668967095465227,0.9413291927658121
73.00898649245096,4.924773698566563,-0.3025222159157881,0.9421264414976694
72.83975434959382,4.928963233464153,-0.29833268101819765,0.9429279141837638
72.67124542102239,4.932757057921386,-0.29453885656096457,0.9436536860779323
72.67124542102239,4.936334142779769,-0.2909617717025821,0.944337994928417
72.50273649245096,4.940035576834385,-0.2872603376479663,0.9450460922152686
72.33350434959382,4.9437649027080095,-0.2835310117743415,0.9457595253046969
72.16571863530811,4.947378594330995,-0.2799173201513563,0.9464508371573458
71.99720970673667,4.950862707790386,-0.2764332066919648,0.9471173602538743
71.82870077816524,4.954174241368376,-0.27312167311397495,0.9477508682151924
71.6594686353081,4.957479383986264,-0.26981653049608667,0.9483831535634795
71.49095970673667,4.9606892312196695,-0.26660668326268144,0.9489972085712536
71.32245077816525,4.963896171474659,-0.2633997430076924,0.9496107074638845
71.32245077816525,4.967119964617567,-0.26017594986478354,0.9502274303729468
71.15394184959382,4.970253689346801,-0.2570422251355504,0.9508269228793019
70.98470970673667,4.9733078075901735,-0.25398810689217743,0.9514111863863499
70.81620077816524,4.97617075406821,-0.2511251604141407,0.9519588780657333
70.64841506387954,4.978687961783622,-0.2486079526987286,0.9524404287100039
70.47990613530811,4.981654339591914,-0.2456415748904366,0.9530079071647961
70.30633470673668,4.9848014292342775,-0.2424944852480735,0.9536099564258
70.13782577816525,4.988821872225257,-0.2384740422570939,0.9543790812384668
69.9685936353081,4.991857977584516,-0.235437936897835,0.9549598988177523
69.9685936353081,4.994443171858328,-0.232852742624023,0.955454455528546
69.79502220673668,4.99698710740345,-0.23030880707890056,0.9559411193001673
69.62723649245096,4.999603679474508,-0.22769223500784275,0.9564416786933726
69.4580043495938,5.002193521719304,-0.22510239276304667,0.95693712457728
69.29021863530811,5.004936764975538,-0.22235914950681313,0.9574619166114622
69.12026327816524,5.007595174775107,-0.21970073970724435,0.9579704797085319
68.95247756387953,5.0102036109003905,-0.21709230358196052,0.958469482666841
68.7789061353081,5.0128166949966575,-0.21447921948569348,0.9589693747982636
68.61039720673666,5.015348429617948,-0.21194748486440318,0.9594537044904617
68.61039720673666,5.01782205661573,-0.20947385786662132,0.9599269179909504
68.44188827816524,5.020253845885002,-0.20704206859734864,0.9603921277875749
68.27337934959381,5.022717014948072,-0.20457889953427877,0.9608633406485583
68.10487042102238,5.0255160418423195,-0.2017798726400315,0.9613988042878928
67.93636149245096,5.028208734420998,-0.19908718006135295,0.9619139258005699
67.76785256387953,5.030616117849501,-0.19667979663284996,0.9623744666744533
67.5942811353081,5.033025827260047,-0.19427008722230354,0.9628354525168408
67.42577220673667,5.035501778243321,-0.19179413623902963,0.9633091106038861
67.25654006387953,5.037889988791516,-0.18940592569083492,0.9637659836386762
67.25654006387953,5.040317130089803,-0.18697878439254811,0.9642303042621867
67.0880311353081,5.042791919080334,-0.18450399540201712,0.9647037400559543
66.91952220673667,5.045173155675499,-0.1821227588068517,0.9651592789491262
66.75101327816525,5.0473498535956445,-0.1799460608867065,0.965575688878037
66.58250434959382,5.049514931588331,-0.17778098289401978,0.9659898758741641
66.41399542102239,5.05191941203152,-0.17537650245083114,0.9664498613967987
66.24548649245096,5.054412213906165,-0.17288370057618607,0.9669267431183286
66.07625434959382,5.056853882110329,-0.17044203237202193,0.9673938427897667
65.90846863530811,5.058992230276754,-0.16830368420559694,0.9678029162765958
65.90846863530811,5.0610614298920344,-0.16623448459031653,0.9681987614036236
65.73923649245097,5.063357831033982,-0.16393808344836902,0.9686380709777355
65.57072756387953,5.06573383666524,-0.16156207781711096,0.9690926091692075
65.4022186353081,5.068071492542775,-0.15922442193957576,0.9695398109185974
65.23370970673668,5.07036324371719,-0.15693267076516104,0.9699782309376488
65.06520077816525,5.072763657185769,-0.15453225729658193,0.9704374384338093
64.89596863530811,5.07516697363966,-0.15212894084269113,0.970897201281218
64.72745970673668,5.077328565654109,-0.14996734882824203,0.97131072139751
64.55967399245097,5.07935999651204,-0.1479359179703108,0.971699341229095
64.39044184959383,5.08139898032282,-0.14589693415953064,0.9720894059669897
64.39044184959383,5.08355708436248,-0.14373883011987054,0.9725022588214992
64.2219329210224,5.085803511830145,-0.1414924026522062,0.9729320082568508
64.05342399245096,5.08804993929781,-0.13924597518454096,0.9733617576922025
63.88491506387953,5.090267895946645,-0.13702801853570623,0.9737860605602857
63.716406135308105,5.092215070351182,-0.13508084413116883,0.974158561837503
63.547173992450965,5.094263933096855,-0.13303198138549632,0.9745505164502113
63.37866506387953,5.096464455861398,-0.13083145862095336,0.9749714841552242
63.210156135308104,5.098725410234941,-0.1285705042474099,0.9754040126385035
63.04164720673668,5.100853298470099,-0.12644261601225182,0.9758110851038795
63.04164720673668,5.102930053034779,-0.124365861447572,0.9762083755191641
62.87313827816525,5.104901052283713,-0.12239486219863771,0.9765854345724833
62.70462934959382,5.106949915029387,-0.12034599945296431,0.9769773891851917
62.536120421022396,5.109076060275428,-0.11821985420692283,0.9773841282106506
62.36688827816525,5.111190004597633,-0.11610590988471792,0.9777885331566856
62.19910256387954,5.113178435734308,-0.11411747874804323,0.9781689269911279
62.0305936353081,5.115242987378603,-0.11205292710374781,0.9785638829450419
61.86136149245096,5.11745745605265,-0.10983845842970119,0.9789875185513429
61.69285256387953,5.119846245600665,-0.10744966888168594,0.9794445023508246
61.69285256387953,5.12210778097058,-0.10518813351177059,0.9798771419807429
61.52434363530811,5.124218820310924,-0.10307709417142696,0.9802809911935827
61.355111492450966,5.126255480136211,-0.10104043434613974,0.9806706113449203
61.187325778165246,5.128375815418522,-0.09892009906382881,0.981076238903987
61.01881684959382,5.130544379389446,-0.09675153509290535,0.9814910927799491
60.85030792102239,5.132730956244485,-0.09456495823786604,0.9819093925836738
60.681798992450965,5.1347745900228015,-0.09252132445954953,0.9823003468766295
60.50750434959382,5.13684146565259,-0.09045444882976117,0.9826957474171005
60.3397186353081,5.13905302734822,-0.08824288713413075,0.9831188269082584
60.17048649245096,5.141186727543661,-0.08610918693868985,0.9835270112219738
60.17048649245096,5.143258253140984,-0.08403766134136692,0.9839233013175056
60.001977563879535,5.145421005151627,-0.08187490933072361,0.9843370433451286
59.83346863530811,5.147593057097342,-0.07970285738500937,0.9847525644828733
59.66495970673668,5.149783119930618,-0.07751279455173332,0.9851715311664331
59.496450778165254,5.152052791246307,-0.07524312323604399,0.9856057272312476
59.32287934959382,5.154243435075957,-0.07305247940639426,0.9860248050614466
59.15364720673667,5.1562388381691076,-0.07105707631324343,0.9864065326555594
58.985138278165245,5.158337674589065,-0.06895823989328598,0.9868080474070283
58.81662934959382,5.160442901969126,-0.06685301251322517,0.9872107847715283
58.81662934959382,5.162580669139179,-0.06471524534317208,0.9876197471117185
58.64812042102239,5.16460280205859,-0.0626931124237613,0.9880065882151289
58.479611492450964,5.166606922093886,-0.06068899238846459,0.9883899833907768
58.31182577816524,5.168689486622298,-0.05860642786005332,0.9887883852724536
58.1425936353081,5.170749971291983,-0.05654594319036832,0.9891825631998934
57.974084706736676,5.172863332621265,-0.054432581861085794,0.9895868566173422
57.80557577816525,5.1749621690412235,-0.052333745441127455,0.9899883713688112
57.63706684959382,5.177049381540619,-0.05024653294173209,0.9903876624236017
57.468557921022395,5.179247580319669,-0.04804833416268206,0.9908081855420576
57.468557921022395,5.181399874395597,-0.0458960400867543,0.9912199269301747
57.299325778165255,5.183607952109541,-0.04368796237281014,0.9916423399234446
57.131540063879534,5.1858427576531945,-0.04145315682915651,0.9920698660440651
56.96303113530811,5.18776669020626,-0.03952922427609096,0.9924379210737669
56.79379899245096,5.189615083248077,-0.03768083123427424,0.9927915251306362
56.62529006387953,5.1914559213404905,-0.03583999314186048,0.993143683899248
56.456781135308105,5.193260733664678,-0.034035180817673094,0.9934889508123353
56.28827220673668,5.195046952108377,-0.032248962373974344,0.9938306606510208
56.11904006387953,5.196933694903916,-0.030362219578434768,0.9941916011499721
56.11904006387953,5.19891457308774,-0.028381341394610793,0.9945705500781045
55.95125434959382,5.2007641281223025,-0.026531786360048493,0.994924376428252
55.78202220673668,5.2026142641532385,-0.024681650329112514,0.9952783139250388
55.614236492450964,5.204272645425912,-0.0230232690564387,0.9955955680655744
55.44500434959382,5.206103606579987,-0.02119230790236415,0.9959458373413201
55.276495421022396,5.208007781263268,-0.019288133219083292,0.9963101126213947
55.10798649245096,5.2099003360190865,-0.01739557846326445,0.9966721649686849
54.939477563879535,5.211674932538773,-0.015620981943578194,0.9970116514926389
54.77096863530811,5.213515189634816,-0.013780724847534565,0.9973636991146121
54.60245970673668,5.21539728445937,-0.01189863002298086,0.9977237504404495
54.60245970673668,5.217328771961836,-0.009967142520515004,0.9980932507584083
54.433227563879534,5.21929454024686,-0.008001374235490744,0.9984693091100271
54.26544184959383,5.221193485962782,-0.006102428519568548,0.9988325840703486
54.09620970673668,5.223069770823606,-0.004226143658745407,0.9991915239297938
53.927700778165246,5.224898407992188,-0.002397506490162904,0.9995413486189828
53.75919184959382,5.226917054933362,-0.00037885954898886354,0.9999275228425581
53.59068292102239,5.229003686436385,0.00170777195403371,1.0003267027507095
53.42145077816525,5.2308857812609375,0.0035898667785865257,1.0006867540765467
53.25366506387954,5.232724876364235,0.005428961881883687,1.0010385794052414
53.25366506387954,5.234501217869592,0.007205303387241457,1.0013783997510604
53.0844329210224,5.236257799508614,0.008961885026263161,1.0017144399653048
52.915923992450956,5.238089922655434,0.010794008173083292,1.0020649315343289
52.74741506387953,5.240018503179483,0.012722588697132053,1.0024338757371443
52.5789061353081,5.241801235644944,0.014505321162593177,1.0027749186959947
52.40967399245096,5.243352699609123,0.016056785126772333,1.003071719181286
52.236825778165255,5.244984934048461,0.017689019566110353,1.0033839713411101
52.06831684959381,5.2466165854948725,0.01932067101252155,1.0036961119723475
51.899807921022386,5.248231969042843,0.020936054560491968,1.004005140497688
51.899807921022386,5.249778204039665,0.02248228955731424,1.0043009406632264
51.73129899245096,5.25119021090536,0.02389429642300911,1.0045710625175839
51.56279006387953,5.25257083997381,0.025274925491459044,1.0048351816895298
51.394281135308105,5.254067101296348,0.02677118681399726,1.0051214217163078
51.225048992450965,5.255570336571914,0.02827442208956299,1.0054089958847037
51.05654006387953,5.257200828022134,0.02990491353978264,1.0057209146046104
50.888031135308104,5.258899304034199,0.03160338955184816,1.0060458390090927
50.71952220673668,5.260498415690622,0.03320250120827062,1.0063517546646408
50.55101327816525,5.261984800074817,0.03468888559246608,1.006636105198552
50.55101327816525,5.263624587467003,0.036328672984652144,1.0069498022646857
50.37744184959382,5.265289942692705,0.03799402821035436,1.0072683905468391
50.20820970673668,5.2668629075157885,0.03956699303343747,1.0075693042216753
50.04042399245096,5.268331860012246,0.0410359455298952,1.0078503199744642
49.871915063879534,5.269811851439789,0.04251593695743772,1.0081334475133972
49.70340613530811,5.2713075337625055,0.04401161928015451,1.0084195767754833
49.53489720673668,5.272872362639816,0.04557644815746542,1.0087189340154237
49.36566506387954,5.274380826882739,0.047084912400388035,1.0090075085035721
49.19715613530811,5.275776563853439,0.04848064937108809,1.0092745178700848
49.19715613530811,5.277187408726388,0.04989149424403738,1.0095444174311639
49.02864720673667,5.278552348896215,0.051256434413864405,1.0098055352619042
48.85941506387953,5.279891142232707,0.05259522775035563,1.0100616511119334
48.69162934959382,5.281293270163508,0.053997355681157266,1.0103298830914769
48.52312042102239,5.282625089546971,0.055329175064620095,1.0105846647998882
48.35388827816525,5.283939477042691,0.056643562560339866,1.0108361117271758
48.18537934959382,5.285269551440484,0.05797363695813296,1.0110905596137223
48.01687042102239,5.286586262921697,0.059290348439345664,1.0113424511275668
47.84836149245096,5.287936676185647,0.06064076170329624,1.0116007899103798
47.679852563879535,5.289253968663234,0.06195805418088263,1.0118527925708638
47.679852563879535,5.290571842137192,0.06327592765484091,1.0121049063779866
47.51134363530811,5.29175490648365,0.06445899200129901,1.0123312307272894
47.34283470673668,5.292795606753208,0.06549969227085661,1.0125303203305152
47.174325778165255,5.293959496222804,0.06666358174045328,1.0127529764587768
47.00509363530811,5.295187303279639,0.06789138879728807,1.01298786024514
46.83658470673667,5.296332015875825,0.06903610139347371,1.0132068477704137
46.668075778165246,5.2976853361181915,0.0703894216358405,1.01346574266837
46.49956684959382,5.299031680410979,0.0717357659286284,1.013723303042761
46.33105792102239,5.300274595370063,0.07297868088771242,1.0139610770236909
46.33105792102239,5.3014710246296515,0.0741751101473005,1.0141899581276423
46.162548992450965,5.302598307334646,0.07530239285229534,1.0144056112537398
45.99404006387953,5.3035983318684385,0.07630241738608756,1.0145969194463795
45.8204686353081,5.304629155199654,0.0773332407173033,1.0147941195567387
45.651959706736676,5.305669857465763,0.07837394298341227,1.0149932095419116
45.48345077816525,5.306800626148995,0.07950471166664386,1.015209529547844
45.31494184959382,5.307962770632923,0.08066685615057168,1.0154318518542411
45.14570970673668,5.308968607126995,0.08167269264464405,1.0156242718952198
44.97720077816525,5.309779785877493,0.08248387139514168,1.0157794532286986
44.97720077816525,5.310686841008846,0.08339092652649516,1.0159529760493295
44.80869184959382,5.3115131256650425,0.08421721118269154,1.0161110471954278
44.635843635308106,5.312336505339373,0.0850405908570222,1.0162685626083297
44.466611492450966,5.313165696973986,0.0858697824916348,1.0164271898695711
44.29810256387954,5.313943752941567,0.08664783845921598,1.0165760346987733
44.1288704210224,5.314751445713828,0.08745553123147687,1.0167305491524172
43.96108470673668,5.31561143215276,0.08831551767040935,1.0168950675674835
43.79257577816525,5.316645162462393,0.08934924798004218,1.017092823792986
43.624066849593824,5.317713754550956,0.09041784006860532,1.0172972491987875
43.624066849593824,5.318856143161649,0.09156022867929803,1.0175157921375042
43.4555579210224,5.31978528014828,0.09248936566592914,1.0176935392943194
43.28704899245097,5.320637132637992,0.09334121815564078,1.0178565016564372
43.11781684959382,5.321165326223807,0.0938694117414558,1.0179575469376791
42.94930792102239,5.321695845791664,0.09439993130931335,1.0180590371874254
42.78079899245096,5.32255990120176,0.09526398671940939,1.0182243340109134
42.612290063879534,5.323145042414885,0.0958491279325342,1.0183362735725334
42.44378113530811,5.323655225113135,0.09635931063078385,1.0184338733079599
42.27527220673668,5.3243943483340725,0.09709843385172157,1.0185752701664943
42.106763278165246,5.3250480551054205,0.09775214062306947,1.0187003265593295
42.106763278165246,5.325766843453299,0.098470928970948,1.0188378332854913
41.93825434959382,5.326036461708301,0.09874054722595016,1.018889412201132
41.76902220673667,5.325945814294805,0.09864989981245387,1.0188720710337331
41.600513278165245,5.325574507698665,0.09827859321631394,1.018801038782601
41.43200434959382,5.327117837713623,0.09982192323127226,1.0190962832149435
41.26277220673668,5.328932528972702,0.10163661449035111,1.0194434400028445
41.094986492450964,5.3294996553051615,0.10220374082281047,1.0195519332547547
40.925754349593824,5.329055135179819,0.10175922069746779,1.0194668949992942
40.7529061353081,5.32888662426958,0.10159070978722884,1.0194346582725056
40.7529061353081,5.329262576840151,0.10196666235779972,1.0195065793148037
40.584397206736675,5.329834353140147,0.10253843865779633,1.0196159621217753
40.41588827816525,5.330446222182983,0.10315030770063238,1.019733014810746
40.24665613530811,5.331410222945097,0.10411430846274605,1.0199174315298078
40.07814720673668,5.331819298298583,0.10452338381623161,1.0199956890763822
39.90963827816525,5.332284738286457,0.10498882380410635,1.0200847293747484
39.74112934959382,5.332748433288663,0.10545251880631223,1.0201734358512502
39.57262042102239,5.33337018126639,0.10607426678403886,1.0202923784150344
39.404111492450966,5.333929173649628,0.1066332591672774,1.020399315613996
39.404111492450966,5.334240627636589,0.10694471315423826,1.0204588978515536
39.23560256387954,5.334406814561337,0.10711090007898605,1.0204906899917858
39.067093635308105,5.334448652289847,0.10715273780749612,1.02049869369565
38.89786149245096,5.3345567315910865,0.10726081710873547,1.0205193696441723
38.72935256387953,5.33482634984609,0.10753043536373941,1.0205709485598133
38.5608436353081,5.335215088329969,0.10791917384761796,1.0206453155920685
38.392334706736676,5.335757227825288,0.10846131334293663,1.0207490287745986
38.22382577816525,5.336045439960777,0.10874952547842565,1.020804164764641
38.05531684959382,5.3362203438276685,0.10892442934531754,1.020837624486408
38.05531684959382,5.336235451729919,0.10893953724756766,1.0208405146809745
37.88680792102239,5.336464975245528,0.10916906076317723,1.0208844233326684
37.71757577816525,5.33679328212041,0.10949736763805884,1.0209472295866575
37.54906684959382,5.336895549461369,0.10959963497901803,1.020966793686841
37.380557921022394,5.337041980512881,0.10974606603052983,1.0209948064593926
37.21204899245097,5.337256977122615,0.10996106264026384,1.0210359360631591
37.04281684959382,5.337427233018523,0.11013131853617164,1.0210685066118124
36.8750311353081,5.337505677511636,0.11020976302928531,1.021083513317841
36.70652220673667,5.337556811182117,0.11026089669976624,1.021093295367933
36.538013278165245,5.337674769418249,0.11037885493589794,1.0211158611912692
36.538013278165245,5.337799699610857,0.11050378512850578,1.0211397607742758
36.36950434959382,5.337820036480463,0.1105241219981119,1.021143651288595
36.20027220673668,5.33797460347775,0.11067868899539945,1.021173220496043
36.03176327816525,5.338313368287346,0.11101745380499484,1.0212380273895378
35.863254349593824,5.338182045138083,0.11088613065573227,1.0212129048115526
35.69474542102239,5.33799958831834,0.11070367383598878,1.0211780001834756
35.52623649245096,5.337983899419718,0.11068798493736676,1.02117499884227
35.357727563879536,5.337987385397956,0.11069147091560527,1.0211756657221054
35.18921863530811,5.338026899140974,0.1107309846586233,1.0211832248394128
35.18921863530811,5.33801469622059,0.1107187817382389,1.0211808903780422
35.02070970673668,5.337916495854243,0.1106205813718919,1.0211621043043335
34.85147756387954,5.337866522179958,0.11057060769760696,1.0211525441655729
34.6829686353081,5.337498703558611,0.11020278907625958,1.021082179176224
34.51445970673667,5.336491124075418,0.10919520959306706,1.0208894256953274
34.345950778165246,5.336510298952278,0.1092143844699267,1.020893093916368
34.17744184959382,5.336874631595389,0.10957871711303824,1.0209627920258824
34.00820970673668,5.3370867232232575,0.10979080874090652,1.021003365896453
33.840423992450965,5.3371616817381335,0.10986576725578256,1.0210177057226466
33.840423992450965,5.337114034045893,0.10981811956354193,1.0210085905523902
33.67191506387953,5.336829888885013,0.10953397440266244,1.0209542325888221
33.503406135308104,5.336551555684416,0.10925564120206488,1.0209009864735932
33.334173992450964,5.336320289179686,0.10902437469733517,1.0208567443819816
33.160602563879536,5.336028589069408,0.10873267458705715,1.0208009411301568
32.99209363530811,5.335729918999204,0.10843400451685259,1.0207438045006088
32.823584706736675,5.33548470458842,0.10818879010606874,1.020696894125762
32.65507577816525,5.335249952105452,0.1079540376231014,1.020651985154315
32.48656684959382,5.334918159252331,0.10762224476998039,1.0205885120204905
32.48656684959382,5.3345468546527455,0.1072509401703945,1.020517480151306
32.318057921022394,5.333805986446138,0.10651007196378703,1.0203757494709067
32.144486492450966,5.333524165270752,0.10622825078840137,1.0203218360938957
31.97597756387954,5.333622948630024,0.10632703414767342,1.0203407336961912
31.807468635308105,5.333728122949398,0.10643220846704704,1.0203608539115174
31.63823649245096,5.333471288611154,0.10617537412880296,1.0203117206038865
31.47045077816525,5.3330558203010145,0.10575990581866357,1.0202322400623338
31.29615613530811,5.332565395472547,0.10526948099019595,1.020138420076534
31.123307921022388,5.332155158126313,0.10485924364396215,1.0200599402366808
31.123307921022388,5.331724581913924,0.10442866743157264,1.0199775695005615
30.95479899245096,5.331193481349692,0.10389756686734142,1.019875968104176
30.78556684959382,5.330635652955753,0.10333973847340161,1.0197692535804403
30.617781135308107,5.330192875819527,0.1028969613371764,1.0196845487648973
30.44927220673668,5.329783219469668,0.10248730498731717,1.0196061800716836
30.28004006387954,5.329391576003922,0.10209566152157112,1.0195312573062323
30.106468635308104,5.328947053882028,0.10165113939967707,1.0194462186688245
29.937959706736677,5.328471736955811,0.10117582247345958,1.0193552888775914
29.76945077816525,5.328061499609579,0.10076558512722844,1.0192768090377389
29.76945077816525,5.3276826400605914,0.10038672557824047,1.0192043318802972
29.600941849593823,5.3272898346021,0.09999392011974884,1.0191291868215673
29.43170970673668,5.326932475912017,0.0996365614296657,1.0190608228536708
29.263200778165253,5.326566981276158,0.09927106679380682,1.0189909024508779
29.095415063879532,5.326231119451878,0.09893520496952668,1.018926650908632
28.926906135308105,5.3258633008305285,0.09856738634817752,1.0188562859192827
28.758397206736678,5.325299660476306,0.0980037459939549,1.0187484595472074
28.589165063879534,5.324734277132965,0.0974383626506139,1.0186402997352146
28.420656135308107,5.324311255869975,0.0970153413876238,1.018559374287352
28.420656135308107,5.323793520218876,0.09649760573652522,1.0184603296456158
28.25214720673668,5.323185137154278,0.09588922267192679,1.0183439438364803
28.083638278165246,5.322565132165669,0.09526921768331764,1.0182253347126133
27.91512934959382,5.321975923977931,0.09468000949557975,1.0181126171245187
27.746620421022392,5.321334420126968,0.09403850564461713,1.0179898951930542
27.577388278165248,5.320702793214348,0.09340687873199727,1.0178690627544562
27.409602563879538,5.320182152581384,0.09288623809903296,1.017769462379524
27.240370421022394,5.319643497067752,0.09234758258540143,1.0176664156948816
27.07186149245096,5.3191222754384135,0.09182636095606256,1.0175667041733099
26.902629349593816,5.318602794801645,0.09130688031929424,1.0174673257097089
26.902629349593816,5.31801358861046,0.0907176741281086,1.0173546085035616
26.734843635308106,5.317376151734107,0.0900802372517564,1.0172326645985712
26.56633470673668,5.316760213720109,0.08946429923775767,1.0171148335011788
26.397825778165252,5.316390071113268,0.08909415663091735,1.0170440239252727
26.22859363530811,5.31605304729624,0.08875713281388897,1.016979550089748
26.06008470673668,5.315487082956526,0.08819116847417519,1.0168712791311163
25.891575778165247,5.314945524457581,0.08764960997523019,1.0167676770952252
25.72306684959382,5.314362707229948,0.08706679274759743,1.016656182120162
25.553834706736676,5.313639270911084,0.08634335642873303,1.0165177862208865
25.553834706736676,5.312976268197767,0.08568035371541605,1.016390951481824
25.386048992450966,5.31243645069139,0.08514053620903894,1.0162876825039031
25.21754006387954,5.311965781736157,0.08466986725380643,1.0161976418857839
25.049031135308102,5.311334154823538,0.08403824034118745,1.0160768094471861
24.880522206736675,5.310699041932678,0.0834031274503273,1.0159553101287526
24.71129006387953,5.310017445338876,0.08272153085652523,1.0158249183152885
24.54205792102239,5.309220793494255,0.08192487901190404,1.015672516029737
24.373548992450964,5.30845377645776,0.08115786197540942,1.0155257829866795
24.200700778165253,5.30784830037158,0.08055238588922897,1.0154099532926875
24.200700778165253,5.307148686900558,0.07985277241820743,1.015276114787566
24.032191849593815,5.306387481824346,0.07909156734199474,1.0151304935928478
23.863682921022388,5.305600127918242,0.07830421343589133,1.0149798700354704
23.69517399245096,5.304915624346025,0.07761970986367395,1.0148489221068635
23.52594184959382,5.304238094726832,0.0769421802444814,1.0147193083198736
23.357432921022394,5.303550103179824,0.07625418869747325,1.014587693129484
23.188923992450967,5.302859789643875,0.07556387516152441,1.0144556337344846
23.02041506387954,5.302129381368535,0.07483346688618386,1.0143159040755385
22.851906135308102,5.301465795662295,0.07416988117994361,1.0141889578078895
22.851906135308102,5.30084462868094,0.07354871419858888,1.0140701263907446
22.68267399245096,5.300201379844306,0.07290546536195475,1.0139470706374147
22.514888278165248,5.299518038264833,0.07222212378248205,1.0138163450020858
22.34637934959382,5.299060734222733,0.07176481974038218,1.013728861138616
22.177870421022394,5.298595877227782,0.07129996274543071,1.0136399323688356
22.008638278165254,5.298004926050926,0.07070901156857534,1.0135268813408238
21.840852563879533,5.2976353624439065,0.07033944796155556,1.0134561825296093
21.67162042102239,5.2969682907594295,0.06967237627707856,1.0133285693821255
21.503111492450962,5.295545244962647,0.06824933048029624,1.0130563357416231
21.334602563879535,5.294912456057279,0.06761654157492814,1.0129352810097463
21.334602563879535,5.295136169609159,0.06784025512680802,1.0129780781950481
21.16609363530811,5.294561488327299,0.06726557384494836,1.012868139654881
20.99758470673668,5.293318573368216,0.06602265888586523,1.0126303656739515
20.829075778165247,5.29195944316212,0.06466352867976877,1.0123703593096034
20.659843635308103,5.290858892279936,0.06356297779758524,1.0121598200747508
20.491334706736687,5.290006458793852,0.0627105443115008,1.011996746565994
20.32282577816524,5.2893161432613525,0.062020228779001485,1.0118646867890477
20.149254349593825,5.2886699894428535,0.06137407496050251,1.011741075302522
19.980745421022398,5.287958175048001,0.06066226056564972,1.0116049027179776
19.980745421022398,5.287073201771925,0.05977728728957388,1.011435604233531
19.81223649245097,5.286202755401725,0.05890684091937359,1.0112690847970116
19.638665063879536,5.285560087561466,0.05826417307911491,1.0111461401903215
19.470879349593822,5.285029567993608,0.057733653511257366,1.0110446499405754
19.301647206736682,5.284454307711927,0.057158393229576276,1.0109346006357163
19.133138278165255,5.283726221425526,0.056430306943174635,1.0107953151813796
18.960290063879533,5.283003949095959,0.05570803461360807,1.0106571419573298
18.791057921022393,5.282359538266581,0.05506362378423013,1.010533863910722
18.791057921022393,5.281780209013736,0.05448429453138459,1.010423036197441
18.61820970673667,5.281010869988299,0.0537149555059484,1.0102758589497736
18.44897756387953,5.280766817570262,0.053470903087911026,1.0102291708682052
18.280468635308104,5.279950411848958,0.05265449736660699,1.0100729895969207
18.111959706736677,5.278379771011365,0.05108385652901415,1.009772520508641
17.94345077816525,5.277533147489012,0.050237233006661164,1.0096105584662765
17.774941849593823,5.277044465649666,0.04974855116731458,1.0095170719203947
17.606432921022396,5.276473270346043,0.04917735586369165,1.0094078002600626
17.437200778165252,5.275859077317715,0.04856316283536444,1.0092903029845353
17.268691849593825,5.275193748622357,0.04789783414000581,1.0091630232769688
17.268691849593825,5.274473798281729,0.04717788379937815,1.0090252942575282
17.100182921022398,5.273754430934026,0.04645851645167465,1.008887676766674
16.93167399245097,5.273039130560936,0.045743216078585114,1.0087508373022946
16.763165063879526,5.272298843350702,0.04500292886835133,1.0086092177685348
16.5946561353081,5.271595164901623,0.04429925041927163,1.0084746016188866
16.426147206736673,5.270607341291663,0.04331142680931244,1.0082856275056702
16.257638278165246,5.26729348173163,0.039997567249279165,1.0076516745758481
16.08912934959382,5.26665255887704,0.03935664439468933,1.0075290637910226
15.914834706736686,5.267325440525248,0.04002952604289689,1.0076577884048987
15.914834706736686,5.267632248537777,0.040336334055425915,1.00771648185129
15.745602563879544,5.267488722468129,0.04019280798577807,1.0076890248119343
15.57854006387953,5.267059891241408,0.03976397675905741,1.0076069878976797
15.409307921022387,5.266457899136914,0.03916198465456322,1.0074918247015754
15.240075778165245,5.2658012873837015,0.038505372901350476,1.0073662125755443
15.071566849593818,5.265109228862084,0.03781331437973279,1.0072338193586803
14.903781135308106,5.2645450075114875,0.03724909302913648,1.0071258818399658
14.73527220673668,5.263861084935642,0.036565170453290996,1.0069950450579976
14.566040063879537,5.263070826047674,0.03577491156532275,1.0068438657674244
14.566040063879537,5.2623648216165515,0.03506890713420052,1.0067088046492723
14.398254349593826,5.261556549844469,0.03426063536211821,1.0065541794309365
14.229022206736683,5.2608336945219785,0.033537780039627485,1.0064158946783002
14.060513278165256,5.260167786826798,0.03287187234444744,1.0062885042060419
13.89200434959383,5.259543712867027,0.03224779838467562,1.0061691166737534
13.723495421022383,5.258971357567209,0.03167544308485759,1.00605962310209
13.554986492450956,5.258436769028189,0.03114085454583826,1.0059573544439222
13.386477563879529,5.257861506749957,0.0305655922676058,1.005847304757116
13.217968635308102,5.25741466263912,0.030118748156769293,1.0057618219150986
13.217968635308102,5.257029993126403,0.029734078644051642,1.0056882332912649
13.04873649245096,5.256447175898768,0.029151261416417107,1.0055767383162015
12.880227563879533,5.255627282202676,0.028331367720324963,1.0054198897831348
12.711718635308106,5.25492825172458,0.027632337242229355,1.0052861628066
12.543209706736679,5.254369259341342,0.027073344858990822,1.0051792256076384
12.374700778165252,5.253861402625135,0.0265654881427837,1.0050820708407158
12.201129349593817,5.253408165557645,0.026112251075294246,1.0049953650037202
12.03262042102239,5.252940401584279,0.025644487101928348,1.0049058801187971
11.864111492450963,5.252440678817293,0.02514476433494206,1.004810281404823
11.69487934959382,5.251828809774457,0.024532895292106005,1.0046932287158523
11.69487934959382,5.251265750416609,0.023969835934257944,1.0045855134904165
11.526370421022394,5.250691650131121,0.023395735648770177,1.0044756860968884
11.357861492450967,5.250059442222127,0.022763527739775746,1.004354742511651
11.190075778165255,5.2494475731792924,0.022151658696941467,1.0042376898226806
11.01650434959382,5.24893332350643,0.021637409024078735,1.004139312060779
10.847995421022393,5.2484458036598305,0.02114988917747951,1.004046047808176
10.67876327816525,5.247796163863095,0.020500249380743796,1.0039217694418154
10.510977563879539,5.247140714102628,0.019844799620276632,1.0037963796090625
10.341745421022397,5.246526519077749,0.01923060459539805,1.0036788819515878
10.341745421022397,5.246002392466546,0.018706477984195224,1.0035786146968202
10.17323649245097,5.245573559243274,0.018277644760923195,1.0034965774006184
10.004727563879543,5.245045946653833,0.017750032171481855,1.0033956432660154
9.836218635308098,5.24447242736472,0.017176512882368655,1.0032859270191268
9.666986492450956,5.243870435260225,0.01657452077787358,1.0031707638230225
9.499200778165244,5.243213823507012,0.015917909024660837,1.0030451516969912
9.330691849593817,5.24266354806592,0.015367633583569074,1.0029398820795647
9.161459706736675,5.242178352204813,0.014882437722461894,1.0028470624135186
8.992950778165248,5.24167339847392,0.014377483991569129,1.0027504629978448
8.992950778165248,5.241264323120434,0.013968408638082686,1.0026722054512702
8.824441849593821,5.241058043452845,0.01376212897049367,1.0026327434290385
8.655932921022394,5.240664076001608,0.013368161519257349,1.0025573760770308
8.487423992450967,5.240088232727001,0.012792318244650325,1.0024472152435848
8.31891506387954,5.239515294434261,0.012219379951909914,1.0023376101433354
8.150406135308113,5.239159678733296,0.011863764250945152,1.0022695796153565
7.98117399245097,5.238961533014931,0.011665618532579636,1.002231673646074
7.812665063879543,5.238651239024164,0.011355324541812983,1.0021723133198472
7.644156135308098,5.238139894333168,0.010843979850816865,1.0020744912911421
7.644156135308098,5.23759775483785,0.010301840355499081,1.001970778108612
7.475647206736671,5.237149746737716,0.009853832255364736,1.0018850725913688
7.307138278165244,5.236765658221372,0.009469743739020764,1.0018115951141746
7.138629349593817,5.236060815782996,0.008764901300645,1.001676756289301
6.969397206736675,5.235785968560636,0.00849005407828507,1.0016241770539072
6.801611492450963,5.235551797074041,0.008255882591689634,1.0015793792290995
6.633102563879536,5.235275787858937,0.0079798733765859,1.0015265777004279
6.463870421022394,5.235013141560411,0.007717227078059885,1.0014763325444576
6.295361492450967,5.234649970910046,0.007354056427694822,1.0014068567282217
6.12685256387954,5.234326894999073,0.007030980516722352,1.0013450511759325
6.12685256387954,5.233976508265465,0.006680593783113586,1.0012780209677061
5.958343635308113,5.233729552862114,0.0064336383797627406,1.0012307775348892
5.789111492450971,5.233526176179841,0.006230261697489858,1.0011918708639067
5.620602563879544,5.233289099711381,0.005993185229029585,1.0011465173059029
5.452093635308098,5.232975900738749,0.005679986256398095,1.0010866012464803
5.283584706736671,5.232615054073876,0.005319139591525079,1.0010175700168014
5.115075778165244,5.232293721152023,0.004997806669671867,1.0009560979044299
4.946566849593817,5.232073495574932,0.004777581092580974,1.0009139679809105
4.775888278165244,5.231875347860016,0.0045794333776649765,1.0008760616296808
4.775888278165244,5.231511598209829,0.004215683727477604,1.0008064750487529
4.604486492450955,5.231268126788163,0.003972212305812128,1.0007598981138235
4.435977563879528,5.231100196874299,0.003804282391947744,1.0007277725336743
4.267468635308101,5.230792809861947,0.0034968953795964097,1.0006689683225907
4.098959706736674,5.230467409965482,0.003171495483131004,1.0006067181837448
3.929727563879532,5.230197791710481,0.0029018772281297345,1.0005551392681042
3.761218635308105,5.229997903002997,0.0027019885206458483,1.000516899858904
3.593432921022394,5.229945024346847,0.0026491098644960687,1.0005067839869475
3.424923992450967,5.229763148523479,0.0024672340411280302,1.0004719905055102
3.424923992450967,5.229493530268477,0.0021976157861258727,1.0004204115898696
3.254968635308109,5.2293784790107605,0.002082564528409492,1.0003984018816765
3.0871829210223973,5.22931572341627,0.002019808933918732,1.0003863965168536
2.9186739924509704,5.229176266317784,0.0018803518354326698,1.0003597178859194
2.7501650638795434,5.228994388497865,0.001698474015514151,1.000324924022535
2.5816561353080982,5.228854350403007,0.001558435920656187,1.0002981342449617
2.4124239924509556,5.2286765435508,0.0013806290684490463,1.000264119171946
2.2446382781652443,5.228594030086525,0.0012981156041735886,1.0002483340574957
2.0754061353081017,5.228588801119167,0.0012928866368158154,1.0002473337377427
2.0754061353081017,5.228491179752643,0.001195265270292012,1.000228658428726
1.906897206736675,5.228309303929271,0.0010133894469204208,1.0001938649472881
1.738388278165248,5.2281890217076485,0.0008931072252975625,1.0001708545373953
1.569879349593821,5.228092564330419,0.0007966498480680428,1.0001524019036039
1.401370421022394,5.2280577005549365,0.0007617860725854797,1.0001457323413574
1.2321382781652517,5.228123361131294,0.0008274466489428534,1.0001582934393767
1.0636293495938247,5.228087335363062,0.0007914208807111578,1.000151401583851
0.8958436353081132,5.227949040257324,0.0006531257749733399,1.0001249452461958
0.7273347067366862,5.227689881933587,0.00039396745123632115,1.000075367352008
0.5581025638795438,5.227467911370827,0.0001719968884756895,1.0000329036066238
0.5581025638795438,5.227341236192547,4.532171019633324e-05,1.000008670201752
0.3895936353080986,5.227324968294103,2.9053811752000058e-05,1.0000055580958545
0.22108470673667163,5.22739643883419,0.00010052435183904862,1.0000192306602655
0.05257577816524466,5.227295914482351,0.0,1.0
-0.11665636469189776,5.227173889271605,-0.00012202521074566874,0.9999766561501889
-0.28444207897760926,5.227243616822574,-5.229765977698975e-05,0.9999899952746827
-0.4536742218347517,5.227455708450443,0.00015979396809218116,1.0000305691452533
-0.6221831504061787,5.227541707892956,0.00024579341060526616,1.0000470211395387
-0.791415293263321,5.227608530462057,0.00031261597970644317,1.000059804530836
-0.791415293263321,5.227594584552554,0.0002986700702027889,1.0000571366295479
-0.9592010075490326,5.227548098853059,0.0002521843707077309,1.00004824375257
-1.1284331504061749,5.227649206197823,0.00035329171547182625,1.000067585941422
-1.2962188646918864,5.227720678734461,0.0004247642521102435,1.0000812588877805
-1.4654510075490288,5.2277410156040665,0.00044510112171547433,1.0000851494020995
-1.6332367218347588,5.227840958959532,0.0005450444771808449,1.0001042689157258
-1.8017456504061857,5.228049564609164,0.0007536501268132767,1.0001441759064615
-1.9709777932633281,5.228351722654157,0.0010558081718059498,1.000201979797792
-2.139486721834755,5.228600421046628,0.0013045065642769416,1.000249556670527
-2.139486721834755,5.228632381836796,0.0013364673544451477,1.0002556708815245
-2.307995650406182,5.228627731869261,0.0013318173869096839,1.0002547813264637
-2.4772277932633244,5.228882242222014,0.0015863277396626074,1.000303470047538
-2.6450135075490357,5.229109441752132,0.0018135272697810123,1.0003469341126752
-2.8142456504061784,5.229277371665997,0.0019814571836462846,1.0003790596928244
-2.9827545789776053,5.229481910341017,0.0021859958586656347,1.0004181886570855
-3.1512635075490323,5.229563259815995,0.002267345333644144,1.0004337510963102
-3.3197724361204592,5.229656231214985,0.00236031673263426,1.000451536850266
-3.488281364691886,5.2297799994148475,0.002484084932496522,1.0004752141399944
-3.6575135075490284,5.229996741010251,0.0027008265279002686,1.0005166775656258
-3.6575135075490284,5.2302733312217295,0.002977416739378569,1.0005695902409368
-3.8252992218347583,5.2304615980052,0.003165683522849072,1.0006056063354054
-3.9938081504061853,5.230621393969845,0.0033254794874943983,1.0006361758626063
-4.163040293263328,5.230879390300835,0.003583475818484061,1.0006855314635155
-4.330826007549039,5.231085669968421,0.003789755486070412,1.0007249934857467
-4.500058150406182,5.231294856614425,0.003998942132073857,1.0007650116231215
-4.668567078977609,5.231568541844037,0.004272627361686432,1.0008173685652364
-4.837076007549036,5.2318335121280555,0.004537597645704494,1.0008680583077634
-5.005584936120463,5.231605731601564,0.0043098171192132995,1.0008244830959871
-5.005584936120463,5.23041976027669,0.0031238457943389975,1.000597602631541
-5.17409386469189,5.2310932249178235,0.0037973104354724896,1.000726438774004
-5.342602793263317,5.2322722222896685,0.004976307807317504,1.0009519850968318
-5.511111721834744,5.233046792279014,0.005750877796662834,1.0011001630461995
-5.684683150406179,5.233583702806974,0.006287788324622845,1.0012028759089766
-5.853915293263321,5.234018345993976,0.006722431511625437,1.0012860246715707
-6.022424221834748,5.234045654820059,0.006749740337707699,1.0012912489455605
-6.190933150406175,5.234192666867944,0.0068967523855931745,1.0013193728647514
-6.359442078977602,5.234626148062201,0.007330233579850187,1.001402299334067
-6.359442078977602,5.235047424339521,0.007751509857169658,1.0014828909600648
-6.527951007549029,5.235296705724917,0.008000791242565697,1.0015305793613862
-6.697183150406171,5.235569809958156,0.008273895475804594,1.001582825156862
-6.864968864691901,5.235927751641165,0.00863183715881366,1.0016513006533452
-7.0342010075490435,5.236174126048143,0.008878211565791716,1.001698432939523
-7.2027099361204705,5.236533808723719,0.009237894241367783,1.0017672414939767
-7.3712188646918975,5.236931264149746,0.009635349667394877,1.0018432761077674
-7.544790293263314,5.237444351829862,0.010148437347511141,1.0019414315763902
-7.712576007549044,5.237981843354194,0.010685928871843053,1.0020442555858062
-7.712576007549044,5.238340947029948,0.011045032547596811,1.0021129533755677
-7.8818081504061865,5.238698305720032,0.011402391237680831,1.0021813173434644
-8.050317078977614,5.239145151827419,0.01184923734506782,1.002266800567429
-8.21882600754904,5.239623954731872,0.012328040249521166,1.0023583972384968
-8.387334936120467,5.23986800515336,0.01257209067100895,1.0024050849381183
-8.555843864691894,5.240191083060885,0.012895168578533678,1.0024668908723546
-8.724352793263321,5.240633860197108,0.013337945714757105,1.0025515956878974
-8.892861721834748,5.241157986808311,0.013862072325959929,1.002651862942665
-9.067156364691899,5.241653642600684,0.014357728118333135,1.0027466836301642
-9.067156364691899,5.242059231975935,0.014763317493583727,1.002824274296904
-9.235665293263326,5.24252118398902,0.015225269506668582,1.0029126473334877
-9.403451007549037,5.242985461984148,0.015689547501796852,1.0030014653385757
-9.57268315040618,5.243560724262381,0.0162648097800302,1.003111515025382
-9.741192078977607,5.244083688880838,0.016787774398487443,1.0032115599868714
-9.909701007549033,5.244627573361826,0.017331658879474965,1.0033156069912663
-10.07820993612046,5.245068026512559,0.01777211203020812,1.0033998672202524
-10.246718864691887,5.245305104977569,0.018009190495217986,1.0034452211602032
-10.41595100754903,5.2458762982846405,0.018580383802289546,1.003554492438588
-10.584459936120457,5.246541626979999,0.01924571249764817,1.0036817721461544
-10.584459936120457,5.247309225012867,0.020013310530515582,1.0038286163358512
-10.752968864691884,5.248109362835725,0.020813448353374397,1.0039816855012378
-10.921477793263328,5.248701476005327,0.021405561522976235,1.0040949588225283
-11.089986721834755,5.249280224261799,0.021984309779448097,1.0042056753891702
-11.258495650406182,5.249831661695636,0.02253574721328544,1.0043111672998748
-11.431343864691884,5.2503633432562395,0.023067428773888565,1.0044128798428993
-11.565138507549042,5.251130360292734,0.023834445810383187,1.0045596128859569
-11.565138507549042,5.2515440836172065,0.024248169134855502,1.0046387596056454
-11.565138507549042,5.251711432534698,0.024415518052347096,1.0046707740391554
-11.565138507549042,5.2518427556839615,0.024546841201610548,1.0046958966171406
-11.565138507549042,5.252019400543423,0.02472348606107211,1.0047296893968782
-11.565138507549042,5.2520345084456705,0.024738593963319566,1.0047325795914444
-11.565138507549042,5.2519363080793235,0.024640393596972565,1.0047137935177355
-11.565138507549042,5.251919457187956,0.02462354270560496,1.0047105698832517
-11.565138507549042,5.251934565090205,0.024638650607854196,1.004713460077818
-11.565138507549042,5.2519467680105905,0.02465085352823948,1.0047157945391887
-11.565138507549042,5.251990929724593,0.024695015242241602,1.0047242428296097
-11.565138507549042,5.252154209670923,0.0248582951885723,1.0047554788546984
-11.565138507549042,5.252196047399433,0.024900132917082374,1.0047634825585627
-11.565138507549042,5.2520536853190825,0.024757770836731474,1.0047362481944324
-11.565138507549042,5.251963037905586,0.024667123423235182,1.0047189070270337
-11.565138507549042,5.2520379964204595,0.024742081938108562,1.0047332468532268
-11.565138507549042,5.252118183902692,0.024822269420340604,1.004748586999173
-11.565138507549042,5.252165250598562,0.024869336116211116,1.0047575910227906
-11.565138507549042,5.25218965643933,0.02489374195697902,1.0047622599455313
-11.565138507549042,5.252075184181436,0.02477926969908495,1.0047403610020305
-11.565138507549042,5.252057171297323,0.024761256814971766,1.0047369150742682
-11.565138507549042,5.252148980703565,0.024853066221213638,1.0047544785349454
-11.565138507549042,5.25236223432418,0.025066319841829277,1.0047952746987945
-11.565138507549042,5.252555151075188,0.02525923659283702,1.0048321803483242
-11.565138507549042,5.252534812209029,0.025238897726677756,1.0048282894520573
-11.565138507549042,5.252402329063573,0.02510641458122187,1.0048029449627414
-11.565138507549042,5.252196047399433,0.024900132917082374,1.0047634825585627
-11.565138507549042,5.252056590300948,0.0247606758185972,1.0047368039276285
-11.565138507549042,5.252011847590573,0.024715933108222288,1.0047282444905685
-11.565138507549042,5.251981631786073,0.024685717303722043,1.0047224641014352
-11.565138507549042,5.251980469793327,0.024684555310976464,1.004722241808157
-11.565138507549042,5.251822416817802,0.024526502335451283,1.0046920057208737
-11.565138507549042,5.251709108549206,0.02441319406685505,1.0046703294525985
-11.565138507549042,5.2517567562414476,0.024460841759096574,1.004679444622855
-11.565138507549042,5.251914226224047,0.02461831174169582,1.0047095691815515
-11.565138507549042,5.251911902238556,0.02461598775620466,1.0047091245949948
-11.565138507549042,5.251751527274091,0.02445561279173969,1.0046784443031023
-11.565138507549042,5.25163763601257,0.024341721530219296,1.0046566565062407
-11.565138507549042,5.251531299700448,0.024235385218097427,1.0046363139976355
-11.565138507549042,5.25159405529494,0.024298140812589075,1.0046483193624587
-11.565138507549042,5.251622528110319,0.024326613627968285,1.004653766311674
-11.565138507549042,5.25161671814659,0.02432080366423861,1.0046526548452819
-11.565138507549042,5.25171375652019,0.024417842037839144,1.004671218625712
-11.565138507549042,5.251940375053936,0.02464446057158476,1.0047145715442103
-11.565138507549042,5.252002549652054,0.02470663516970273,1.004726465762394
-11.565138507549042,5.251867740524553,0.02457182604220165,1.0047006763045736
-11.565138507549042,5.251615556153844,0.02431964167149303,1.0046524325520036
-11.565138507549042,5.251532461693194,0.024236547210843007,1.0046365362909138
-11.565138507549042,5.251575461414452,0.024279546932101326,1.0046447622880568
-11.565138507549042,5.251708527552833,0.02441261307048226,1.0046702183059595
-11.565138507549042,5.251828809774457,0.024532895292106005,1.0046932287158523
-11.565138507549042,5.251910740245809,0.024614825763458192,1.0047089023017164
-11.565138507549042,5.25193747007207,0.024641555589719033,1.0047140158110142
-11.565138507549042,5.251876457466699,0.02458054298434842,1.004702343886109
-11.565138507549042,5.251870064510044,0.02457415002769281,1.0047011208911303
