LSCO 2601C, x = 22%
T=70 K, B = 41.5 T, theta= -14 to 99, phi = 30
Fixed parameters:
T=0.19,T1multvalue=-0.134,T11multvalue=0.067,mumultvalue=0.805
cost,Tzmultvalue,invtau_iso,invtau_aniso
56.85137004789926,0.07966931585934785,14.400299362029946,189.88379903665376
56.851369908801786,0.07966931585934785,14.400299376931107,189.88379903665376
56.85137002732941,0.07966931585934785,14.400299362029946,189.88379905155492
47.80409958679744,0.07966931585934785,15.399433543379844,190.03155182904112
47.80409946174851,0.07966931585934785,15.399433558281006,190.03155182904112
47.80409956764987,0.07966931585934785,15.399433543379844,190.03155184394228
31.536892872991412,0.07966931585934785,17.513408966505473,190.44808471951652
31.536892775087225,0.07966931585934785,17.513408981406634,190.44808471951652
31.536892856980412,0.07966931585934785,17.513408966505473,190.44808473441768
7.736965247787848,0.07966931585934785,22.326834657421582,191.59692055020216
7.736965202364113,0.07966931585934785,22.326834672322743,191.59692055020216
7.736965239401013,0.07966931585934785,22.326834657421582,191.59692056510332
0.1787111066806656,0.07966931585934785,26.51382162686051,192.71755410702494
0.17871110007637722,0.07966931585934785,26.51382164176167,192.71755410702494
0.17871110535409324,0.07966931585934785,26.51382162686051,192.7175541219261
0.0010317799295415549,0.07966931585934785,27.228129723976625,192.9172104051344
0.0010317794969886464,0.07966931585934785,27.228129738877787,192.9172104051344
0.0010317798409371904,0.07966931585934785,27.228129723976625,192.91721042003556
0.0002556241177922113,0.07966931585934785,27.27822561260522,192.93133669302887
0.0002556241139028609,0.07966931585934785,27.27822562750638,192.93133669302887
0.0002556241163606774,0.07966931585934785,27.27822561260522,192.93133670793003
0.00025555397071520825,0.07966931585934785,27.27869180843059,192.93151130662744
0.0002555539708834054,0.07966931585934785,27.27869182333175,192.93151130662744
0.00025555397010954613,0.07966931585934785,27.27869180843059,192.9315113215286
0.00025555218543933916,0.07966931585934785,27.27868966669153,192.93155493838262
0.0002555521856620655,0.07966931585934785,27.27868968159269,192.93155493838262
0.00025555218484476746,0.07966931585934785,27.27868966669153,192.93155495328378
0.00025554529102426754,0.07966931585934785,27.278681099735287,192.93172946540335
0.00025554529146503286,0.07966931585934785,27.27868111463645,192.93172946540335
0.00025554529047411637,0.07966931585934785,27.278681099735287,192.9317294803045
0.0002555216603659443,0.07966931585934785,27.278646831910315,192.93242757348622
0.000255521661678694,0.07966931585934785,27.278646846811476,192.93242757348622
0.000255521659993406,0.07966931585934785,27.278646831910315,192.93242758838738
0.0002554600975393254,0.07966931585934785,27.278405286927804,192.93418702893635
0.0002554600997946645,0.07966931585934785,27.278405301828965,192.93418702893635
0.0002554600973589423,0.07966931585934785,27.278405286927804,192.9341870438375
0.000255340819083681,0.07966931585934785,27.27785377983419,192.93756443418877
0.0002553408224381503,0.07966931585934785,27.27785379473535,192.93756443418877
0.0002553408191275247,0.07966931585934785,27.27785377983419,192.93756444908993
0.00025496523002881675,0.07966931585934785,27.275647751459726,192.95107405519852
0.00025496523777898585,0.07966931585934785,27.275647766360887,192.95107405519852
0.0002549652309696498,0.07966931585934785,27.275647751459726,192.95107407009968
0.00025414406645434223,0.07966931585934785,27.269705346358553,192.98419253695513
0.000254144080651539,0.07966931585934785,27.269705361259714,192.98419253695513
0.000254144068712387,0.07966931585934785,27.269705346358553,192.9841925518563
0.00025270222532342143,0.07966931585934785,27.258659643458255,193.04269479147393
0.0002527022464443196,0.07966931585934785,27.258659658359417,193.04269479147393
0.0002527022289989101,0.07966931585934785,27.258659643458255,193.0426948063751
0.00025008845849467737,0.07966931585934785,27.23873827272515,193.14536340485836
0.000250088487336481,0.07966931585934785,27.23873828762631,193.14536340485836
0.0002500884637544555,0.07966931585934785,27.23873827272515,193.14536341975952
0.00024530211624513296,0.07966931585934785,27.20226048437608,193.33043013193065
0.00024530215411183183,0.07966931585934785,27.20226049927724,193.33043013193065
0.0002453021233620949,0.07966931585934785,27.20226048437608,193.33043014683182
0.00023655669044479326,0.07966931585934785,27.134043134102846,193.67314593318736
0.0002365567386088516,0.07966931585934785,27.134043149004007,193.67314593318736
0.00023655669968927374,0.07966931585934785,27.134043134102846,193.67314594808852
0.0002207958571554103,0.07966931585934785,27.003535173480664,194.324621448952
0.00022079591441243081,0.07966931585934785,27.003535188381825,194.324621448952
0.0002207958683045027,0.07966931585934785,27.003535173480664,194.32462146385316
0.00019462763397290068,0.07966931585934785,26.7439212489854,195.61533756586098
0.000194627685962887,0.07966931585934785,26.743921263886563,195.61533756586098
0.00019462764419915507,0.07966931585934785,26.7439212489854,195.61533758076214
0.00019018074511934754,0.07966931585934785,26.312216042641246,197.75620409842793
0.000190180734984054,0.07966931585934785,26.312216057542408,197.75620409842793
0.00019018074336927992,0.07966931585934785,26.312216042641246,197.7562041133291
0.0001830019478625393,0.07966931585934785,26.542243436664073,196.6154767173352
0.00018300197782275863,0.07966931585934785,26.542243451565234,196.6154767173352
0.00018300195383150295,0.07966931585934785,26.542243436664073,196.61547673223637
0.000181575394038249,0.07966931585934785,26.477349807337895,196.93424148484274
0.0001815754092866748,0.07966931585934785,26.477349822239056,196.93424148484274
0.00018157539714290714,0.07966931585934785,26.477349807337895,196.9342414997439
0.00018067630388682405,0.07966931585934785,26.49890269203855,196.82358581272044
0.00018067631627162516,0.07966931585934785,26.49890270693971,196.82358581272044
0.00018067630640633553,0.07966931585934785,26.49890269203855,196.8235858276216
0.00017941734863838088,0.07966931585934785,26.545039446753215,196.5860566489871
0.00017941735334151606,0.07966931585934785,26.545039461654376,196.5860566489871
0.00017941734959463698,0.07966931585934785,26.545039446753215,196.58605666388826
0.0001792278556338891,0.07966931585934785,26.572304198894678,196.4455869363423
0.00017922785533169502,0.07966931585934785,26.57230421379584,196.4455869363423
0.00017922785557148276,0.07966931585934785,26.572304198894678,196.44558695124346
0.00017922647415386496,0.07966931585934785,26.569680720793194,196.4589950354929
0.00017922647416452193,0.07966931585934785,26.569680735694355,196.4589950354929
0.00017922647415611332,0.07966931585934785,26.569680720793194,196.45899505039407
0.05112736736123928,0.07966931585934785,27.000804145604373,196.44556083103058
0.05112737089758902,0.07966931585934785,27.000804160505535,196.44556083103058
0.05112736806890743,0.07966931585934785,27.000804145604373,196.44556084593174
0.00936192468356103,0.07966931585934785,26.76348373179138,196.39807002564308
0.009361926188259661,0.07966931585934785,26.76348374669254,196.39807002564308
0.009361924983350579,0.07966931585934785,26.76348373179138,196.39807004054424
0.0001795544324841273,0.07966931585934785,26.587739350176467,196.3630554865556
0.00017955442428995276,0.07966931585934785,26.587739365077628,196.3630554865556
0.00017955443083910903,0.07966931585934785,26.587739350176467,196.36305550145676
0.00017928279055232904,0.07966931585934785,26.588691338434217,196.36324598728902
0.00017928279057468269,0.07966931585934785,26.588691353335378,196.36324598728902
0.0001792827905391376,0.07966931585934785,26.588691338434217,196.36324600219018
0.006787751557881013,0.07966931585934785,26.728175216296854,196.4368849091005
0.0067877528349060984,0.07966931585934785,26.728175231198016,196.4368849091005
0.006787751812110983,0.07966931585934785,26.728175216296854,196.43688492400167
0.0013565460259111863,0.07966931585934785,26.642475513509176,196.41982382459162
0.0013565465653570538,0.07966931585934785,26.642475528410337,196.41982382459162
0.0013565461331286634,0.07966931585934785,26.642475513509176,196.41982383949278
0.0001792472109046924,0.07966931585934785,26.579799873472947,196.40736673778358
0.0001792472098434905,0.07966931585934785,26.579799888374108,196.40736673778358
0.00017924721068453712,0.07966931585934785,26.579799873472947,196.40736675268474
0.0001792426441649478,0.07966931585934785,26.579923013466786,196.40739183106953
0.00017924264416769225,0.07966931585934785,26.579923028367947,196.40739183106953
0.0001792426441560404,0.07966931585934785,26.579923013466786,196.4073918459707
0.0027319766178807675,0.07966931585934785,26.69339311132563,196.31838406161768
0.0027319774116525406,0.07966931585934785,26.69339312622679,196.31838406161768
0.002731976775838438,0.07966931585934785,26.69339311132563,196.31838407651884
0.0006340167586931379,0.07966931585934785,26.640123989355114,196.30778370179831
0.0006340170938598069,0.07966931585934785,26.640124004256275,196.30778370179831
0.0006340168253073482,0.07966931585934785,26.640123989355114,196.30778371669948
0.000179383123408262,0.07966931585934785,26.601194159998943,196.3000464173926
0.00017938312300376944,0.07966931585934785,26.601194174900105,196.3000464173926
0.0001793831232985123,0.07966931585934785,26.601194159998943,196.30004643229375
0.00017938243943377516,0.07966931585934785,26.601241359432706,196.30005776596389
0.00017938243943959036,0.07966931585934785,26.601241374333867,196.30005776596389
0.00017938243940557517,0.07966931585934785,26.601241359432706,196.30005778086505
