LSCO 2601C, x = 22%
T=35 K, B = 41.5 T, theta= -14 to 99, phi = 30
Fixed parameters:
T=0.19,T1multvalue=-0.134,T11multvalue=0.067,mumultvalue=0.805
cost,Tzmultvalue,invtau_iso,invtau_aniso
0.0015253610271282229,0.0794,14.0468,189.855
0.0015260552933321514,0.07940001490116119,14.0468,189.855
0.0015253604056936062,0.0794,14.04680001490116,189.855
0.0015253609366776381,0.0794,14.0468,189.85500001490115
793.4166929083777,0.9305995868246125,14.047704046174953,189.85513158505006
793.6044704618773,0.9305995719234513,14.047704046174953,189.85513158505006
793.4166929026225,0.9305995868246125,14.047704061076114,189.85513158505006
793.4166929076747,0.9305995868246125,14.047704046174953,189.85513159995122
0.001440135365542228,0.07939813323054896,14.046800001670936,189.8550000002432
0.0014408019151239786,0.07939814813171016,14.046800001670936,189.8550000002432
0.0014401347687529422,0.07939813323054896,14.046800016572098,189.8550000002432
0.001440135278690349,0.07939813323054896,14.046800001670936,189.85500001514436
0.00043821208486972225,0.07935323979455401,14.046800041854853,189.855000006092
0.0004382103088267125,0.0793532546957152,14.046800041854853,189.855000006092
0.00043821208197937825,0.07935323979455401,14.046800056756014,189.855000006092
0.0004382120847395029,0.07935323979455401,14.046800041854853,189.85500002099317
0.0004381116371796437,0.07935362874566608,14.04709992691411,189.85502421110797
0.000438111644408457,0.07935364364682727,14.04709992691411,189.85502421110797
0.0004381116327099423,0.07935362874566608,14.04709994181527,189.85502421110797
0.0004381116368181863,0.07935362874566608,14.04709992691411,189.85502422600914
0.00043791117304775026,0.07935435734551327,14.047773154869548,189.8550785720317
0.0004379130258555083,0.07935437224667446,14.047773154869548,189.8550785720317
0.00043791116694884855,0.07935435734551327,14.047773169770709,189.8550785720317
0.0004379111724470288,0.07935435734551327,14.047773154869548,189.85507858693285
0.00043726696208314363,0.07935727174490201,14.050466066691305,189.85529601572654
0.00043727619825485373,0.0793572866460632,14.050466066691305,189.85529601572654
0.00043726694946688897,0.07935727174490201,14.050466081592466,189.85529601572654
0.0004372669605249106,0.07935727174490201,14.050466066691305,189.8552960306277
0.0004357724551078826,0.0793643944249999,14.057624297235181,189.8558743947185
0.00043579201144434027,0.0793644093261611,14.057624297235181,189.8558743947185
0.00043577243343459764,0.0793643944249999,14.057624312136342,189.8558743947185
0.00043577245221150025,0.0793643944249999,14.057624297235181,189.85587440961967
0.00043304649189281676,0.07937757353072387,14.071442416607471,189.8569917069318
0.0004330775112609005,0.07937758843188507,14.071442416607471,189.8569917069318
0.0004330464602526035,0.07937757353072387,14.071442431508633,189.8569917069318
0.00043304648751003747,0.07937757353072387,14.071442416607471,189.85699172183297
0.00042808951371382564,0.07940205215965267,14.097739241034986,189.85911978660064
0.0004281335690971682,0.07940206706081386,14.097739241034986,189.85911978660064
0.0004280894709090155,0.07940205215965267,14.097739255936148,189.85911978660064
0.0004280895076402996,0.07940205215965267,14.097739241034986,189.8591198015018
0.0004194655698834884,0.07944811632454296,14.1480566105413,189.86319579609227
0.0004195237919929118,0.07944813122570415,14.1480566105413,189.86319579609227
0.0004194655152899642,0.07944811632454296,14.148056625442461,189.86319579609227
0.00041946556197190813,0.07944811632454296,14.1480566105413,189.86319581099343
0.0004062401896906977,0.0795346602713777,14.243979971915895,189.87097685624875
0.0004063093188763188,0.0795346751725389,14.243979971915895,189.87097685624875
0.00040624012687423414,0.0795346602713777,14.243979986817056,189.87097685624875
0.0004062401803620806,0.0795346602713777,14.243979971915895,189.8709768711499
0.00039503150075759767,0.07961289763447732,14.332476337153965,189.87817521178252
0.0003950901485196007,0.07961291253563851,14.332476337153965,189.87817521178252
0.0003950314484128698,0.07961289763447732,14.332476352055126,189.87817521178252
0.0003950314927887939,0.07961289763447732,14.332476337153965,189.87817522668368
0.00038679166471637145,0.07966631050939842,14.394941914364994,189.8832892557761
0.0003868179781928039,0.07966632541055961,14.394941914364994,189.8832892557761
0.0003867916415974637,0.07966631050939842,14.394941929266155,189.8832892557761
0.0003867916609477046,0.07966631050939842,14.394941914364994,189.88328927067727
0.0003852115985154019,0.07967356878415588,14.404832345649744,189.88413822441674
0.0003852151295096118,0.07967358368531707,14.404832345649744,189.88413822441674
0.000385211595522734,0.07967356878415588,14.404832360550905,189.88413822441674
0.0003852115977069519,0.07967356878415588,14.404832345649744,189.8841382393179
0.0003851976161228079,0.07966931585934785,14.400299362029946,189.88379903665376
0.0003851977780871633,0.07966933076050904,14.400299362029946,189.88379903665376
0.00038519761603808214,0.07966931585934785,14.400299376931107,189.88379903665376
0.00038519761575198124,0.07966931585934785,14.400299362029946,189.88379905155492
0.00038520948389960525,0.07966727940300891,14.39802501428338,189.8836431297712
0.00038520937216036006,0.0796672943041701,14.39802501428338,189.8836431297712
0.00038520948402989317,0.07966727940300891,14.398025029184542,189.8836431297712
0.00038520948356433795,0.07966727940300891,14.39802501428338,189.88364314467236
0.0003851982048304505,0.07966919449164238,14.400163816591451,189.8837897449934
0.00038519835042549055,0.07966920939280357,14.400163816591451,189.8837897449934
0.00038519820475861936,0.07966919449164238,14.400163831492613,189.8837897449934
0.00038519820446174366,0.07966919449164238,14.400163816591451,189.88378975989457
0.0003851976525281287,0.07966930826312922,14.400290878448745,189.88379845510298
0.00038519781346787476,0.07966932316429041,14.400290878448745,189.88379845510298
0.0003851976524442811,0.07966930826312922,14.400290893349906,189.88379845510298
0.0003851976521575043,0.07966930826312922,14.400290878448745,189.88379847000414
0.0003851976184060139,0.07966931538256271,14.400298829548499,189.88379900015207
0.0003851977803061907,0.0796693302837239,14.400298829548499,189.88379900015207
0.0003851976183214733,0.07966931538256271,14.40029884444966,189.88379900015207
0.00038519761803524694,0.07966931538256271,14.400298829548499,189.88379901505323
0.00038519761626608557,0.07966931582942186,14.400299328608101,189.88379903436268
0.00038519777822646823,0.07966933073058305,14.400299328608101,189.88379903436268
0.00038519761618140396,0.07966931582942186,14.400299343509262,189.88379903436268
0.0003851976158952835,0.07966931582942186,14.400299328608101,189.88379904926384
0.00038519761613180247,0.07966931585746864,14.400299359931218,189.88379903650988
0.00038519777809593305,0.07966933075862984,14.400299359931218,189.88379903650988
0.0003851976160470703,0.07966931585746864,14.400299374832379,189.88379903650988
0.00038519761576098364,0.07966931585746864,14.400299359931218,189.88379905141105
0.00038519761612334174,0.0796693158592298,14.400299361898108,189.88379903664472
0.0003851977780877906,0.079669330760391,14.400299361898108,189.88379903664472
0.00038519761603869216,0.0796693158592298,14.40029937679927,189.88379903664472
0.00038519761575252014,0.0796693158592298,14.400299361898108,189.88379905154588
0.00038519761612286,0.07966931585934015,14.400299362021338,189.88379903665316
0.0003851977780871611,0.07966933076050134,14.400299362021338,189.88379903665316
0.0003851976160380878,0.07966931585934015,14.400299376922499,189.88379903665316
0.0003851976157520658,0.07966931585934015,14.400299362021338,189.88379905155432
0.00038519761612277605,0.07966931585934747,14.400299362029525,189.88379903665373
0.00038519777808717584,0.07966933076050867,14.400299362029525,189.88379903665373
0.0003851976160381473,0.07966931585934747,14.400299376930686,189.88379903665373
0.0003851976157519658,0.07966931585934747,14.400299362029525,189.8837990515549
0.00038519761612280516,0.07966931585934724,14.400299362029262,189.8837990366537
0.00038519777808723,0.07966933076050843,14.400299362029262,189.8837990366537
0.0003851976160380701,0.07966931585934724,14.400299376930423,189.8837990366537
0.0003851976157519854,0.07966931585934724,14.400299362029262,189.88379905155486
0.00038519761612277605,0.07966931585934747,14.400299362029525,189.88379903665373
0.00038519777808717584,0.07966933076050867,14.400299362029525,189.88379903665373
0.0003851976160381473,0.07966931585934747,14.400299376930686,189.88379903665373
0.0003851976157519658,0.07966931585934747,14.400299362029525,189.8837990515549
0.00038519761612281584,0.07966931585934747,14.400299362029523,189.88379903665373
0.0003851977780871534,0.07966933076050867,14.400299362029523,189.88379903665373
0.00038519761603811515,0.07966931585934747,14.400299376930684,189.88379903665373
0.00038519761575194384,0.07966931585934747,14.400299362029523,189.8837990515549
0.00038519761612277605,0.07966931585934747,14.400299362029525,189.88379903665373
0.00038519777808717584,0.07966933076050867,14.400299362029525,189.88379903665373
0.0003851976160381473,0.07966931585934747,14.400299376930686,189.88379903665373
0.0003851976157519658,0.07966931585934747,14.400299362029525,189.8837990515549
0.00038519761612281584,0.07966931585934747,14.400299362029523,189.88379903665373
0.0003851977780871534,0.07966933076050867,14.400299362029523,189.88379903665373
0.00038519761603811515,0.07966931585934747,14.400299376930684,189.88379903665373
0.00038519761575194384,0.07966931585934747,14.400299362029523,189.8837990515549
0.00038519761612277605,0.07966931585934747,14.400299362029525,189.88379903665373
0.00038519777808717584,0.07966933076050867,14.400299362029525,189.88379903665373
0.0003851976160381473,0.07966931585934747,14.400299376930686,189.88379903665373
0.0003851976157519658,0.07966931585934747,14.400299362029525,189.8837990515549
0.00038519761612281584,0.07966931585934747,14.400299362029523,189.88379903665373
0.0003851977780871534,0.07966933076050867,14.400299362029523,189.88379903665373
0.00038519761603811515,0.07966931585934747,14.400299376930684,189.88379903665373
0.00038519761575194384,0.07966931585934747,14.400299362029523,189.8837990515549
0.00038519761612277605,0.07966931585934747,14.400299362029525,189.88379903665373
0.00038519777808717584,0.07966933076050867,14.400299362029525,189.88379903665373
0.0003851976160381473,0.07966931585934747,14.400299376930686,189.88379903665373
0.0003851976157519658,0.07966931585934747,14.400299362029525,189.8837990515549
0.00038519761612281584,0.07966931585934747,14.400299362029523,189.88379903665373
0.0003851977780871534,0.07966933076050867,14.400299362029523,189.88379903665373
0.00038519761603811515,0.07966931585934747,14.400299376930684,189.88379903665373
0.00038519761575194384,0.07966931585934747,14.400299362029523,189.8837990515549
0.00038519761612277605,0.07966931585934747,14.400299362029525,189.88379903665373
0.00038519777808717584,0.07966933076050867,14.400299362029525,189.88379903665373
0.0003851976160381473,0.07966931585934747,14.400299376930686,189.88379903665373
0.0003851976157519658,0.07966931585934747,14.400299362029525,189.8837990515549
0.00038519761612281584,0.07966931585934747,14.400299362029523,189.88379903665373
0.0003851977780871534,0.07966933076050867,14.400299362029523,189.88379903665373
0.00038519761603811515,0.07966931585934747,14.400299376930684,189.88379903665373
0.00038519761575194384,0.07966931585934747,14.400299362029523,189.8837990515549
0.00038519761612277605,0.07966931585934747,14.400299362029525,189.88379903665373
0.00038519777808717584,0.07966933076050867,14.400299362029525,189.88379903665373
0.0003851976160381473,0.07966931585934747,14.400299376930686,189.88379903665373
0.0003851976157519658,0.07966931585934747,14.400299362029525,189.8837990515549
0.00038519761612281584,0.07966931585934747,14.400299362029523,189.88379903665373
0.0003851977780871534,0.07966933076050867,14.400299362029523,189.88379903665373
0.00038519761603811515,0.07966931585934747,14.400299376930684,189.88379903665373
0.00038519761575194384,0.07966931585934747,14.400299362029523,189.8837990515549
0.00038519761612277605,0.07966931585934747,14.400299362029525,189.88379903665373
0.00038519777808717584,0.07966933076050867,14.400299362029525,189.88379903665373
0.0003851976160381473,0.07966931585934747,14.400299376930686,189.88379903665373
0.0003851976157519658,0.07966931585934747,14.400299362029525,189.8837990515549
0.00038519761612281584,0.07966931585934747,14.400299362029523,189.88379903665373
0.0003851977780871534,0.07966933076050867,14.400299362029523,189.88379903665373
0.00038519761603811515,0.07966931585934747,14.400299376930684,189.88379903665373
0.00038519761575194384,0.07966931585934747,14.400299362029523,189.8837990515549
0.00038519761612277605,0.07966931585934747,14.400299362029525,189.88379903665373
0.00038519777808717584,0.07966933076050867,14.400299362029525,189.88379903665373
0.0003851976160381473,0.07966931585934747,14.400299376930686,189.88379903665373
0.0003851976157519658,0.07966931585934747,14.400299362029525,189.8837990515549
0.00038519761612281584,0.07966931585934747,14.400299362029523,189.88379903665373
0.0003851977780871534,0.07966933076050867,14.400299362029523,189.88379903665373
0.00038519761603811515,0.07966931585934747,14.400299376930684,189.88379903665373
0.00038519761575194384,0.07966931585934747,14.400299362029523,189.8837990515549
0.00038519761612277605,0.07966931585934747,14.400299362029525,189.88379903665373
0.00038519777808717584,0.07966933076050867,14.400299362029525,189.88379903665373
0.0003851976160381473,0.07966931585934747,14.400299376930686,189.88379903665373
0.0003851976157519658,0.07966931585934747,14.400299362029525,189.8837990515549
0.00038519761612281584,0.07966931585934747,14.400299362029523,189.88379903665373
0.0003851977780871534,0.07966933076050867,14.400299362029523,189.88379903665373
0.00038519761603811515,0.07966931585934747,14.400299376930684,189.88379903665373
0.00038519761575194384,0.07966931585934747,14.400299362029523,189.8837990515549
0.00038519761612277605,0.07966931585934747,14.400299362029525,189.88379903665373
0.00038519777808717584,0.07966933076050867,14.400299362029525,189.88379903665373
0.0003851976160381473,0.07966931585934747,14.400299376930686,189.88379903665373
0.0003851976157519658,0.07966931585934747,14.400299362029525,189.8837990515549
0.00038520948389960525,0.07966727940300891,14.39802501428338,189.8836431297712
0.00038519917671238607,0.07966900056070073,14.399947231343974,189.88377489804188
0.0003851978785452992,0.07966926137512165,14.400238513155001,189.88379486545415
0.00038519766206247845,0.07966930627575104,14.400288658912295,189.8837983029534
0.00038519762422149003,0.0796693141684104,14.400297473563356,189.8837989071991
0.0003851976175523264,0.07966931556083187,14.40029902864242,189.8837990138
0.0003851976163750672,0.07966931580664313,14.400299303168465,189.88379903261878
0.00038519761616731497,0.07966931585003942,14.400299351634139,189.8837990359411
0.0003851976161305927,0.07966931585770275,14.400299360192676,189.88379903652782
0.0003851976161241073,0.07966931585905516,14.400299361703066,189.88379903663136
0.00038519761612294763,0.07966931585929361,14.400299361969376,189.8837990366496
0.00038519761612283807,0.07966931585933557,14.400299362016236,189.88379903665282
588.9207919805227,0.2183727880177973,14.629036731110068,190.1579891606376
588.9208171862667,0.2183728029189585,14.629036731110068,190.1579891606376
588.9207919121616,0.2183727880177973,14.629036746011229,190.1579891606376
588.9207919711685,0.2183727880177973,14.629036731110068,190.15798917553877
788.1069413289605,0.7916234278600849,14.631775967802527,190.15836398686614
785.6979555110632,0.7916234129589237,14.631775967802527,190.15836398686614
788.1069413219328,0.7916234278600849,14.631775982703688,190.15836398686614
788.1069413279802,0.7916234278600849,14.631775967802527,190.1583640017673
706.6899398755384,0.34442565610765746,14.63056311123345,190.1581980244085
706.6899324860304,0.34442564120649627,14.63056311123345,190.1581980244085
706.6899398404505,0.34442565610765746,14.63056312613461,190.1581980244085
706.6899398711599,0.34442565610765746,14.63056311123345,190.15819803930967
2840.4610269904497,0.04701053778262454,14.629501487072682,190.1580527559907
2840.4554999015427,0.047010552683785733,14.629501487072682,190.1580527559907
2840.4610297837453,0.04701053778262454,14.629501501973843,190.1580527559907
2840.461027407664,0.04701053778262454,14.629501487072682,190.15805277089186
436.3992980036134,0.1586159428738102,14.629198799185444,190.15801133738694
436.39935384290135,0.1586159577749714,14.629198799185444,190.15801133738694
436.3992978998012,0.1586159428738102,14.629198814086605,190.15801133738694
436.3992979887735,0.1586159428738102,14.629198799185444,190.1580113522881
31.392843086381855,0.08932508638494122,14.629386724697998,190.15803705236488
31.392926909610345,0.08932510128610241,14.629386724697998,190.15803705236488
31.392843004067224,0.08932508638494122,14.629386739599159,190.15803705236488
31.392843074152402,0.08932508638494122,14.629386724697998,190.15803706726604
89.04852214703388,0.06913658375371973,14.629441478454797,190.15804454465066
89.04821639687113,0.06913659865488092,14.629441478454797,190.15804454465066
89.04852237626712,0.06913658375371973,14.629441493355959,190.15804454465066
89.04852218126345,0.06913658375371973,14.629441478454797,190.15804455955183
0.7321699670604496,0.08115188093724751,14.629408891458532,190.158040085576
0.7321870604627062,0.0811518958384087,14.629408891458532,190.158040085576
0.7321699519055211,0.08115188093724751,14.629408906359693,190.158040085576
0.7321699648025439,0.08115188093724751,14.629408891458532,190.15804010047717
662.3456959914683,0.25139819079630366,8.123829837424662,189.30624311149035
662.3456810306859,0.25139817589514246,8.123829837424662,189.30624311149035
662.34569592418,0.25139819079630366,8.123829852325823,189.30624311149035
662.3456959847999,0.25139819079630366,8.123829837424662,189.3062431263915
1259.2155869245262,0.052832856560383855,14.07541216291652,190.08550346230143
1259.2130306703095,0.05283287146154505,14.07541216291652,190.08550346230143
1259.215588413648,0.052832856560383855,14.07541217781768,190.08550346230143
1259.2155871426448,0.052832856560383855,14.07541216291652,190.0855034772026
5.382204036022318,0.07672176806289087,14.542743898808906,190.14669275155933
5.382149232430128,0.07672178296405206,14.542743898808906,190.14669275155933
5.38220408199815,0.07672176806289087,14.542743913710067,190.14669275155933
5.382204042855987,0.07672176806289087,14.542743898808906,190.1466927664605
0.001922014906791741,0.07994010753509431,14.60570332549011,190.15493623744916
0.0019228321540115708,0.0799401224362555,14.60570332549011,190.15493623744916
0.001922014195008226,0.07994010753509431,14.60570334039127,190.15493623744916
0.0019220148001625175,0.07994010753509431,14.60570332549011,190.15493625235032
0.00040129871279455956,0.07987852407963439,14.603714788602828,190.15470061437608
0.00040123821573559627,0.07987853898079558,14.603714788602828,190.15470061437608
0.0004012987677820049,0.07987852407963439,14.603714803503989,190.15470061437608
0.0004012987203131458,0.07987852407963439,14.603714788602828,190.15470062927724
0.00039292708897685914,0.07988265557675109,14.603724091910195,190.15474233774114
0.00039292721167025115,0.07988267047791228,14.603724091910195,190.15474233774114
0.0003929270910434707,0.07988265557675109,14.603724106811356,190.15474233774114
0.00039292708861786484,0.07988265557675109,14.603724091910195,190.1547423526423
0.000392908417567709,0.07988253707433866,14.60359427351572,190.15476742996856
0.00039290841625578264,0.07988255197549986,14.60359427351572,190.15476742996856
0.0003929084197413205,0.07988253707433866,14.60359428841688,190.15476742996856
0.0003929084172247942,0.07988253707433866,14.60359427351572,190.15476744486972
0.0003928345417096971,0.07988206306468895,14.603074999937816,190.15486779887829
0.0003928340444353454,0.07988207796585015,14.603074999937816,190.15486779887829
0.00039283454431145507,0.07988206306468895,14.603075014838977,190.15486779887829
0.00039283454143124684,0.07988206306468895,14.603074999937816,190.15486781377945
0.0003925519839685273,0.07988016702609013,14.600997905626203,190.15526927451714
0.0003925495037793728,0.07988018192725133,14.600997905626203,190.15526927451714
0.0003925519882814558,0.07988016702609013,14.600997920527364,190.15526927451714
0.0003925519839476866,0.07988016702609013,14.600997905626203,190.1552692894183
0.00039162819547340817,0.07987258287169485,14.592689528379754,190.15687517707252
0.0003916177986031722,0.07987259777285605,14.592689528379754,190.15687517707252
0.0003916282066205523,0.07987258287169485,14.592689543280915,190.15687517707252
0.00039162819648132105,0.07987258287169485,14.592689528379754,190.15687519197368
0.00038936709147168597,0.07985473255835172,14.572173778083295,190.16085120593564
0.00038935014911469987,0.07985474745951292,14.572173778083295,190.16085120593564
0.0003893671081441765,0.07985473255835172,14.572173792984456,190.16085120593564
0.00038936709332970936,0.07985473255835172,14.572173778083295,190.1608512208368
0.00038552532946966884,0.07982244000152294,14.53446088287362,190.1681685792503
0.0003855044357313043,0.07982245490268414,14.53446088287362,190.1681685792503
0.0003855253492401789,0.07982244000152294,14.534460897774782,190.1681685792503
0.00038552533184029,0.07982244000152294,14.53446088287362,190.16816859415147
0.00037999076889458307,0.07976020587772,14.461134312630575,190.1824103441792
0.0003799719526000131,0.07976022077888119,14.461134312630575,190.1824103441792
0.0003799907861223835,0.07976020587772,14.461134327531736,190.1824103441792
0.00037999077099340467,0.07976020587772,14.461134312630575,190.18241035908036
0.0003778887587277591,0.07968923495397598,14.376876722920567,190.1988028843579
0.00037788297001613324,0.07968924985513717,14.376876722920567,190.1988028843579
0.0003778887636165451,0.07968923495397598,14.376876737821728,190.1988028843579
0.0003778887591333923,0.07968923495397598,14.376876722920567,190.19880289925905
0.0003777363337811042,0.07969668133273912,14.385413631610415,190.1971689982605
0.0003777328210550146,0.07969669623390031,14.385413631610415,190.1971689982605
0.00037773633676485964,0.07969668133273912,14.385413646511577,190.1971689982605
0.0003777363338915832,0.07969668133273912,14.385413631610415,190.19716901316167
0.0003776783973201389,0.07970005482608071,14.389093088862015,190.19650152432635
0.000377678230179916,0.0797000697272419,14.389093088862015,190.19650152432635
0.00037767839740476,0.07970005482608071,14.389093103763177,190.19650152432635
0.00037767839699653254,0.07970005482608071,14.389093088862015,190.1965015392275
0.0003776795313942443,0.0796998042644347,14.38877832749022,190.19658853939836
0.0003776795827990079,0.07969981916559589,14.38877832749022,190.19658853939836
0.0003776795312831221,0.0796998042644347,14.388778342391381,190.19658853939836
0.0003776795310422187,0.0796998042644347,14.38877832749022,190.19658855429952
0.0003776784799015845,0.07970003414068823,14.389067103390499,190.1965087079514
0.0003776783308018435,0.07970004904184942,14.389067103390499,190.1965087079514
0.00037767847996990605,0.07970003414068823,14.38906711829166,190.1965087079514
0.0003776784795755163,0.07970003414068823,14.389067103390499,190.19650872285257
0.00037767840425713726,0.07970005306913201,14.389090881742163,190.19650213447966
0.00037767823864912623,0.0797000679702932,14.389090881742163,190.19650213447966
0.0003776784043403525,0.07970005306913201,14.389090896643324,190.19650213447966
0.00037767840393333643,0.07970005306913201,14.389090881742163,190.19650214938082
0.00037767839791004915,0.07970005467654526,14.389092901012095,190.19650157625705
0.0003776782309002425,0.07970006957770645,14.389092901012095,190.19650157625705
0.0003776783979946096,0.07970005467654526,14.389092915913256,190.19650157625705
0.0003776783975863067,0.07970005467654526,14.389092901012095,190.1965015911582
0.00037767839737041793,0.07970005481335805,14.38909307287952,190.19650152874468
0.0003776782302412023,0.07970006971451925,14.38909307287952,190.19650152874468
0.00037767839745488205,0.07970005481335805,14.389093087780681,190.19650152874468
0.00037767839704659677,0.07970005481335805,14.38909307287952,190.19650154364584
0.000377678397324433,0.07970005482499865,14.389093087502697,190.19650152470214
0.0003776782301851224,0.07970006972615984,14.389093087502697,190.19650152470214
0.00037767839740906757,0.07970005482499865,14.389093102403859,190.19650152470214
0.00037767839700074835,0.07970005482499865,14.389093087502697,190.1965015396033
0.0003776783973205756,0.07970005482598895,14.389093088746744,190.1965015243582
0.0003776782301803448,0.07970006972715014,14.389093088746744,190.1965015243582
0.000377678397405131,0.07970005482598895,14.389093103647905,190.1965015243582
0.0003776783969968257,0.07970005482598895,14.389093088746744,190.19650153925937
0.00037767839732016516,0.07970005482607374,14.389093088853263,190.19650152432877
0.0003776782301799652,0.07970006972723494,14.389093088853263,190.19650152432877
0.0003776783974046997,0.07970005482607374,14.389093103754425,190.19650152432877
0.0003776783969965451,0.07970005482607374,14.389093088853263,190.19650153922993
0.00037767839732016646,0.0797000548260801,14.38909308886125,190.19650152432655
0.00037767823017988286,0.0797000697272413,14.38909308886125,190.19650152432655
0.0003776783974047556,0.0797000548260801,14.389093103762411,190.19650152432655
0.00037767839699652875,0.0797000548260801,14.38909308886125,190.1965015392277
0.00037767839732008547,0.0797000548260807,14.389093088862007,190.19650152432635
0.0003776782301799316,0.07970006972724189,14.389093088862007,190.19650152432635
0.00037767839740475634,0.0797000548260807,14.389093103763168,190.19650152432635
0.0003776783969965245,0.0797000548260807,14.389093088862007,190.1965015392275
0.000377678397320148,0.0797000548260807,14.389093088862003,190.19650152432635
0.00037767823017989733,0.07970006972724189,14.389093088862003,190.19650152432635
0.00037767839740469834,0.0797000548260807,14.389093103763164,190.19650152432635
0.00037767839699652474,0.0797000548260807,14.389093088862003,190.1965015392275
0.00037767839732008547,0.0797000548260807,14.389093088862007,190.19650152432635
0.0003776782301799316,0.07970006972724189,14.389093088862007,190.19650152432635
0.00037767839740475634,0.0797000548260807,14.389093103763168,190.19650152432635
0.0003776783969965245,0.0797000548260807,14.389093088862007,190.1965015392275
0.00037767839732016245,0.0797000548260807,14.389093088862005,190.19650152432635
0.00037767823017990476,0.07970006972724189,14.389093088862005,190.19650152432635
0.00037767839740467975,0.0797000548260807,14.389093103763166,190.19650152432635
0.0003776783969965305,0.0797000548260807,14.389093088862005,190.1965015392275
0.00037767839732008547,0.0797000548260807,14.389093088862007,190.19650152432635
0.0003776782301799316,0.07970006972724189,14.389093088862007,190.19650152432635
0.00037767839740475634,0.0797000548260807,14.389093103763168,190.19650152432635
0.0003776783969965245,0.0797000548260807,14.389093088862007,190.1965015392275
0.00037767839732016245,0.0797000548260807,14.389093088862005,190.19650152432635
0.00037767823017990476,0.07970006972724189,14.389093088862005,190.19650152432635
0.00037767839740467975,0.0797000548260807,14.389093103763166,190.19650152432635
0.0003776783969965305,0.0797000548260807,14.389093088862005,190.1965015392275
0.00037767839732008547,0.0797000548260807,14.389093088862007,190.19650152432635
0.0003776782301799316,0.07970006972724189,14.389093088862007,190.19650152432635
0.00037767839740475634,0.0797000548260807,14.389093103763168,190.19650152432635
0.0003776783969965245,0.0797000548260807,14.389093088862007,190.1965015392275
0.00037767839732016245,0.0797000548260807,14.389093088862005,190.19650152432635
0.00037767823017990476,0.07970006972724189,14.389093088862005,190.19650152432635
0.00037767839740467975,0.0797000548260807,14.389093103763166,190.19650152432635
0.0003776783969965305,0.0797000548260807,14.389093088862005,190.1965015392275
0.00037767839732008547,0.0797000548260807,14.389093088862007,190.19650152432635
0.0003776782301799316,0.07970006972724189,14.389093088862007,190.19650152432635
0.00037767839740475634,0.0797000548260807,14.389093103763168,190.19650152432635
0.0003776783969965245,0.0797000548260807,14.389093088862007,190.1965015392275
0.00037767839732016245,0.0797000548260807,14.389093088862005,190.19650152432635
0.00037767823017990476,0.07970006972724189,14.389093088862005,190.19650152432635
0.00037767839740467975,0.0797000548260807,14.389093103763166,190.19650152432635
0.0003776783969965305,0.0797000548260807,14.389093088862005,190.1965015392275
0.00037767839732008547,0.0797000548260807,14.389093088862007,190.19650152432635
0.0003776782301799316,0.07970006972724189,14.389093088862007,190.19650152432635
0.00037767839740475634,0.0797000548260807,14.389093103763168,190.19650152432635
0.0003776783969965245,0.0797000548260807,14.389093088862007,190.1965015392275
0.00037767839732016245,0.0797000548260807,14.389093088862005,190.19650152432635
0.00037767823017990476,0.07970006972724189,14.389093088862005,190.19650152432635
0.00037767839740467975,0.0797000548260807,14.389093103763166,190.19650152432635
0.0003776783969965305,0.0797000548260807,14.389093088862005,190.1965015392275
0.00037767839732008547,0.0797000548260807,14.389093088862007,190.19650152432635
0.0003776782301799316,0.07970006972724189,14.389093088862007,190.19650152432635
0.00037767839740475634,0.0797000548260807,14.389093103763168,190.19650152432635
0.0003776783969965245,0.0797000548260807,14.389093088862007,190.1965015392275
0.00037767839732016245,0.0797000548260807,14.389093088862005,190.19650152432635
0.00037767823017990476,0.07970006972724189,14.389093088862005,190.19650152432635
0.00037767839740467975,0.0797000548260807,14.389093103763166,190.19650152432635
0.0003776783969965305,0.0797000548260807,14.389093088862005,190.1965015392275
0.00037767839732008547,0.0797000548260807,14.389093088862007,190.19650152432635
0.0003776782301799316,0.07970006972724189,14.389093088862007,190.19650152432635
0.00037767839740475634,0.0797000548260807,14.389093103763168,190.19650152432635
0.0003776783969965245,0.0797000548260807,14.389093088862007,190.1965015392275
0.00037767839732016245,0.0797000548260807,14.389093088862005,190.19650152432635
0.00037767823017990476,0.07970006972724189,14.389093088862005,190.19650152432635
0.00037767839740467975,0.0797000548260807,14.389093103763166,190.19650152432635
0.0003776783969965305,0.0797000548260807,14.389093088862005,190.1965015392275
0.00037767839732008547,0.0797000548260807,14.389093088862007,190.19650152432635
0.0003776782301799316,0.07970006972724189,14.389093088862007,190.19650152432635
0.00037767839740475634,0.0797000548260807,14.389093103763168,190.19650152432635
0.0003776783969965245,0.0797000548260807,14.389093088862007,190.1965015392275
0.00037767839732016245,0.0797000548260807,14.389093088862005,190.19650152432635
0.00037767823017990476,0.07970006972724189,14.389093088862005,190.19650152432635
0.00037767839740467975,0.0797000548260807,14.389093103763166,190.19650152432635
0.0003776783969965305,0.0797000548260807,14.389093088862005,190.1965015392275
0.00037767839732008547,0.0797000548260807,14.389093088862007,190.19650152432635
0.0003776782301799316,0.07970006972724189,14.389093088862007,190.19650152432635
0.00037767839740475634,0.0797000548260807,14.389093103763168,190.19650152432635
0.0003776783969965245,0.0797000548260807,14.389093088862007,190.1965015392275
0.0003776795313942443,0.0796998042644347,14.38877832749022,190.19658853939836
0.000377678618213004,0.07970000055591087,14.389024913411465,190.19652037127605
0.0003776784468509548,0.07970004235977181,14.389077428394607,190.1965058536273
0.00037767840719907773,0.07970005232511353,14.38908994708883,190.19650239286247
0.00037767839934272387,0.07970005431343612,14.389092444865941,190.1965017023576
0.00037767839773376736,0.0797000547212323,14.389092957149007,190.1965015607381
0.0003776783974048075,0.07970005480462963,14.389093061914679,190.19650153177588
0.0003776783973373846,0.07970005482169353,14.389093083350732,190.19650152584992
0.0003776783973236992,0.07970005482518125,14.389093087732096,190.1965015246387
0.0003776783973209196,0.07970005482589712,14.389093088631384,190.1965015243901
0.0003776783973203445,0.07970005482603953,14.389093088810288,190.19650152434065
0.00037767839732020354,0.07970005482607229,14.38909308885143,190.19650152432928
462.83594167233076,0.16496726961367542,14.063540800117703,190.264557989245
462.8358911086792,0.16496725471251422,14.063540800117703,190.264557989245
462.8359415715815,0.16496726961367542,14.063540815018865,190.264557989245
462.835941658294,0.16496726961367542,14.063540800117703,190.26455800414615
801.526520466333,0.8450306865486601,14.065553245012955,190.26483837014382
800.6205178043085,0.8450307014498213,14.065553245012955,190.26483837014382
801.5265204647427,0.8450306865486601,14.065553259914116,190.26483837014382
801.5265204658149,0.8450306865486601,14.065553245012955,190.26483838504498
462.74029462097286,0.16493908813796618,14.063540856269963,190.26455799706832
462.74024403686707,0.16493907323680498,14.063540856269963,190.26455799706832
462.7402945202027,0.16493908813796618,14.063540871171124,190.26455799706832
462.74029460693293,0.16493908813796618,14.063540856269963,190.26455801196948
462.6445728336108,0.16491089604976542,14.063540912443367,190.2645580048946
462.64452222902906,0.16491088114860422,14.063540912443367,190.2645580048946
462.64457273282,0.16491089604976542,14.063540927344528,190.2645580048946
462.64457281956777,0.16491089604976542,14.063540912443367,190.26455801979577
705.821292096465,0.3400598952494474,14.064547078728161,190.2646981875192
705.8212996611137,0.3400599101506086,14.064547078728161,190.2646981875192
705.8212920602845,0.3400598952494474,14.064547093629322,190.2646981875192
705.8212920920301,0.3400598952494474,14.064547078728161,190.26469820242036
66727.52633282339,0.024996501891751677,14.063819695193944,190.26459684588764
66727.70367129483,0.024996486990590483,14.063819695193944,190.26459684588764
66727.52638167607,0.024996501891751677,14.063819710095105,190.26459684588764
66727.52633991942,0.024996501891751677,14.063819695193944,190.2645968607888
248.08040897589476,0.12004398744811626,14.063630310823463,190.26457046019124
248.08031327148888,0.12004397254695506,14.063630310823463,190.26457046019124
248.08040884304089,0.12004398744811626,14.063630325724624,190.26457046019124
248.08040895684556,0.12004398744811626,14.063630310823463,190.2645704750924
388.3768964183517,0.060909257202266406,14.063748138176765,190.26458687631242
388.3778210881317,0.06090924230110521,14.063748138176765,190.26458687631242
388.3768970414541,0.060909257202266406,14.063748153077926,190.26458687631242
388.37689650951586,0.060909257202266406,14.063748138176765,190.26458689121358
44.26640525974467,0.09093514327326889,14.063688310886244,190.26457854096392
44.26631204639676,0.0909351283721077,14.063688310886244,190.26457854096392
44.26640516417227,0.09093514327326889,14.063688325787405,190.26457854096392
44.266405245853434,0.09093514327326889,14.063688310886244,190.26457855586509
48.239982625110756,0.07111805846640724,14.063727796897988,190.26458404229393
48.240186823248216,0.07111804356524605,14.063727796897988,190.26458404229393
48.239982786615954,0.07111805846640724,14.063727811799149,190.26458404229393
48.23998264871297,0.07111805846640724,14.063727796897988,190.2645840571951
0.519656858185758,0.08046077003751065,14.063709181323476,190.26458144870662
0.5196422584715944,0.08046075513634945,14.063709181323476,190.26458144870662
0.5196568450388555,0.08046077003751065,14.063709196224638,190.26458144870662
0.5196568562687414,0.08046077003751065,14.063709181323476,190.26458146360778
4536.1453954894,0.04242300209413156,12.559497159166689,190.06306170678607
4536.15447621785,0.042422987192970364,12.559497159166689,190.06306170678607
4536.145400033074,0.04242300209413156,12.55949717406785,190.06306170678607
4536.145396115286,0.04242300209413156,12.559497159166689,190.06306172168723
34.75474117392453,0.07192938614209383,13.726333701242119,190.21938315307085
34.754907395140464,0.07192937124093264,13.726333701242119,190.21938315307085
34.754741308947466,0.07192938614209383,13.72633371614328,190.21938315307085
34.75474119340626,0.07192938614209383,13.726333701242119,190.219383167972
0.004804261553701084,0.07947994283785742,14.024922150823345,190.25938513843843
0.004802873134166155,0.07947992793669623,14.024922150823345,190.25938513843843
0.0048042603128606145,0.07947994283785742,14.024922165724506,190.25938513843843
0.00480426137329696,0.07947994283785742,14.024922150823345,190.2593851533396
0.00045350930297072565,0.07937622532808851,14.020191307015766,190.25870383037966
0.00045359611959518224,0.07937621042692732,14.020191307015766,190.25870383037966
0.00045350937511901907,0.07937622532808851,14.020191321916927,190.25870383037966
0.0004535093138282697,0.07937622532808851,14.020191307015766,190.25870384528082
0.00043640360471069306,0.07938263550387713,14.020791927818259,190.25876777571335
0.00043640287994052476,0.07938262060271593,14.020791927818259,190.25876777571335
0.0004364035990358524,0.07938263550387713,14.02079194271942,190.25876777571335
0.00043640360423267613,0.07938263550387713,14.020791927818259,190.2587677906145
0.0004362980403112597,0.07938290500267074,14.021107271903421,190.25879054874787
0.0004362975218603664,0.07938289010150955,14.021107271903421,190.25879054874787
0.0004362980348245146,0.07938290500267074,14.021107286804583,190.25879054874787
0.0004362980398599728,0.07938290500267074,14.021107271903421,190.25879056364903
0.00043587868570973677,0.07938398299784523,14.022368648244075,190.2588816408859
0.0004358789920895847,0.07938396809668403,14.022368648244075,190.2588816408859
0.0004358786809750088,0.07938398299784523,14.022368663145237,190.2588816408859
0.0004358786853651891,0.07938398299784523,14.022368648244075,190.25888165578706
0.00043424755475582517,0.07938829497854318,14.027414153606687,190.25924600943802
0.0004342511533235032,0.07938828007738198,14.027414153606687,190.25924600943802
0.00043424755302207065,0.07938829497854318,14.027414168507848,190.25924600943802
0.0004342475548378759,0.07938829497854318,14.027414153606687,190.25924602433918
0.0004284534138208997,0.07940554290133495,14.047596175057132,190.2607034836465
0.0004284700671125554,0.07940552800017375,14.047596175057132,190.2607034836465
0.0004284534239778327,0.07940554290133495,14.047596189958293,190.2607034836465
0.00042845341559459604,0.07940554290133495,14.047596175057132,190.26070349854766
0.0004143029315221905,0.07945311457974823,14.101354620932115,190.26459400905878
0.0004143292367725817,0.07945309967858703,14.101354620932115,190.26459400905878
0.0004143029509791642,0.07945311457974823,14.101354635833276,190.26459400905878
0.0004143029345490204,0.07945311457974823,14.101354620932115,190.26459402395994
0.00039164532665084443,0.07955135656039194,14.21104704626867,190.27254386415294
0.00039167012977725144,0.07955134165923075,14.21104704626867,190.27254386415294
0.0003916453461705956,0.07955135656039194,14.21104706116983,190.27254386415294
0.00039164532948868496,0.07955135656039194,14.21104704626867,190.2725438790541
0.000375452075810586,0.07972672235080763,14.405884013416532,190.2866903530373
0.00037544936728821756,0.07972670744964644,14.405884013416532,190.2866903530373
0.00037545207336517133,0.07972672235080763,14.405884028317693,190.2866903530373
0.00037545207508681667,0.07972672235080763,14.405884013416532,190.28669036793846
0.0003754573639960665,0.07973208372131814,14.411990003302915,190.28715847015891
0.0003754555836582666,0.07973206882015695,14.411990003302915,190.28715847015891
0.0003754573624342903,0.07973208372131814,14.411990018204076,190.28715847015891
0.00037545736339284483,0.07973208372131814,14.411990003302915,190.28715848506008
0.0003754504501063976,0.07972798413356885,14.407321040155065,190.28680052302335
0.00037544796139649074,0.07972796923240766,14.407321040155065,190.28680052302335
0.000375450447870195,0.07972798413356885,14.407321055056226,190.28680052302335
0.0003754504494111842,0.07972798413356885,14.407321040155065,190.2868005379245
0.00037544959525398014,0.07972830213539099,14.407687581060593,190.28683028196897
0.0003754472223986093,0.0797282872342298,14.407687581060593,190.28683028196897
0.0003754495931237329,0.07972830213539099,14.407687595961754,190.28683028196897
0.0003754495945738811,0.07972830213539099,14.407687581060593,190.28683029687014
0.0003754477927311639,0.07972957414267953,14.409153744682703,190.28694931775155
0.0003754458827369585,0.07972955924151834,14.409153744682703,190.28694931775155
0.0003754477910238663,0.07972957414267953,14.409153759583864,190.28694931775155
0.0003754477921110551,0.07972957414267953,14.409153744682703,190.2869493326527
0.00037544746907369525,0.07973020837000307,14.40988705944741,190.2870128096438
0.00037544582706817856,0.07973019346884187,14.40988705944741,190.2870128096438
0.0003754474676099535,0.07973020837000307,14.409887074348571,190.2870128096438
0.0003754474684883394,0.07973020837000307,14.40988705944741,190.28701282454497
0.00037544746124174824,0.0797302949558697,14.40998714922821,190.2870220537364
0.0003754458566024827,0.0797302800547085,14.40998714922821,190.2870220537364
0.00037544745981189483,0.0797302949558697,14.40998716412937,190.2870220537364
0.0003754474606613483,0.0797302949558697,14.40998714922821,190.28702206863755
0.0003754475682450842,0.0797306412993362,14.410387508351404,190.28705903010666
0.0003754461130287941,0.079730626398175,14.410387508351404,190.28705903010666
0.0003754475669509325,0.0797306412993362,14.410387523252565,190.28705903010666
0.0003754475676839544,0.0797306412993362,14.410387508351404,190.28705904500782
0.0003754474652109132,0.07973036650979397,14.410069862687973,190.28702969298658
0.00037544589144767064,0.07973035160863277,14.410069862687973,190.28702969298658
0.00037544746380917883,0.07973036650979397,14.410069877589134,190.28702969298658
0.0003754474646343979,0.07973036650979397,14.410069862687973,190.28702970788774
0.00037544746129246424,0.07973031003281196,14.410004577567324,190.28702366338302
0.0003754458631592526,0.07973029513165077,14.410004577567324,190.28702366338302
0.00037544745986851685,0.07973031003281196,14.410004592468486,190.28702366338302
0.00037544746071287334,0.07973031003281196,14.410004577567324,190.28702367828419
0.0003754474612175512,0.07973029814467046,14.409990835353698,190.2870223941796
0.00037544585795432116,0.07973028324350927,14.409990835353698,190.2870223941796
0.00037544745978894194,0.07973029814467046,14.409990850254859,190.2870223941796
0.0003754474606372071,0.07973029814467046,14.409990835353698,190.28702240908075
0.0003754474612376916,0.07973030599084385,14.409999905214692,190.28702323185385
0.0003754458613603283,0.07973029108968266,14.409999905214692,190.28702323185385
0.000375447459812173,0.07973030599084385,14.409999920115853,190.28702323185385
0.0003754474606577988,0.07973030599084385,14.409999905214692,190.287023246755
0.0003754474612122876,0.07973029980337053,14.409992752744284,190.28702257126596
0.00037544585866491914,0.07973028490220933,14.409992752744284,190.28702257126596
0.0003754474597843473,0.07973029980337053,14.409992767645445,190.28702257126596
0.000375447460632113,0.07973029980337053,14.409992752744284,190.28702258616713
0.0003754474612211381,0.07973030388710292,14.409997473374753,190.28702300725396
0.000375445860435952,0.07973028898594173,14.409997473374753,190.28702300725396
0.00037544745979481816,0.07973030388710292,14.409997488275915,190.28702300725396
0.00037544746064120844,0.07973030388710292,14.409997473374753,190.28702302215513
0.00037544746121165833,0.07973030066644247,14.409993750420767,190.28702266340937
0.0003754458590366543,0.07973028576528128,14.409993750420767,190.28702266340937
0.00037544745978404726,0.07973030066644247,14.409993765321929,190.28702266340937
0.00037544746063145946,0.07973030066644247,14.409993750420767,190.28702267831054
0.00037544746121574366,0.07973030279207836,14.409996207570398,190.2870228903468
0.0003754458599580796,0.07973028789091717,14.409996207570398,190.2870228903468
0.0003754474597890324,0.07973030279207836,14.409996222471559,190.2870228903468
0.00037544746063574244,0.07973030279207836,14.409996207570398,190.28702290524797
0.00037544746121174533,0.0797303011157142,14.40999426976082,190.28702271137456
0.00037544585923065654,0.07973028621455301,14.40999426976082,190.28702271137456
0.00037544745978433045,0.0797303011157142,14.40999428466198,190.28702271137456
0.0003754474606316709,0.0797303011157142,14.40999426976082,190.28702272627572
0.0003754474612116129,0.07973030076139707,14.409993860184455,190.28702267354691
0.00037544585907764574,0.07973028586023588,14.409993860184455,190.28702267354691
0.00037544745978406954,0.07973030076139707,14.409993875085616,190.28702267354691
0.0003754474606315407,0.07973030076139707,14.409993860184455,190.28702268844808
0.0003754474612116924,0.07973030099524638,14.409994130504856,190.28702269851317
0.0003754458591786241,0.07973028609408518,14.409994130504856,190.28702269851317
0.0003754474597842562,0.07973030099524638,14.409994145406017,190.28702269851317
0.0003754474606316102,0.07973030099524638,14.409994130504856,190.28702271341433
0.0003754474612117004,0.079730300810816,14.409993917310759,190.28702267882298
0.0003754458590989089,0.07973028590965481,14.409993917310759,190.28702267882298
0.0003754474597840835,0.079730300810816,14.40999393221192,190.28702267882298
0.00037544746063145225,0.079730300810816,14.409993917310759,190.28702269372414
0.00037544746121167427,0.07973030077183242,14.409993872247307,190.28702267466102
0.0003754458590820107,0.07973028587067123,14.409993872247307,190.28702267466102
0.00037544745978402883,0.07973030077183242,14.409993887148469,190.28702267466102
0.00037544746063149974,0.07973030077183242,14.409993872247307,190.28702268956218
0.000375447461211686,0.07973030076359887,14.409993862729651,190.287022673782
0.00037544585907861865,0.07973028586243767,14.409993862729651,190.287022673782
0.0003754474597840997,0.07973030076359887,14.409993877630813,190.287022673782
0.0003754474606314824,0.07973030076359887,14.409993862729651,190.28702268868315
0.0003754474612116357,0.07973030076185943,14.409993860718915,190.28702267359628
0.00037544585907779216,0.07973028586069823,14.409993860718915,190.28702267359628
0.00037544745978405127,0.07973030076185943,14.409993875620076,190.28702267359628
0.0003754474606314944,0.07973030076185943,14.409993860718915,190.28702268849744
0.00037544746121167573,0.07973030076149387,14.409993860296357,190.28702267355726
0.0003754458590776096,0.07973028586033268,14.409993860296357,190.28702267355726
0.00037544745978406585,0.07973030076149387,14.409993875197518,190.28702267355726
0.00037544746063145247,0.07973030076149387,14.409993860296357,190.28702268845842
0.0003754474612116962,0.07973030076141535,14.409993860205583,190.28702267354888
0.0003754458590776234,0.07973028586025416,14.409993860205583,190.28702267354888
0.00037544745978406363,0.07973030076141535,14.409993875106744,190.28702267354888
0.0003754474606315425,0.07973030076141535,14.409993860205583,190.28702268845004
0.0003754474612116681,0.0797303007613992,14.409993860186919,190.28702267354714
0.00037544585907759473,0.079730285860238,14.409993860186919,190.28702267354714
0.0003754474597840439,0.0797303007613992,14.40999387508808,190.28702267354714
0.00037544746063148293,0.0797303007613992,14.409993860186919,190.2870226884483
0.00037544746121158986,0.07973030076139716,14.409993860184551,190.28702267354691
0.0003754458590776119,0.07973028586023596,14.409993860184551,190.28702267354691
0.00037544745978404883,0.07973030076139716,14.409993875085712,190.28702267354691
0.00037544746063150364,0.07973030076139716,14.409993860184551,190.28702268844808
0.0003754474612116256,0.07973030076139817,14.409993860185736,190.28702267354703
0.0003754458590776251,0.07973028586023698,14.409993860185736,190.28702267354703
0.0003754474597840334,0.07973030076139817,14.409993875086897,190.28702267354703
0.00037544746063153194,0.07973030076139817,14.409993860185736,190.2870226884482
0.00037544746121155,0.07973030076139719,14.409993860184587,190.28702267354694
0.00037544585907762097,0.07973028586023599,14.409993860184587,190.28702267354694
0.0003754474597840573,0.07973030076139719,14.409993875085748,190.28702267354694
0.00037544746063148304,0.07973030076139719,14.409993860184587,190.2870226884481
0.00037544746121157506,0.07973030076139768,14.40999386018516,190.28702267354697
0.0003754458590776111,0.07973028586023649,14.40999386018516,190.28702267354697
0.0003754474597840659,0.07973030076139768,14.409993875086322,190.28702267354697
0.00037544746063150424,0.07973030076139768,14.40999386018516,190.28702268844813
0.000375447461211616,0.0797303007613972,14.4099938601846,190.28702267354694
0.0003754458590775872,0.079730285860236,14.4099938601846,190.28702267354694
0.0003754474597840455,0.0797303007613972,14.40999387508576,190.28702267354694
0.0003754474606315101,0.0797303007613972,14.4099938601846,190.2870226884481
0.00037544746121155,0.07973030076139719,14.409993860184587,190.28702267354694
0.00037544585907762097,0.07973028586023599,14.409993860184587,190.28702267354694
0.0003754474597840573,0.07973030076139719,14.409993875085748,190.28702267354694
0.00037544746063148304,0.07973030076139719,14.409993860184587,190.2870226884481
0.0003754474612116444,0.07973030076139719,14.409993860184594,190.28702267354694
0.0003754458590776212,0.07973028586023599,14.409993860184594,190.28702267354694
0.00037544745978404623,0.07973030076139719,14.409993875085755,190.28702267354694
0.00037544746063146835,0.07973030076139719,14.409993860184594,190.2870226884481
0.00037544746121155,0.07973030076139719,14.409993860184587,190.28702267354694
0.00037544585907762097,0.07973028586023599,14.409993860184587,190.28702267354694
0.0003754474597840573,0.07973030076139719,14.409993875085748,190.28702267354694
0.00037544746063148304,0.07973030076139719,14.409993860184587,190.2870226884481
0.0003754474612115674,0.07973030076139719,14.40999386018459,190.28702267354694
0.0003754458590775906,0.07973028586023599,14.40999386018459,190.28702267354694
0.00037544745978405236,0.07973030076139719,14.409993875085751,190.28702267354694
0.00037544746063147957,0.07973030076139719,14.40999386018459,190.2870226884481
0.00037544746121155,0.07973030076139719,14.409993860184587,190.28702267354694
0.00037544585907762097,0.07973028586023599,14.409993860184587,190.28702267354694
0.0003754474597840573,0.07973030076139719,14.409993875085748,190.28702267354694
0.00037544746063148304,0.07973030076139719,14.409993860184587,190.2870226884481
0.000375447461211567,0.07973030076139719,14.409993860184588,190.28702267354694
0.00037544585907758595,0.07973028586023599,14.409993860184588,190.28702267354694
0.00037544745978405734,0.07973030076139719,14.40999387508575,190.28702267354694
0.00037544746063146835,0.07973030076139719,14.409993860184588,190.2870226884481
0.00037544746121155,0.07973030076139719,14.409993860184587,190.28702267354694
0.00037544585907762097,0.07973028586023599,14.409993860184587,190.28702267354694
0.0003754474597840573,0.07973030076139719,14.409993875085748,190.28702267354694
0.00037544746063148304,0.07973030076139719,14.409993860184587,190.2870226884481
0.000375447461211567,0.07973030076139719,14.409993860184588,190.28702267354694
0.00037544585907758595,0.07973028586023599,14.409993860184588,190.28702267354694
0.00037544745978405734,0.07973030076139719,14.40999387508575,190.28702267354694
0.00037544746063146835,0.07973030076139719,14.409993860184588,190.2870226884481
0.00037544746121155,0.07973030076139719,14.409993860184587,190.28702267354694
0.00037544585907762097,0.07973028586023599,14.409993860184587,190.28702267354694
0.0003754474597840573,0.07973030076139719,14.409993875085748,190.28702267354694
0.00037544746063148304,0.07973030076139719,14.409993860184587,190.2870226884481
0.00037544746124174824,0.0797302949558697,14.40998714922821,190.2870220537364
0.0003754458566024827,0.0797302800547085,14.40998714922821,190.2870220537364
0.00037544745981189483,0.0797302949558697,14.40998716412937,190.2870220537364
0.0003754474606613483,0.0797302949558697,14.40998714922821,190.28702206863755
0.0003754474672456328,0.07973038154173633,14.410087239009007,190.28703129782895
0.0003754474624866985,0.07973033784657563,14.410036729159925,190.28702663284
0.00037544746135289566,0.07973031304273397,14.410008056916157,190.28702398472876
0.0003754474612159604,0.07973030284408586,14.40999626768896,190.28702289589924
0.0003754458599806864,0.07973028794292467,14.40999626768896,190.28702289589924
0.0003754474597891896,0.07973030284408586,14.409996282590122,190.28702289589924
0.00037544746063595294,0.07973030284408586,14.40999626768896,190.2870229108004
0.0003754474612733171,0.07973030884440216,14.410003203813375,190.28702353650584
0.00037544746123123723,0.07973030528039195,14.409999083960855,190.2870231560045
0.0003754474612213647,0.07973030391284913,14.409997503136342,190.28702301000268
0.000375447461217997,0.07973030330696985,14.409996802764251,190.28702294531772
0.00037544746121681165,0.0797303030450341,14.409996499977058,190.2870229173529
0.00037544746121618796,0.07973030293128804,14.409996368491177,190.2870229052091
0.00037544746121616086,0.07973030288194216,14.409996311449325,190.28702289994087
0.0003754474612159973,0.07973030286050976,14.40999628667434,190.2870228976527
601.90532294649,0.22702829724074686,14.81105860107512,190.39589123189438
601.9053457910276,0.22702831214190805,14.81105860107512,190.39589123189438
601.9053228820511,0.22702829724074686,14.81105861597628,190.39589123189438
601.9053229376808,0.22702829724074686,14.81105860107512,190.39589124679554
787.0557339354998,0.7829676095803912,14.813907551759181,190.39628069889866
787.0551948068212,0.78296759467923,14.813907551759181,190.39628069889866
787.0557339280348,0.7829676095803912,14.813907566660342,190.39628069889866
787.0557339344913,0.7829676095803912,14.813907551759181,190.39628071379983
698.4550377225019,0.3297871819982367,14.812629240945796,190.39610594688003
698.4550293681286,0.3297871670970755,14.812629240945796,190.39610594688003
698.4550376852039,0.3297871819982367,14.812629255846957,190.39610594688003
698.4550377177742,0.3297871819982367,14.812629240945796,190.3961059617812
2358.077466932297,0.048547035405768824,14.811562052930283,190.39596005649247
2358.072874975708,0.04854705030693002,14.811562052930283,190.39596005649247
2358.077469310919,0.048547035405768824,14.811562067831444,190.39596005649247
2358.077467289633,0.048547035405768824,14.811562052930283,190.39596007139363
453.0776866333845,0.16363025442876317,14.81123743140128,190.39591567896952
453.07773873939885,0.16363026932992436,14.81123743140128,190.39591567896952
453.0776865337284,0.16363025442876317,14.81123744630244,190.39591567896952
453.07768661910865,0.16363025442876317,14.81123743140128,190.39591569387068
44.69388101295775,0.09178154751831719,14.811440098977771,190.395943384726
44.69397361424811,0.09178156241947838,14.811440098977771,190.395943384726
44.693880920079124,0.09178154751831719,14.811440113878932,190.395943384726
44.69388099909353,0.09178154751831719,14.811440098977771,190.39594339962716
61.14325714833263,0.07084064580465851,14.811499168124348,190.39595145979857
61.14302063988541,0.07084066070581971,14.811499168124348,190.39595145979857
61.143257328783214,0.07084064580465851,14.811499183025509,190.39595145979857
61.14325717542131,0.07084064580465851,14.811499168124348,190.39595147469973
0.7327131512080391,0.08134476173705568,14.81146953859014,190.3959474092806
0.7327302076874208,0.08134477663821688,14.81146953859014,190.3959474092806
0.7327131361675931,0.08134476173705568,14.811469553491301,190.3959474092806
0.7327131489544922,0.08134476173705568,14.81146953859014,190.39594742418177
754.3656046872788,0.42400515684334344,6.0534067031147885,189.2509664469666
754.3656014752896,0.42400514194218225,6.0534067031147885,189.2509664469666
754.365604656327,0.42400515684334344,6.05340671801595,189.2509664469666
754.3656046847601,0.42400515684334344,6.0534067031147885,189.25096646186776
17566.2110163349,0.03329504568507064,13.978734799872491,190.2870802499098
17566.172687490423,0.033295060586231835,13.978734799872491,190.2870802499098
17566.211030429582,0.03329504568507064,13.978734814773652,190.2870802499098
17566.21101838243,0.03329504568507064,13.978734799872491,190.28708026481095
102.55397236854033,0.06850329888819913,14.58891812541164,190.3668522616421
102.55363506697273,0.06850331378936032,14.58891812541164,190.3668522616421
102.5539726193938,0.06850329888819913,14.588918140312801,190.3668522616421
102.55397240591627,0.06850329888819913,14.58891812541164,190.36685227654326
0.004753371524108948,0.08017085408352195,14.79112490883028,190.3932876642893
0.004754741243116023,0.08017086898468315,14.79112490883028,190.3932876642893
0.004753370337216595,0.08017085408352195,14.791124923731441,190.3932876642893
0.004753371345502719,0.08017085408352195,14.79112490883028,190.39328767919045
0.00044713465327113875,0.0800671381378853,14.788029524467364,190.39291010177203
0.00044703303297433463,0.08006715303904649,14.788029524467364,190.39291010177203
0.000447134745333546,0.0800671381378853,14.788029539368525,190.39291010177203
0.0004471346661404765,0.0800671381378853,14.788029524467364,190.3929101166732
0.0004234315596040043,0.08007410864798628,14.788026223766174,190.39296436072374
0.00042343199067606814,0.08007412354914747,14.788026223766174,190.39296436072374
0.00042343156305891594,0.08007410864798628,14.788026238667335,190.39296436072374
0.00042343155920892975,0.08007410864798628,14.788026223766174,190.3929643756249
0.00042337486739340115,0.08007388953747976,14.787803359491484,190.39299141584812
0.00042337487227438387,0.08007390443864096,14.787803359491484,190.39299141584812
0.0004233748712165816,0.08007388953747976,14.787803374392645,190.39299141584812
0.00042337486705368993,0.08007388953747976,14.787803359491484,190.39299143074928
0.0004231567007662368,0.08007301309545369,14.786911902392724,190.39309963634568
0.00042315500101779954,0.08007302799661488,14.786911902392724,190.39309963634568
0.0004231567060621279,0.08007301309545369,14.786911917293885,190.39309963634568
0.00042315670064804365,0.08007301309545369,14.786911902392724,190.39309965124684
0.00042242156610008166,0.08006950732734935,14.783346073997683,190.3935325183359
0.00042241304999544074,0.08006952222851055,14.783346073997683,190.3935325183359
0.0004224215772859382,0.08006950732734935,14.783346088898844,190.3935325183359
0.00042242156686801317,0.08006950732734935,14.783346073997683,190.39353253323705
0.0004205690013482828,0.08006139466795623,14.774376715802077,190.3946270746339
0.00042055368170639614,0.08006140956911742,14.774376715802077,190.3946270746339
0.00042056901837063545,0.08006139466795623,14.774376730703239,190.3946270746339
0.00042056900300050244,0.08006139466795623,14.774376715802077,190.39462708953505
0.00041712575564630525,0.0800465663527128,14.757556216514756,190.39668318874365
0.0004171033975605975,0.080046581253874,14.757556216514756,190.39668318874365
0.00041712577864947813,0.0800465663527128,14.757556231415917,190.39668318874365
0.00041712575821297457,0.0800465663527128,14.757556216514756,190.3966832036448
0.000410796630671207,0.0800186196891239,14.725449344705801,190.40061167979258
0.0004107663636758751,0.08001863459028509,14.725449344705801,190.40061167979258
0.0004107966602954706,0.0800186196891239,14.725449359606962,190.40061167979258
0.00041079663426510084,0.0800186196891239,14.725449344705801,190.40061169469374
0.000399617375509731,0.07996462140296479,14.662919803365153,190.4082682473933
0.00039957911745768475,0.07996463630412598,14.662919803365153,190.4082682473933
0.00039961741158785945,0.07996462140296479,14.662919818266314,190.4082682473933
0.00039961738014001057,0.07996462140296479,14.662919803365153,190.40826826229446
0.0003823830142354606,0.07985604809936284,14.536470693415014,190.42376292433144
0.0003823424011749166,0.07985606300052403,14.536470693415014,190.42376292433144
0.00038238305128592334,0.07985604809936284,14.536470708316175,190.42376292433144
0.0003823830191671135,0.07985604809936284,14.536470693415014,190.4237629392326
0.00037350284229680663,0.07969799868010842,14.351389251645692,190.44646839785295
0.0003734830959051139,0.07969801358126961,14.351389251645692,190.44646839785295
0.00037350285918681577,0.07969799868010842,14.351389266546853,190.44646839785295
0.00037350284451464696,0.07969799868010842,14.351389251645692,190.44646841275411
0.0003725313423021876,0.07972202369461706,14.378951258815304,190.44311336382762
0.0003725147714144239,0.07972203859577826,14.378951258815304,190.44311336382762
0.00037253135670071335,0.07972202369461706,14.378951273716465,190.44311336382762
0.00037253134410911685,0.07972202369461706,14.378951258815304,190.44311337872878
0.00037182584299722167,0.07973707599641414,14.395521131313519,190.44114024134439
0.0003718202391970229,0.07973709089757533,14.395521131313519,190.44114024134439
0.0003718258479366752,0.07973707599641414,14.39552114621468,190.44114024134439
0.00037182584338227916,0.07973707599641414,14.395521131313519,190.44114025624555
0.0003717612719228394,0.07973512810737782,14.392862368230897,190.44150808044088
0.00037176070897153524,0.07973514300853901,14.392862368230897,190.44150808044088
0.00037176127240235975,0.07973512810737782,14.392862383132059,190.44150808044088
0.00037176127165407594,0.07973512810737782,14.392862368230897,190.44150809534204
0.0003717713111099375,0.07973330200703795,14.390693146953847,190.4418021365597
0.0003717713750654362,0.07973331690819914,14.390693146953847,190.4418021365597
0.0003717713110141326,0.07973330200703795,14.390693161855008,190.4418021365597
0.00037177131075994107,0.07973330200703795,14.390693146953847,190.44180215146085
0.00037176185090899243,0.0797349886080585,14.392696657242851,190.44153054395372
0.00037176133577896737,0.07973500350921969,14.392696657242851,190.44153054395372
0.00037176185134472743,0.0797349886080585,14.392696672144012,190.44153054395372
0.00037176185063411937,0.0797349886080585,14.392696657242851,190.44153055885488
0.00037176131814683485,0.07973511668923587,14.39284880464082,190.44150991909916
0.0003717607591094159,0.07973513159039707,14.39284880464082,190.44150991909916
0.0003717613186228135,0.07973511668923587,14.392848819541982,190.44150991909916
0.00037176131787759937,0.07973511668923587,14.39284880464082,190.44150993400032
0.0003717612757199624,0.07973512716748227,14.39286125173068,190.44150823179183
0.0003717607130908598,0.07973514206864346,14.39286125173068,190.44150823179183
0.0003717612761991835,0.07973512716748227,14.392861266631842,190.44150823179183
0.00037176127545120847,0.07973512716748227,14.39286125173068,190.441508246693
0.0003717612722355571,0.07973512802995818,14.392862276264253,190.44150809290772
0.00037176070931079825,0.07973514293111937,14.392862276264253,190.44150809290772
0.00037176127271511917,0.07973512802995818,14.392862291165414,190.44150809290772
0.00037176127196677876,0.07973512802995818,14.392862276264253,190.4415081078089
0.00037176127194855116,0.07973512810100238,14.392862360657515,190.44150808146753
0.0003717607089994919,0.07973514300216357,14.392862360657515,190.44150808146753
0.00037176127242813834,0.07973512810100238,14.392862375558677,190.44150808146753
0.0003717612716798819,0.07973512810100238,14.392862360657515,190.4415080963687
0.00037176127192494184,0.0797351281068523,14.392862367606625,190.4415080805255
0.00037176070897381396,0.07973514300801349,14.392862367606625,190.4415080805255
0.0003717612724044571,0.0797351281068523,14.392862382507786,190.4415080805255
0.00037176127165624217,0.0797351281068523,14.392862367606625,190.44150809542666
0.00037176127192305056,0.07973512810733428,14.392862368179177,190.4415080804479
0.00037176070897175246,0.07973514300849548,14.392862368179177,190.4415080804479
0.00037176127240251826,0.07973512810733428,14.392862383080338,190.4415080804479
0.00037176127165428627,0.07973512810733428,14.392862368179177,190.44150809534906
0.0003717612719228618,0.07973512810737461,14.392862368227094,190.4415080804414
0.00037176070897161064,0.0797351430085358,14.392862368227094,190.4415080804414
0.0003717612724023511,0.07973512810737461,14.392862383128255,190.4415080804414
0.0003717612716540882,0.07973512810737461,14.392862368227094,190.44150809534256
0.00037176127192282564,0.07973512810737764,14.392862368230679,190.4415080804409
0.0003717607089715992,0.07973514300853883,14.392862368230679,190.4415080804409
0.000371761272402352,0.07973512810737764,14.39286238313184,190.4415080804409
0.0003717612716541423,0.07973512810737764,14.392862368230679,190.44150809534207
0.0003717612719228474,0.07973512810737764,14.392862368230677,190.4415080804409
0.00037176070897156137,0.07973514300853883,14.392862368230677,190.4415080804409
0.0003717612724023667,0.07973512810737764,14.392862383131838,190.4415080804409
0.00037176127165410326,0.07973512810737764,14.392862368230677,190.44150809534207
0.00037176127192282564,0.07973512810737764,14.392862368230679,190.4415080804409
0.0003717607089715992,0.07973514300853883,14.392862368230679,190.4415080804409
0.000371761272402352,0.07973512810737764,14.39286238313184,190.4415080804409
0.0003717612716541423,0.07973512810737764,14.392862368230679,190.44150809534207
0.0003717612719228474,0.07973512810737764,14.392862368230677,190.4415080804409
0.00037176070897156137,0.07973514300853883,14.392862368230677,190.4415080804409
0.0003717612724023667,0.07973512810737764,14.392862383131838,190.4415080804409
0.00037176127165410326,0.07973512810737764,14.392862368230677,190.44150809534207
0.00037176127192282564,0.07973512810737764,14.392862368230679,190.4415080804409
0.0003717607089715992,0.07973514300853883,14.392862368230679,190.4415080804409
0.000371761272402352,0.07973512810737764,14.39286238313184,190.4415080804409
0.0003717612716541423,0.07973512810737764,14.392862368230679,190.44150809534207
0.0003717612719228474,0.07973512810737764,14.392862368230677,190.4415080804409
0.00037176070897156137,0.07973514300853883,14.392862368230677,190.4415080804409
0.0003717612724023667,0.07973512810737764,14.392862383131838,190.4415080804409
0.00037176127165410326,0.07973512810737764,14.392862368230677,190.44150809534207
0.00037176127192282564,0.07973512810737764,14.392862368230679,190.4415080804409
0.0003717607089715992,0.07973514300853883,14.392862368230679,190.4415080804409
0.000371761272402352,0.07973512810737764,14.39286238313184,190.4415080804409
0.0003717612716541423,0.07973512810737764,14.392862368230679,190.44150809534207
0.0003717612719228474,0.07973512810737764,14.392862368230677,190.4415080804409
0.00037176070897156137,0.07973514300853883,14.392862368230677,190.4415080804409
0.0003717612724023667,0.07973512810737764,14.392862383131838,190.4415080804409
0.00037176127165410326,0.07973512810737764,14.392862368230677,190.44150809534207
0.00037176127192282564,0.07973512810737764,14.392862368230679,190.4415080804409
0.0003717607089715992,0.07973514300853883,14.392862368230679,190.4415080804409
0.000371761272402352,0.07973512810737764,14.39286238313184,190.4415080804409
0.0003717612716541423,0.07973512810737764,14.392862368230679,190.44150809534207
0.0003717612719228474,0.07973512810737764,14.392862368230677,190.4415080804409
0.00037176070897156137,0.07973514300853883,14.392862368230677,190.4415080804409
0.0003717612724023667,0.07973512810737764,14.392862383131838,190.4415080804409
0.00037176127165410326,0.07973512810737764,14.392862368230677,190.44150809534207
0.00037176127192282564,0.07973512810737764,14.392862368230679,190.4415080804409
0.0003717607089715992,0.07973514300853883,14.392862368230679,190.4415080804409
0.000371761272402352,0.07973512810737764,14.39286238313184,190.4415080804409
0.0003717612716541423,0.07973512810737764,14.392862368230679,190.44150809534207
0.0003717612719228474,0.07973512810737764,14.392862368230677,190.4415080804409
0.00037176070897156137,0.07973514300853883,14.392862368230677,190.4415080804409
0.0003717612724023667,0.07973512810737764,14.392862383131838,190.4415080804409
0.00037176127165410326,0.07973512810737764,14.392862368230677,190.44150809534207
0.00037176127192282564,0.07973512810737764,14.392862368230679,190.4415080804409
0.0003717607089715992,0.07973514300853883,14.392862368230679,190.4415080804409
0.000371761272402352,0.07973512810737764,14.39286238313184,190.4415080804409
0.0003717612716541423,0.07973512810737764,14.392862368230679,190.44150809534207
0.0003717612719228474,0.07973512810737764,14.392862368230677,190.4415080804409
0.00037176070897156137,0.07973514300853883,14.392862368230677,190.4415080804409
0.0003717612724023667,0.07973512810737764,14.392862383131838,190.4415080804409
0.00037176127165410326,0.07973512810737764,14.392862368230677,190.44150809534207
0.00037176127192282564,0.07973512810737764,14.392862368230679,190.4415080804409
0.0003717607089715992,0.07973514300853883,14.392862368230679,190.4415080804409
0.000371761272402352,0.07973512810737764,14.39286238313184,190.4415080804409
0.0003717612716541423,0.07973512810737764,14.392862368230679,190.44150809534207
0.0003717612719228474,0.07973512810737764,14.392862368230677,190.4415080804409
0.00037176070897156137,0.07973514300853883,14.392862368230677,190.4415080804409
0.0003717612724023667,0.07973512810737764,14.392862383131838,190.4415080804409
0.00037176127165410326,0.07973512810737764,14.392862368230677,190.44150809534207
0.00037176127192282564,0.07973512810737764,14.392862368230679,190.4415080804409
0.0003717607089715992,0.07973514300853883,14.392862368230679,190.4415080804409
0.000371761272402352,0.07973512810737764,14.39286238313184,190.4415080804409
0.0003717612716541423,0.07973512810737764,14.392862368230679,190.44150809534207
0.0003717612719228474,0.07973512810737764,14.392862368230677,190.4415080804409
0.00037176070897156137,0.07973514300853883,14.392862368230677,190.4415080804409
0.0003717612724023667,0.07973512810737764,14.392862383131838,190.4415080804409
0.00037176127165410326,0.07973512810737764,14.392862368230677,190.44150809534207
0.00037176127192282564,0.07973512810737764,14.392862368230679,190.4415080804409
0.0003717607089715992,0.07973514300853883,14.392862368230679,190.4415080804409
0.000371761272402352,0.07973512810737764,14.39286238313184,190.4415080804409
0.0003717612716541423,0.07973512810737764,14.392862368230679,190.44150809534207
0.0003717612719228474,0.07973512810737764,14.392862368230677,190.4415080804409
0.00037176070897156137,0.07973514300853883,14.392862368230677,190.4415080804409
0.0003717612724023667,0.07973512810737764,14.392862383131838,190.4415080804409
0.00037176127165410326,0.07973512810737764,14.392862368230677,190.44150809534207
0.00037176127192282564,0.07973512810737764,14.392862368230679,190.4415080804409
0.0003717607089715992,0.07973514300853883,14.392862368230679,190.4415080804409
0.000371761272402352,0.07973512810737764,14.39286238313184,190.4415080804409
0.0003717612716541423,0.07973512810737764,14.392862368230679,190.44150809534207
0.0003717612719228474,0.07973512810737764,14.392862368230677,190.4415080804409
0.00037176070897156137,0.07973514300853883,14.392862368230677,190.4415080804409
0.0003717612724023667,0.07973512810737764,14.392862383131838,190.4415080804409
0.00037176127165410326,0.07973512810737764,14.392862368230677,190.44150809534207
0.00037176127192282564,0.07973512810737764,14.392862368230679,190.4415080804409
0.0003717607089715992,0.07973514300853883,14.392862368230679,190.4415080804409
0.000371761272402352,0.07973512810737764,14.39286238313184,190.4415080804409
0.0003717612716541423,0.07973512810737764,14.392862368230679,190.44150809534207
0.0003717713111099375,0.07973330200703795,14.390693146953847,190.4418021365597
0.00037176276425340723,0.07973478226704046,14.3924515451223,190.4415637709553
0.00037176158184308827,0.07973505250762519,14.392772563422058,190.44152025423514
0.0003717613408360723,0.07973511110332702,14.392842169149842,190.44151081859556
0.0003717612874803516,0.07973512425865387,14.392857796338701,190.44150870019917
0.0003717612754470858,0.07973512723501427,14.392861331951822,190.4415082209172
0.00037176127272181244,0.07973512790958184,14.392862133269423,190.44150811229187
0.00037176127210395067,0.07973512806252736,14.392862314953115,190.44150808766312
0.000371761271963966,0.07973512809720618,14.39286235614803,190.44150808207883
0.0003717612719321411,0.07973512810507259,14.392862365492531,190.4415080808121
0.0003717612719249275,0.0797351281068548,14.392862367609608,190.4415080805251
0.00037176127192326333,0.07973512810725847,14.392862368089117,190.4415080804601
