Angle (degree),rho (mOhm cm),Delta rho (mOhm cm),rho/rho(theta=0)
100.22366301835173,0.6839778872538542,-3.2429312495329805,0.1741771615865587
100.22366301835173,0.6839498780786709,-3.242959258708164,0.1741700289603105
100.22366301835173,0.6840849988347543,-3.2428241379520806,0.1742044378939977
100.22366301835173,0.6842123271004895,-3.2426968096863455,0.1742368624450377
100.22366301835173,0.6844086861570047,-3.24250045062983,0.17428686590823875
100.22366301835173,0.684657976030563,-3.242251160756272,0.1743503483736778
100.22366301835173,0.6848810945175244,-3.2420280422693106,0.1744071662116235
100.03757915558172,0.6850419457283559,-3.2418671910584793,0.17444812748809524
100.03757915558172,0.6849426267388424,-3.2419665100479924,0.1744228355890332
99.83996797387904,0.6844863916049451,-3.24242274518189,0.17430665384965366
99.64318017210013,0.6818486677731526,-3.2450604690136826,0.17363494902025423
99.4513326498638,0.6735008012304889,-3.253408335556346,0.171509138044782
99.25783836777993,0.6593092883414562,-3.2675998484453785,0.16789522379449076
99.06187394592479,0.6417972428885238,-3.285111893898311,0.16343572528231956
98.86920304376468,0.6222783071406373,-3.3046308296461975,0.1584651657231397
98.67735552152834,0.6019514029834193,-3.3249577338034157,0.15328885441845536
98.47974433982569,0.5811949130918647,-3.34571422369497,0.14800314772941836
98.47974433982569,0.559926243171008,-3.366982893615827,0.14258701275404698
98.28789681758934,0.538540720753201,-3.388368416033634,0.13714112091573835
98.09604929535298,0.5173983130412664,-3.4095108237455687,0.13175713901662206
97.90420177311665,0.4966650539129089,-3.430244082873926,0.12647734811590305
97.71153087095655,0.47604118538900164,-3.450867951397833,0.12122541388327587
97.5196833487202,0.4559874636704655,-3.4709216731163695,0.11611866936233059
97.32783582648388,0.43616601300797647,-3.4907431237788584,0.11107107341038865
97.13681168417129,0.4173625635484819,-3.509546573238353,0.10628271472815023
96.94496416193496,0.399285260036165,-3.52762387675067,0.10167927143913426
96.94496416193496,0.38191256248545286,-3.5449965743013823,0.09725525831696478
96.75229325977486,0.3651229137454862,-3.5617862230413486,0.09297972044350519
96.56044573753852,0.34897321433344386,-3.577935922453391,0.0888671477178585
96.36859821530217,0.33317749044238576,-3.593731646344449,0.08484471599335396
96.17675069306584,0.3180546508815375,-3.6088544859052973,0.0809936364205726
95.9849031708295,0.30354728003964093,-3.623361856747194,0.07729928793005288
95.79305564859317,0.28987912162966045,-3.6370300151571744,0.07381864757554639
95.60038474643304,0.2771136006264241,-3.649795536160411,0.07056786673021172
95.40936060412047,0.26587232444168446,-3.6610368123451504,0.06770523971411077
95.21668970196036,0.2558908223750355,-3.6710183144117994,0.06516341821558325
95.21668970196036,0.2461665866633322,-3.6807425501235027,0.06268711041904988
95.02484217972402,0.23628541447600968,-3.6906237223108254,0.06017083824591585
94.83299465748769,0.2268064068916897,-3.7001027298951454,0.05775697857813752
94.64032375532759,0.2179794420298566,-3.7089296947569785,0.0555091636798647
94.44847623309124,0.2098248468083077,-3.7170842899785272,0.05343256986587558
94.25745209077867,0.20225271215157825,-3.7246564246352567,0.05150430150188554
94.06478118861857,0.19530314052837539,-3.73160599625846,0.04973457081010557
93.87293366638222,0.18864935728520205,-3.738259779501633,0.048040163577495715
93.68108614414588,0.18221983193972668,-3.744689304847108,0.04640286433742818
93.68108614414588,0.17607036257846864,-3.750838774208366,0.044836882251504534
93.48923862190954,0.17023710025796093,-3.756672036528874,0.043351423302158756
93.2973910996732,0.1650683783093893,-3.7618407584774456,0.042035191688813894
93.10554357743686,0.1603411882766776,-3.7665679485101573,0.0408313975932419
92.91287267527676,0.1554632003601093,-3.7714459364267254,0.039589202333139784
92.72102515304043,0.15160886503083382,-3.7753002717560014,0.03860768348586916
92.52917763080407,0.1487823174899881,-3.7781268192968467,0.03788789409365559
92.3381534884915,0.14622925560424874,-3.780679881182586,0.0372377487002156
92.14465920640764,0.14379601411924434,-3.7831131226675905,0.03661811595592568
92.14465920640764,0.1418527236966963,-3.7850564130901385,0.03612325082030451
91.9528116841713,0.14024384451564667,-3.7866652922711883,0.035713544579338084
91.76178754185872,0.13877875175541737,-3.7881303850314176,0.03534045401136327
91.56994001962238,0.13778342085527087,-3.789125715931564,0.03508698980695315
91.37809249738604,0.13719796450005142,-3.7897111722867836,0.034937901469325225
91.18624497514969,0.13678848511654954,-3.7901206516702852,0.0348336262316667
90.99357407298959,0.13679760100867364,-3.7901115357781614,0.03483594762281851
90.80172655075326,0.13725222791337047,-3.7896569088734644,0.034951719821476726
90.60987902851691,0.13774094741801282,-3.789168189368822,0.03507617381000019
90.41803150628057,0.13832457507810747,-3.7885845617087277,0.03522479646455241
90.41803150628057,0.1390512815866727,-3.787857855200162,0.03540985460652915
90.22536060412047,0.14009644657603837,-3.7868126902107964,0.03567600922150984
90.03433646180788,0.14147675796275233,-3.7854323788240825,0.03602750994093911
89.84248893957155,0.14334391428752208,-3.783565222499313,0.03650298728450137
89.64981803741145,0.1455675915952506,-3.781341545191584,0.037069253839257466
89.4579705151751,0.14804865458434846,-3.7788604822024867,0.03770106448286405
89.26612299293878,0.15132207321650482,-3.77558706357033,0.03853465103099457
89.07427547070242,0.15512593114467307,-3.771783205642162,0.03950331564626009
88.88242794846609,0.15935422891830517,-3.7675549078685298,0.040580065228780826
88.88242794846609,0.164293069067342,-3.762616067719493,0.041837756704952336
88.69058042622974,0.1696400102331813,-3.7572691265536537,0.043199372413283796
88.4987329039934,0.1753398240851913,-3.7515693127016436,0.04465084828233684
88.30688538175707,0.18162590300427112,-3.7452832337825637,0.04625161843008296
88.11421447959697,0.18841842781785417,-3.738490708968981,0.047981356648355296
87.92319033728438,0.19569924029769273,-3.7312098964891423,0.049835438886121575
87.73051943512428,0.20361537070443167,-3.7232937660824033,0.05185130687058333
87.53867191288793,0.21207663443072008,-3.714832502356115,0.054005994802377895
87.34600101072783,0.22087329270481953,-3.7060358440820154,0.056246092030931866
87.34600101072783,0.22935894499404175,-3.6975501917927933,0.05840699058845885
87.15497686841526,0.23767990509529696,-3.689229231691538,0.06052594975237365
86.96312934617892,0.24635552060534746,-3.6805536161814874,0.06273522305304118
86.77128182394257,0.25559029246205844,-3.6713188443247766,0.06508688730984831
86.57861092178247,0.2654084622174014,-3.6615006745694334,0.06758711571171468
86.38676339954614,0.2755394021902076,-3.6513697345966274,0.07016699205209156
86.1949158773098,0.2860163412026106,-3.6408927955842243,0.07283497815705545
86.00306835507345,0.29709071952975646,-3.6298184172570784,0.07565510409870313
85.81122083283712,0.3090819054027583,-3.6178272313840765,0.07870869802087205
85.61937331060078,0.32191882806428684,-3.604990308722548,0.08197766152737992
85.61937331060078,0.3352360986886838,-3.591673038098151,0.08536894718246227
85.42670240844066,0.34918357792703164,-3.5777255588598034,0.0889207174813188
85.23485488620433,0.36349525141330097,-3.563413885373534,0.09256523101288978
85.04300736396799,0.3781588418629285,-3.5487502949239067,0.0962993613273044
84.85115984173166,0.3933237688941096,-3.5335853678927256,0.10016115860932395
84.65931231949531,0.4092804542289616,-3.5176286825578735,0.10422457968147752
84.4625245177164,0.42549319285098375,-3.501415943935851,0.10835320554402755
84.2698536155563,0.44206902278507554,-3.4848401140017593,0.11257429377314172
84.07800609331996,0.459064697840569,-3.467844438946266,0.11690229690829959
84.07800609331996,0.47628411620487326,-3.4506250205819615,0.12128727699429004
83.88533519115985,0.49343976030438613,-3.433469376482449,0.12565601675931307
83.68854738938096,0.5109471008002944,-3.4159620359865404,0.1301143171390956
83.4966998671446,0.5286144470171839,-3.398294689769651,0.1346133634886492
83.30485234490827,0.5466234916725708,-3.380285645114264,0.1391994244409336
83.11218144274817,0.565342950182439,-3.3615661866043958,0.1439663945586036
82.92033392051182,0.5844863705248068,-3.342422766262028,0.14884132791599516
82.72848639827549,0.6041661573824862,-3.3227429794043486,0.153852848725917
82.53746225596291,0.6245791109459183,-3.3023300258409165,0.15905107278773853
82.53746225596291,0.645477999697094,-3.281431137089741,0.16437304180285967
82.34561473372658,0.6674613105175304,-3.2594478262693043,0.16997116237420146
82.15212045164272,0.6897299337471343,-3.237179203039701,0.175641938665151
81.96109630933012,0.7122443915369707,-3.2146647452498645,0.1813753175149246
81.76924878709379,0.7356211821879203,-3.1912879545989146,0.18732829219212263
81.57740126485744,0.7602430255519995,-3.1666661112348353,0.193598323533929
81.38555374262111,0.7851818661786408,-3.141727270608194,0.19994907924483077
81.19370622038475,0.811289671393134,-3.115619465393701,0.20659751553532657
81.00185869814842,0.8382704690264876,-3.0886386677603475,0.213468262143798
81.00185869814842,0.8668428698804935,-3.0600662669063414,0.2207443156145399
80.80918779598832,0.8964954288796231,-3.0304137079072118,0.22829543481955225
80.61734027375198,0.9276956289614474,-2.9992135078253876,0.23624066578747674
80.41972909204931,0.9592947957789499,-2.9676143410078852,0.2442874949135915
80.22788156981298,0.9926876590084192,-2.934221477778416,0.2527910945809861
80.03603404757662,1.0273678463113523,-2.899541290475483,0.2616225154504055
79.84336314541653,1.063443277576346,-2.863465859210489,0.2708092396674349
79.65233900310395,1.1005900449141868,-2.826319091872648,0.28026878304974906
79.46049148086762,1.1400001970691152,-2.78690893971772,0.29030470463136615
79.46049148086762,1.181540818954675,-2.7453683178321597,0.3008831571594402
79.26864395863127,1.2217800745423522,-2.705129062244483,0.31113021258802664
79.07020939700485,1.2586682895077022,-2.668240847279133,0.3205239147798562
78.8783618747685,1.2946498418960561,-2.632259294890779,0.329686732440006
78.68651435253216,1.3314550578063618,-2.595454078980473,0.3390592986564021
78.49466683029581,1.370316051774605,-2.55659308501223,0.34895537534536797
78.30364268798324,1.4102077289904849,-2.51670140779635,0.35911391882735977
78.11097178582314,1.4510095232883782,-2.4758996134984566,0.369504226541808
77.9191242635868,1.4920855288996122,-2.434823607887223,0.37996436304622533
77.9191242635868,1.5339675546965528,-2.392941582090282,0.39062975517475573
77.72727674135045,1.5760095496385507,-2.3508995871482843,0.401335883958881
77.5354292191141,1.619679610662429,-2.307229526124406,0.41245660498977577
77.34358169687778,1.6633459969174416,-2.2635631398693934,0.4235763902289989
77.15173417464143,1.7077429761254628,-2.219166160661372,0.43488222330573484
76.95906327248133,1.7528756951857496,-2.174033441601085,0.4463754148943786
76.767215750245,1.7972660583952746,-2.1296430783915605,0.45767956318588887
76.57536822800864,1.8415264467375898,-2.0853826900492454,0.4689506129608096
76.38352070577231,1.8854914511568388,-2.0414176856299964,0.4801464422728224
76.19084980361221,1.9298749033355598,-1.9970342334512752,0.491448830648184
76.19084980361221,1.975035852542146,-1.9518732842446889,0.5029492111340791
75.99900228137587,2.018533006445899,-1.908376130340936,0.5140259008125533
75.8079781390633,2.06085847590744,-1.8660506608793948,0.5248042172918018
75.61530723690319,2.101711436082521,-1.8251977007043139,0.5352075545608961
75.42345971466685,2.1419455467917103,-1.7849635899951246,0.5454532998296828
75.23161219243052,2.1817378304516915,-1.7451713063351435,0.5555865324240434
75.03976467019416,2.2208855331806476,-1.7060236036061873,0.5655556204180143
74.84791714795783,2.2590712173903986,-1.6678379193964363,0.5752797273121698
74.65606962572149,2.2964235333339174,-1.6304856034529176,0.5847916143058378
74.65606962572149,2.334641269974988,-1.5922678668118468,0.5945238834543779
74.46339872356138,2.3731195433839445,-1.5537895934028905,0.6043224991260512
74.2723745812488,2.411224949504434,-1.515684187282401,0.6140261629474324
74.08052705901245,2.449072610549745,-1.4778365262370898,0.6236641911591775
73.8829158773098,2.4868586654135836,-1.4400504713732514,0.6332865311593223
73.69106835507345,2.5243608052301854,-1.4025483315566496,0.6428365712825547
73.49839745291335,2.5620120343702495,-1.3648971024165855,0.6524245774799357
73.30737331060077,2.5990948433512218,-1.3278142934356132,0.6618678336616447
73.11470240844066,2.6366269774456703,-1.2902821593411646,0.671425511923882
73.11470240844066,2.674307317787424,-1.2526018189994108,0.6810209313820937
72.92285488620433,2.7112860298720873,-1.2156231069147476,0.6904376789554589
72.73100736396799,2.7476628002671006,-1.1792463365197343,0.6997011401479373
72.53833646180789,2.7829835984978084,-1.1439255382890265,0.7086956946436924
72.34648893957154,2.817795671103193,-1.109113465683642,0.7175607005281599
72.15464141733521,2.851836129139971,-1.0750730076468638,0.7262292122892015
71.9578536155563,2.884901777188249,-1.042007359598586,0.7346494855617666
71.76024243385363,2.916793828136228,-1.0101153086506072,0.7427708985705926
71.56839491161729,2.948138338523298,-0.978770798263537,0.7507528786203571
71.56839491161729,2.9786130168735627,-0.9482961199132722,0.7585133531535673
71.37572400945719,3.0088233361709222,-0.9180858006159127,0.7662065078065112
71.1846998671446,3.0386825458022364,-0.8882265909845986,0.7738102512574601
70.99285234490827,3.066003424753502,-0.860905712033333,0.7807676006637213
70.80018144274817,3.0892874392615863,-0.8376216975252486,0.7866969495987304
70.60833392051182,3.1105768403551273,-0.8163322964317077,0.7921183638336827
70.4164863982755,3.131192843337878,-0.7957162934489568,0.7973682950810402
70.22463887603915,3.152064383705413,-0.774844753081422,0.8026832997425978
70.0327913538028,3.173019438424148,-0.7538896983626868,0.8080195716014067
70.0327913538028,3.1931858222714973,-0.7337233145153377,0.8131550058946102
69.8401204516427,3.212337697108217,-0.7145714396786178,0.8180320922160906
69.64827292940636,3.230415367390151,-0.696493769396684,0.8226356289041653
69.45642540717002,3.2478960953655363,-0.6790130414212987,0.8270871523202861
69.26457788493369,3.2646948975839356,-0.6622142392028993,0.8313650211563715
69.07273036269734,3.2810346699445763,-0.6458744668422587,0.8355259965676871
68.88005946053724,3.2974803043434564,-0.6294288324433785,0.8397139300863976
68.6882119383009,3.3136680481717726,-0.6132410886150623,0.8438361909446057
68.49718779598832,3.329941951538226,-0.5969671852486091,0.8479803926053983
68.49718779598832,3.345571862017504,-0.5813372747693308,0.8519605994130524
68.30451689382822,3.3610176905227527,-0.5658914462640823,0.8558939291559166
68.11266937159188,3.3762773789005007,-0.5506317578863342,0.8597798577186115
67.9216452292793,3.3908930733806883,-0.5360160634061466,0.8635017911708703
67.7289743271192,3.4048756568160634,-0.5220334799707715,0.8670625008660319
67.53712680488286,3.4180783910481756,-0.5088307457386594,0.8704246194616546
67.34527928264653,3.4306656555509516,-0.49624348123588335,0.8736300067177182
67.14766810094385,3.4427962443921367,-0.48411289239469824,0.8767191000526129
66.9558205787075,3.454003483143931,-0.47290565364290416,0.8795730593273019
66.9558205787075,3.464826090699121,-0.4620830460877139,0.8823290710347808
66.76397305647117,3.4753046471352245,-0.4516044896516105,0.8849974690218749
66.57212553423483,3.4858625995948156,-0.44104653719201936,0.8876860854608665
66.3802780119985,3.496449076222631,-0.43046006056420394,0.8903819656707349
66.18760710983838,3.506345686480726,-0.42056345030610887,0.8929021691980803
65.99575958760204,3.5155921293912282,-0.4113170073956067,0.8952568055261487
65.80391206536571,3.525030004823874,-0.4018791319629611,0.8976601907596478
65.61206454312936,3.534398482999237,-0.392510653787598,0.900045903759116
65.41527674135047,3.543569939204737,-0.3833391975820981,0.9023814444823741
65.22260583919036,3.5523794079433637,-0.37452972884347124,0.9046248039367859
65.22260583919036,3.561604089189907,-0.36530504759692795,0.9069738985873668
65.030758316954,3.570609107768007,-0.35630002901882785,0.9092670554352659
64.83314713525135,3.579172741845363,-0.3477363949414718,0.9114478123051238
64.64129961301501,3.587470544739422,-0.3394385920474128,0.9135608744119922
64.44945209077866,3.595308142698409,-0.33160099408842614,0.9155567438568858
64.25760456854233,3.603404513293733,-0.32350462349310183,0.9176185105831588
64.06575704630598,3.6109809854306008,-0.3159281513562342,0.9195478835003704
63.873909524069646,3.6181495956076666,-0.3087595411791684,0.9213733930620537
63.6820620018333,3.625287917484961,-0.3016212193018739,0.9231911896111064
63.6820620018333,3.6322897950023187,-0.2946193417845162,0.9249742401665075
63.489391099673206,3.6392087472227095,-0.28770038956412547,0.9267361735292061
63.298366957360614,3.6462691431861396,-0.28063999360069536,0.9285341259944897
63.10569605520052,3.652920206069759,-0.273988930717076,0.9302278404788186
62.913848532964174,3.659492460973743,-0.26741667581309203,0.9319014862585021
62.72200101072784,3.665199296190558,-0.2617098405962768,0.9333547501406109
62.5301534884915,3.670094228762406,-0.25681490802442886,0.9346012604114986
62.33830596625516,3.6749044729161247,-0.2520046638707103,0.9358262045052279
62.14645844401882,3.6799020332850416,-0.24700710350179333,0.9370988492736287
62.14645844401882,3.684669344175461,-0.24223979261137396,0.9383128602742296
61.95461092178248,3.689305210089046,-0.23760392669778874,0.9394933983901124
61.76194001962238,3.6936702454362322,-0.23323889135060272,0.9406049686340722
61.570092497386035,3.6981264407150416,-0.22878269607179336,0.9417397530468471
61.37824497514969,3.702497945554953,-0.2244111912318818,0.9428529707678684
61.185574072989596,3.7073061315551996,-0.21960300523163534,0.9440773907462183
60.994549930677,3.7120752065771656,-0.21483393020966934,0.9452918509885727
60.802702408440666,3.7165619831672885,-0.21034715361954648,0.9464344230303069
60.61085488620433,3.721464562329946,-0.20544457445688913,0.9476828805300566
60.61085488620433,3.726198938723271,-0.20071019806356416,0.9488885046553958
60.41818398404423,3.7309000855871943,-0.19600905119964063,0.9500856667745504
60.22633646180789,3.735718563365187,-0.19119057342164814,0.9513127075870952
60.03448893957155,3.7401794629947895,-0.18672967379204541,0.9524486899778802
59.84264141733521,3.744384530207302,-0.18252460657953273,0.9535195238235428
59.65079389509887,3.748693694316121,-0.17821544247071408,0.9546168662775484
59.458946372862535,3.752814660143967,-0.17409447664286803,0.9556662834360055
59.26709885062618,3.7570032590975484,-0.16990587768928656,0.9567329235867396
59.07525132838985,3.7613050726582533,-0.16560406412858164,0.9578283942001047
58.88340380615351,3.7652472489067126,-0.16166188788012237,0.9588322820190331
58.88340380615351,3.7690694490541685,-0.15783968773266643,0.9598056175392391
58.69073290399341,3.7730813175922204,-0.15382781919461452,0.9608272527231219
58.498885381757056,3.7771496464228713,-0.14975949036396363,0.9618632657015072
58.30703785952072,3.781052125669972,-0.1458570111168629,0.9628570445517848
58.114366957360616,3.784789930410838,-0.14211920637599684,0.96380888851116
57.91757915558171,3.7886803527382615,-0.13822878404857342,0.9647995970281915
57.725731633345376,3.7927927899095253,-0.13411634687730967,0.96584684233691
57.533884111109025,3.7966123438596595,-0.13029679292717544,0.9668195039944851
57.34121320894892,3.8001163698485465,-0.12679276693828845,0.9677118154452549
57.34121320894892,3.803711848780599,-0.12319728800623597,0.9686274156811682
57.15018906663635,3.8072979190110643,-0.11961121777577066,0.9695406199610613
56.95751816447625,3.810941917622983,-0.11596721916385189,0.97046857588899
56.76567064223991,3.814318321930441,-0.11259081485639388,0.9713283880694727
56.57382312000357,3.8175721029291885,-0.10933703385764648,0.9721569738313042
56.38115221784347,3.8204891843673483,-0.10641995241948665,0.9728998179706893
56.19012807553089,3.823467430448901,-0.10344170633793404,0.9736582378825871
55.998280553294556,3.8265294838931956,-0.10037965289363937,0.9744379996080647
55.806433031058205,3.82976091619452,-0.09714822059231487,0.9752608942024552
55.806433031058205,3.8330920350632818,-0.09381710172355318,0.9761091743008043
55.61458550882187,3.8361623211214644,-0.09074681566537057,0.9768910324877994
55.421914606661765,3.839587246119174,-0.08732189066766116,0.9777632006175953
55.23006708442543,3.8434191500005253,-0.0834899867863097,0.9787390072247445
55.03821956218908,3.8470572681739523,-0.07985186861288263,0.9796654656801607
54.84637203995274,3.8502584121755046,-0.07665072461133038,0.9804806472619203
54.6545245177164,3.85352660125894,-0.07338253552789498,0.9813129020887049
54.4618536155563,3.8577034393355376,-0.06920569745129734,0.9823765472944137
54.27082947324372,3.8647453088865644,-0.06216382790027053,0.9841697819493894
54.27082947324372,3.865660131329755,-0.061249005457079786,0.9844027444171534
54.07815857108362,3.86635529009412,-0.06055384669271513,0.9845797688249383
53.88713442877105,3.86819052341784,-0.058718613368994976,0.9850471168739491
53.694463526610946,3.8707185623201417,-0.05619057446669329,0.9856908900844417
53.50261600437461,3.8733112951393167,-0.05359784164751824,0.9863511378082523
53.31076848213826,3.8759560759014535,-0.05095306088538143,0.987024639707586
53.11892095990192,3.878727891311554,-0.04818124547528102,0.987730491387253
52.92707343766558,3.8810956680572586,-0.04581346872957637,0.9883334533258228
52.73522591542923,3.8836269412007325,-0.04328219558610247,0.9889780501461978
52.73522591542923,3.886481093863951,-0.04042804292288382,0.9897048692713161
52.53761473372658,3.8895866686153933,-0.03732246817144169,0.990495713837173
52.34576721149023,3.892531391145619,-0.034377745641215984,0.9912455968692605
52.153096309330124,3.895470527259278,-0.03143860952755695,0.9919940573024612
51.962072167017546,3.8983508509049405,-0.028558285881894463,0.992727540952154
51.7702246447812,3.9012523471603275,-0.025656789626507415,0.9934664162747853
51.5775537426211,3.904214420015259,-0.022694716771575862,0.9942207176226783
51.38570622038476,3.907002408651983,-0.01990672813485217,0.9949306878663506
51.19385869814842,3.9094495814211743,-0.017459555365660684,0.9955538682568177
51.00201117591208,3.9116765024676883,-0.015232634319146676,0.9961209608400537
51.00201117591208,3.913897836087251,-0.013011300699584005,0.9966866305671054
50.810163653675744,3.916346478966066,-0.01056265782076915,0.9973101853257007
50.61831613143941,3.9186572073753214,-0.008251929411513537,0.9978986197225165
50.42646860920306,3.9210320416576003,-0.005877095129234622,0.9985033788853991
50.2329743271192,3.9232669023064646,-0.0036422344803703766,0.9990724933138253
50.042773564730375,3.9253894314243616,-0.001519705362473367,0.9996130021577946
49.84516238302771,3.927530780976588,0.0006216441897528568,1.0001583036856976
49.653314860791376,3.9297456461138096,0.0028365093269746566,1.0007223261929854
49.46064395863127,3.931971979116475,0.005062842329639938,1.0012892690289703
49.46064395863127,3.93376486621036,0.00685572942352497,1.0017458334748062
49.268796436394936,3.935324857628427,0.008415720841592034,1.0021430902902118
49.07694891415859,3.9372059634243075,0.010296826637472556,1.0026221199113097
48.88510139192225,3.93917646400988,0.012267327223045132,1.0031239142021715
48.693253869685904,3.9409708222237736,0.014061685436938642,1.0035808532734334
48.50058296752581,3.9426381457897017,0.01572900900286678,1.0040054425643616
48.30955882521322,3.9445807102509005,0.01767157346406556,1.0045001228315982
48.11771130297688,3.9465638558000014,0.0196547190131664,1.0050051372029578
47.925040400816776,3.948109438122992,0.021200301336157246,1.0053987246961116
47.925040400816776,3.9498223411495412,0.022913204362706274,1.005834920942799
47.73319287858044,3.9516722765798757,0.02476313979304079,1.0063060129303891
47.5413453563441,3.9537007065572873,0.026791569770452384,1.0068225591265842
47.349497834107765,3.9554106693645905,0.02850153257775556,1.0072580066370154
47.15682693194766,3.956936256175939,0.030027119389103962,1.0076465022090308
46.965802789635084,3.958419791789765,0.031510655002930044,1.0080242893087956
46.77313188747498,3.9601953295693293,0.03328619278249434,1.0084764356961238
46.58128436523864,3.962086139099107,0.035177002312272165,1.0089579364041652
46.3894368430023,3.9639443081537147,0.03703517136687973,1.0094311251105708
46.19758932076596,3.9656898526658173,0.03878071587898235,1.0098756336161916
46.19758932076596,3.9668055183535085,0.03989638156667352,1.0101597414600019
46.00574179852962,3.9679844078484505,0.04107527106161557,1.0104599494490023
45.813894276293276,3.9696046818441353,0.04269554505730033,1.0108725574160433
45.62204675405694,3.971376103316757,0.044466966529922214,1.0113236555726133
45.430199231820595,3.9728017085283582,0.04589257174152328,1.0116866905097464
45.23835170958426,3.974348173927508,0.04743903714067299,1.0120805028810749
45.04074052788159,3.975679679998624,0.048770543211789086,1.0124195751704341
44.848069625721486,3.977406992120247,0.05049785533341211,1.012859440739373
44.65704548340891,3.9792422244335826,0.0523330876467476,1.013326788531086
44.65704548340891,3.9810292310889768,0.05412009430214182,1.0137818555044096
44.464374581248805,3.982375734299016,0.05546659751218108,1.0141247468632713
44.27252705901246,3.9839221996981657,0.05701306291133079,1.0145185592345998
44.080679536776124,3.985638042943961,0.058728906157126115,1.0149555042175435
43.88800863461602,3.986772823087905,0.059863686301070196,1.015244479618913
43.69698449230344,3.988246948989759,0.061337812202924,1.0156198705053596
43.50431359014334,3.98993044578231,0.06302130899547498,1.0160485783602933
43.31328944783076,3.9919991628256994,0.06509002603886449,1.0165753837869862
43.12144192559442,3.993989070879064,0.06707993409222901,1.0170821202517348
43.12144192559442,3.995396445720957,0.06848730893412203,1.0174405127667816
42.928771023434315,3.9965015245985924,0.06959238781175747,1.0177219246454734
42.73692350119798,3.997599546950041,0.07069041016320599,1.0180015395571511
42.545075978961634,3.998570241641982,0.07166110485514698,1.0182487300721663
42.3532284567253,3.9997361921514716,0.07282705536463663,1.0185456431070434
42.16138093448896,4.00103446970357,0.07412533291673506,1.0188762536475156
41.963769752786284,4.001793440319033,0.074884303532198,1.0190695279477415
41.77192223054995,4.003067311020235,0.0761581742334001,1.019393923205393
41.579251328389844,4.004382643864727,0.07747350707789247,1.0197288769307467
41.579251328389844,4.005232185357582,0.07832304857074712,1.0199452153952395
41.38822718607727,4.00581589566714,0.07890675888030474,1.0200938590967423
41.19555628391717,4.006026442645536,0.07911730585870069,1.020147475559732
41.00370876168082,4.006622503896694,0.07971336710985932,1.0202992644681064
40.81103785952072,4.007442933177475,0.08053379639064007,1.0205081894144707
40.620013717208145,4.008224251479976,0.08131511469314079,1.0207071546248396
40.4281661949718,4.008771793051269,0.08186265626443445,1.0208465878411992
40.236318672735464,4.009651033789662,0.08274189700282664,1.0210704893137734
40.04447115049911,4.01074788005341,0.08383874326657503,1.0213498047309482
40.04447115049911,4.01145244954013,0.08454331275329485,1.0215292256093482
39.852623628262776,4.012285522774053,0.08537638598721786,1.0217413703789124
39.659952726102674,4.013449709151995,0.08654057236516044,1.0220378341720358
39.46810520386634,4.014346594237018,0.08743745745018261,1.0222662288340412
39.27625768163,4.014490684177377,0.08758154739054236,1.0223029217992565
39.08441015939366,4.01468005854605,0.08777092175921508,1.0223511465893078
38.89256263715732,4.015164964353941,0.08825582756710615,1.0224746294077283
38.700715114920975,4.015816896843466,0.08890776005663126,1.0226406461060566
38.50886759268464,4.016104194658412,0.08919505787157744,1.0227138074156106
38.317020070448294,4.01651058650859,0.08960144972175543,1.0228172964030104
38.317020070448294,4.016829641722549,0.08992050493571435,1.0228985448360262
38.12434916828819,4.017468342215081,0.09055920542824625,1.0230611919639032
37.932501646051854,4.017849738160131,0.09094060137329629,1.0231583156639341
37.74065412381552,4.017951188859116,0.091042052072281,1.0231841504096464
37.54304294211284,4.018057344919281,0.0911482081324464,1.0232111833906674
37.351195419876504,4.018527547610173,0.09161841082333799,1.0233309220132107
37.15934789764017,4.018532546993277,0.09162341020644194,1.0233321951221444
36.966676995480064,4.018185555654944,0.09127641886810922,1.0232438326655033
36.775652853167486,4.017886495952628,0.09097735916579319,1.0231676761536261
36.775652853167486,4.018144975577426,0.09123583879059138,1.0232334988186778
36.583805330931135,4.019117433390532,0.092208296603697,1.0234811383181495
36.39113442877104,4.019149486832236,0.09224035004540143,1.0234893008298318
36.199286906534695,4.019138606000256,0.09222946921342112,1.0234865299910878
36.00743938429836,4.020223101322403,0.09331396453556762,1.0237627002013907
35.810651582519455,4.02029926310472,0.0933901263178849,1.0237820950434062
35.618804060283104,4.0197628963873315,0.09285375960049658,1.0236455075394164
35.42613315812301,4.019474423495069,0.09256528670823405,1.0235720469926572
35.233462255962905,4.019434137439476,0.09252500065264124,1.0235617880194572
35.233462255962905,4.01943619559295,0.09252705880611467,1.023562312134837
35.036674454184,4.019385910771151,0.09247677398431575,1.0235495069437701
34.844826931947665,4.0193112201088415,0.0924020833220065,1.0235304867271806
34.65297940971132,4.019429432078299,0.0925202952914641,1.0235605897841498
34.46113188747498,4.0202404516471075,0.09333131486027257,1.023767118517196
34.26928436523863,4.020573621934214,0.09366448514737913,1.0238519613988368
34.07661346307854,4.0204465872862505,0.09353745049941553,1.0238196116185037
33.88558932076596,4.020181051135262,0.0932719143484273,1.023751991986437
33.692918418605856,4.019368855478755,0.09245971869192049,1.0235451637588882
33.692918418605856,4.018906004346363,0.09199686755952774,1.0234272972342833
33.50189427629328,4.018910120653306,0.09200098386647104,1.0234283454650417
33.30345971466684,4.0190912624080894,0.0921821256212545,1.0234744737935755
33.112435572354265,4.0191400761098794,0.09223093932304449,1.023486904359216
32.91976467019416,4.018918649309889,0.09200951252305378,1.0234305173147806
32.727917147957825,4.018736625489332,0.09182748870249702,1.02338416436537
32.53606962572149,4.018329057551455,0.0914199207646198,1.0232803758834674
32.343398723561386,4.018052346546563,0.091143209759728,1.0232099105390315
32.151551201325034,4.01774446416574,0.0908353273789051,1.02313150730379
32.151551201325034,4.017627134262057,0.09071799747522169,1.023101628867698
31.96052705901246,4.017495395263299,0.09058625847646384,1.0230680811093544
31.76785615685236,4.0176559524522055,0.09074681566537057,1.0231089675122005
31.576832014539782,4.017591553567642,0.09068241678080691,1.0230925681298058
31.384161112379683,4.017667126295725,0.09075798950889036,1.0231118129672723
31.18737331060077,4.0170960609496955,0.09018692416286056,1.0229663893462673
30.993879028516904,4.0168781624128,0.08996902562596487,1.0229109007853392
30.80285488620433,4.016244167281445,0.08933503049461011,1.0227494518927698
30.611007363967992,4.015605761821221,0.08869662503438613,1.0225868798958158
30.611007363967992,4.015558712250978,0.08864957546414276,1.0225748985719287
30.419159841731652,4.015726915020308,0.08881777823347337,1.0226177319463388
30.226488939571553,4.01554959656093,0.08864045977409463,1.022572577232236
30.035464797258964,4.015309054294301,0.0883999175074659,1.0225113223729436
29.843617275022627,4.015368748828071,0.0884596120412362,1.0225265237773282
29.651769752786286,4.014576549693592,0.08766741290675695,1.0223247877282158
29.45992223054995,4.013963433150036,0.08705429636320128,1.022168655634959
29.267251328389847,4.013614382647847,0.08670524586101225,1.0220797688056409
29.074580426229748,4.013388544508602,0.08647940772176677,1.0220222583995229
29.074580426229748,4.013045081433366,0.08613594464653085,1.0219347944263897
28.88355628391717,4.012593993198725,0.08568485641188994,1.021819923361405
28.69088538175706,4.011721808986523,0.0848126721996878,1.0215978188558459
28.49903785952072,4.010884912457195,0.08397577567036008,1.0213847004718506
28.308013717208144,4.010404122956247,0.08349498616941231,1.0212622658841888
28.11534281504804,4.010280911603688,0.08337177481685343,1.0212308897182867
27.923495292811705,4.010395595310049,0.08348645852321424,1.0212600942917478
27.731647770575364,4.009969501970155,0.08306036518332016,1.0211515882568354
27.539800248339017,4.009441662898964,0.08253252611212902,1.0210171723452865
27.347129346178914,4.008849130921283,0.0819399941344483,1.0208662821777168
27.347129346178914,4.008542719660468,0.08163358287363343,1.0207882535679014
27.15610520386634,4.007782572957308,0.08087343617047305,1.0205946797731733
26.96425768163,4.007334718963839,0.08042558217700391,1.0204806323180708
26.7715867794699,4.006709251478681,0.07980011469184634,1.0203213550179422
26.57973925723356,4.005927638143871,0.07901850135703592,1.0201223146766498
26.38789173499721,4.0045790767803595,0.07766993999352456,1.0197788992024086
26.19604421276087,4.003688072133829,0.07677893534699409,1.0195520020129158
26.004196690524534,4.003356371956346,0.07644723516951091,1.0194675334994034
25.812349168288193,4.003065251856379,0.07615611506954378,1.019393398832716
25.812349168288193,4.0026703288820284,0.0757611920951935,1.019292830431311
25.620501646051856,4.001779619267808,0.07487048248097272,1.0190660083727414
25.427830743891754,4.001326177847386,0.07441704106055136,1.0189505380614543
25.235983221655417,4.000665423689739,0.07375628690290403,1.0187822748970592
25.044135699419066,4.000099062694503,0.07318992590766848,1.0186380492540643
24.85228817718273,3.999405668061686,0.0724965312748509,1.0184614740880331
24.660440654946388,3.998819898588273,0.07191076180143785,1.0183123060138535
24.462829473243723,3.9988575384465443,0.0719484016597094,1.0183218911244227
24.270981951007386,3.997718347973731,0.07080921118689609,1.0180317926186688
24.270981951007386,3.9957757835125336,0.06886664672569864,1.0175371123514327
24.078311048847283,3.994899482993387,0.06799034620655187,1.0173139596151146
23.887286906534698,3.9941499220898953,0.06724078530306032,1.0171230815282066
23.695439384298357,3.9935679759118874,0.06665883912505244,1.016974887068458
23.502768482138258,3.992785774533227,0.06587663774639196,1.016775696979914
23.310920959901917,3.9918621304219135,0.06495299363507856,1.0165404880460835
23.114133158123007,3.9913957500160393,0.06448661322920435,1.0164217227806727
22.921462255962904,3.9909825956615963,0.06407345887476135,1.0163165116998834
22.724674454184,3.990310666650045,0.06340152986321002,1.016145402823119
22.724674454184,3.989553460166129,0.06264432337929415,1.0159525777646468
22.5320035520239,3.988192547861015,0.061283411074180005,1.0156060170835337
22.340979409711323,3.9869583751715574,0.060049238384722425,1.015291731051831
22.148308507551224,3.9858097749867722,0.058900638199937294,1.0149992363327591
21.956460985314873,3.9855180668429564,0.058608930056121444,1.0149249519188208
21.764613463078536,3.9851278482194,0.05821871143256496,1.0148255814954257
21.572765940842196,3.984503851854251,0.05759471506741587,1.0146666788207233
21.38091841860586,3.9837628185969582,0.05685368181012329,1.0144779723262565
21.18907089636952,3.9832805589863867,0.05637142219955171,1.0143551633704664
21.18907089636952,3.983014140769624,0.05610500398278884,1.0142873191175226
20.99722337413317,3.9824930652130854,0.055583928426250484,1.0141546255566616
20.80537585189683,3.9816579328153043,0.05474879602846938,1.0139419564144199
20.613528329660493,3.9808033929497326,0.05389425616289767,1.0137243450982918
20.42085742750039,3.9799029785912303,0.05299384180439537,1.013495051695481
20.229009905264054,3.979053144086836,0.05214400730000124,1.0132786386146606
20.037162383027713,3.978528539256817,0.05161940246998187,1.0131450463129938
19.845314860791376,3.977875724701517,0.050966587914682115,1.0129788049937885
19.652643958631273,3.9768732726105647,0.049964135823729716,1.0127235273553115
19.461619816318688,3.9757576059124884,0.04884846912565344,1.0124394192542034
19.461619816318688,3.9749551150002618,0.04804597821342682,1.0122350623708956
19.269772294082347,3.9744266878852224,0.0475175510983874,1.0121004967120957
19.07792477184601,3.973965306862452,0.04705617007561713,1.0119830045556186
18.885253869685908,3.9733868899579234,0.04647775317108849,1.0118357088366752
18.69340634744957,3.9724826533144015,0.04557351652756658,1.0116054420767313
18.500735445289468,3.9714178594819725,0.044508722695137504,1.0113342889139412
18.309711302976883,3.9706732979615844,0.04376416117474946,1.0111446839359668
18.117863780740542,3.969994900467692,0.04308576368085726,1.0109719278394387
17.925192878580443,3.969122128211641,0.042212991424805946,1.0107496735866282
17.925192878580443,3.968634575196042,0.04172543840920717,1.010625516648279
17.733345356344103,3.9677206348186242,0.040811498031789295,1.0103927788013916
17.542321214031528,3.9667572926955663,0.039848155908731364,1.010147460641612
17.349650311871425,3.9655366470354085,0.03862751024857358,1.0098366193112835
17.157802789635078,3.9649885184306517,0.038079381643816745,1.009697036604971
16.965955267398737,3.9644874383857527,0.03757830159891773,1.0095694349652475
16.7741077451624,3.964339820182298,0.03743068339546296,1.0095318435165246
16.58226022292606,3.964122215667326,0.03721307888049097,1.009476429829222
16.390412700689723,3.9634538159292547,0.03654467914241977,1.009306219693263
16.390412700689723,3.962643972448145,0.03573483566131008,1.0090999904547193
16.19774179852962,3.9618538314671357,0.0349446946803007,1.0088987785209855
16.005894276293272,3.96144185320039,0.03453271641355515,1.0087938669346985
15.814046754056934,3.9607258148378413,0.0338166780510063,1.0086115254703032
15.622199231820595,3.9598248134458753,0.03291567665904038,1.0083820825775391
15.430351709584256,3.9590899556593833,0.03218081887254831,1.0081949486865083
15.237680807424155,3.958760901679221,0.03185176489238595,1.0081111540356262
15.046656665111579,3.9580231036734834,0.03111396688664847,1.007923271408339
14.853985762951478,3.9574590958640283,0.030549959077193378,1.0077796450116467
14.66296162063889,3.9568301001157757,0.029920963328940786,1.0076194692280105
14.66296162063889,3.956356662173328,0.0294475253864932,1.0074989067382873
14.471114098402552,3.956116120917084,0.029206984130249136,1.0074376521362924
14.278443196242451,3.955500652198133,0.02859151541129812,1.007280921054031
14.086595674006112,3.954654050924524,0.02774491413768887,1.0070653313257945
13.894748151769774,3.9538709674800905,0.02696183069325553,1.006865916616374
13.702900629533424,3.953468986969166,0.02655985018233098,1.006763550990656
13.511053107297085,3.95272648360225,0.025817346815415032,1.006574470128061
13.318382205136984,3.952042204659482,0.025133067872646908,1.0064002163017227
13.126534682900646,3.9514564361964526,0.02454729940961764,1.0062510484848406
13.126534682900646,3.9514864304743,0.024577293687464863,1.0062586866238457
12.934687160664307,3.9509412420887884,0.024032105301953433,1.0061198526537891
12.742839638427968,3.95044310327352,0.023533966486684932,1.0059930000076196
12.55099211619163,3.9494744677454348,0.022565330958599805,1.005746333865281
12.35914459395528,3.948652862376957,0.021743725590122054,1.0055371094244145
12.167297071718941,3.9478541937497487,0.02094505696291371,1.0053337258982395
11.969685890016276,3.9469231970695513,0.02001406028271635,1.005096644609173
11.777838367779937,3.9463186081721937,0.019409471385358756,1.004942684108357
11.585990845543598,3.945852228776705,0.018943091989870098,1.0048239191002444
11.585990845543598,3.945409667177879,0.018500530391043934,1.0047112193704033
11.394143323307249,3.944810077663624,0.01790094087678895,1.004558531978521
11.201472421147148,3.9442975297532814,0.017388392966446453,1.0044280100101004
11.00962489891081,3.9436376576614083,0.016728520874573327,1.0042599714665823
10.81777737667447,3.943247145015928,0.01633800822909315,1.0041605261695619
10.625929854438132,3.9427310688424906,0.01582193205565563,1.0040291057176336
10.434082332201793,3.94222763763258,0.015318500845745042,1.003900905346203
10.242234809965444,3.941695093200211,0.014785956413375878,1.0037652911993462
10.050387287729105,3.9411893088045193,0.01428017201768439,1.003636491581613
10.050387287729105,3.94087084163441,0.013961704847575085,1.0035553928958487
9.858539765492766,3.9405323779422754,0.013623241155440446,1.0034692020316487
9.660105203866339,3.9401515690306916,0.013242432243856683,1.0033722278215718
9.469081061553762,3.939870153675005,0.012961016888170196,1.0033005644991255
9.276410159393661,3.9395522735383612,0.012643136751526285,1.003219615303315
9.084562637157312,3.9388926954684127,0.011983558681577744,1.0030516516334227
8.892715114920973,3.9386506841025457,0.011741547315710754,1.0029900226632995
8.69510393321831,3.938090204556186,0.011181067769351127,1.0028472947501148
8.50325641098197,3.937507082290479,0.010597945503644013,1.0026988007958635
8.50325641098197,3.9367504638504127,0.009841327063577765,1.0025061254846428
8.311408888745632,3.93602707493975,0.009117938152915173,1.002321912179607
8.119561366509283,3.935396609081874,0.008487472295039211,1.0021613620278427
7.926890464349181,3.935257518524617,0.008348381737782073,1.0021259421715607
7.735866322036604,3.9352486968564944,0.008339560069659413,1.002123695705494
7.543195419876503,3.9349261123690566,0.008016975582221697,1.0020415485316734
7.3513478976401645,3.9345947052031125,0.007685568416277544,1.0019571546344885
7.159500375403826,3.934448851131205,0.007539714344369841,1.0019200124275194
6.9684762330912395,3.934191254582564,0.007282117795729182,1.0018544146406423
6.9684762330912395,3.9336601812702043,0.006751044483369384,1.0017191751192118
6.775805330931138,3.9331749804300027,0.0062658436431677345,1.0015956171698677
6.5839578086948,3.9326938979175154,0.005784761130680494,1.001473107965878
6.392110286458461,3.9324748222825354,0.0055656854957004676,1.0014173196531495
6.200262764222122,3.9322169317119724,0.0053077949251374434,1.0013516469926473
6.008415241985784,3.9319225763604497,0.005013439573614775,1.0012766884587803
5.816567719749434,3.9318884657756574,0.0049793289888224734,1.0012680020890161
5.624720197513096,3.9319675677772206,0.0050584309903856095,1.001288145667288
5.432049295352995,3.9317855449670494,0.004876408180214398,1.0012417929751756
5.240201773116656,3.931387680763069,0.0044785439762340395,1.0011404755802165
5.240201773116656,3.930793089621533,0.00388395283469789,1.0009890610399699
5.047530870956554,3.930077934335143,0.0031687975483079,1.0008069444537493
4.8565067286439785,3.9298518021739732,0.002942665387138277,1.0007493591740058
4.66465920640764,3.9297241794821596,0.002815042695324621,1.000716859646421
4.47281168417129,3.929765641625451,0.002856504838616214,1.0007274181141237
4.280140782011189,3.929922670551263,0.0030135337644279225,1.0007674060334621
4.089116639698613,3.9295953807026476,0.002686243915812625,1.000684060624334
3.896445737538512,3.9292283928422886,0.002319256055453689,1.0005906059892569
3.7045982153021733,3.9292866172664356,0.0023774804796006244,1.0006054330255132
3.7045982153021733,3.9290928315585107,0.0021836947716757926,1.00055608487378
3.5127506930658345,3.9285755782869893,0.0016664415001543809,1.0004243646700515
3.320903170829485,3.9281274302715956,0.0012182934847606575,1.0003102423413233
3.12329198912682,3.9278219010765545,0.0009127642897195365,1.0002324383523848
2.9314444668904813,3.927978635980442,0.001069499193607104,1.0002723513980978
2.7338332851878158,3.928132135632774,0.0012229988459391272,1.0003114405766311
2.5419857629514664,3.928090084435249,0.0011809476484141435,1.0003007321043798
2.3493148607913654,3.9279462885168135,0.001037151729978536,1.00026411401279
2.158290718478789,3.9278324878866098,0.0009233510997748162,1.000235134317503
2.158290718478789,3.927452561040799,0.00054342425396392,1.0001383847283027
1.9664431962424505,3.927162028984681,0.0002528921978459664,1.0000643998088667
1.7737722940823493,3.9268347401464503,-7.439664038466631e-05,0.999981054657036
1.582748151769773,3.926501274827033,-0.00040786195980180295,0.9998961366444716
1.3900772496096718,3.9263418937258256,-0.0005672430610093038,0.9998555497361282
1.198229727373323,3.9261081159842313,-0.0008010208026036914,0.9997960174848204
1.0063822051369842,3.926176632186125,-0.0007325046007098379,0.9998134653552719
0.8095944033580811,3.9260754755090637,-0.0008336612777712915,0.9997877054831849
0.6169235011979799,3.926179866427296,-0.0007292703595389582,0.999814288965154
0.6169235011979799,3.9261645752664465,-0.000744561520388487,0.9998103950220255
0.42425259903787876,3.926410703949643,-0.0004984328371917535,0.9998730724802052
0.23240507680154004,3.926717997276231,-0.00019113951060401035,0.9999513257108973
0.035617275022626654,3.926909136786835,0.0,1.0
-0.15623024721371206,3.9270117645839044,0.00010262779706948777,1.000026134497513
-0.34807776945005076,3.926787395543899,-0.00012174124293595767,0.9999689982022258
-0.5399252916863895,3.9265442080903328,-0.00036492869650217585,0.9999070697376001
-0.7325961938464907,3.9266380132088954,-0.0002711235779395693,0.999930957511749
-0.9244437160828397,3.9266880029983846,-0.00022113378845034504,0.9999436875718924
-0.9244437160828397,3.926632425781943,-0.00027671100489179423,0.9999295346555642
-1.1162912383191785,3.926780338007323,-0.00012879877951199603,0.9999672009779128
-1.308138760555517,3.9267550490906533,-0.0001540876961816373,0.9999607610742153
-1.4999862827918558,3.9268470900776693,-6.204670916565291e-05,0.9999841996066106
-1.6918338050281945,3.9268906113848168,-1.8525402018187975e-05,0.99999528244699
-1.8836813272645436,3.9269267811334654,1.7644346630429908e-05,1.0000044931894312
-2.0755288495008823,3.9270420528836762,0.00013291609684129568,1.0000338475101438
-2.267376371737221,3.9272958271472955,0.00038669036046057315,1.0000984719398873
-2.45922389397356,3.9272702431983175,0.00036110641148257017,1.0000919569052666
-2.45922389397356,3.9274296242995264,0.0005204875126914033,1.0001325438136104
-2.6518947961336607,3.927479909121325,0.0005707723344898774,1.0001453490046772
-2.8437423183699995,3.927686338782392,0.0007772019955569753,1.0001979169796102
-3.035589840606338,3.9281797732468666,0.001270636460031671,1.0003235716477696
-3.2274373628426876,3.9283894381594893,0.0014803013726543135,1.0003769634898825
-3.4192848850790263,3.928122724910418,0.0012135881235830759,1.0003090441060156
-3.6119557872391272,3.9278895352126737,0.0009803984258387466,1.0002496616019594
-3.803803309475466,3.9280006896455557,0.0010915528587207568,1.0002779674346154
-3.9948274517880424,3.928088320303701,0.001179183516866189,1.000300282862626
-4.187498353948143,3.928235350463308,0.0013262136764731203,1.0003377245640979
-4.187498353948143,3.928442663200534,0.0015335264136990823,1.0003905174172056
-4.379345876184493,3.9290487222075137,0.0021395854206787135,1.0005448522861493
-4.5711933984208315,3.9295195129422553,0.0026103761554203686,1.0006647406559441
-4.768804580123497,3.929946195336384,0.0030370585495491653,1.0007733966954055
-4.960652102359836,3.9305587238360897,0.0036495870492547766,1.0009293790414109
-5.1524996245961745,3.930935121408422,0.0040259846215868755,1.0010252298898061
-5.3451705267562755,3.9310389242828037,0.004129787495968706,1.0010516636245237
-5.537018048992614,3.9310439236659067,0.004134786879071761,1.0010529367334573
-5.728865571228953,3.931774958156994,0.004865821370159118,1.0012390970100573
-5.728865571228953,3.932306031469356,0.005396894682521136,1.0013743365314882
-5.920713093465292,3.9327156585710896,0.00580652178425467,1.001478649386068
-6.1117372357778885,3.9328929770304684,0.005983840243633409,1.0015238041001706
-6.3044081379379895,3.932752415353202,0.005843278566366905,1.0014880096184624
-6.496255660174328,3.9329900163902005,0.006080879603365563,1.0015485154842012
-6.688103182410667,3.933425520452452,0.00651638366561702,1.0016594179897294
-6.879950704647006,3.9338010359590085,0.006891899172173588,1.0017550442172474
-7.071798226883344,3.9338989583949,0.00698982160806505,1.0017799804794527
-7.263645749119683,3.9340742187008066,0.007165081913971694,1.0018246110781759
-7.263645749119683,3.9344414995727055,0.00753236278587055,1.001918140329581
-7.456316651279784,3.9348534788498357,0.007944342063000764,1.0020230521731657
-7.6473407935923605,3.9355233486975294,0.008614211910694447,1.0021936366772528
-7.8400116957524615,3.9360126658446744,0.009103529057839399,1.0023182428573554
-8.031859217988801,3.936179692526308,0.009270555739472996,1.0023607767372633
-8.22370674022514,3.936779576062486,0.009870439275651233,1.0025135390027708
-8.41637764238524,3.9373356442695933,0.010426507482758307,1.0026551435542737
-8.608225164621599,3.9377190993784987,0.01080996259166378,1.0027527916269814
-8.799249306934176,3.9380372735370672,0.011128136750232276,1.0028338156964176
-8.991096829170514,3.9381519572434294,0.011242820456594416,1.0028630202698792
-8.991096829170514,3.9386095149707945,0.011700378183959526,1.0029795388119251
-9.182944351406853,3.9389856185212015,0.012076481734366595,1.0030753147866946
-9.375615253566954,3.9395187509974194,0.012609614210584486,1.0032110786808024
-9.567462775803293,3.9399098516867492,0.013000714899914279,1.0033106737250743
-9.759310298039631,3.940348001946323,0.01343886515948789,1.0034222500932335
-9.95115782027597,3.940784976118197,0.013875839331361828,1.0035335269668897
-10.143828722436071,3.941017871794017,0.014108735007182016,1.0035928345973206
-10.334852864748648,3.9416101097497713,0.014700972962936376,1.0037436498912642
-10.526700386984986,3.9426413810412577,0.015732244254422767,1.0040062664315414
-10.526700386984986,3.943289196213453,0.016380059426618132,1.0041712346418132
-10.719371289145087,3.9437935104995234,0.016884373712688472,1.004299659891419
-10.911218811381447,3.944464850456839,0.01755571367000419,1.0044706187636339
-11.103066333617786,3.9451426599068835,0.018233523120048556,1.0046432251129112
-11.295737235777887,3.945789888045614,0.01888075125877897,1.0048080438332292
-11.487584758014226,3.9464556405759796,0.019546503789144687,1.00497757984926
-11.678608900326802,3.9468029269466207,0.019893790159785762,1.005066017436824
-11.87045642256314,3.947137567343351,0.02022843055651613,1.0051512346865932
-12.06230394479948,3.9477121619628615,0.0208030251760265,1.0052975570484037
-12.06230394479948,3.948574935452707,0.02166579866587215,1.0055172650833475
-12.25497484695958,3.9493812496603384,0.02247211287350348,1.0057225955810862
-12.44682236919592,3.95000642312357,0.023097286336735134,1.005881798007589
-12.638669891432258,3.9505133836069604,0.023604246820125407,1.0060108971198247
-12.830517413668597,3.9507989162799753,0.023889779493140306,1.0060836089303273
-13.023188315828698,3.9511617868230053,0.024252650036170387,1.0061760150773478
-13.214212458141295,3.9519010559487517,0.024991919161916787,1.0063642723300612
-13.406883360301396,3.952468004987837,0.02555886820100195,1.0065086477203073
-13.598730882537735,3.9530414225092625,0.02613228572242754,1.0066546703303174
-13.790578404774074,3.9537421687005785,0.026833031913743532,1.0068331175942868
-13.790578404774074,3.954542014425868,0.027632877639033104,1.0070368008722614
-13.982425927010413,3.955176302568763,0.028267165781928227,1.0071983243811589
-14.134751212906217,3.9555141782170486,0.028605041430213696,1.0072843654981076
-14.134751212906217,3.95592498140648,0.029015844619645126,1.0073889778471898
-14.134751212906217,3.9559067490160005,0.028997612229165526,1.0073843349105074
-14.134751212906217,3.955904396840604,0.028995260053768845,1.0073837359215023
-14.134751212906217,3.9554965348808033,0.028587398093968375,1.0072798725659744
-14.134751212906217,3.9553018671071056,0.028392730320270676,1.0072302997933644
-14.134751212906217,3.955798829834674,0.02888969304783906,1.007356852945031
-14.134751212906217,3.9561199432021037,0.029210806415268742,1.0074386254934258
-14.134751212906217,3.956118473092481,0.02920933630564626,1.0074382511252977
-14.134751212906217,3.9558882236139827,0.028979086827147782,1.0073796173574976
-14.134751212906217,3.95575266131982,0.02884352453298522,1.007345095984723
-14.134751212906217,3.9558641107850114,0.02895497399817648,1.0073734769483025
-14.134751212906217,3.955625039638391,0.02871590285155623,1.007312596714436
-14.134751212906217,3.9555941632947698,0.028685026507934808,1.007304733954554
