Angle (degree),rho (mOhm cm),Delta rho (mOhm cm),rho/rho(theta=0)
103.08301761223203,4.661814730638986,-0.09923608703392439,0.9791566839266739
103.08301761223203,4.661838937376202,-0.0992118802967088,0.9791617682532527
103.08301761223203,4.661770352153923,-0.09928046551898806,0.979147362773264
103.08301761223203,4.661622319014683,-0.09942849865822811,0.9791162702382524
103.08301761223203,4.661565836627847,-0.09948498104506331,0.9791044068095687
102.92047821156609,4.661556836810126,-0.0994939808627846,0.9791025165088628
102.74786999846953,4.6616288364182275,-0.09942198125468327,0.9791176391384795
102.58029619158827,4.6616918351422765,-0.09935898253063424,0.9791308712434205
102.40696877760382,4.6616586285873405,-0.09939218908557024,0.979123896616136
102.23507976539517,4.661518664360506,-0.0995321533124045,0.9790944988566508
102.06750595851392,4.661265735359999,-0.09978508231291183,0.9790413742397976
102.06750595851392,4.661175425814683,-0.09987539185822758,0.9790224058337096
101.89993215163268,4.6611717011270875,-0.09987911654582327,0.9790216235090216
101.72732393853612,4.66125549326886,-0.09979532440405059,0.979039223014883
101.55975013165488,4.661049736535696,-0.10000108113721495,0.9789960063509482
101.39217632477363,4.6609510477762015,-0.10009976989670921,0.9789752779942736
101.2246025178924,4.6610062889559485,-0.10004452871696223,0.9789868807227179
101.05630951012324,4.661212976594429,-0.09983784107848148,0.9790302929118324
100.888735703242,4.660883083157468,-0.10016773451544303,0.9789610028644049
100.72116189636077,4.660392431009619,-0.10065838666329174,0.9788579474326025
100.72116189636077,4.660402982336202,-0.10064783533670862,0.978860163608608
100.55358808947952,4.660600360921518,-0.10045045675139264,0.9789016205459259
100.38601428259828,4.660426878771645,-0.10062393890126575,0.9788651827601268
100.21844047571702,4.660184501097721,-0.10086631657518996,0.9788142743192791
100.04583226262048,4.660469705747848,-0.10058111192506303,0.9788741780382372
99.87825845573923,4.660558774086075,-0.1004920435868355,0.9788928857440858
99.71068464885799,4.660471258323037,-0.10057955934987373,0.9788745041375058
99.54311084197676,4.660088294752404,-0.10096252292050689,0.9787940673630837
99.3748178342076,4.659725815364049,-0.10132500230886166,0.9787179330384911
99.3748178342076,4.659436265422784,-0.10161455225012705,0.9786571166447255
99.20724402732634,4.659385990137721,-0.10166482753519013,0.9786465569412087
99.040389421333,4.659411438082024,-0.10163937959088631,0.9786519019680271
98.87209641356387,4.6592851281994925,-0.10176568947341824,0.9786253721351458
98.69948820046731,4.659148266990379,-0.10190255068253151,0.9785966261262594
98.53191439358608,4.659218715089619,-0.101832102583292,0.9786114228805763
98.36434058670481,4.659498644609619,-0.10155217306329156,0.9786702186235164
98.19676677982358,4.659607884695695,-0.10144293297721596,0.978693163156196
98.02919297294233,4.659280163371138,-0.1017706543017729,0.9786243293341876
98.02919297294233,4.658792614241011,-0.10225820343189973,0.9785219256529841
97.86161916606109,4.658704788176202,-0.1023460294967089,0.9785034788713444
97.69332615829194,4.658734890647088,-0.10231592702582315,0.9785098015240609
97.5264715522986,4.658848165722531,-0.10220265195038003,0.9785335935564884
97.35889774541737,4.6587839247250615,-0.10226689294784919,0.9785201005273381
97.19132393853613,4.658817751883544,-0.10223306578936686,0.9785272055047428
97.02303093076698,4.658566064090126,-0.10248475358278508,0.9784743415881292
96.85114191855831,4.658425168957973,-0.10262564871493751,0.9784447483034642
96.68356811167708,4.658380790472911,-0.1026700271999994,0.9784354271500546
96.68356811167708,4.658398790108353,-0.10265202756455771,0.9784392077514662
96.51527510390792,4.65844378919696,-0.10260702847595038,0.9784486592549957
96.34770129702669,4.658383893490631,-0.1026669241822793,0.9784360789006532
96.18012749014545,4.658293273643543,-0.10275754402936776,0.978417045319505
96.0118344823763,4.6582101010389865,-0.10284071663392425,0.9783995759397942
95.84497987638296,4.658279928534682,-0.1027708891382284,0.9784142423439915
95.67668686861381,4.658148033220252,-0.10290278445265866,0.9783865393600325
95.50983226262046,4.657894483616202,-0.10315633405670876,0.9783332843930599
95.34153925485131,4.65753510617924,-0.10351571149367089,0.9782578015950968
95.34153925485131,4.6575956235554425,-0.10345519411746817,0.9782705125235285
95.16965024264267,4.657982309681011,-0.1030685079918996,0.9783517311746995
95.00207643576144,4.657739001101771,-0.1033118165711393,0.9783006272086725
94.83378342799229,4.657486382403037,-0.10356443526987391,0.9782475677668793
94.66620962111102,4.657517106543796,-0.10353371112911436,0.978254020993685
94.49863581422979,4.657511209743797,-0.10353960792911376,0.9782527824435779
94.33034280646064,4.657731552792911,-0.10331926487999965,0.9782990627832661
94.1634882004673,4.658408720831392,-0.10264209684151915,0.9784412935773519
93.99591439358606,4.65834541073924,-0.10270540693367103,0.9784279960733814
93.82834058670483,4.658283031552404,-0.10276778612050652,0.9784148940945905
93.82834058670483,4.658093102342278,-0.10295771533063292,0.9783750018066482
93.66004757893568,4.657942276487088,-0.10310854118582302,0.9783433226960976
93.49247377205444,4.657911242044556,-0.10313957562835441,0.9783368042942321
93.32489996517319,4.6580872055422775,-0.10296361213063321,0.978373763256541
93.15732615829195,4.6580605163908855,-0.10299030128202524,0.9783681575294833
92.98975235141071,4.657891689833923,-0.10315912783898806,0.9783326975935515
92.82145934364156,4.65789262073924,-0.10315819693367079,0.9783328931187313
92.65460473764823,4.657830242618733,-0.10322057505417792,0.9783197913639096
92.48703093076696,4.657805725579746,-0.10324509209316446,0.978314641862271
92.48703093076696,4.6578414145488605,-0.10320940312405025,0.9783221378900349
92.31873792299783,4.657716036637974,-0.10333478103493654,0.9782958038063025
92.15116411611658,4.657671346784809,-0.10337947088810129,0.9782864172538636
91.98359030923534,4.657741484582278,-0.10330933309063273,0.9783011488331208
91.81098209613879,4.657818759320506,-0.1032320583524049,0.9783173794387554
91.64340828925755,4.65780169059038,-0.10324912708253109,0.9783137943625233
91.47511528148839,4.657811311011644,-0.10323950666126702,0.9783158150133486
91.30826067549505,4.657686243402531,-0.1033645742703797,0.9782895461046766
91.14068686861381,4.657615485001518,-0.10343533267139282,0.9782746841752994
91.14068686861381,4.657817207811645,-0.10323360986126584,0.978317053563456
90.97239386084466,4.658073861499745,-0.10297695617316549,0.9783709605049966
90.80553925485133,4.658097137331645,-0.1029536803412654,0.978375849306396
90.63796544797009,4.658241445783291,-0.10280937188962014,0.9784061595167197
90.46967244020094,4.658354720858734,-0.10269609681417702,0.9784299515491472
90.3020986333197,4.6584844440607585,-0.10256637361215226,0.978457198307687
90.13380562555055,4.658350997237468,-0.10269982043544257,0.9784291694484286
89.96623181866931,4.658206687719493,-0.10284412995341796,0.9783988590141355
89.79937721267598,4.65810675775291,-0.10294405992000044,0.9783778699572215
89.63108420490683,4.6580934126440505,-0.1029574050288602,0.9783750669817082
89.63108420490683,4.658254170288606,-0.10279664738430494,0.9784088321421133
89.45847599181026,4.658428893645569,-0.10262192402734183,0.9784455306281522
89.29162138581692,4.658503996271391,-0.1025468214015195,0.9784613050083675
89.12332837804777,4.658490340860759,-0.10256047681215197,0.9784584368577941
88.95575457116654,4.65837023808,-0.10268057959291088,0.97843321075008
88.7881807642853,4.658281790345316,-0.10276902732759474,0.978414633394351
88.61988775651615,4.6582845841275935,-0.10276623354531722,0.9784152201938591
88.4530331505228,4.658040654944809,-0.10301016272810148,0.9783639858777121
88.28545934364155,4.657830863222278,-0.10321995445063248,0.9783199217140295
88.28545934364155,4.657775001438987,-0.10327581623392401,0.9783081886354654
88.11788553676031,4.657877414886075,-0.10317340278683584,0.9783296993168276
87.95031172987908,4.657923034578228,-0.10312778309468307,0.9783392811704771
87.78273792299782,4.6579928620739235,-0.10305795559898723,0.9783539475746744
87.61444491522869,4.6579059658481,-0.10314485182481103,0.9783356960942446
87.44687110834744,4.657908137960506,-0.10314267971240465,0.9783361523196641
87.2792973014662,4.658074171801519,-0.10297664587139188,0.9783710256800568
87.11100429369705,4.658164171045063,-0.10288664662784797,0.9783899289110851
86.94414968770371,4.658171309052151,-0.10287950862075945,0.9783914281614317
86.94414968770371,4.658044068264303,-0.10300674940860777,0.9783647028033708
86.77657588082248,4.657836758955948,-0.10321405871696232,0.9783211600401671
86.60828287305333,4.657891689833923,-0.10315912783898806,0.9783326975935515
86.44142826705998,4.658040654944809,-0.10301016272810148,0.9783639858777121
86.27385446017874,4.657974551070379,-0.10307626660253177,0.9783501015742333
86.10556145240959,4.657975483042025,-0.10307533463088614,0.9783502973233823
85.93798764552835,4.6581691358734165,-0.1028816817994942,0.9783909717120431
85.7696946377592,4.6582746523382275,-0.10277616533468326,0.9784131341440044
85.60284003176587,4.658272790527594,-0.10277802714531692,0.9784127430936449
85.60284003176587,4.658339204703797,-0.10271161296911391,0.9784266925721837
85.43526622488463,4.65848754814481,-0.10256326952810113,0.9784578502822552
85.26769241800338,4.658537823429872,-0.10251299424303895,0.9784684099857718
85.09939941023424,4.6586057880486065,-0.10244502962430424,0.9784826851156407
84.9325448042409,4.658671580554936,-0.10237923711797503,0.9784965040200904
84.76425179647175,4.658617891950379,-0.10243292572253182,0.9784852273909148
84.59667798959052,4.658587788413164,-0.10246302925974682,0.978478904514229
84.42910418270927,4.658578478293671,-0.10247233937923994,0.9784769490384633
84.26153037582802,4.658744200766582,-0.10230661690632914,0.9785117569998267
84.09395656894677,4.658817441581771,-0.10223337609113958,0.9785271403296828
84.09395656894677,4.658882304249113,-0.10216851342379751,0.978540763932922
83.92638276206553,4.659033440406075,-0.10201737726683557,0.9785725082185325
83.75305534808108,4.659070061346834,-0.10198075632607662,0.978580199995445
83.58116633587241,4.659039647507847,-0.10201117016506345,0.9785738119436994
83.41359252899117,4.659129336449619,-0.10192148122329137,0.9785926499996679
83.24601872210994,4.659210335875442,-0.10184048179746874,0.9786096629299903
83.07844491522869,4.659334782881012,-0.10171603479189884,0.978635801488543
82.91087110834745,4.659467610167088,-0.10158320750582295,0.978663700221651
82.91087110834745,4.659374506839494,-0.1016763108334171,0.9786441450160547
82.7425781005783,4.659257818444556,-0.10179299922835483,0.9786196360579682
82.57500429369705,4.659392506474936,-0.10165831119797453,0.9786479256174664
82.4074304868158,4.659422299710379,-0.10162851796253136,0.9786541833190924
82.23985667993456,4.659386300439493,-0.1016645172334174,0.9786466221162687
82.06724846683801,4.659349369196961,-0.10170144847594997,0.978638865164296
81.89967465995677,4.659361473098733,-0.10168934457417755,0.9786414074395701
81.7270664468602,4.659265887356962,-0.10178493031594904,0.9786213308334947
81.55949263997897,4.659267749167594,-0.10178306850531715,0.9786217218838538
81.55949263997897,4.659363645211139,-0.10168717246177206,0.9786418636649893
81.39191883309772,4.659458300047594,-0.10159251762531696,0.9786617447458851
81.22362582532858,4.659562885607087,-0.1014879320658233,0.9786837116526665
81.05677121933523,4.659849331464303,-0.10120148620860814,0.9787438760718641
80.889197412454,4.6599815370805056,-0.10106928059240516,0.9787716442308831
80.72090440468484,4.660064398316961,-0.10098641935594976,0.9787890482115649
80.55333059780361,4.6599880544840495,-0.1010627631888612,0.97877301313111
80.38575679092236,4.659842193457214,-0.10120862421569665,0.9787423768215175
80.2181829840411,4.659899606749366,-0.10115121092354507,0.9787544357753809
80.2181829840411,4.660125536296707,-0.10092528137620338,0.9788018894901162
80.04557477094455,4.660222052943797,-0.10082876472911373,0.9788221616213716
79.87872016495122,4.660391810406074,-0.1006590072668363,0.9788578170824827
79.71042715718207,4.660361396567088,-0.10068942110582313,0.978851429030737
79.53781894408552,4.66047901693367,-0.10057180073924066,0.9788761337379722
79.37024513720426,4.66062239448,-0.1004284231929109,0.9789062484231164
79.20267133032303,4.660772600797975,-0.1002782168749361,0.9789377974075165
79.03509752344178,4.660959737292152,-0.10009108038075887,0.9789771031199198
78.86752371656054,4.661178839134177,-0.09987197853873386,0.9790231227593683
78.86752371656054,4.661347665691139,-0.09970315198177193,0.9790585826952999
78.69994990967929,4.661488871125062,-0.09956194654784856,0.9790882411550247
78.52734169658274,4.66143859584,-0.09961222183291074,0.9790776814515081
78.35904868881359,4.6614988018481,-0.09955201582481088,0.9790903269809101
78.19219408282025,4.661411596386834,-0.09963922128607638,0.9790720105493901
78.0239010750511,4.661310424146834,-0.09974039352607633,0.9790507605682673
77.85704646905776,4.661368768344303,-0.09968204932860747,0.9790630150473105
77.68875346128861,4.661524250858734,-0.09952656681417693,0.9790956722316979
77.52046045351946,4.6616837662298725,-0.09936705144303826,0.9791291764678944
77.52046045351946,4.661945075510885,-0.09910574216202583,0.9791840612593028
77.34857144131081,4.662039729281012,-0.0990110883918991,0.9792039421162294
77.18099763442957,4.662217245353923,-0.0988335723189877,0.9792412271778071
77.01342382754834,4.6624326235746825,-0.09861819409822825,0.979286464716537
76.84585002066709,4.662635277290126,-0.09841554038278488,0.9793290296298731
76.67827621378584,4.662866171665821,-0.09818464600708943,0.9793775261455664
76.5107024069046,4.662962998614683,-0.09808781905822794,0.9793978634518816
76.34312860002336,4.6629571018146825,-0.09809371585822824,0.9793966249017745
76.17483559225421,4.663274583180758,-0.09777623449215245,0.9794633079468068
76.00726178537298,4.663454891969619,-0.0975959257032919,0.9795011795839234
76.00726178537298,4.663656614779746,-0.09739420289316492,0.9795435489720798
75.83968797849172,4.664113128401012,-0.09693768927189872,0.9796394340274487
75.67211417161049,4.664458540125569,-0.09659227754734179,0.9797119834997784
75.50454036472925,4.66476205471291,-0.09628876296000044,0.9797757329952079
75.33193215163269,4.6649066745326575,-0.09614414314025321,0.979806108604561
75.16435834475143,4.665065880668354,-0.09598493700455712,0.9798395478896669
74.9967845378702,4.665187224656202,-0.0958635930167091,0.9798650346976207
74.82777232921315,4.665258912896201,-0.09579190477670974,0.9798800919282079
74.66163692410771,4.665677875737721,-0.09537294193518964,0.9799680899054538
74.66163692410771,4.66589325395848,-0.09515756371443107,0.9800133274441835
74.49334391633857,4.665949736345316,-0.09510108132759498,0.9800251908728674
74.32648931034522,4.666207320938733,-0.09484349673417736,0.9800792933395879
74.15819630257607,4.666402836647088,-0.0946479810258225,0.9801203590025774
73.99062249569484,4.666427353686076,-0.09462346398683508,0.9801255085042161
73.82232948792569,4.666538455582784,-0.0945123620901267,0.9801488440872551
73.65547488193235,4.66685872966481,-0.09419208800810086,0.9802161137078265
73.4879010750511,4.667221830723037,-0.09382898694987407,0.9802923786065079
73.31529286195455,4.66750362205367,-0.09354719561924085,0.9803515653998072
73.31529286195455,4.667726757818734,-0.09332405985417669,0.9803984323150343
73.14771905507331,4.667818619939239,-0.09323219773367164,0.980417726820391
72.98014524819206,4.668007928545823,-0.09304288912708802,0.9804574887582138
72.81185224042291,4.668171168604556,-0.09287964906835455,0.9804917753190981
72.64499763442957,4.668287546697721,-0.09276327097518955,0.9805162191021246
72.47670462666042,4.668577096638987,-0.09247372103392415,0.9805770354958901
72.30913081977918,4.669049127481518,-0.0920016901913927,0.9806761797521916
72.14155701289795,4.669394228904303,-0.0916565887686076,0.9807486640494614
71.96822959891347,4.669612089539239,-0.09143872813367171,0.9807944229886703
71.96822959891347,4.669997845825821,-0.09105297184708938,0.9808754463386312
71.80137499292013,4.670413083979746,-0.09063773369316497,0.9809626619911891
71.6338011860389,4.6709428384162015,-0.09010797925670921,0.9810739303764139
71.46622737915766,4.6710734925235435,-0.08997732514936718,0.9811013726601334
71.29865357227641,4.671212525845063,-0.08983829182784753,0.9811305748944393
71.12604535917984,4.6715352823412655,-0.08951553533164525,0.9811983659154896
70.9577523514107,4.671797522527594,-0.08925329514531644,0.9812534462320776
70.79017854452945,4.672046726840505,-0.08900409083240568,0.9813057885242424
70.62260473764822,4.672376311042024,-0.08867450663088672,0.9813750136205796
70.62260473764822,4.672781308171138,-0.0882695095017727,0.9814600782721918
70.45503093076698,4.673238132094176,-0.08781268557873467,0.9815560285026205
70.28745712388573,4.673755473393418,-0.08729534427949304,0.9816646896614809
70.11700651345288,4.6741672982278475,-0.08688351944506323,0.9817511883883798
69.94799430479583,4.674283055717467,-0.08676776195544367,0.9817755018212863
69.77970129702669,4.674790776595443,-0.08626004107746787,0.9818821423293209
69.61212749014544,4.675277393753923,-0.08577342391898757,0.9819843502613753
69.4445536832642,4.6756504255351885,-0.08540039213772221,0.9820627009859424
69.27697987638297,4.675972871729619,-0.08507794594329177,0.9821304268319329
69.27697987638297,4.676577729858227,-0.08447308781468355,0.9822574698213425
69.10940606950172,4.677200896857721,-0.08384992081519016,0.9823883583632543
68.94183226262048,4.677354826796961,-0.08369599087594981,0.982420689448373
68.77353925485133,4.677424033689113,-0.08362678398379764,0.9824352255024507
68.60668464885799,4.677904754047594,-0.08314606362531674,0.9825361948843981
68.43839164108884,4.678601162928606,-0.08244965474430455,0.9826824669801353
68.2708178342076,4.679162573477468,-0.08188824419544272,0.9828003843413149
68.09820962111104,4.679500225525062,-0.08155059214784899,0.9828713039892086
67.9306358142298,4.679676190089113,-0.08137462758379765,0.9829082631754871
67.9306358142298,4.679881946822278,-0.0811688708506324,0.9829514798394221
67.76234280646065,4.679961394739239,-0.0810894229336716,0.9829681668944449
67.59548820046732,4.680301840569113,-0.08074897710379769,0.9830396733418473
67.42791439358606,4.68104293930329,-0.08000787836962076,0.9831953319900234
67.25962138581691,4.6817244515665815,-0.07932636610632926,0.9833384752349478
67.09276677982358,4.681927105282025,-0.07912371239088589,0.983381040148284
66.92447377205443,4.68224737829772,-0.07880343937519108,0.9834483095448856
66.75689996517319,4.682982580231898,-0.07806823744101266,0.983602729642955
66.58932615829195,4.68354988651443,-0.07750093115848067,0.9837218853302723
66.58932615829195,4.683949297145316,-0.07710152052759511,0.9838057766068373
66.4217523514107,4.684252502497214,-0.07679831517569635,0.9838694611511763
66.25417854452947,4.684675188959999,-0.07637562871291159,0.9839582412291407
66.08660473764823,4.685285322218733,-0.07576549545417777,0.9840863921945681
65.91903093076698,4.686273763455189,-0.07477705421772196,0.9842940020845501
65.75001872210993,4.68683796672,-0.07421285095291097,0.9844125060212685
65.58388331700449,4.6871331020931635,-0.07391771557974725,0.9844744955661119
65.41559030923534,4.68739627318481,-0.07365454448810116,0.9845297714078797
65.24801650235409,4.687399686504303,-0.07365113116860744,0.9845304883335384
65.07972349458495,4.688079026655189,-0.07297179101772144,0.9846731753530436
65.07972349458495,4.689100364144809,-0.07195045352810148,0.9848876946952503
64.91286888859162,4.689926185926075,-0.07112463174683548,0.9850611483744676
64.74529508171037,4.69061700830886,-0.07043380936405086,0.9852062470951576
64.57700207394123,4.691051488371645,-0.06999932930126551,0.9852975042733362
64.4101474679479,4.691545864140759,-0.06950495353215214,0.9854013418058569
64.24257366106664,4.692096101693164,-0.06895471597974634,0.9855169124169421
64.0749998541854,4.692658442081012,-0.06839237559189915,0.9856350250793317
63.90670684641626,4.6931236462845565,-0.06792717138835425,0.9857327354843157
63.73913303953502,4.693485816437468,-0.06756500123544296,0.9858088048578176
63.73913303953502,4.693887399180759,-0.0671634184921519,0.985893152359802
63.57155923265377,4.694389843862278,-0.06666097381063274,0.9859986846678492
63.403985425772525,4.694705462351391,-0.06634535532151986,0.9860649764385527
63.23641161889128,4.695152976154936,-0.06589784151797495,0.9861589711932156
63.06883781201004,4.695655110534682,-0.06539570713822851,0.9862644383262029
62.90054480424089,4.6962851063058215,-0.0647657113670892,0.9863967611673707
62.73297099735965,4.6967769996607585,-0.06427381801215226,0.9865000772994127
62.56539719047841,4.697063135216202,-0.06398768245670894,0.9865601765435504
62.397823383597164,4.697520890044556,-0.06352992762835452,0.9866563222991587
62.397823383597164,4.698324057663797,-0.06272676000911392,0.9868250177510659
62.22953037582802,4.698842329868353,-0.06220848780455768,0.9869338744351055
62.05764136361936,4.699512979436961,-0.061537838235949494,0.9870747361049954
61.89006755673812,4.700272077806582,-0.06077873986632909,0.9872341753545836
61.72249374985687,4.700775763695189,-0.060275053977721704,0.9873399683628702
61.55491994297564,4.701122416626835,-0.05992840104607566,0.9874127785354395
61.386626935206486,4.701773204749366,-0.05927761292354461,0.9875494685535581
61.21905312832525,4.702638750489113,-0.05841206718379777,0.9877312657602869
61.052198522331906,4.703431676017214,-0.057619141655696815,0.9878978099872793
61.052198522331906,4.70396732725367,-0.05708349041924077,0.9880103169226112
60.88390551456276,4.70451259997772,-0.05653821769519052,0.988124844732738
60.711297301466196,4.705108146920505,-0.055942670752405554,0.9882499320224124
60.54372349458496,4.7056797984941765,-0.055371019178734215,0.9883700003845374
60.37111528148839,4.706190932691644,-0.05485988498126648,0.9884773578182304
60.20354147460715,4.7067228592405055,-0.05432795843240523,0.9885890824288746
60.035967667725906,4.7072603733539236,-0.05379044431898716,0.988701980638535
59.86839386084467,4.707846299875442,-0.05320451779746893,0.9888250472773836
59.700820053963426,4.708329193412657,-0.052721624260253286,0.9889264731087196
59.700820053963426,4.708667776365568,-0.05238304130734228,0.9889975882817933
59.53324624708218,4.7093452547058225,-0.05170556296708817,0.9891398842509392
59.36567244020094,4.710239041105822,-0.05081177656708835,0.9893276130600253
59.1980986333197,4.71076786570329,-0.050282951969620626,0.9894386861440396
59.03052482643846,4.711383585460252,-0.04966723221265834,0.9895680104845144
58.85791661334189,4.711986270410126,-0.04906454726278486,0.9896945970245353
58.69034280646065,4.712426025603037,-0.04862479206987391,0.9897869621787316
58.522049798691505,4.712924126059746,-0.04812669161316485,0.9898915820359405
58.35447599181027,4.713773844276455,-0.04727697339645598,0.9900700548666768
58.35447599181027,4.714661113272911,-0.04638970440000012,0.9902564147755359
58.186902184929025,4.715426107376202,-0.04562471029670867,0.9904170923512619
58.01429397183246,4.7160986208881,-0.044952196784810994,0.9905583455194493
57.846720164951215,4.716734202091138,-0.04431661558177247,0.9906918415116952
57.67914635806998,4.717485541850126,-0.04356527582278513,0.9908496511608169
57.511572551188735,4.718133226954936,-0.042917590717975074,0.9909856894283368
57.34399874430749,4.718815670123543,-0.04223514754936808,0.9911290281984405
57.17642493742625,4.71950245858329,-0.041548359089620845,0.9912732796433522
57.0081319296571,4.720284211114936,-0.04076660655797504,0.9914374771202503
57.0081319296571,4.720824207642531,-0.04022661003037964,0.99155089673039
56.84127732366376,4.721436202711899,-0.03961461496101215,0.9916794387461769
56.6679499096793,4.721895820417214,-0.0391549972556966,0.9917759757761135
56.50037610279806,4.722401679484556,-0.03864913818835447,0.9918822252337888
56.33352149680471,4.7228138135544295,-0.03823700411848119,0.9919687889117784
56.160913283708155,4.723324637450126,-0.0377261802227844,0.9920760811704119
55.99333947682691,4.72375911751291,-0.03729170016000083,0.99216733834859
55.82504646905777,4.724247596482025,-0.03680322119088597,0.9922699373310041
55.657472662176524,4.724816145037973,-0.036234672634937404,0.9923893539425298
55.657472662176524,4.725386244036455,-0.035664573636455366,0.9925090962053862
55.48989885529527,4.725807689292152,-0.035243128380758826,0.992597615583111
55.32016744575033,4.726315410170126,-0.03473540750278481,0.9927042560911453
55.14971683531748,4.7267650960860745,-0.03428572158683618,0.9927987070712272
54.982143028436234,4.727616676113417,-0.033434141559493646,0.9929775709523228
54.81456922155499,4.728321464208607,-0.032729353464303834,0.9931256029986462
54.646995414673746,4.72882297798481,-0.032227839688101056,0.9932309397815138
54.478702406904596,4.72920252716962,-0.031848290503290855,0.9933106594063078
54.31112860002336,4.7297561780415185,-0.03129463963139223,0.9934269469430514
54.31112860002336,4.730152795956455,-0.030898021716455837,0.9935102516440776
54.144273994030016,4.730835239125062,-0.030215578547848843,0.9936535904141814
53.970946580045556,4.731672233902784,-0.02937858377012681,0.9938293908434932
53.80337277316432,4.732439089816707,-0.028611727856203473,0.9939904594695781
53.63651816717097,4.733103223048101,-0.02794759462481,0.9941299524632106
53.46390995407441,4.733638563982784,-0.027412253690126676,0.9942423942234826
53.295616946305266,4.734114940116455,-0.02693587755645588,0.9943424511545916
53.12804313942403,4.734516213624302,-0.0265346040486083,0.9944267337054853
52.960469332542786,4.734959382136708,-0.026091435536202745,0.9945198157853405
52.960469332542786,4.73528927664,-0.02576154103291106,0.9945891060567376
52.792895525661535,4.73571444658329,-0.025336371089620613,0.9946784077591501
52.62532171878029,4.736349717484557,-0.02470110018835392,0.9948118385763361
52.45271350568374,4.737042092442531,-0.02400872523038,0.9949572633962948
52.28010529258718,4.737764880173163,-0.02328593749974761,0.9951090760440299
52.111812284818036,4.738188187239493,-0.022862630433417408,0.9951979864721141
51.944957678824686,4.738409150892151,-0.02264166678075963,0.9952443971619218
51.77666467105554,4.7388386650602525,-0.022212152612658187,0.9953346113151729
51.609810065062206,4.739276558442531,-0.02177425923038001,0.99542658541901
51.609810065062206,4.739891657595948,-0.02115916007696228,0.9955557794093648
51.44223625818096,4.740468584299746,-0.02058223337316445,0.9956769557475077
51.27394325041182,4.741080580435442,-0.019970237237468602,0.9958054979872637
51.106369443530575,4.74149643919291,-0.019554378480000523,0.9958928439899413
50.938795636649324,4.741853333149367,-0.019197484523544084,0.9959678051634561
50.77122182976809,4.7422477789518975,-0.018803038721013188,0.9960506536390629
50.603648022886844,4.742667362396961,-0.018383455275949423,0.9961387819664284
50.4360742160056,4.743260426925568,-0.017790390747342677,0.9962633478556235
50.26346600290905,4.743810974779746,-0.017239842893165047,0.9963789836417685
50.26346600290905,4.7444114876172145,-0.016639330055696178,0.9965051139563704
50.0958921960278,4.745148241060252,-0.015902576612658592,0.9966598599297389
49.928318389146554,4.745861718671391,-0.015189099001519324,0.9968097171017084
49.76074458226531,4.746406369725569,-0.014644447947341988,0.9969241143377462
49.59245157449617,4.7469646761903785,-0.014086141482532177,0.9970413797243574
49.42487776761492,4.747365949698226,-0.0136848679746846,0.9971256622752509
49.25730396073369,4.747834256919492,-0.013216560753418705,0.9972240244308338
49.08973015385244,4.74838914899848,-0.01266166867443097,0.9973405726678172
48.91712194075588,4.749053282229872,-0.011997535443038387,0.9974800656614494
48.91712194075588,4.7494610720749355,-0.01158974559797521,0.9975657168886006
48.74954813387463,4.749790345974683,-0.01126047169822808,0.9976348768098778
48.5819743269934,4.750683201469366,-0.01036761620354465,0.9978224100937843
48.41440052011215,4.751254542741265,-0.009796274931646032,0.9979424132808492
48.24682671323091,4.7514801619868345,-0.00957065568607618,0.9979898018205245
48.07925290634966,4.751857848294682,-0.009192969378228888,0.9980691301709899
47.911679099468415,4.752068881224304,-0.008981936448607009,0.9981134550349124
47.74410529258718,4.7525741196881,-0.008476697984810322,0.9982195741424676
47.575812284818035,4.753145149591898,-0.007905668081012784,0.9983395119305034
47.575812284818035,4.753781352464809,-0.0072694652081013444,0.9984731384968383
47.40823847793679,4.753918213673923,-0.007132603998988074,0.9985018845057246
47.24066467105555,4.753886868929619,-0.007163948743291293,0.9984953009287993
47.0730908641743,4.75273673914329,-0.008314078529620517,0.9982537303532324
46.90551705729305,4.753802765419746,-0.007248052253165049,0.9984776360239087
46.7329088441965,4.755000067473416,-0.006050750199494637,0.9987291145523937
46.56533503731526,4.755801372215695,-0.005249445457216062,0.9988974187299723
46.397761230434014,4.756229955478481,-0.00482086219443012,0.9989874373580439
46.23018742355276,4.756697641029873,-0.004353176643038026,0.9990856689395377
46.23018742355276,4.75737573997367,-0.003675077699241136,0.9992280952588031
46.06261361667153,4.75790177078886,-0.0031490468840509322,0.9993385815433093
45.89000540357497,4.7580519771068355,-0.002998840566075245,0.9993701305277096
45.722431596693724,4.757905495476455,-0.003145322196456135,0.9993393638679973
45.55485778981249,4.758687868611644,-0.0023629490612666615,0.999503691695015
45.38728398293124,4.759282796017215,-0.001768021655696117,0.9996286488585391
45.21971017604999,4.759693068276455,-0.0013577493964556098,0.9997148214861694
45.05141716828085,4.75991217011848,-0.0011386475544306052,0.9997608411256179
44.883843361399606,4.7601827895189865,-0.0008680281539241719,0.9998176813927921
44.883843361399606,4.760570406549872,-0.0004804111230383157,0.999899095569143
44.71626955451836,4.761019472928607,-3.134474430410705e-05,0.9999934164230746
44.548695747637126,4.761250677606075,0.00019985993316407047,1.0000419781138277
44.38112194075588,4.761530917427847,0.00048009975493634727,1.0001008390318276
44.21354813387463,4.761851501811644,0.000800684138733132,1.0001681738274586
44.04597432699339,4.762369152346328,0.001318334673417354,1.0002768999374096
43.877681319224244,4.762983630896202,0.0019328132232914186,1.0004059635776448
43.71010751234301,4.763348904066834,0.002298086393923704,1.0004826847017456
43.54181450457386,4.763490731170632,0.0024399134977208803,1.0005124737355593
43.37495989858052,4.763690281868354,0.002639464195443253,1.000554386898297
43.37495989858052,4.764222829020758,0.003172011347847281,1.0006662418590604
43.20666689081138,4.764657929687087,0.0036071120141762947,1.0007576293873586
43.03981228481803,4.7649201688070875,0.003869351134176746,1.0008127094799775
42.87223847793679,4.765263718721012,0.004212901048100903,1.0008848679019478
42.703945470167646,4.765414855944303,0.00436403827139209,1.0009166124115274
42.5363716632864,4.765706266629873,0.004655448956961905,1.0009778196316832
42.364482651077736,4.76622453883443,0.00517372116151904,1.0010866763157231
42.19618964330859,4.766642570770632,0.005591753097720975,1.001174478767789
42.029335037315256,4.7668160518541765,0.005765234181265733,1.001210916329619
42.029335037315256,4.767047257597974,0.005996439925063157,1.0012594782443414
41.86104202954611,4.767412841070379,0.006362023397468164,1.0013362645435022
41.69346822266487,4.7678134929083535,0.006762675235442828,1.0014204165203069
41.525894415783625,4.768160766443543,0.007109948770632535,1.0014933570429958
41.35832060890239,4.7685797292850625,0.007528911612151745,1.0015813550202415
41.19074680202114,4.768884486145822,0.007833668472911448,1.00164536543988
41.022453794251994,4.769089001671898,0.008038183998987591,1.0016883214035754
40.850564782043335,4.769024140070885,0.007973322397973881,1.0016746980243052
40.68227177427419,4.769056105418733,0.008005287745822542,1.0016814119513506
40.68227177427419,4.769178070010126,0.008127252337215118,1.001707029109424
40.515417168280855,4.769392827627341,0.008342009954430019,1.0017521362980342
40.347124160511704,4.769414861185822,0.008364043512910868,1.0017567641752245
40.17955035363046,4.769681445596961,0.008630627924050671,1.001812756942651
40.01197654674922,4.770092339526076,0.00904152185316498,1.0018990601443705
39.840087534540565,4.770457922998481,0.009407105325569987,1.001975846443531
39.67179452677142,4.770749334750379,0.00969851707746816,1.002037053887656
39.50422071989017,4.770834989769113,0.00978417209620197,1.0020550446678458
39.33664691300893,4.7710323672881,0.0099815496151896,1.0020965013811947
39.33664691300893,4.771364123602025,0.010313305929114058,1.002166182702951
39.169073106127684,4.771604328097214,0.010553510424303525,1.0022166346944101
39.00149929924645,4.771942601814682,0.010891784141771055,1.002287684916393
38.8339254923652,4.772267840725062,0.011217023052151553,1.0023559973379226
38.66635168548396,4.772438839394429,0.011388021721518093,1.0023919134992734
38.498058677714816,4.772894112874935,0.011843295202024429,1.0024875380783718
38.330484870833565,4.773293833807593,0.012243016134682705,1.0025714945299968
38.16291106395232,4.7734589356769614,0.012408118004050728,1.0026061721412407
37.995337257071085,4.773572210752405,0.012521393079493848,1.0026299641736682
37.995337257071085,4.773504556435443,0.012453738762531863,1.0026157542188594
37.822729043974526,4.773506728547847,0.012455910874936471,1.0026162104442784
37.65515523709328,4.773485315592911,0.012434497920000176,1.002611712917208
37.48758143021203,4.773394074075949,0.012343256403037905,1.0025925487619707
37.31928842244289,4.773272109484556,0.01222129181164533,1.0025669316038972
37.15243381644955,4.773450246161011,0.012399428488100384,1.0026043470155945
36.98486000956831,4.773773933562531,0.01272311588961994,1.0026723335618246
36.812251796471756,4.774006690815189,0.012955873142278307,1.0027212213518466
36.644677989590505,4.77431299918481,0.013262181511898952,1.0027855576467846
36.644677989590505,4.774620238459747,0.013569420786835984,1.0028500894669024
36.47638498182136,4.774625823891644,0.01357500621873342,1.00285126261798
36.30953037582802,4.774681065071391,0.0136302473984804,1.0028628653464242
36.141237368058874,4.774868822169114,0.013818004496203073,1.0029023014089475
35.97366356117763,4.775033614803037,0.013982797130125846,1.0029369140691005
35.80537055340849,4.775179786131645,0.014128968458734015,1.0029676155537528
35.638515947415144,4.775415956703797,0.014365139030886098,1.0030172202694336
35.4709421405339,4.775705816946835,0.014654999273924219,1.003078101838259
35.302649132764756,4.775967125161519,0.014916307488608282,1.0031329864056984
35.302649132764756,4.77627498504,0.015224167367088981,1.0031976485759357
35.13507532588351,4.776378019090632,0.015327201417721703,1.0032192896074177
34.96246711278696,4.776507431990885,0.015456614317974626,1.0032464711908977
34.79489330590572,4.776396949631391,0.015346131958480669,1.003223265734009
34.627319499024466,4.776252640113417,0.015201822440506163,1.003192955299716
34.45974569214322,4.776396949631391,0.015346131958480669,1.003223265734009
34.29217188526198,4.776725292625822,0.01567447495291141,1.0032922301301066
34.12459807838074,4.7769059117164545,0.015855094043543794,1.003330166942283
33.9570242714995,4.776998703675949,0.015947886003038647,1.0033496567488507
33.9570242714995,4.777023220714935,0.015972403042024297,1.003354806250489
33.789450464618255,4.776922049541265,0.015871231868354485,1.0033335564933357
33.61684225152169,4.776975117542277,0.01592429986936672,1.0033447027723914
33.44926844464045,4.777043393529113,0.015992575856202507,1.0033590433012893
33.28097543687131,4.777057668476961,0.016006850804050288,1.0033620415780133
33.113401629990065,4.777129047481518,0.01607822980860707,1.00337703385751
32.94654702399673,4.777161943734682,0.01611112606177123,1.0033839433097347
32.77825401622758,4.777457390475948,0.016406572803036923,1.0034459982536075
32.61068020934633,4.7775172861822774,0.016466468509366727,1.0034585786079502
32.44310640246509,4.777396252496202,0.016345434823291427,1.0034331569750563
32.44310640246509,4.77734752872,0.016296711047089296,1.003422923146839
32.27553259558385,4.777501768961011,0.01645095128810059,1.0034553194070173
32.1072395878147,4.777442183556455,0.016391365883544395,1.0034428042277348
31.940384981821364,4.777275218810126,0.01622440113721524,1.0034077353421624
31.77209197405222,4.777321770473923,0.016270952801011873,1.0034175129449605
31.60451816717097,4.777511390448606,0.01646057277569568,1.0034573402818123
31.43694436028973,4.777489976427341,0.01643915875443014,1.0034528425307725
31.269370553408486,4.77752783750886,0.01647701983594896,1.0034607947839553
31.101796746527246,4.777528148876962,0.016477331204050927,1.0034608601829846
31.101796746527246,4.777490286729113,0.016439469056201972,1.0034529077058323
30.932784537870198,4.777510458476962,0.016459640804050935,1.0034571445326634
30.76161472654944,4.777726146999493,0.016675329326582222,1.003502447246453
30.58900651345288,4.777828250144809,0.016777432471898557,1.0035238927527557
30.42143270657164,4.777745077540253,0.016694259867342076,1.0035064233730446
30.253858899690396,4.777669664612658,0.016618846939747023,1.0034905838177695
30.085565891921252,4.777682699419746,0.016631881746834942,1.003493321618223
29.918711285927905,4.777671216121518,0.016620398448607077,1.0034909096930686
29.75041827815876,4.7775362177893665,0.01648540011645583,1.003462554958511
29.75041827815876,4.777435045549366,0.016384227876454993,1.003441304977388
29.583563672165422,4.777242632858733,0.016191815185822023,1.0034008910649974
29.415270664396278,4.777193288478986,0.016142470806075337,1.00339052688666
29.247696857515038,4.777181495945316,0.016130678272404886,1.0033880500104153
29.080123050633794,4.776969221808606,0.015918404135695674,1.0033434644462536
28.912549243752554,4.7769726351281,0.01592181745518939,1.0033441813719122
28.744975436871304,4.7770064622865815,0.015955644613670827,1.0033512863493168
28.57740162999006,4.77704432443443,0.015993506761518894,1.003359238826469
28.409108622220916,4.777172185825822,0.016121368152910875,1.0033860945346496
28.409108622220916,4.777248219356961,0.016197401684050483,1.0034020644400445
28.241534815339676,4.77738135587848,0.016330538205568956,1.0034300281242432
28.073961008458433,4.77733449497924,0.016283677306328848,1.0034201855703544
27.906387201577193,4.777223081714429,0.016172264041518503,1.003396784588286
27.738813394695942,4.777151392408101,0.016100574735189888,1.0033817271337295
27.5705203869268,4.77720849539848,0.01615767772556964,1.0033937209125332
27.40366578093346,4.777118185853164,0.016067368180253006,1.003374752506445
27.23609197405222,4.7771312206602525,0.016080402987341813,1.0033774903068986
27.068518167170975,4.777143013193923,0.016092195521012265,1.0033799671831434
27.068518167170975,4.777099255312405,0.01604843763949404,1.0033707763798534
26.900944360289735,4.776925773162531,0.015874955489620035,1.0033343385940543
26.732651352520588,4.776866187757974,0.015815370085062952,1.0033218234147716
26.56507754563934,4.776933842074936,0.015883024402024937,1.0033360333695804
26.397503738758097,4.777076910385822,0.016026092712911222,1.003366083103634
26.229210730988953,4.77693446267848,0.01588364500556949,1.0033361637197002
26.057321718780297,4.776866187757974,0.015815370085062952,1.0033218234147716
25.889747911899057,4.77667812035848,0.015627302685569333,1.0032823221771885
25.722174105017807,4.776612948455695,0.015562130782784678,1.0032686336228587
25.722174105017807,4.776856567336708,0.01580574966379711,1.0033198027639458
25.554600298136567,4.776827084403037,0.015776266730126665,1.0033136102373799
25.38630729036742,4.776510224706834,0.0154594070339229,1.0032470577664363
25.219452684374083,4.7761381238308855,0.015087306157974822,1.0031689025670492
25.05187887749284,4.775887056641012,0.014836238968101156,1.0031161690005554
24.883585869723696,4.77586347050734,0.01481265283442923,1.0031112150240962
24.716012062842445,4.775846401777215,0.014795584104303927,1.0031076299478643
24.548438255961205,4.775956884136708,0.014906066463796996,1.0031308354047526
24.38086444907996,4.776076675549366,0.015025857876455717,1.0031559961134378
24.21329064219872,4.775921504403037,0.014870686730126259,1.0031234043280794
24.21329064219872,4.775793643011645,0.014742825338734278,1.003096548619899
24.040682429102166,4.77583119485772,0.014780377184809623,1.0031044359219912
23.873108622220915,4.775852298577214,0.014801480904303332,1.0031088684979712
23.704815614451768,4.77604657307848,0.014995755405569078,1.003149673460721
23.53796100845843,4.776017400446581,0.014966582773670467,1.003143546109215
23.369668000689288,4.775623264945822,0.014572447272911404,1.0030607628086678
23.202094193808044,4.775352336309872,0.014301518636961497,1.003003857590403
23.034520386926804,4.775087303407593,0.014036485734682635,1.002948190698276
22.86694658004556,4.7748933392081,0.013842521535189611,1.002907450910586
22.86694658004556,4.7749690635037965,0.013918245830885745,1.0029233558648905
22.69937277316431,4.774929960148859,0.01387914247594857,1.0029151426874987
22.53179896628307,4.774767961297214,0.013717143624303318,1.0028811168268537
22.36422515940183,4.774668341632404,0.01361752395949356,1.0028601929449998
22.196651352520586,4.7746788929589865,0.013628075286075791,1.0028624091210052
22.029077545639346,4.774621169365062,0.013570351692151483,1.0028502849920817
21.8607845378702,4.774580204199492,0.013529386526581533,1.0028416807643306
21.693210730988948,4.774425653656707,0.013374835983796629,1.002809219329092
21.525636924107708,4.7741826553792395,0.013131837706328753,1.002758180538125
21.525636924107708,4.774229205976708,0.013178388303797028,1.0027679579169537
21.357343916338564,4.774371343382278,0.013320525709366926,1.0027978121258276
21.190489310345225,4.774043000387847,0.012992182714936185,1.00272884772973
21.022915503463985,4.773645451567594,0.012594633894683405,1.0026453475035244
20.854622495694837,4.773343178187341,0.012292360514430278,1.0025818587083342
20.68776788970149,4.7732131446835435,0.0121623270106328,1.0025545467747343
20.52019408282025,4.773408970693669,0.0123581530207586,1.0025956776127836
20.351901075051106,4.7737034865296195,0.012652668856708793,1.0026575370314768
20.184327268169863,4.773509212028353,0.01245839435544216,1.0026167320687267
20.016753461288623,4.773153559278986,0.012102741606075718,1.0025420315954516
20.016753461288623,4.773003352961012,0.011952535288100918,1.0025104826110516
19.849179654407383,4.772909630096201,0.011858812423290566,1.0024907972793047
19.681605847526132,4.772692390064809,0.011641572391898336,1.0024451686902154
19.51403204064489,4.772569183199999,0.011518365527088292,1.002419290607933
19.345739032875745,4.772460563717467,0.011409746044556357,1.002396476425373
19.1781652259945,4.772118876680506,0.01106805900759511,1.0023247092777314
19.01059141911326,4.771865327076455,0.010814509403544115,1.0022714543107587
18.84301761223202,4.771981084566075,0.010930266893164564,1.0022957677436652
18.675443805350778,4.772125083782277,0.011074266109366349,1.0023260130028981
18.675443805350778,4.771960291148353,0.010909473475442688,1.0022914003427452
18.507150797581623,4.771796740787847,0.010745923114936495,1.0022570486068008
18.340296191588287,4.771700844744303,0.010650027071392287,1.0022369068256654
18.17200318381914,4.77170767244962,0.010656854776708968,1.002238340900952
18.0044293769379,4.771605570370632,0.010554752697720993,1.0022168956186188
17.83685557005666,4.771361329819746,0.010310512146835649,1.0021655959034428
17.669281763175416,4.771252400035443,0.01020158236253188,1.002142716545823
17.49667355007885,4.770980229126075,0.009929411453164505,1.0020855504033495
17.32909974319761,4.770815747860253,0.009764930187341925,1.0020510031422254
17.32909974319761,4.77050323238886,0.009452414715949153,1.0019853631221205
17.16152593631637,4.770172718348354,0.009121900675443051,1.001915942724573
16.993952129435126,4.770085511820759,0.009034694147848299,1.0018976260690837
16.826378322553886,4.7700439260516445,0.008993108378733794,1.0018888914912127
16.658804515672635,4.769931581881519,0.00888076420860795,1.001865294983965
16.49051150790349,4.769798755661771,0.008747937988860421,1.0018373964748262
16.320780098358547,4.769803720490126,0.00875290281721508,1.0018384392757844
16.151048688813585,4.769835996139745,0.008785178466834687,1.0018452183778892
15.983474881932345,4.769700376137721,0.008649558464810525,1.0018167330692425
15.983474881932345,4.769527825959493,0.008477008286582155,1.0017804910325923
15.815901075051103,4.769239206923543,0.008188389250632255,1.001719870164006
15.648327268169862,4.768895037472404,0.007844219799493679,1.0016475816158854
15.480034260400716,4.76872590061367,0.007675082940759026,1.0016120565048936
15.312460453519476,4.7685797292850625,0.007528911612151745,1.0015813550202415
15.144886646638234,4.7685403156283535,0.0074894979554427366,1.0015730766677897
14.977312839756992,4.7685055575645565,0.007454739891645801,1.0015657761652057
14.809019831987847,4.768348834909366,0.007298017236455401,1.001532858504548
14.642165225994509,4.768250766753416,0.0071999490805056965,1.0015122604979934
14.642165225994509,4.768041595634429,0.0069907779615183685,1.0014683266844304
14.473872218225365,4.767893251127088,0.0068424334541772325,1.0014371687503898
14.306298411344123,4.767903493218227,0.006852675545315989,1.0014393199753044
14.138724604462864,4.767794252065822,0.006743434392911141,1.0014163752186553
13.971150797581622,4.7676468395301255,0.006596021857214751,1.0013854130337636
13.80357699070038,4.767369703792404,0.006318886119493605,1.0013272040903318
13.636003183819138,4.767184118807087,0.006133301134176428,1.0012882242532277
13.467710176049994,4.766778190772657,0.005727373099746025,1.001202964076436
13.300855570056656,4.7667735351797464,0.005722717506835728,1.0012019862265686
13.13256256228751,4.766699984062784,0.00564916638987345,1.0011865377216524
13.13256256228751,4.766705570561012,0.005654752888101022,1.0011877110966996
12.964988755406269,4.766733811221265,0.005682993548353998,1.0011936426990569
12.797414948525027,4.766762052947847,0.005711235274936222,1.0011995745253834
12.629841141643787,4.76684894917367,0.0057981315007591405,1.0012178260058129
12.461548133874642,4.766870051826834,0.0058192341539236025,1.0012222583578236
12.2939743269934,4.766581433857214,0.00553061618430295,1.0011616377132069
12.126400520112158,4.766367607145315,0.005316789472404437,1.0011167260497764
11.958826713230899,4.766256814484049,0.005205996811138647,1.001093455417828
11.791252906349657,4.765982782830379,0.004931965157468632,1.0010358984489645
11.791252906349657,4.7655520263888596,0.0045012087159488345,1.0009454233715045
11.623679099468417,4.765328270020252,0.004277452347341004,1.0008984261061578
11.456105292587175,4.765264649626328,0.004213831953417291,1.0008850634271274
11.288531485705933,4.7651532363615186,0.004102418688607834,1.0008616624450593
11.120957678824691,4.765141443827848,0.004090626154937382,1.0008591855688145
10.95338387194345,4.765286994552911,0.004236176880000109,1.000889756703347
10.78581006506221,4.7652274080820245,0.0041765904091137784,1.000877241300095
10.618236258180968,4.76517837400405,0.004127556331138926,1.0008669422968177
10.445628045084401,4.765089926269366,0.0040391085964550655,1.0008483649410886
10.445628045084401,4.7650117206258225,0.003960902952911738,1.0008319388102747
10.27805423820316,4.764723722193417,0.0036729045205063926,1.0007714482918084
10.109761230434016,4.764537516604556,0.0034866989316455488,1.0007323381045845
9.942187423552774,4.764148657300252,0.0030978396273413367,1.0006506630040246
9.774613616671532,4.763842348930632,0.00279153125772158,1.0005863267090869
9.60703980979029,4.763652730022279,0.0026019123493679075,1.0005464995962046
9.439466002909048,4.763457834917467,0.0024070172445567195,1.0005055642833347
9.271172995139905,4.763280629146329,0.002229811473418053,1.000468344396817
9.104318389146549,4.763180699179746,0.0021298815068355736,1.000447355339903
9.104318389146549,4.763138492807087,0.0020876751341765143,1.0004384904119124
8.936744582265307,4.7631785260010115,0.00212770832810083,1.0004468988905144
8.769170775384065,4.763251146212657,0.002200328539746721,1.0004621518702508
8.60087776761492,4.763240905187847,0.002190087514936323,1.0004600008693054
8.433303960733678,4.763060286097215,0.0020094684243039396,1.0004220640571289
8.265730153852438,4.763086354645062,0.0020355369721514194,1.000427539434067
8.098156346971196,4.762973389871392,0.0019225721984810207,1.0004038125766994
7.9298633392020506,4.762716115579746,0.001665297906835228,1.0003497752850388
7.76228953232081,4.762659943494683,0.0016091258217718618,1.0003379770314147
7.594715725439568,4.762600047788353,0.0015492301154420574,1.000325396677072
7.594715725439568,4.762574289542278,0.0015234718693672988,1.0003199864751942
7.427141918558327,4.762663668182277,0.001612850509366659,1.0003387593561026
7.259568111677085,4.762752736520506,0.0017019188475950742,1.0003574670619515
7.091994304795843,4.76273721929924,0.0016864016263289372,1.0003542078610186
6.919386091699278,4.762522461682025,0.001471644009114037,1.0003091006724085
6.751812284818036,4.762316084345316,0.0012652666724051187,1.000265753658354
6.584238477936795,4.762271704793923,0.001220887121012204,1.0002564322809746
6.416664671055553,4.762060671864304,0.0010098541913929893,1.0002121074170527
6.2490908641743115,4.761926604437467,0.0008757867645563522,1.0001839482076742
6.2490908641743115,4.761876949755948,0.0008261320830369456,1.0001735188542769
6.080078655517263,4.761679881472404,0.0006290637994936787,1.000132127092019
5.908908844196504,4.761371711292151,0.00032089361924025894,1.0000673997467218
5.741335037315263,4.761183954194429,0.00013313652151847322,1.0000279636841984
5.573761230434021,4.761454573594936,0.0004037559220249065,1.0000848039513728
5.4061874235527805,4.761349057130126,0.000298239457214855,1.0000626415194116
5.238613616671521,4.761148575527088,9.775785417698302e-05,1.0000205328314946
5.070320608902375,4.76108433452962,3.351685670960336e-05,1.0000070398023446
4.902746802021134,4.761034679848101,-1.6137824809803192e-05,0.9999966104489475
4.902746802021134,4.760870819185822,-0.00017999848708871724,0.9999621935379432
4.735172995139893,4.760927922176202,-0.0001228954967089635,0.9999741873167468
4.567599188258651,4.7607755437458215,-0.000275273927089259,0.9999421821069274
4.399306180489506,4.760739853710379,-0.00031096396253182945,0.9999346858551945
4.231732373608264,4.76077523344405,-0.00027558422886109213,0.9999421169318676
4.0641585667270235,4.7609865766754424,-6.424099746826784e-05,0.9999865069708498
3.8965847598457817,4.761124989393417,7.417172050594445e-05,1.0000155788550356
3.7290109529645403,4.761058265981772,7.448308861235375e-06,1.0000015644254066
3.561437146083299,4.761086816943797,3.59992708860446e-05,1.0000075612028236
3.561437146083299,4.760938163201012,-0.00011265447189856559,0.9999763383176923
3.393144138314154,4.760782992054683,-0.00026782561822802364,0.999943746532334
3.226289532320816,4.760859646189367,-0.0001911714835438616,0.999959846787849
3.057996524551671,4.760951196941772,-9.962073113900516e-05,0.9999790758941767
2.8904227176704116,4.760980990177214,-6.982749569672819e-05,0.9999853335958026
2.7221297099012665,4.760787025977721,-0.0002637916951897523,0.9999445938081126
2.5559943047958322,4.760756923506834,-0.00029389416607639163,0.9999382711553959
2.387701297026687,4.760819922230885,-0.00023089544202559154,0.9999515032603373
2.219408289257542,4.760706647155442,-0.0003441705174687115,0.9999277112279098
2.0518344823763006,4.760790750665315,-0.00026006700759584334,0.9999453761328002
2.0518344823763006,4.760701061723544,-0.0003497559493670366,0.999926538076832
1.8849798763829626,4.760628131210126,-0.0004226864627847604,0.9999112199220358
1.7174060695017213,4.760630303322531,-0.0004205143503801523,0.9999116761474548
1.5498322626204797,4.760434787614176,-0.0006160300587350065,0.9998706104844652
1.3822584557392383,4.760287064776708,-0.000763752896202341,0.9998395831245137
1.2139654479700934,4.760369615711391,-0.0006812019615196618,0.9998569219301354
1.0463916410888519,4.760462407670885,-0.0005884100020256966,0.9998764117367028
0.873783427992286,4.7606569924739235,-0.0003938251989872299,0.9999172818745128
0.7062096211110446,4.760602683265822,-0.000448134407088574,0.9999058748952174
0.7062096211110446,4.760461166463797,-0.0005896512091139172,0.9998761510364634
0.5386358142298031,4.760548993594936,-0.0005018240779746108,0.9998945980420726
0.3710620073485616,4.76076809543696,-0.0002827222359504944,0.9999406176815209
0.20348820046732014,4.760935370485062,-0.0001154471878486163,0.9999757517421533
0.0351951926981752,4.761050817672911,0.0,1.0
-0.13237861418308444,4.761057335076455,6.517403543959688e-06,1.0000013689002267
-0.2992332201764224,4.760997128002025,-5.368967088603682e-05,0.9999887231468552
-0.46752622794556736,4.760888508519493,-0.00016230915341797214,0.9999659089642952
-0.6343808339389053,4.760754129724556,-0.0002966879483548013,0.9999376843558877
-0.6343808339389053,4.760832646736202,-0.0002181709367086171,0.9999541758857312
-0.8026738417080502,4.760920784169112,-0.00013003350379836576,0.9999726880664
-0.9702476485892917,4.7609552319311375,-9.558574177326307e-05,0.9999799233939242
-1.1385406563584366,4.7609394044081,-0.00011141326481034497,0.9999765990179318
-1.3053952623517746,4.760669406677468,-0.00038141099544297674,0.9999198893248467
-1.4736882701209195,4.76055985522329,-0.0004909624496205467,0.9998968793931378
-1.641262077002161,4.760635579518985,-0.0004152381539253014,0.999912784347442
-1.8088358838834024,4.760756923506834,-0.00029389416607639163,0.9999382711553959
-1.9814440969799685,4.76071813045367,-0.0003326872192408459,0.9999301231530641
-1.9814440969799685,4.760737060994429,-0.00031375667848188016,0.9999340992796554
-2.1482987029733063,4.760783612658227,-0.00026720501468346924,0.9999438768824539
-2.3165917107424514,4.760691440235949,-0.0003593774369621272,0.999924517202037
-2.4841655176236928,4.760559544921518,-0.0004912727513923798,0.9998968142180779
-2.656054529832355,4.7606017512941765,-0.0004490663787342086,0.9999056791460685
-2.8243475376015,4.760074479271898,-0.000976338401012633,0.9997949321613228
-2.9919213444827415,4.7599810667088605,-0.0010697509640502645,0.9997753120046358
-3.1594951513639833,4.760180616340252,-0.0008702013326589153,0.9998172249434035
-3.3270689582452246,4.76026968467848,-0.0007811329944305001,0.9998359326492523
-3.3270689582452246,4.76036496011848,-0.0006858575544308465,0.999855944080268
-3.494642765126466,4.76050275223291,-0.0005480654400003004,0.9998848856143342
-3.6622165720077073,4.760617268515443,-0.00043354915746807166,0.9999089383470013
-3.829790378888967,4.760783922959999,-0.00026689471291163613,0.9999439420575137
-3.9988025875460154,4.761058265981772,7.448308861235375e-06,1.0000015644254066
-4.165657193539354,4.761291954139746,0.00024113646683510126,1.000050647740608
-4.333231000420595,4.761343470631898,0.00029265295898728283,1.0000614681443645
-4.5008048073018365,4.761286367641519,0.00023554996860841726,1.000049474365561
-4.668378614183078,4.76141267752405,0.0003618598511394566,1.0000760041984422
-4.668378614183078,4.7615129177924045,0.00046210011949376906,1.0000970584304159
-4.835952421064319,4.76144060788253,0.00038979020961971145,1.0000818706257393
-5.004245428833464,4.7614735041356955,0.0004226864627847604,1.0000887800779643
-5.171100034826802,4.7617258125326565,0.0006749948597457589,1.0001417743446972
-5.3393930425959475,4.761640468882025,0.0005896512091139172,1.0001238489635367
-5.506966849477188,4.7616122271554415,0.0005614094825308058,1.0001179171372099
-5.67454065635843,4.761637985401518,0.0005871677286073407,1.0001233273390882
-5.842114463239672,4.761797501838987,0.0007466841660761503,1.0001568317992542
-6.010407471008834,4.761862984043544,0.0008121663706335269,1.000170585528644
-6.1772620770021724,4.761910466612657,0.000859648939746549,1.0001805586566217
-6.1772620770021724,4.762019086095189,0.0009682684222784843,1.0002033728391817
-6.344835883883414,4.762018155189872,0.0009673375169612086,1.0002031773140019
-6.513128891652559,4.762061914137721,0.001011096464810457,1.0002123683412614
-6.680702698533801,4.762235395221265,0.0011845775483543264,1.0002488059030912
-6.848276505415042,4.762368843110885,0.0013180254379738798,1.000276834986319
-7.015850312296283,4.762430910929619,0.0013800932567082924,1.0002898715660806
-7.183424119177525,4.7624724966987335,0.0014216790258227974,1.0002986061439516
-7.350997926058766,4.7625721174298725,0.0015212997569618025,1.000319530249775
-7.518571732940008,4.762772287664809,0.0017214699918985943,1.0003615735386626
-7.518571732940008,4.76284273576405,0.0017919180911389887,1.0003763702929798
-7.68614553982125,4.762772597966582,0.0017217802936713156,1.0003616387137226
-7.853719346702491,4.762842115160506,0.0017912974875953225,1.0003762399428602
-8.02129315358375,4.762997596608606,0.0019467789356957255,1.000408896903278
-8.189586161352896,4.762976492889113,0.0019256752162020163,1.000404464327298
-8.357159968234138,4.763129181621265,0.002078363948354145,1.0004365347121773
-8.524733775115378,4.763351077245568,0.002300259572657559,1.000483141151134
-8.69230758199662,4.76346248944405,0.0024116717711395452,1.000506541909233
-8.859881388877861,4.763551869150379,0.0025010514774681525,1.000525315014111
-8.859881388877861,4.763662040141772,0.0026112224688610297,1.0005484550719703
-9.028174396647007,4.763930486363543,0.0028796686906327196,1.000604838889756
-9.195029002640345,4.763997209775189,0.002946392102278317,1.0006188533193852
-9.362602809521585,4.7640738649762016,0.003023047303290838,1.0006349537988692
-9.53089581729073,4.764022969087594,0.0029721514146832106,1.0006242637452325
-9.699188825059876,4.763955313704303,0.0029044960313919788,1.0006100535664544
-9.866043431053214,4.763775004915442,0.0027241872425314284,1.0005721819293378
-10.034336438822358,4.763753902262278,0.0027030845893669664,1.000567749577327
-10.201910245703617,4.7640266927088595,0.0029758750359487607,1.0006250458459511
-10.369484052584859,4.76422158781367,0.0031707701407590605,1.000665981158821
-10.369484052584859,4.764408103704303,0.0033572860313926256,1.0007051565211047
-10.537777060354005,4.764600516394936,0.003549698722025596,1.0007455704334953
-10.704631666347343,4.764909927782278,0.0038591101093672364,1.000810558479032
-10.872205473228584,4.764969203951392,0.003918386278480845,1.000823008707224
-11.039779280109824,4.764986272681519,0.003935455008607924,1.0008265937834564
-11.207353086991066,4.764899686757468,0.0038488690845568385,1.0008084074780865
-11.375646094760212,4.765066340135696,0.004015522462784915,1.0008434109646298
-11.54250070075355,4.765129029624303,0.004078211951392241,1.0008565781184804
-11.710793708522695,4.7653599250663286,0.0043091073934178326,1.0009050748581432
-11.710793708522695,4.765600129561518,0.004549311888607299,1.0009555268496022
-11.877648314516033,4.765666233435948,0.004615415763037589,1.000969411153081
-12.045941322285177,4.765775473522025,0.004724655849114079,1.000992355685761
-12.213515129166437,4.76589495569924,0.0048441380263293254,1.0010174514433554
-12.381088936047679,4.765904576120505,0.004853758447594281,1.0010194720941807
-12.54866274292892,4.766043299140253,0.0049924814673421025,1.0010486091534267
-12.716955750698066,4.766077746902278,0.005026929229367205,1.001055844480951
-12.883810356691402,4.766250298146835,0.005199480473923934,1.0010920867415705
-13.051384163572644,4.766253090862784,0.005202273189873097,1.0010926733171095
-13.220396372229693,4.766102263941265,0.005051446268354631,1.0010609939825896
-13.220396372229693,4.7661196440394935,0.00506882636658279,1.001064644457851
-13.387250978223031,4.766478399806582,0.005427582133671116,1.001139996681725
-13.554824785104273,4.76672574230886,0.005674924635949097,1.0011919479235307
-13.723117792873417,4.766915672585316,0.005864854912405626,1.0012318404354423
-13.890691599754659,4.767809769287088,0.006758951614177278,1.0014196344195883
-14.0582654066359,4.767670115362025,0.0066192976891139566,1.0013903018351629
-14.225120012629256,4.767564288595442,0.006513470922531184,1.0013680742281417
-14.392693819510498,4.7675174266298725,0.006466608956961828,1.0013582314502836
-14.56026762639174,4.767312290500253,0.006261472827342018,1.0013151451364686
-14.56026762639174,4.767515254517468,0.00646443684455722,1.0013577752248646
-14.728560634160884,4.767607736175189,0.006556918502278464,1.0013771998563719
-14.896134441042125,4.767704252822278,0.006653435149367226,1.001397471987627
-15.063708247923367,4.76779549327291,0.006744675599999361,1.001416635918895
-15.231282054804609,4.767907216839492,0.006856399166581539,1.0014401020760229
-15.399575062573753,4.768131594877974,0.007080777205063171,1.001487229915459
-15.56642966856709,4.76819986979848,0.00714905212556971,1.0015015702203875
-15.785785939377313,4.76809590484253,0.007045087169619713,1.0014797336637258
-15.785785939377313,4.7682392834551885,0.007188465782277831,1.001509848572839
-15.785785939377313,4.768444729886581,0.007393912213670362,1.001553000061714
-15.785785939377313,4.768598659825821,0.007547842152910711,1.0015853311468328
-15.785785939377313,4.768668797623291,0.00761797995038016,1.0016000627260904
-15.785785939377313,4.768632488050632,0.0075816703777213945,1.0015924363482067
-15.785785939377313,4.768677797441011,0.007626979768100561,1.0016019530267959
-15.785785939377313,4.7685337982248095,0.007482980551898777,1.001571707767563
-15.785785939377313,4.768430765240505,0.007379947567594414,1.0015500669600501
-15.785785939377313,4.768235249532151,0.007184431859240448,1.0015090012970607
-15.785785939377313,4.768048113037974,0.006997295365063216,1.0014696955846574
-15.785785939377313,4.767801700374682,0.006750882701771488,1.001417939644062
-15.785785939377313,4.7676611155443025,0.006610297871391779,1.0013884115344567
-15.785785939377313,4.767939182187341,0.006888364514430201,1.0014468160030683
