Angle (degree),rho (mOhm cm),Delta rho (mOhm cm),rho/rho(theta=0)
101.65362743460312,4.962306686012657,-0.08708679216455728,0.9827530192406406
101.65362743460312,4.962184487362024,-0.08720899081519029,0.9827288185814602
101.65362743460312,4.9615874683518975,-0.08780600982531706,0.9826105827947846
101.65362743460312,4.960896567060759,-0.0884969111164553,0.9824737542243585
101.65362743460312,4.960856222498733,-0.08853725567848159,0.9824657642425516
101.65362743460312,4.961102555187341,-0.08829092298987362,0.9825145488519651
101.65362743460312,4.960533076792404,-0.08886040138481022,0.9824017673075286
101.65362743460312,4.960706483232911,-0.08868699494430388,0.9824361093411323
101.65362743460312,4.960595147810126,-0.08879833036708895,0.9824140600745688
101.65362743460312,4.96030691638481,-0.0890865617924046,0.9823569776890186
101.65362743460312,4.960620361162024,-0.0887731170151902,0.9824190534172361
101.65362743460312,4.960505922721517,-0.08888755545569715,0.9823963896179102
101.4675435718331,4.960616482389872,-0.08877699578734255,0.9824182852512833
101.4675435718331,4.960623077635442,-0.08877040054177243,0.9824195913973776
101.26910901020668,4.961140572486075,-0.08825290569113964,0.9825220779342001
101.07808486789409,4.961078504134176,-0.08831497404303867,0.9825097856951089
100.88541396573399,4.9615529406151895,-0.08784053756202503,0.9826037447979327
100.69356644349764,4.961583586913923,-0.08780989126329164,0.9826098141008828
100.49595526179499,4.960943893412657,-0.08844958476455744,0.9824831269048799
100.30410773955863,4.960363165245568,-0.0890303129316461,0.9823681174152058
100.11226021732229,4.960254157086075,-0.08913932109113976,0.9823465290482138
100.11226021732229,4.960684370232911,-0.08870910794430387,0.9824317300032781
99.92041269508596,4.961509106491138,-0.08788437168607643,0.982595063730743
99.72856517284961,4.961616949686075,-0.0877765284911396,0.9826164213839745
99.53671765061327,4.961981988797467,-0.08741148937974774,0.9826887150392363
99.34404674845318,4.961680569546834,-0.0877129086303805,0.9826290208894467
99.1530226061406,4.961253072873418,-0.08814040530379685,0.9825443579145243
98.96117508390427,4.961241823101264,-0.08815165507595069,0.9825421299692864
98.76850418174416,4.960936911622785,-0.0884565665544299,0.9824817442061652
98.57665665950782,4.962201170081012,-0.08719230809620271,0.9827321224869807
98.38480913727147,4.963372713888607,-0.08602076428860794,0.982964139225755
98.38480913727147,4.963213662903796,-0.08617981527341811,0.9829326401980999
98.19296161503514,4.962473107997467,-0.08692037017974741,0.9827859780475803
98.00029071287504,4.961512596053163,-0.08788088212405132,0.9825957548161258
97.80844319063868,4.961405528612657,-0.08798794956455769,0.9825745507960848
97.6174190483261,4.962362159118986,-0.08703131905822836,0.9827640053336374
97.42474814616601,4.963146161605062,-0.08624731657215268,0.9829192719987259
97.23290062392967,4.963632623612657,-0.0857608545645574,0.9830156126799775
97.04105310169332,4.963294738572151,-0.0860987396050632,0.982948696714334
96.84920557945699,4.96317176683291,-0.08622171134430445,0.9829243429499122
96.84920557945699,4.963771502316455,-0.08562197586075992,0.9830431167167292
96.65653467729689,4.9643755084481,-0.08501796972911446,0.9831627362580179
96.46468715506055,4.962568925665821,-0.0868245525113931,0.9828049541223838
96.27283963282422,4.961327166751898,-0.08806631142531618,0.9825590317320433
96.08181549051163,4.961305442962024,-0.08808803521519071,0.9825547294747586
95.88914458835153,4.961609578686075,-0.0877838994911393,0.9826149616046899
95.6972970661152,4.961996344253164,-0.08739713392405069,0.9826915580451852
95.50544954387885,4.96293280247848,-0.08646067569873495,0.9828770175918343
95.30783836217618,4.962812544546835,-0.08658093363037977,0.9828532012796051
95.30783836217618,4.962178670536709,-0.08721480764050593,0.9827276665965058
95.11599083993984,4.962210479134177,-0.08718299904303795,0.9827339660852673
94.92331993777974,4.96246379627848,-0.0869296818987344,0.9827841339213447
94.73229579546717,4.96245564952405,-0.08693782865316457,0.9827825205088695
94.54044827323081,4.9618019924430365,-0.08759148573417797,0.9826530679154365
94.3477773710707,4.96045122536962,-0.08894225280759471,0.982385557158104
94.15592984883436,4.960536569020252,-0.08885690915696287,0.9824024589208604
93.96490570652179,4.961976171972151,-0.08741730620506338,0.9826875630542818
93.77223480436169,4.96068281872405,-0.08871065945316481,0.982431422736897
93.77223480436169,4.960273553612657,-0.08911992456455753,0.9823503704059267
93.58038728212534,4.960157950207594,-0.08923552796962042,0.9823274758928405
93.38853975988901,4.959981056870885,-0.08941242130632965,0.9822924433018029
93.19669223765267,4.96061764735443,-0.08877583082278484,0.9824185159650438
93.00484471541633,4.960630059425315,-0.08876341875189908,0.9824209740960924
92.81299719318,4.961252297118986,-0.08814118105822821,0.9825442042813335
92.62114967094364,4.959929849081011,-0.08946362909620387,0.9822823019273793
92.42847876878355,4.959612522865822,-0.08978095531139285,0.9822194575052601
92.2366312465472,4.961302339944303,-0.0880911382329117,0.9825541149419966
92.04478372431086,4.961014884273417,-0.08837859390379776,0.9824971861896369
92.04478372431086,4.959633860111391,-0.08975961806582333,0.9822236832099237
91.8471725426082,4.961359364559493,-0.08803411361772184,0.9825654083013746
91.65532502037186,4.963230732167088,-0.08616274601012641,0.9829360206562412
91.45771383866918,4.962747373177214,-0.0866461050000007,0.9828402945077516
91.26092603689028,4.96495778812405,-0.08443569005316487,0.983278053014073
91.06331485518761,4.9644224455898724,-0.08497103258734207,0.9831720318579696
90.87146733295127,4.963660556103797,-0.08573292207341776,0.9830211445307355
90.67961981071493,4.966381484111391,-0.08301199406582338,0.9835600068751643
90.67961981071493,4.964745977840504,-0.0846475003367102,0.9832361053456132
90.48694890855482,4.965449680412656,-0.08394379776455807,0.9833754691276583
90.29510138631849,4.964968648686075,-0.08442482949113916,0.9832802038787407
90.10325386408215,4.966315147777214,-0.08307833040000023,0.9835468693895507
89.9114063418458,4.962130954974683,-0.08726252320253192,0.9827182168354143
89.71955881960946,4.961437339875948,-0.08795613830126658,0.9825808508127954
89.52194763790679,4.9606952307949355,-0.08869824738227905,0.9824338808679457
89.33010011567046,4.960990833220253,-0.08840264495696193,0.9824924230327808
89.13825259343412,4.961266649908859,-0.08812682826835516,0.9825470467593331
89.13825259343412,4.960585836091138,-0.08880764208607683,0.982412215948333
88.94064141173145,4.957737279151898,-0.09165619902531663,0.9818480775123899
88.74797050957135,4.955346475974682,-0.09404700220253215,0.9813745942737498
88.556122987335,4.956665820994936,-0.09272765718227838,0.9816358820949418
88.36509884502243,4.958761408291139,-0.09063206988607586,0.9820508997213675
88.17325132278609,4.960675058513923,-0.08871841966329175,0.9824298858770424
87.98058042062598,4.961226305346834,-0.08816717283038056,0.9825390567775265
87.78873289838965,4.962232592134177,-0.08716088604303796,0.9827383454231216
87.5968853761533,4.961581648860759,-0.08781182931645581,0.9826094302818811
87.5968853761533,4.960220018559492,-0.08917345961772227,0.9823397681319316
87.40503785391697,4.959274251281011,-0.09011922689620366,0.9821524649869956
87.21319033168062,4.961537812070885,-0.08785566610632944,0.9826007486867424
87.02134280944428,4.962636813508859,-0.0867566646683553,0.9828183988743785
86.82867190728419,4.9590705877518975,-0.09032289042531705,0.9821121307310116
86.63682438504784,4.957765984731645,-0.09162749344556964,0.9818537624683893
86.4449768628115,4.9581558533164545,-0.09123762486076004,0.9819309734416467
86.25312934057516,4.958758305273417,-0.09063517290379774,0.9820502851886053
86.06128181833881,4.9596241618481,-0.08976931632911445,0.9822217625310673
85.86943429610248,4.960799584427846,-0.08859389374936821,0.9824545474357943
85.86943429610248,4.962301255731644,-0.08709222244557058,0.9827519438083067
85.67758677386614,4.960380621053163,-0.08901285712405116,0.9823715744259677
85.4857392516298,4.959715714199999,-0.08967776397721572,0.9822398938872974
85.29389172939345,4.9609159635873405,-0.08847751458987396,0.982477595582071
85.1020442071571,4.961939316972151,-0.08745416120506366,0.982680264157858
84.90937330499702,4.964782057086075,-0.0846114210911395,0.9832432506088467
84.71752578276067,4.964570636012658,-0.08482284216455671,0.9832013800209571
84.52485488060057,4.962890130653164,-0.08650334752405087,0.9828685667104561
84.333830738288,4.962075092658226,-0.08731838551898807,0.9827071536618475
84.333830738288,4.961644879511391,-0.08774859866582307,0.9826219527067834
84.1411598361279,4.961525010789873,-0.08786846738734155,0.9825982134751239
83.95013569381531,4.961609578686075,-0.0877838994911393,0.9826149616046899
83.75828817157897,4.961054842291138,-0.08833863588607649,0.9825050996188227
83.56644064934262,4.960969109430379,-0.08842436874683557,0.9824881207754964
83.37376974718254,4.961982378007593,-0.08741110016962139,0.9826887921198061
83.18192222494619,4.962280307696202,-0.08711317048101286,0.982747795184213
82.99007470270985,4.964149731918987,-0.08524374625822784,0.9831180226641795
82.79740380054974,4.963392110415189,-0.08600136776202572,0.9829679805834677
82.79740380054974,4.962239963134176,-0.08715351504303825,0.9827398052024062
82.60637965823716,4.96160764063291,-0.08778583754430436,0.982614577785688
82.41453213600083,4.962080136394936,-0.0873133417822789,0.9827081525415606
82.22268461376449,4.961616173931644,-0.08777730424557095,0.9826162677507838
82.03083709152814,4.961626647949366,-0.08776683022784848,0.9826183420628309
81.83816618936805,4.961995568498733,-0.08739790967848116,0.9826914044119947
81.64631866713171,4.961207684574682,-0.08818579360253231,0.9825353690530042
81.45447114489536,4.96118014129367,-0.08821333688354471,0.9825299142828162
81.26262362265902,4.960825576199999,-0.08856790197721587,0.9824596949396013
81.06995272049892,4.959648602111391,-0.08974487606582393,0.982226602768493
81.06995272049892,4.959694376954429,-0.08969910122278524,0.9822356681826337
80.87892857818635,4.960235536313923,-0.08915794186329151,0.9823428413236917
80.68625767602624,4.960027994012657,-0.08936548416455725,0.9823017389017548
80.49523353371366,4.960592817881011,-0.08880066029620348,0.9824135986470479
80.30256263155356,4.960752258075948,-0.08864122010126607,0.9824451747552728
80.11071510931721,4.960360837982278,-0.08903264019493662,0.9823676565156343
79.91804420715711,4.961180530503796,-0.08821294767341836,0.982529991363386
79.72702006484454,4.961035056554429,-0.08835842162278595,0.98250118118054
79.5351725426082,4.960429888124049,-0.08896359005316512,0.9823813314534402
79.5351725426082,4.960894239797467,-0.0884992383797476,0.9824732933247866
79.34332502037186,4.96110837467848,-0.08828510349873486,0.9825157013648687
79.1514774981355,4.960973377412658,-0.08842010076455686,0.982488966022019
78.9588065959754,4.961353934278479,-0.08803954389873514,0.9825643328690407
78.76695907373907,4.960497000212657,-0.0888964779645578,0.9823946225722443
78.57428817157897,4.961132814941771,-0.08826066323544346,0.9825205416022946
78.38244064934263,4.961368287068353,-0.0880251911088612,0.9825671753470404
78.19141650703004,4.960431828843037,-0.08896164933417783,0.9823817158003911
77.99956898479371,4.960093943802531,-0.08929953437468363,0.9823147998347477
77.99956898479371,4.960111013065822,-0.08928246511139282,0.9823181802928888
77.80689808263361,4.95927114826329,-0.09012232991392466,0.9821518504542336
77.61505056039726,4.960633162443037,-0.0887603157341772,0.9824215886288548
77.4240264180847,4.962448667734176,-0.08694481044303881,0.9827811378101543
77.23053213600083,4.963018921883543,-0.08637455629367174,0.9828940729877814
77.03950799368825,4.9627213814050615,-0.08667209677215304,0.9828351470039446
76.84766047145192,4.964038396496202,-0.08535508168101291,0.9830959733976158
76.65581294921556,4.9644651200810115,-0.08492835809620303,0.983180483267297
76.46314204705546,4.964053527706327,-0.08533995047088716,0.983098970036755
76.46314204705546,4.963502667417721,-0.08589081075949334,0.9829898756888918
76.2655308653528,4.9645842130481,-0.08480926512911413,0.9832040688657662
76.07450672304022,4.965413214622784,-0.08398026355443022,0.9833682473118046
75.88265920080389,4.9654039055696195,-0.08398957260759499,0.983366403713518
75.68998829864378,4.96532787097215,-0.08406560720506473,0.9833513455490477
75.4989641563312,4.965452007675949,-0.08394147050126577,0.9833759300272301
75.3062932541711,4.965426015903796,-0.08396746227341811,0.983370782523423
75.11444573193475,4.966114200721518,-0.08327927745569674,0.983507073113708
74.92259820969842,4.966877257837973,-0.08251622033924111,0.9836581916826516
74.73075068746206,4.966732173098733,-0.08266130507848146,0.9836294585803755
74.73075068746206,4.966764757450632,-0.08262872072658212,0.9836359117023278
74.5331395057594,4.966509499587341,-0.08288397858987384,0.9835853595192993
74.34129198352306,4.966297302759493,-0.08309617541772152,0.9835433352982191
74.14944446128672,4.9665358805696185,-0.08285759760759603,0.983590584103676
73.95183327958405,4.9667632059417715,-0.08263027223544306,0.9836356044359467
73.75916237742396,4.966985876787341,-0.0824076013898738,0.9836797029690738
73.56813823511136,4.9668741548202515,-0.08251932335696299,0.9836575771498893
73.37629071287503,4.966944367260758,-0.0824491109164569,0.9836714822735065
73.37629071287503,4.967456821040506,-0.08193665713670839,0.9837729704585655
73.18444319063869,4.968502676635442,-0.08089080154177264,0.9839800954527763
72.99259566840236,4.968696252691138,-0.08069722548607672,0.9840184319493342
72.79992476624226,4.96830871136962,-0.08108476680759491,0.9839416818756486
72.60725386408215,4.96810892927848,-0.0812845488987346,0.9839021163135662
72.41622972176957,4.968477460617721,-0.08091601755949362,0.9839751015821601
72.2186185400669,4.969084180556961,-0.08030929762025352,0.984095258575641
72.02677101783055,4.969188920734177,-0.08020455744303767,0.9841160016961105
71.83492349559423,4.969408488562024,-0.0799849896151903,0.9841594856964754
71.64307597335787,4.969453876860759,-0.07993960131645572,0.9841684745579952
71.64307597335787,4.969706418250632,-0.07968705992658265,0.984218488760882
71.45122845112154,4.970086199362024,-0.07930727881519051,0.9842937019747132
71.25279388949511,4.97267329240253,-0.07672018577468442,0.9848060591621036
71.06176974718252,4.974273884392404,-0.07511959378481059,0.9851230461421818
70.8699222249462,4.974338282673417,-0.07505519550379791,0.9851357998087936
70.67807470270984,4.973528674959493,-0.07586480321772182,0.984975462192519
70.48540380054975,4.9733331581848095,-0.07606031999240503,0.9849367413490101
70.29437965823716,4.973332382430379,-0.0760610957468355,0.9849365877158195
70.10170875607706,4.973384365974682,-0.07600911220253259,0.9849468827234333
70.10170875607706,4.973669105172151,-0.0757243730050634,0.9850032734956518
69.90986123384073,4.97410707586329,-0.07528640231392458,0.9850900107826213
69.71801371160439,4.974811164979746,-0.07458231319746833,0.9852294511172871
69.52616618936804,4.975009398227847,-0.07438407994936735,0.9852687099409374
69.33431866713171,4.975960598453163,-0.07343287972405133,0.9854570890461561
69.14247114489535,4.977613171321519,-0.07178030685569592,0.9857843705058993
68.95062362265902,4.978463123597467,-0.0709303545797475,0.9859526981039805
68.75795272049892,4.9793565207873405,-0.07003695738987403,0.9861296296886816
68.56610519826258,4.979495399491138,-0.06989807868607656,0.9861571337254332
68.56610519826258,4.9794930722278465,-0.06990040594936797,0.9861566728258616
68.37425767602625,4.979983413007594,-0.06941006516962034,0.9862537816730661
68.18158677386614,4.980246041870885,-0.0691474363063298,0.9863057936353791
67.99056263155356,4.981094053427847,-0.06829942474936779,0.9864737368865095
67.79871510931721,4.982100726759493,-0.06729275141772195,0.9866731020847253
67.60604420715711,4.981783400544303,-0.06761007763291182,0.9866102576626058
67.41502006484454,4.981623573805063,-0.06776990437215158,0.9865786050017603
67.22234916268444,4.981726762473417,-0.06766671570379756,0.9865990408558486
67.0305016404481,4.982018872670885,-0.06737460550632957,0.9866568914073516
67.0305016404481,4.98513704026329,-0.0642564379139241,0.9872744245043228
66.83865411821176,4.986558022443037,-0.06283545573417726,0.9875558409132219
66.64680659597542,4.985362427582278,-0.06403105059493619,0.9873190610175916
66.45495907373908,4.985890009906328,-0.06350346827088682,0.9874235453138401
66.26311155150273,4.985201825088606,-0.06419165308860819,0.9872872547235553
66.07044064934263,4.982337750394936,-0.06705572778227875,0.9867200430958522
65.87941650703004,4.9830965368632905,-0.06629694131392405,0.9868703158903241
65.68674560486994,4.985684794868353,-0.06370868330886115,0.9873829037914749
65.49489808263361,4.9849558789443025,-0.06443759923291204,0.9872385466667626
65.30222718047351,4.989313864731645,-0.06007961344556989,0.9881016178071236
65.30222718047351,4.993006940999999,-0.05638653717721542,0.9888330078808653
65.11037965823716,4.994623050744303,-0.05477042743291172,0.9891530680527033
64.9193555159246,4.992860691296201,-0.056532786881013486,0.9888040440648287
64.72750799368825,4.9928773740151895,-0.056516104162025016,0.9888073479703493
64.5356604714519,4.992790089645568,-0.056603388531646814,0.9887900618606416
64.34381294921558,4.992622505362024,-0.05677097281519039,0.9887568728678906
64.15114204705546,4.9925375482556955,-0.056855929921519,0.9887400476577548
63.95929452481912,4.990748810491138,-0.058644667686076346,0.9883857996134525
63.767447002582784,4.990964110336708,-0.058429367840506785,0.9884284383672949
63.767447002582784,4.992283844567088,-0.057109633610126664,0.9886898032690566
63.57559948034643,4.992460737903796,-0.056932740273418325,0.9887248358600941
63.383751958110096,4.993330862460758,-0.05606261571645632,0.9888971584490789
63.19190443587376,4.995545545389872,-0.05384793278734268,0.9893357622019227
62.99923353371366,4.995566104215189,-0.05382737396202586,0.9893398337454468
62.80820939140108,4.995578129741771,-0.05381534843544333,0.9893422153238749
62.615538489240976,4.996359418420252,-0.05303405975696229,0.989496944536771
62.42369096700464,4.997159325205063,-0.052234152972151726,0.9896553609462403
62.2318434447683,4.997985612972151,-0.05140786520506335,0.9898190019400862
62.2318434447683,4.9993565523265815,-0.05003692585063302,0.9900905076883222
62.039995922531965,5.000204561217721,-0.049188916959493234,0.9902584504115037
61.848148400295614,5.001772568855695,-0.04762090932151963,0.9905689842696295
61.65630087805928,5.000103313268353,-0.04929016490886173,0.990238398904366
61.46445335582293,4.999998573091139,-0.0493949050860758,0.9902176557838969
61.26684217412027,5.001727956311392,-0.047665521865822846,0.9905601490413004
61.07417127196017,5.003236609405062,-0.04615686877215275,0.9908589281125275
60.88232374972383,5.004743324445569,-0.044650153731645936,0.991157323364753
60.69047622748748,5.0052961201215185,-0.044097358055696034,0.9912668010036693
60.69047622748748,5.005803919374682,-0.043589558802532125,0.9913673673895844
60.49862870525114,5.006490939227847,-0.042902538949367575,0.991503427266109
60.306781183014806,5.007517009086075,-0.04187646909113951,0.9917066338220375
60.114933660778455,5.008484116275948,-0.04090936190126637,0.991898163199586
59.92308613854212,5.009384884465821,-0.0400085937113932,0.9920765545635719
59.73123861630578,5.009864364683543,-0.039529113493671275,0.9921715125461086
59.53939109406944,5.010107207810125,-0.039286270367089315,0.992219606070139
59.34672019190934,5.010559531291138,-0.038833946886076554,0.9923091858351084
59.154872669673,5.0111829339493665,-0.038210544227847976,0.99243264673411
58.96302514743666,5.012108918156961,-0.03728456002025382,0.9926160319687122
58.96302514743666,5.012726112113923,-0.03666736606329124,0.9927382632742402
58.77117762520032,5.012736196921518,-0.036657281255696894,0.9927402605057173
58.579330102963986,5.012775379184809,-0.0366180989924052,0.9927480203017127
58.387482580727635,5.013982999572151,-0.035410478605063744,0.992987181775771
58.19481167856753,5.01576087410886,-0.03363260406835433,0.9933392784274567
58.002964156331196,5.016887805372151,-0.03250567280506367,0.9935624599379017
57.81111663409486,5.017581420470885,-0.03181205770632989,0.9936998259605203
57.61926911185851,5.018366587921518,-0.031026890255696493,0.9938553233393693
57.42742158962217,5.019154858389872,-0.030238619787342103,0.9940114352509802
57.42742158962217,5.019147487389872,-0.03024599078734269,0.9940099754716955
57.235574067385826,5.01946015907848,-0.029933319098734756,0.9940718980946717
57.04372654514949,5.020239893582278,-0.029153584594936888,0.9942263195132376
56.85187902291315,5.020699201518986,-0.028694276658228546,0.9943172825048708
56.65920812075305,5.021224067369619,-0.028169410807595163,0.9944212288209783
56.46818397844047,5.02221483640253,-0.02717864177468421,0.9946174442748131
56.275513076280376,5.023476381053164,-0.02591709712405077,0.9948672851034365
56.08366555404403,5.02400745293924,-0.025386025237974508,0.9949724604850683
55.89017127196017,5.025426107855695,-0.023967370321519077,0.9952534159943957
55.89017127196017,5.026502220539239,-0.022891257637975393,0.995466533210987
55.688443190638694,5.026324937992404,-0.023068540184810082,0.9954314235393797
55.49741904832611,5.025881534354429,-0.02351194382278532,0.995343610292127
55.304748146166006,5.0262124376050625,-0.02318104057215198,0.9954091435590557
55.11290062392967,5.026483210556961,-0.0229102676202535,0.995462768405895
54.921053101693325,5.026980146582278,-0.022413331594936636,0.9955611833991936
54.72920557945699,5.027872770683543,-0.02152070749367141,0.9957379618786532
54.53735805722065,5.028548540764556,-0.020844937412658915,0.9958717938099402
54.34468715506055,5.028919012822784,-0.02047446535443065,0.995945163425485
54.34468715506055,5.029913660627847,-0.01947981754936734,0.9961421470452726
54.15283963282421,5.030517277549366,-0.018876200627848227,0.9962616895059915
53.960992110587874,5.031212833367087,-0.018180644810127156,0.996399439875561
53.76996796827528,5.031933215992404,-0.01746026218481056,0.9965421070351773
53.577297066115186,5.032313386313922,-0.01708009186329207,0.9966173973295783
53.38544954387884,5.0322501529974675,-0.017143325179747038,0.996604874376727
53.1936020216425,5.032987994096201,-0.016405484081013277,0.9967509990750542
53.001754499406154,5.034857031774682,-0.014536446402532377,0.9971211500023999
52.80990697716982,5.0359009466506315,-0.01349253152658303,0.99732789064966
52.80990697716982,5.036366071412657,-0.01302740676455727,0.997420005626248
52.617236075009714,5.036773785015188,-0.01261969316202638,0.997500750690837
52.41962489330705,5.037614036362024,-0.011779441815190417,0.9976671570821131
52.22860075099447,5.038576099815189,-0.010817378362025565,0.9978576875799486
52.03675322875813,5.038971398681012,-0.010422079496202663,0.9979359739855399
51.844905706521786,5.0395757913569605,-0.009817686820253968,0.9980556700794492
51.65223480436169,5.0395373848481,-0.009856093329114302,0.9980480639166445
51.460387282125346,5.039478419513923,-0.009915058663291454,0.9980363862103155
51.26853975988901,5.039059069594936,-0.01033440858227852,0.9979533366478682
51.07669223765267,5.039086226331644,-0.010307251845570242,0.9979587148654354
51.07669223765267,5.039181268245569,-0.01021220993164551,0.9979775373070486
50.884844715416335,5.039752687359493,-0.009640790817721623,0.9980907031984361
50.69299719317999,5.040364448369618,-0.009029029807596345,0.9982118585436808
50.50032629101989,5.041166295873416,-0.008227182303798486,0.998370659300101
50.308478768783544,5.042740509546834,-0.006652968630380229,0.9986824222237516
50.11663124654721,5.043709165579746,-0.005684312597468377,0.9988742583397322
49.92478372431086,5.043830588475948,-0.005562889701266727,0.9988983053657219
49.73293620207452,5.043407359784809,-0.00598611839240526,0.998814487637322
49.541088679838175,5.043446150172151,-0.005947328005063923,0.9988221698247983
49.541088679838175,5.043382919521517,-0.006010558655697551,0.9988096473998958
49.34924115760184,5.04398537147848,-0.005408106698734372,0.9989289591468544
49.1573936353655,5.044936571703795,-0.004456906473419231,0.9991173382520729
48.965546113129164,5.046111218529113,-0.003282259648101693,0.9993499695236097
48.77287521096906,5.04682655741772,-0.0025669207594942733,0.9994916378035128
48.581027688732725,5.047385175250632,-0.0020083029265824948,0.9996022684832818
48.38918016649638,5.047325434162024,-0.002068044015190118,0.9995904371437623
48.197332644260044,5.047182676686075,-0.0022108014911399465,0.9995621649410579
48.00548512202369,5.047484095936707,-0.0019093822405071847,0.9996218590908474
48.00548512202369,5.048116807648101,-0.0012766705291138436,0.9997471635881356
47.813637599787356,5.049400462632911,6.984455696468217e-06,1.000001383226664
47.62179007755102,5.049878002131645,0.000484523954430216,1.0000959568622498
47.429119175390916,5.049368264825315,-2.5213351899644465e-05,0.9999950066573325
47.23809503307833,5.048509779250632,-0.0008836989265823547,0.9998249890941553
47.04542413091823,5.048193228789872,-0.0012002493873426445,0.9997622983052261
46.85357660868189,5.048464390951898,-0.0009290872253169269,0.9998160002326354
46.661729086445554,5.048623441936708,-0.0007700362405067551,0.9998474992602904
46.46988156420921,5.049360893825314,-3.2584351900233344e-05,0.9999935468780476
46.278034041972866,5.050282223506327,0.0008887453291128722,1.0001760103135067
46.278034041972866,5.050730279005062,0.0013368008278478172,1.0002647448319537
46.08536313981277,5.050902131270885,0.0015086530936700981,1.0002987790712272
45.893515617576426,5.051200450169619,0.001806971992404094,1.0003578592162037
45.70166809534009,5.051667515650632,0.0022740374734171453,1.0004503585397424
45.50405691363742,5.052364233767087,0.002970755589872809,1.0005883390951233
45.313032771324835,5.053848446597468,0.00445496842025328,1.000882277928925
45.12036186916474,5.055350507111392,0.005957028934177266,1.001179751382007
44.928514346928395,5.054834561103796,0.005441082926581409,1.0010775715836164
44.73666682469206,5.054547494643037,0.005154016465822586,1.0010207199118266
44.73666682469206,5.054669693293669,0.005276215116454708,1.0010449205710068
44.544819302455714,5.055586365782277,0.006192887605062758,1.0012264616793736
44.35214840029561,5.056243904301264,0.0068504261240498465,1.001356682966708
44.16112425798304,5.056523988972151,0.007130510794936207,1.0014121519397832
43.969276735746696,5.056651617903796,0.007258139726581625,1.0014374280312972
43.77660583358659,5.057347560265821,0.007954082088606818,1.0015752549534875
43.58475831135026,5.057946909205063,0.008553431027848113,1.001693952167684
43.39291078911391,5.058210313822784,0.008816835645569121,1.0017461177631877
43.20106326687757,5.0586692325493665,0.009275754372152,1.0018370036742512
43.20106326687757,5.058317770473416,0.008924292296201841,1.0017673988637985
43.00921574464123,5.058199450594936,0.008805972417721186,1.001743966370571
42.817368222404895,5.0580974268911385,0.008703948713923992,1.001723761230243
42.62552070016856,5.057806478992404,0.008413000815189697,1.0016661408645513
42.43367317793221,5.057988029521518,0.008594551344303092,1.0017020957826812
42.24182565569587,5.058484189792404,0.009090711615189484,1.0018003571427891
42.04915475353577,5.0590152643443025,0.009621786167087976,1.0019055330523698
41.85730723129943,5.059004014572151,0.009610536394936808,1.0019033051071327
41.665459709063086,5.059696853916455,0.010303375739240117,1.0020405174965608
41.665459709063086,5.060085170992404,0.010691692815189668,1.0021174212034372
41.47361218682675,5.060288445311392,0.010894967134177591,1.0021576783788517
41.280941284666646,5.06035788466329,0.01096440648607544,1.0021714303972273
41.08991714235406,5.06071904500253,0.011325566825315825,1.0022429558865364
40.898069620117724,5.061505374751897,0.012111896574682923,1.0023986834511964
40.70539871795762,5.062327783746834,0.01293430556961983,1.0025615562790897
40.513551195721284,5.061971277934176,0.012577799756961383,1.002490952588924
40.32170367348495,5.062106277865822,0.01271279968860739,1.002517688459723
40.129856151248596,5.062064768339239,0.012671290162024285,1.0025094677641557
39.93800862901226,5.062907349615188,0.01351387143797389,1.0026763355829524
39.93800862901226,5.063124587513923,0.013731109336708514,1.002719358155797
39.74616110677592,5.062933727931645,0.013540249754430356,1.0026815596393803
39.55349020461582,5.06342988820253,0.01403641002531586,1.0027798209994883
39.36164268237948,5.064419492270885,0.01502601409367088,1.0029758057395628
39.16485488060058,5.065318711617721,0.015925233440506226,1.0031538903651167
38.97300735836423,5.065921939329113,0.0165284611518981,1.0032733557452655
38.780336456204125,5.065920774364556,0.016527296187341278,1.0032731250315052
38.58848893396779,5.065390478232911,0.015997000055696375,1.0031681032830642
38.39664141173145,5.064800827556961,0.015407349379746194,1.0030513267477241
38.39664141173145,5.064973842121518,0.015580363944303066,1.003085591172809
38.20479388949511,5.064312038286075,0.01491856010886039,1.002954525166901
38.01294636725877,5.063704153382277,0.014310675205062573,1.0028341374596594
37.82109884502242,5.064072298177214,0.014678819999999426,1.0029070461756326
37.628427942862324,5.064736042731644,0.015342564554429394,1.0030384965284915
37.43658042062598,5.065433536602531,0.016040058425316417,1.0031766307170633
37.24555627831341,5.065626336903796,0.016232858726581867,1.0032148135804306
37.052885376153306,5.065611984113923,0.016218505936708816,1.003211971102431
36.86103785391697,5.065814871888605,0.01642139371139084,1.0032521517252244
36.86103785391697,5.066104265612657,0.016710787435442853,1.0033094642965863
36.66919033168062,5.065566985025315,0.016173506848100594,1.003203059321481
36.47157914997795,5.065290392582277,0.015896914405062468,1.0031482819617379
36.27973162774161,5.065520820972151,0.01612734279493644,1.0031939168267707
36.087884105505275,5.065920774364556,0.016527296187341278,1.0032731250315052
35.89603658326894,5.0654374180405055,0.016043939863291,1.003177399410965
35.70418906103259,5.065119316070885,0.015725837893670658,1.003114401355655
35.51234153879625,5.065914568329113,0.0165210901518984,1.003271895965981
35.31967063663615,5.0662823239139225,0.016888845736708014,1.003344727601384
35.31967063663615,5.0662997823873415,0.016906304210126955,1.0033481851400954
35.12782311439981,5.066764131394936,0.017370653217721355,1.0034401464834926
34.935975592163466,5.067273868701265,0.017880390524050327,1.0035410966884095
34.74412806992713,5.0674953772481,0.018101899070885885,1.0035849650357256
34.55228054769079,5.0678371410607586,0.018443662883544043,1.0036526491673219
34.36043302545444,5.067340594245568,0.01794711606835353,1.003554311254593
34.16776212329434,5.067000379275949,0.017606901098734085,1.0034869338614287
33.97673798098177,5.066333531703797,0.016940053526582233,1.0033548689758076
33.784067078821664,5.065825732450632,0.016432254273417435,1.0032543025898923
33.59221955658533,5.0661104716481,0.016716993470885733,1.0033106933621105
33.59221955658533,5.065971982154429,0.01657850397721461,1.0032832664059286
33.40037203434898,5.065831941151898,0.016438462974683432,1.0032555321833658
33.20852451211264,5.065994481698733,0.01660100352151872,1.0032877222964036
33.016676989876295,5.066079438805063,0.016685960627848218,1.0033045475065396
32.82482946763996,5.0658742237670875,0.016480745589873003,1.0032639059841741
32.63298194540362,5.065646509184809,0.016253031007594565,1.003218808571334
32.44031104324352,5.06505026326329,0.015656785086075153,1.0031007258898998
32.24846352100718,5.064728671731645,0.015335193554430582,1.003037036749207
32.05167571922827,5.065231816458227,0.015838338281012554,1.003136681335979
32.05167571922827,5.065314832845568,0.01592135466835387,1.0031531221991639
31.85900481706817,5.065246169248101,0.015852691070886493,1.0031395238139789
31.667157294831828,5.0650006096481,0.015607131470885882,1.0030908923098067
31.47530977259549,5.065009532156961,0.015616053979746525,1.0030926593554725
31.282638870435388,5.064248804969619,0.014855326792404533,1.0029420022140496
31.091614728122813,5.063480320237973,0.01408684206075872,1.002789808740721
30.899767205886462,5.064002469615189,0.014608991437974339,1.002893217076687
30.707096303726363,5.063853506103796,0.014460027926581631,1.0028637158084581
30.515248781490023,5.0638569983316435,0.014463520154428977,1.00286440742179
30.515248781490023,5.0646433280810115,0.015249849903796964,1.0030201349864503
30.323401259253686,5.0656725009569605,0.016279022779746022,1.0032239560751408
30.132377116941107,5.0659948709088605,0.01660139273164596,1.0032877993769738
29.93970621478101,5.0660010769443025,0.01660759876708795,1.0032890284424978
29.747858692544657,5.065615476341771,0.01622199816455616,1.003212662715763
29.55601117030832,5.0653772877417715,0.015983809564557028,1.0031654909908758
29.363340268148217,5.065227548475948,0.01583407029873385,1.0031358360894564
29.172316125835643,5.065588708815189,0.016195230637974234,1.0032073615787653
28.980468603599302,5.065883922030379,0.016490443853164116,1.0032658266630305
28.980468603599302,5.065976636681012,0.016583158503797435,1.003284188205072
28.788621081362965,5.065566985025315,0.016173506848100594,1.003203059321481
28.595950179202863,5.064607251501266,0.01521377332405116,1.0030129902511664
28.404102656966515,5.0635303603974675,0.014136882220253,1.0027997188734352
28.212255134730174,5.062927132686075,0.013533654508860238,1.002680253493286
28.020407612493837,5.0625710160835435,0.013177537906329029,1.0026097268836902
27.828560090257497,5.062559766311391,0.013166288134176085,1.0026074989384526
27.63671256802116,5.063353853605062,0.013960375427847893,1.0027647628350183
27.444041665861057,5.063259976655695,0.013866498478480871,1.0027461711071657
27.25219414362471,5.062494981486075,0.013101503308860174,1.00259466871922
27.25219414362471,5.0618261931949355,0.01243271501772103,1.002462219486648
27.055406341845806,5.061956149389873,0.01256267121265875,1.002487956477734
26.862735439685704,5.062417395379746,0.013023917202531266,1.002579303288369
26.670887917449367,5.0631238117594926,0.013730333582278043,1.0027192045226063
26.479040395213026,5.06355867943291,0.01416520125569587,1.0028053272768138
26.28719287297668,5.063391484359493,0.013998006182278644,1.0027722153646326
26.095345350740338,5.0629205374405055,0.013527059263291008,1.002678947347192
25.903497828504,5.062118689936708,0.012725211759493149,1.0025201465907716
25.71165030626766,5.061681108455695,0.012287630278480677,1.002433486384372
25.71165030626766,5.061909209582278,0.012515731405063235,1.002478660349833
25.519802784031324,5.06280842626329,0.013414948086075462,1.0026567444474377
25.327955261794983,5.063039633073417,0.013646154896202134,1.00270253347361
25.135284359634884,5.0628790305797455,0.01348555240253102,1.0026707271795738
24.937673177932208,5.062071750129113,0.012678271951898523,1.0025108504628708
24.745825655695867,5.06232584569367,0.012932367516455656,1.002561172460088
24.55397813345953,5.062802995982278,0.013409517805063054,1.0026556690151038
24.36213061122319,5.062245153903797,0.012851675726582634,1.0025451919685258
24.170283088986853,5.0612020174481,0.011808539270885099,1.002338605482405
24.170283088986853,5.06055921826329,0.011165740086075182,1.0022113032256907
23.978435566750505,5.059700346144303,0.010306867967088351,1.0020412091098927
23.785764664590403,5.059914481025316,0.010521002848101091,1.0020836171499747
23.594740522277828,5.0602081427316445,0.010814664554430031,1.002141774967859
23.402069620117725,5.05995909356962,0.010565615392405192,1.0020924523783041
23.21104547780515,5.060433530050632,0.011040051873417056,1.0021864114811274
23.013434296102474,5.0602950405569604,0.010901562379745933,1.0021589845249457
22.821586773866134,5.0602446085215185,0.01085113034430396,1.002148996783713
22.628915871706035,5.060605382316455,0.011211904139240225,1.0022204457204011
22.628915871706035,5.0602081427316445,0.010814664554430031,1.002141774967859
22.437068349469694,5.059772888513923,0.010379410336708084,1.0020555756610308
22.245220827233357,5.060010301359492,0.010616823182277635,1.0021025937527273
22.053373304997017,5.060738054984808,0.011344576807593931,1.0022467206916283
21.86152578276067,5.061594210630378,0.012200732453163887,1.002416276827285
21.66967826052433,5.061577144032911,0.01218366585569619,1.0024128968970931
21.47700735836423,5.062070198620252,0.012676720443037581,1.0025105431964898
21.28515983612789,5.0625205840481,0.01312710587088528,1.0025997391424573
21.094135693815314,5.062827047035443,0.013433568858228107,1.00266043217196
21.094135693815314,5.063020623091138,0.01362714491392314,1.0026987686685178
20.90146479165521,5.062061665321518,0.012668187144303289,1.0025088532313937
20.708793889495112,5.061035982007594,0.011642503830379347,1.002305723228086
20.517769747182523,5.060686847194935,0.0112933690177206,1.002236579317205
20.325098845022424,5.059707327934176,0.010313849756961702,1.0020425918086076
20.133251322786084,5.058838368341771,0.009444890164556519,1.0018704999333834
19.94222718047351,5.0593062095772146,0.009912731400000041,1.0019631528901127
19.75037965823717,5.058988886027847,0.009595407850632398,1.0019003089959422
19.55770875607707,5.0584151396506325,0.009021661473417986,1.0017866822049832
19.55770875607707,5.057880572870885,0.008487094693670372,1.0016808146820704
19.365861233840718,5.057557043286074,0.00816356510885985,1.0016167417223756
19.17401371160438,5.057370059810125,0.007976581632910928,1.0015797108439626
18.98216618936804,5.0571159669113905,0.007722488734176025,1.0015293893746946
18.78949528720794,5.057124889420252,0.007731411243037556,1.0015311564203606
18.598471144895363,5.057772343131645,0.008378864954430298,1.0016593804762182
18.405800242735264,5.057725789868353,0.008332311691138905,1.0016501609009378
18.213952720498913,5.057828591992404,0.008435113815189688,1.0016705202024054
18.022105198262576,5.057617170918986,0.008223692741771593,1.0016286496145157
17.82449401655991,5.057036829296202,0.007643351118987063,1.0015137166774624
17.82449401655991,5.056902994329112,0.007509516151897877,1.0014872115204239
17.633469874247332,5.057389845546834,0.007996367369619506,1.0015836292822453
17.440798972087233,5.057434458091138,0.008040979913923607,1.0015924645105745
17.248951449850882,5.057617170918986,0.008223692741771593,1.0016286496145157
17.057103927614545,5.0577766084481,0.008383130270885886,1.0016602251947915
16.865256405378204,5.057254845615189,0.007861367437974387,1.0015568934114463
16.673408883141867,5.057070192068353,0.0076767138911382204,1.0015203239605541
16.481561360905527,5.058361604597468,0.008968126420253242,1.0017760799309883
16.28971383866919,5.058558672881011,0.009165194703796509,1.001815108040878
16.28971383866919,5.058216133313922,0.00882265513670788,1.0017472702760912
16.097042936509087,5.057293252124049,0.00789977394683472,1.0015644995742512
15.90519541427274,5.056298601653164,0.006905123475949182,1.0013675154265145
15.713347892036401,5.055343522655695,0.005950044478480798,1.001178368155343
15.521500369800062,5.054849689648099,0.005456211470884931,1.0010805676948065
15.329652847563723,5.054368660587341,0.004975182410126067,1.000985302973838
15.136981945403623,5.054005946073417,0.00461246789620251,1.000913469690199
14.940194143624709,5.053950086422784,0.004556608245569471,1.000902407044581
14.747523241464608,5.0538049990177205,0.004411520840506,1.000873673414356
14.747523241464608,5.0523844060481,0.002990927870885507,1.0005923340860268
14.555675719228269,5.051920057040506,0.002526578863291107,1.0005003727426296
14.364651576915692,5.052703670316454,0.003310192139239554,1.000655562327148
14.172804054679354,5.052914704845568,0.0035212266683535276,1.0006973563624169
13.980133152519253,5.052147382412658,0.002753904235443194,1.0005453930749
13.788285630282903,5.051519325227847,0.0021258470506326788,1.0004210103767552
13.596438108046565,5.051758289582278,0.002364811405063172,1.000468335734833
13.403767205886464,5.052081435288606,0.0026879571113918033,1.000532332669856
13.212743063573887,5.053043109531644,0.0036496313544294168,1.0007227860871217
13.212743063573887,5.053228925377214,0.0038354471999992867,1.0007595857238252
13.020895541337548,5.052351821696202,0.00295834351898705,1.0005858809640746
12.828224639177447,5.052530655751898,0.0031371775746835695,1.0006212979020632
12.636377116941109,5.052684276455695,0.0032907982784804446,1.0006517214973845
12.44452959470476,5.052100831815189,0.0027073536379749186,1.000536174027569
12.25268207246842,5.052115184605062,0.0027217064278470815,1.0005390165055685
12.060834550232082,5.052159797149366,0.0027663189721511827,1.0005478517338977
11.868987027995743,5.051842081724049,0.0024486035468340717,1.0004849302312082
11.676316125835642,5.051870014215189,0.002476536037974597,1.0004904620819663
11.485291983523055,5.051486740875948,0.0020932626987333336,1.000414557254803
11.485291983523055,5.050845882410125,0.001452404232910709,1.0002876393450397
11.292621081362954,5.050177483329113,0.0007840051518988034,1.0001552671930376
11.101596939050378,5.050020370397467,0.000626892220252806,1.0001241519843842
10.908926036890277,5.049612270250631,0.00021879207341690687,1.0000433303671743
10.717078514653938,5.049503651301265,0.0001101731240504833,1.0000218190807524
10.5252309924176,5.049405506369619,1.2028192404756055e-05,1.000002382106377
10.33338347018126,5.0490121455569605,-0.0003813326202539713,0.9999244795197875
10.141535947944913,5.0492390843848085,-0.0001543937924060046,0.9999694232994372
9.949688425708574,5.049702657637973,0.00030917946075881275,1.000061231009644
9.949688425708574,5.0504284732101254,0.0010349950329109348,1.0002049741295433
9.757840903472236,5.050854029164556,0.0014605509873417688,1.0002892527575151
9.565170001312133,5.050625538827847,0.0012320606506328602,1.0002440017114842
9.373322479075794,5.0506193327924045,0.0012258546151899807,1.00024277264596
9.181474956839455,5.050137138767088,0.0007436605898734072,1.000147277211231
8.983863775136781,5.049917957483543,0.0005244793063283737,1.0001038697634865
8.792016252900442,5.050437782263289,0.0010443040860748098,1.0002068177278298
8.600168730664103,5.05076480674177,0.001371328564555796,1.0002715828288056
8.408321208427765,5.050363688384809,0.0009702102075941355,1.0001921439103107
8.408321208427765,5.050269808769619,0.0008763305924048836,1.0001735516545092
8.216473686191426,5.049977312027847,0.0005838338506327645,1.0001156245503853
8.024626163955077,5.049271668736708,-0.00012180944050665943,0.9999758764213894
7.832778641718738,5.048516761040505,-0.0008767171367098925,0.99982637179287
7.640931119482399,5.048084996384809,-0.0013084817924058356,0.9997408635714248
7.448260217322297,5.047729655536707,-0.0016638226405074619,0.9996704905950193
7.2564126950859595,5.0477637940632905,-0.001629684113924057,0.9996772515113018
7.064565172849621,5.047815774941771,-0.0015777032354433729,0.9996875459909667
6.871894270689519,5.047621809675948,-0.0017716685012665323,0.9996491324138387
6.871894270689519,5.045112691951898,-0.004280786225316469,0.9991522177378694
6.680870128376933,5.044549030382277,-0.004844447794937423,0.9990405881783873
6.489022606140594,5.045810961577215,-0.003582516599999863,0.9992905055596315
6.296351703980493,5.047210606511391,-0.002182871665823427,0.9995676962638667
6.104504181744154,5.0475081469898715,-0.00188533118734302,0.9996266222477034
5.912656659507816,5.046805998592404,-0.002587479584810204,0.9994875662599889
5.720809137271477,5.047103149860758,-0.002290328316456147,0.9995464151632558
5.5289616150351275,5.046901040506328,-0.0024924376708863605,0.9995063887016018
5.3362907128750265,5.046871945716455,-0.002521532460759701,0.9995006266650327
5.14526657056245,5.047054661210125,-0.0023388169670894854,0.9995368122969229
5.14526657056245,5.04760396732405,-0.0017895108531646997,0.9996455988504562
4.953419048326111,5.047949223364556,-0.0014442548126583077,0.9997139745953846
4.761571526089773,5.0481071093848096,-0.0012863687924049572,0.9997452429092792
4.568900623929672,5.047883273574683,-0.0015102046025319282,0.9997009136623916
4.377053101693333,5.0472750021265815,-0.002118476050632978,0.9995804494025294
4.180265299914419,5.047291684845569,-0.0021017933316453963,0.9995837533080499
3.9875943977543185,5.047693578956961,-0.0016998992202532648,0.9996633458597355
3.7957468755179797,5.047755647308859,-0.0016378308683551168,0.9996756380988264
3.603899353281641,5.047808403941771,-0.0015850742354430736,0.999686086211682
3.603899353281641,5.047483709392403,-0.0019097687848113054,0.9996217825382266
3.4120518310453023,5.047489526217721,-0.001903951959493888,0.9996229345231813
3.220204308808953,5.047420089531645,-0.001973388645569507,0.9996091830327547
3.027533406648852,5.047310305617721,-0.00208317255949364,0.9995874410325721
2.8365092643362755,5.047062805298733,-0.0023306728784815434,0.9995384251814491
2.6438383621761745,5.047532587253164,-0.0018608909240507288,0.9996314624851295
2.451990839939836,5.047618320113923,-0.0017751580632916486,0.9996484413284559
2.260143317703497,5.046926643068353,-0.002466835108861254,0.999511459124839
2.0674724155433957,5.04614069986329,-0.0032527783139242317,0.9993558081127997
2.0674724155433957,5.046297423584809,-0.0030960545924054728,0.9993868462408829
1.8764482732308092,5.0457741092430375,-0.003619368934177025,0.9992832071911568
1.6846007509944705,5.045982427298734,-0.0034110508784808147,0.9993244632462843
1.4927532287581318,5.046709791713923,-0.0026836864632917568,0.9994685131046154
1.300905706521793,5.046795911118987,-0.0025975670582276678,0.9994855685005627
1.1082348043616919,5.047394873513923,-0.001998604663291381,0.9996041891621382
0.9163872821253428,5.047354139741771,-0.0020393384354431277,0.9995961220997617
0.7245397598890041,5.047296728582277,-0.0020967495949371084,0.999584752187763
0.5326922376526654,5.047239701301264,-0.0021537768759500864,0.9995734583004358
0.5326922376526654,5.051705919493671,0.0023124413164561375,1.0004579641745985
0.34002133549256425,5.057383636845569,0.007990158668354397,1.0015823996887718
0.148997193179988,5.0529282818810115,0.003534803703796996,1.000700045207226
-0.0428503290563507,5.0493934781772145,0.0,1.0
-0.2346978512926998,5.048306504931645,-0.0010869732455693892,0.999784731918741
-0.42654537352903854,5.04842676286329,-0.0009667153139245599,0.9998085482309702
-0.6192162756891396,5.048510941549366,-0.0008825366278486513,0.9998252192799664
-0.8110637979254783,5.048642449253163,-0.0007510289240517665,0.9998512635374333
-1.0029113201618172,5.046218285969619,-0.003175192207595323,0.9993711735436507
-1.1955822223219181,5.048436071916455,-0.0009574062607597966,0.9998103918292568
-1.1955822223219181,5.045572772977214,-0.0038207052000007735,0.9992433338347441
-1.3866063646344946,5.043901190126581,-0.005492288050633398,0.9989122875699091
-1.579277266794606,5.045691479399999,-0.0037019987772151097,0.9992668428805925
-1.7703014091071823,5.046447552060759,-0.0029459261164559436,0.9994165782228721
-1.9629723112672834,5.046981340420252,-0.0024121377569628066,0.9995222915846452
-2.1548198335036224,5.047430174339239,-0.001963303837975161,0.9996111802642317
-2.3466673557399607,5.047553148744303,-0.0018403294329116804,0.9996355345566026
-2.5385148779762994,5.047629956430378,-0.0017635217468363606,0.999650745826314
-2.7303624002126488,5.048313100177214,-0.0010803780000001595,0.999786038064835
-2.7303624002126488,5.0486086999367075,-0.0007847782405070447,0.9998445797017209
-2.9222099224489875,5.048667278726581,-0.0007261994506331249,0.9998561808554292
-3.1148808246090884,5.048632364445568,-0.0007611137316461125,0.9998492663059563
-3.306728346845427,5.04816646126329,-0.0012270169139245723,0.9997569971682287
-3.497752489158014,5.047657888921519,-0.0017355892556958352,0.9996562776770721
-3.6904233913181153,5.047352977443037,-0.0020405007341777193,0.9995958919139504
-3.882270913554454,5.04735763196962,-0.0020358462075948935,0.9995968137130937
-4.074118435790792,5.0472699610556955,-0.0021235171215190363,0.9995794510507655
-4.265965958027131,5.047651682886075,-0.0017417952911396029,0.9996550486115476
-4.265965958027131,5.047692800536708,-0.0017006776405068535,0.9996631916985957
-4.458636860187232,5.047430174339239,-0.001963303837975161,0.9996111802642317
-4.649661002499808,5.047503881673416,-0.0018895965037986073,0.99962577752913
-4.842331904659909,5.047418538022783,-0.001974940154431337,0.9996088757663734
-5.034179426896248,5.047523278199999,-0.001870199977215492,0.9996296188868429
-5.226026949132587,5.0483549962481,-0.0010384819291147096,0.9997943353130226
-5.4178744713689255,5.04901951655696,-0.0003739616202542706,0.9999259392990721
-5.610545373529027,5.048509003496202,-0.0008844746810128257,0.9998248354609647
-5.8023928957653865,5.048268098422784,-0.001125379754430611,0.9997771257559359
-5.994240418001725,5.048232797597467,-0.0011606805797477193,0.9997701346538422
-5.994240418001725,5.0482355140708846,-0.0011579641063299562,0.9997706726339838
-6.185264560314302,5.047635000167087,-0.0017584780101271846,0.9996517447060271
-6.377935462474403,5.047528319270885,-0.0018651589063294338,0.9996306172386069
-6.569782984710741,5.0480706435949365,-0.0013228345822779985,0.9997380210934254
-6.76163050694708,5.048467107425315,-0.0009263707518991637,0.9998165382127768
-6.953478029183419,5.048683958779746,-0.0007095193974686609,0.9998594842330004
-7.145325551419758,5.048458960670884,-0.0009345175063302236,0.9998149248003014
-7.342936733122434,5.048376330827846,-0.001017147349368308,0.9997985604897371
-7.5347842553587725,5.048836027974682,-0.0005574502025327277,0.9998896005619403
-7.5347842553587725,5.04919098227848,-0.00020249589873433393,0.9999598969857252
-7.72663177759511,5.04919098227848,-0.00020249589873433393,0.9999598969857252
-7.918479299831449,5.049580461653163,0.00018698347594892084,1.0000370308784128
-8.110326822067789,5.04992416618481,0.0005306880075952591,1.0001050993569602
-8.302174344304127,5.049920673956961,0.0005271957797461369,1.0001044077436279
-8.494021866540466,5.050336920858228,0.0009434426810130958,1.0001868427733134
-8.686692768700567,5.0501379145215175,0.00074443634430299,1.0001474308444214
-8.878540290936906,5.0496917970759485,0.00029831889873399575,1.0000590801449765
-9.070387813173244,5.048800337939239,-0.0005931402379752981,0.999882532379277
-9.070387813173244,5.048167626227847,-0.001225851949367751,0.9997572278819891
-9.262235335409605,5.047784352888606,-0.0016091252886081264,0.9996813230548258
-9.454082857645943,5.047806465888606,-0.0015870122886081361,0.9996857023926801
-9.64593037988228,5.0477447840810115,-0.0016486940962030516,0.9996734867062097
-9.837777902118619,5.04809314313924,-0.0013003350379747758,0.9997424769839002
-10.030448804278722,5.048814690729113,-0.0005787874481013588,0.9998853748572769
-10.22229632651506,5.049705760655695,0.00031228247848069657,1.0000618455424064
-10.414143848751399,5.049572701443037,0.00017922326582286985,1.0000354940185583
-10.605991370987738,5.0492390843848085,-0.0001543937924060046,0.9999694232994372
-10.797838893224077,5.0491265839974675,-0.00026689417974701257,0.9999471433191134
-10.797838893224077,5.049473780756961,8.030257974667165e-05,1.0000159034109926
-10.989686415460415,5.0497205026556955,0.00032702447848098615,1.0000647651009757
-11.181533937696754,5.049447788984809,5.4310807594326604e-05,1.0000107559071856
-11.374204839856855,5.04988886269367,0.0004953845164559212,1.0000981077269175
-11.566052362093213,5.051004544184809,0.0016110660075945304,1.000319061292125
-11.757899884329552,5.051559672455696,0.0021661942784811927,1.000429000886511
-11.94974740656589,5.051750918582278,0.002357440405063471,1.0004668759555484
-12.14159492880223,5.051305966101265,0.00191248792405041,1.0003787559698636
-12.333442451038568,5.051976692445568,0.0025832142683537285,1.0005115890214376
-12.333442451038568,5.052920910881011,0.003527432703796407,1.0006985854279413
-12.525289973274907,5.054000515792405,0.004607037615190102,1.000912394257865
-12.70478679665483,5.054648356048101,0.005254877870886077,1.0010406948663433
-12.70478679665483,5.054510253098734,0.005116774921519074,1.0010133444627822
-12.70478679665483,5.054594434450632,0.005200956273417212,1.0010300160397274
-12.70478679665483,5.054634003258227,0.005240525081012137,1.0010378523883434
-12.70478679665483,5.054898956718986,0.005505478541771858,1.001090324722279
-12.70478679665483,5.055016887387341,0.005623409210126162,1.001113680134937
-12.70478679665483,5.054871413437973,0.005477935260758571,1.001084869952091
-12.70478679665483,5.05458163316962,0.005188154992405103,1.0010274808281088
-12.70478679665483,5.054563788151898,0.005170309974683818,1.0010239467367772
-12.70478679665483,5.05482137327848,0.005427895101265179,1.001074959819377
-12.70478679665483,5.055279902794935,0.00588642461772082,1.0011657686498707
-12.70478679665483,5.055293093286076,0.005899615108861056,1.0011683809420593
-12.70478679665483,5.055654253625315,0.006260775448100553,1.0012399064313682
-12.70478679665483,5.055731839731644,0.006338361554429461,1.0012552718622192
-12.70478679665483,5.055523910886075,0.006130432708860489,1.0012140928876618
-12.70478679665483,5.055305118812657,0.005911640635442694,1.0011707625204873
-12.70478679665483,5.055503738605062,0.006110260427847791,1.0012100978967584
-12.70478679665483,5.055444773270886,0.006051295093671527,1.0011984201904296
-12.70478679665483,5.055583651974683,0.006190173797468113,1.0012259242271813
-12.70478679665483,5.055704296450632,0.006310818273417063,1.0012498170920312
-12.70478679665483,5.055913001050632,0.006519522873417394,1.0012911496997796
-12.70478679665483,5.056329637162024,0.006936158984809815,1.0013736618100346
