Angle (degree),rho (mOhm cm),Delta rho (mOhm cm),rho/rho(theta=0)
103.45850461807086,1.6568909155845566,-2.438114834298987,0.40461259807307387
103.45850461807086,1.6570734359399997,-2.4379323139435436,0.4046571695258608
103.45850461807086,1.6574629158478478,-2.4375428340356953,0.40475228048092093
103.45850461807086,1.658450193452658,-2.436555556430885,0.4049933735745847
103.45850461807086,1.65894577177443,-2.436059978109113,0.40511439375185454
103.45850461807086,1.6583687283075943,-2.436637021575949,0.4049734797941996
103.2715973753771,1.6578264047832907,-2.437179345100253,0.40484104444308466
103.07480957359819,1.6568627908875948,-2.4381429589959485,0.40460573002485134
102.88296205136184,1.6526568724291135,-2.44234887745443,0.40357864515235736
102.69029114920174,1.6363479801713918,-2.4586577697121514,0.39959601527248834
102.4984436269654,1.609076428607848,-2.4859293212756954,0.3929363050720034
102.4984436269654,1.5738879399972148,-2.5211178098863285,0.38434327962591364
102.30659610472907,1.5341841601951898,-2.5608215896883535,0.37464762051648404
102.11474858249272,1.490895244355696,-2.6041105055278475,0.3640764715405089
101.92290106025636,1.4512947505245568,-2.6437109993589862,0.3544060348549766
101.73105353802002,1.4083278151602527,-2.6866779347232903,0.3439135134792677
101.53838263585993,1.3687182050149365,-2.726287544868607,0.3342408505907131
101.34735849354735,1.3280702078437971,-2.766935542039746,0.32431461369292724
101.15468759138724,1.287401844586329,-2.8076039052972144,0.3143834033988697
100.96284006915091,1.2463663068934174,-2.848639442990126,0.30436252914391204
100.96284006915091,1.2053616098377211,-2.889644140045822,0.29434918616951883
100.77099254691457,1.1633842793415188,-2.9316214705420247,0.28409832620493974
100.57914502467823,1.1254279226491137,-2.9695778272344295,0.27482938764643233
100.38647412251814,1.0853947916384807,-3.0096109582450623,0.2650533010043632
100.19544998020555,1.0481098418749366,-3.0468959080086067,0.25594831995162487
100.00360245796922,1.0089046469096201,-3.086101102973923,0.2463744152101159
99.81093155580912,0.9732660645121517,-3.1217396853713915,0.23767147690569912
99.61908403357278,0.9365241169913922,-3.1584816328921512,0.22869909694706184
99.42723651133642,0.9029349597030377,-3.1920707901805057,0.22049662805204023
99.23456560917631,0.8676509437321516,-3.227354806151392,0.21188027483400396
99.23456560917631,0.8349705083825316,-3.2600352415010114,0.20389971574674276
99.04354146686374,0.8004505172217719,-3.2945552326617715,0.19546993731194043
98.85087056470364,0.7712598361032909,-3.3237459137802525,0.18834157586353192
98.6590230424673,0.7435668003630378,-3.3514389495205057,0.1815789392686894
98.46717552023097,0.7193454805640506,-3.375660269319493,0.17566409536409267
98.27615137791838,0.6931351551964555,-3.4018705946870877,0.16926353649592982
98.08265709583452,0.6693747425612657,-3.4256310073222775,0.16346124607524712
97.89163295352195,0.6446944064665822,-3.450311343416961,0.15743431043654002
97.69402177181927,0.6227326233979745,-3.4722731264855686,0.15207124517851636
97.69402177181927,0.6008015833974681,-3.494204166486075,0.14671568737468907
97.50217424958294,0.5807449644379745,-3.5142607854455687,0.14181786300409716
97.31032672734659,0.5592108235967088,-3.5357949262868344,0.1365592279357879
97.11847920511025,0.5390066947989872,-3.555999055084556,0.13162538167725793
96.92663168287392,0.5175735609167087,-3.5774321889668346,0.1263914124983653
96.73396078071382,0.4981927128379745,-3.596813037045569,0.12165861131016543
96.54293663840123,0.47622578952987327,-3.61877996035367,0.11629429080616469
96.35026573624114,0.45612611060126573,-3.6388796392822775,0.1113859511953646
96.1584182140048,0.4349452267344302,-3.660060523149113,0.1062135814453495
96.1584182140048,0.41640007331164547,-3.6786056765718977,0.10168485680966073
95.96080703230211,0.39785998708481,-3.6971457627987334,0.09715736958272272
95.76978288998954,0.38097984605924046,-3.714025903824303,0.09303524081011975
95.57711198782944,0.3640611303113923,-3.730944619572151,0.08890369209414316
95.38526446559311,0.3487323144713923,-3.746273435412151,0.0851603967787615
95.19341694335677,0.3320417489012658,-3.7629640009822776,0.0810845623136692
95.00156942112041,0.3169502480711392,-3.7780555018124042,0.07739921930027885
94.8088985189603,0.3004763648422784,-3.794529385041265,0.07337629864154002
94.61705099672396,0.2865859384716455,-3.808419811411898,0.06998425789262826
94.61705099672396,0.27233359946658225,-3.822672150416961,0.0665038381141045
94.42602685441139,0.25934876722481004,-3.8356569826587332,0.06333294336209067
94.23417933217505,0.2463452903251139,-3.8486604595584293,0.060157495586451774
94.04150843001496,0.23336933210088603,-3.861636417782657,0.056988767868646525
93.84966090777861,0.2201864626023037,-3.8748192872812397,0.05376951243806325
93.65781338554227,0.20700504786987337,-3.8880007020136698,0.050550612261230726
93.46596586330594,0.19385019408941767,-3.9011555557941255,0.0473381982662492
93.27411834106958,0.1822457804946835,-3.9127599693888597,0.04450440161161345
93.08144743890948,0.17218202404921515,-3.922823725834328,0.04204683328078643
92.88959991667315,0.1638843352913164,-3.931121414592227,0.040020538504976964
92.88959991667315,0.15475418882612654,-3.940251561057417,0.0377909576391993
92.6977523944368,0.14583122032420248,-3.9491745295593406,0.03561196961160549
92.50590487220047,0.13719967079855694,-3.9578060790849863,0.033504146069259784
92.31323397004037,0.12993079207146832,-3.965074957812075,0.03172908660144455
92.12220982772779,0.12253543660799997,-3.9724703132755432,0.02992314152708692
91.93036230549144,0.11616384810508859,-3.9788419017784546,0.028367200243465382
91.7385147832551,0.11014499548822781,-3.9848607543953154,0.02689739702840715
91.54666726101877,0.10533592142886074,-3.9896698284546823,0.025723021617700136
91.35399635885867,0.10123913823630377,-3.9937666116472395,0.024722587566374694
91.35399635885867,0.09737282688653161,-3.9976329229970116,0.023778434716312857
91.16214883662232,0.09383034470673417,-4.001175405176809,0.022913360917601294
90.97030131438599,0.09133462634103796,-4.003671123542505,0.022303906738991856
90.77845379214963,0.0892778367098734,-4.00572791317367,0.02180163891403873
90.5866062699133,0.08772910582306327,-4.00727664406048,0.021423438984318442
90.39475874767696,0.08654297876521516,-4.008462771118328,0.021133786873846594
90.20291122544062,0.08663099604949366,-4.008374753834049,0.02115528068598129
90.01106370320429,0.08738469826063289,-4.007621051622911,0.0213393346915613
89.81839280104418,0.08776336473820251,-4.007242385145341,0.021431805008014553
89.81839280104418,0.08839416641422784,-4.006611583469315,0.021585846715048363
89.6207816193415,0.08923178235531644,-4.005773967528227,0.021790392445200858
89.42893409710517,0.09047502578597466,-4.0045307240975685,0.022093992368276322
89.23708657486883,0.09225598630579745,-4.002749763577746,0.022528902751460383
89.04523905263248,0.09479043081250632,-4.000215319071037,0.02314781384988337
88.85339153039615,0.09707579504703795,-3.9979299548365055,0.02370589957042152
88.6615440081598,0.10013573083306325,-3.99487001905048,0.024453135587394714
88.46969648592346,0.10382138886303797,-3.991184361020505,0.025353172914590053
88.27702558376336,0.10825670614397466,-3.9867490437395685,0.026436276956889094
88.27702558376336,0.11298115120648101,-3.982024598677062,0.027589985974914456
88.08600144145079,0.1183784093660506,-3.9766273405174926,0.028907995884845127
87.89415391921445,0.12369489360174682,-3.9713108562817965,0.030206280810537212
87.70148301705434,0.13049160302346832,-3.964514146860075,0.03186603658057851
87.50387183535167,0.13749129589625314,-3.95751445398729,0.033575360889337755
87.31202431311533,0.14571330226518983,-3.9492924476183533,0.03558317403323151
87.12017679087899,0.1533928758110886,-3.9416128740724545,0.037458525135270176
86.92832926864266,0.16218745218296196,-3.9328182977005812,0.03960615981737617
86.73565836648255,0.17116160296283542,-3.923844146920708,0.04179764655219423
86.73565836648255,0.18089945118979744,-3.9141062986937456,0.044175628128224724
86.54381084424621,0.19126110018896203,-3.9037446496945813,0.04670594179126641
86.35278670193362,0.2032596367817468,-3.8917461131017963,0.04963598324313152
86.1609391796973,0.2137549028169873,-3.881250847066556,0.05219892617319676
85.96826827753719,0.2253350223954683,-3.869670727488075,0.055026790231460974
85.77642075530085,0.23622033818483543,-3.8587854116987077,0.05768498327299131
85.5845732330645,0.24886866676215186,-3.8461370831213912,0.060773703863353394
85.3877854312856,0.26076492362551895,-3.834240826258024,0.06367876861538833
85.19511452912549,0.2738027080116455,-3.8212030418718976,0.06686259427582784
85.19511452912549,0.28733902860987337,-3.80766672127367,0.07016816243006373
85.00326700688916,0.3016029330205062,-3.793402816863037,0.07365140647948624
84.81141948465282,0.3141993274245569,-3.780806422458986,0.07672744474986204
84.61957196241647,0.3291133996207594,-3.7658923502627837,0.08036945970835792
84.42772444018014,0.343461629870886,-3.751544120012657,0.083873296119463
84.23505353802004,0.36007014861341763,-3.734935601270126,0.08792909475735353
84.04402939570745,0.37575731314936694,-3.7192484367341763,0.09175989878892185
83.85135849354735,0.39317723210506317,-3.70182851777848,0.09601384127879299
83.65951097131101,0.41139788371746827,-3.683607866166075,0.10046332260441097
83.46766344907468,0.43218118943999984,-3.6628245604435437,0.10553860381082261
83.46766344907468,0.45062887584987327,-3.64437687403367,0.1100435270115771
83.27581592683833,0.4718482128774682,-3.623157537006075,0.11522528701965484
83.08396840460199,0.4924283410503797,-3.6025774088331635,0.12025095228850013
82.89212088236565,0.5145834581179746,-3.5804222917655686,0.12566122968999704
82.7002733601293,0.5357573591286074,-3.5592483907549357,0.13083189422721658
82.50842583789297,0.560609789812405,-3.534395960071138,0.13690085534760188
82.31657831565663,0.5845215915911391,-3.510484158292404,0.14274011498219805
82.12390741349653,0.6090681892215188,-3.485937560662024,0.14873439170112032
81.9320598912602,0.6324381038711391,-3.4625676460124044,0.15444132255226378
81.9320598912602,0.6585972710331645,-3.436408478850379,0.16082938859167514
81.74021236902384,0.6840888620536707,-3.4109168878298726,0.16705443260320826
81.54754146686373,0.7123972486010125,-3.382608501282531,0.1739673378044151
81.3556939446274,0.7388389247331643,-3.356166825150379,0.1804243925064515
81.16384642239106,0.7672507428053162,-3.327755007078227,0.1873625556758097
80.97199890015473,0.7945623963410124,-3.300443353542531,0.1940320587739367
80.78097475784215,0.8260644511139239,-3.2689412987696196,0.20172485744065588
80.58830385568204,0.8574655959637971,-3.2375401539197464,0.20939301391412757
80.3964563334457,0.8931157192412655,-3.2018900306422777,0.2180987705003014
80.3964563334457,0.9282376782455692,-3.166768071637974,0.22667554942309107
80.20460881120935,0.9686579613675947,-3.1263477885159485,0.23654617857255564
80.01276128897302,1.0084476673025315,-3.0865580825810115,0.24626282083516257
79.82009038681292,1.0517838135243036,-3.04322193635924,0.2568455034658291
79.62906624450034,1.093026989488101,-3.001978760395442,0.266917082966046
79.43721872226399,1.1394742234101263,-2.955531526473417,0.27825949290609214
79.24537120002765,1.1857019868068353,-2.909303763076708,0.2895483081655148
79.05270029786756,1.2368878614843035,-2.8581178883992395,0.30204789371040053
78.86085277563122,1.283765404789367,-2.811240345094176,0.3134953851593189
78.66900525339487,1.3348627349627846,-2.7601430149207586,0.32597334814505363
78.66900525339487,1.3828387939929112,-2.7121669558906323,0.33768909702562383
78.47715773115854,1.4352098865493665,-2.6597958633341765,0.3504781126595932
78.2853102089222,1.4849452974463289,-2.6100604524372146,0.36262349509242053
78.0926393067621,1.5373854412108856,-2.5576203086726577,0.3754293730245939
77.90079178452575,1.5855437297551895,-2.5094620201283537,0.3871896223345426
77.7089442622894,1.6383194315635443,-2.456686318319999,0.4000774435078964
77.51709674005308,1.689547687491645,-2.405458062391898,0.41258737855000416
77.32524921781673,1.7420557185660754,-2.3529500313174676,0.4254098345565491
77.13340169558039,1.790907525972911,-2.304098223910632,0.43733944110428713
77.13340169558039,1.8445184372574677,-2.250487312626076,0.4504312203493056
76.94155417334404,1.8958719937875943,-2.199133756095949,0.4629717537860626
76.74888327118394,1.9501315213488604,-2.144874228534683,0.47622192506184385
76.5570357489476,2.0001731046584807,-2.0948326452250625,0.48844207476762713
76.36601160663503,2.0526654247063285,-2.0423403251772148,0.5012606941430311
76.16840042493236,2.1014051206693667,-1.9936006292141766,0.5131629230872576
75.97572952277226,2.1515518325665814,-1.9434539173169618,0.5254087451837568
75.78388200053591,2.199336061121772,-1.8956696887617714,0.5370776490812786
75.59203447829958,2.251729459683797,-1.8432762901997464,0.5498721118396068
75.59203447829958,2.3015801820782276,-1.7934255678053157,0.5620456533287362
75.40018695606324,2.3544189223313916,-1.7405868275521517,0.5749488684840914
75.2083394338269,2.403091118861772,-1.6919146310217714,0.5868346140735242
75.01566853166679,2.4536707585131636,-1.6413349913703796,0.5991861570848692
74.82464438935422,2.49798574474405,-1.5970200051394934,0.6100078723491632
74.63197348719412,2.5442491006070878,-1.5507566492764555,0.6213053792853509
74.44094934488153,2.586955542165569,-1.5080502077179743,0.6317342880993851
74.24827844272143,2.6323220078111387,-1.4626837420724046,0.642812774532978
74.0564309204851,2.671498494797468,-1.4235072550860752,0.6523796687888515
74.0564309204851,2.7082320052556956,-1.3867737446278476,0.661349988417651
73.86458339824875,2.7396858110354425,-1.3553199388481008,0.6690310046850009
73.67273587601241,2.7731232902050627,-1.3218824596784806,0.6771964337983962
73.48088835377607,2.80485233152405,-1.2901534183594934,0.6849446625572666
73.28821745161596,2.835909478868354,-1.2590962710151894,0.6925288148738261
73.09719330930339,2.864056973946835,-1.2309487759367084,0.6994024303942149
72.90452240714329,2.8936855761721514,-1.2013201737113919,0.7066377321336959
72.7134982648307,2.9207598669797457,-1.1742458829037976,0.7132492712770448
72.52082736267062,2.9493490169164547,-1.1456567329670886,0.7202307388702276
72.32897984043427,2.976218868440505,-1.1187868814430382,0.7267923539607105
72.32897984043427,3.0027312437924047,-1.0922745060911385,0.7332666734052323
72.13713231819793,3.0270494977063285,-1.0679562521772148,0.7392051886111305
71.94528479596158,3.052926252934177,-1.0420794969493663,0.7455242896840861
71.75261389380148,3.077086815432911,-1.0179189344506323,0.7514242966619569
71.56158975148891,3.1028574709139236,-0.9921482789696197,0.7577174881872059
71.36974222925255,3.1264652350708855,-0.9685405148126578,0.7634825018645696
71.17707132709245,3.1518145999139238,-0.9431911499696195,0.7696728142576008
70.98522380485612,3.1735048350759487,-0.9215009148075946,0.7749695675436351
70.79337628261977,3.195513750691139,-0.8994919991924042,0.7803441425648829
70.79337628261977,3.21503158553924,-0.8799741643443033,0.7851103959086434
70.60152876038345,3.236000854260759,-0.8590048956227845,0.7902310892610558
70.4096812381471,3.2540174070151893,-0.840988342868354,0.7946307296656981
70.21783371591076,3.273201819410126,-0.8218039304734175,0.7993155612793001
70.02598619367443,3.2892147210987335,-0.8057910287848098,0.8032259102914018
69.83413867143807,3.3050224104151886,-0.7899833394683546,0.8070861464624755
69.64146776927797,3.3204157935493663,-0.7745899563341769,0.8108452091047235
69.44962024704164,3.3367495136810112,-0.758256236202532,0.8148339019489543
69.25777272480529,3.352319790151898,-0.7426859597316451,0.8186361619265696
69.06510182264519,3.368618985212658,-0.7263867646708855,0.8226164237518976
69.06510182264519,3.382401299673417,-0.7126044502101263,0.8259820635830873
68.8683140208663,3.395482241491138,-0.6995235083924052,0.8291764282840631
68.67646649862994,3.409286279741771,-0.6857194701417724,0.8325473730625962
68.48379559646985,3.4235282913493665,-0.6714774585341767,0.8360252708916776
68.29277145415726,3.4368191027316444,-0.6581866471518989,0.8392708857196068
68.10092393192093,3.4503985294177206,-0.6446072204658226,0.8425869803762414
67.90907640968457,3.4634627911822777,-0.6315429587012655,0.8457772718098806
67.71640550752447,3.4797647000506324,-0.6152410498329108,0.8497581963467554
67.52455798528814,3.492080260154429,-0.6029254897291141,0.8527656549087238
67.52455798528814,3.50324638678481,-0.5917593630987334,0.8554924219299174
67.3327104630518,3.5128856287594927,-0.5821201211240505,0.8578463238688724
67.14086294081545,3.5251472645999993,-0.569858485283544,0.8608406141310668
66.94901541857912,3.5372762304379735,-0.5577295194455698,0.8638025063917356
66.75716789634278,3.55034631169367,-0.5446594381898731,0.8669942189445369
66.55873333471635,3.561218387407594,-0.533787362475949,0.8696491787609506
66.36770919240377,3.57329110438481,-0.5217146454987334,0.8725973350553732
66.1700980107011,3.5839296486911385,-0.5110761011924048,0.8751952665250985
66.1700980107011,3.5943094455721507,-0.5006963043113926,0.8777300118990964
65.97825048846477,3.603725627491139,-0.4912801223924044,0.8800294425944638
65.78557958630465,3.6134354737822774,-0.4815702761012659,0.8824005861005296
65.59373206406832,3.621568000716455,-0.4734377491670885,0.8843865483752855
65.40270792175573,3.6292253180810117,-0.4657804318025316,0.8862564645200369
65.2108603995194,3.6364353530354423,-0.45857039684810097,0.8880171543443761
65.0181894973593,3.6443196065620245,-0.4506861433215188,0.8899424882774986
64.82634197512296,3.651207274230379,-0.4437984756531641,0.8916244560423914
64.63449445288661,3.658745106751898,-0.43626064313164514,0.8934651940002644
64.44264693065028,3.666235615587341,-0.42877013429620225,0.8952943755186679
64.44264693065028,3.673652414422784,-0.4213533354607595,0.8971055570623455
64.25079940841394,3.6811456370658213,-0.41386011281772195,0.8989354012922958
64.05812850625384,3.6876321863772135,-0.4073735635063298,0.9005194159940032
63.86628098401749,3.6939895552481,-0.40101619463544314,0.9020718848448875
63.675256841704915,3.7001936926253163,-0.394812057258227,0.9035869345801395
63.482585939544805,3.7064179996177207,-0.3885877502658226,0.9051069097334299
63.29073841730847,3.7127866182607585,-0.38221913162278476,0.9066621257775634
63.098890895072124,3.7184837348050626,-0.3765220150784807,0.9080533610754543
62.90704337283579,3.7256763112860747,-0.3693294385974686,0.9098097875423077
62.90704337283579,3.732050360210126,-0.36295538967341745,0.9113663296605287
62.71519585059945,3.737990706425316,-0.3570150434582273,0.9128169616200464
62.52252494843935,3.743754156637974,-0.3512515932455691,0.9142243955932032
62.33067742620301,3.750231394230379,-0.3447743556531644,0.9158061363740528
62.13388962442409,3.7557640295088595,-0.3392417203746838,0.9171572053630617
61.942042102187756,3.7613067469291135,-0.3336990029544298,0.9185107364100967
61.744430920485094,3.7661965830227837,-0.32880916686075956,0.9197048339016104
61.55176001832499,3.771078661572151,-0.3239270883113923,0.9208970370015709
61.360735876012406,3.7764464237088604,-0.31855932617468286,0.9222078439856299
61.360735876012406,3.7815213025594927,-0.31348444732405056,0.9234471289001326
61.1680649738523,3.7872979405974676,-0.30770780928607566,0.9248577833389302
60.977040831539725,3.7927979888582275,-0.30220776102531577,0.9262008945814276
60.78436992937962,3.797791402830379,-0.2972143470531643,0.9274202857806447
60.591699027219526,3.802868219734176,-0.2921375301493674,0.9286600439675389
60.40067488490695,3.8078224514430374,-0.28718329844050583,0.9298698668619274
60.20306370320427,3.812287118126582,-0.28271863175696144,0.9309601380254469
60.011216180967935,3.8164887694025302,-0.27851698048101303,0.9319861808523874
59.8193686587316,3.8200511137215174,-0.27495463616202587,0.932856104983529
59.8193686587316,3.8242058251898725,-0.27079992469367076,0.9338706851140876
59.626697756571495,3.8291146712658213,-0.265891078617722,0.9350694248413977
59.43567361425892,3.8337178274430377,-0.2612879224405056,0.9361935151256048
59.24382609202258,3.8382135269696187,-0.25679222291392456,0.9372913645063313
59.05115518986248,3.8421188027316444,-0.25288694715189886,0.9382450324620202
58.85930766762614,3.846652519556961,-0.24835323032658208,0.9393521656633461
58.6674601453898,3.8509174014835432,-0.24408834840000004,0.9403936494089314
58.470672343610886,3.8550771566886066,-0.23992859319493665,0.9414094612194964
58.27800144145078,3.8595263056177203,-0.235479444265823,0.9424959429489154
58.27800144145078,3.863563864837974,-0.23144188504556906,0.943481914512049
58.08533053929069,3.8666727207113922,-0.22833302917215104,0.9442410968095357
57.89348301705434,3.8702571780303794,-0.22474857185316388,0.945116420933095
57.70245887474177,3.8726479812075936,-0.2223577686759497,0.9457002548330309
57.51061135250542,3.8765745915493666,-0.2184311583341767,0.9466591326909887
57.31794045034532,3.880073702551898,-0.2149320473316454,0.9475136152524919
57.12691630803274,3.8831740251265816,-0.21183172475696166,0.9482707137192699
56.93424540587263,3.8860671946101255,-0.20893855527341776,0.9489772254216347
56.74239788363629,3.8890294142354422,-0.20597633564810103,0.9497005991618062
56.74239788363629,3.89289783766329,-0.20210791222025337,0.9506452677811256
56.55055036139996,3.896698757126581,-0.19830699275696206,0.951573451938962
56.35293917969729,3.9006435990303787,-0.19436215085316455,0.952536781942567
56.16109165746095,3.9034696564253157,-0.19153609345822753,0.9532269048795171
55.9692441352246,3.9068861429164543,-0.18811960696708896,0.9540612105434922
55.7765732330645,3.9093537537797465,-0.1856519961037968,0.9546638008727883
55.585549090751925,3.9116378760607584,-0.18336787382278485,0.9552215833083996
55.3871145291255,3.9148320755848087,-0.18017367429873454,0.9560016065169485
55.19609038681292,3.9176139096455684,-0.17739184023797483,0.9566809301200567
55.19609038681292,3.9208406988531634,-0.17416505103037982,0.957468911726111
55.00341948465282,3.924557439630379,-0.17044831025316443,0.9583765394571151
54.811571962416465,3.928257111144303,-0.16674863873924028,0.9592799988757079
54.620547820103894,3.931992083483544,-0.16301366639999948,0.9601920787523595
54.42787691794379,3.9358527467012645,-0.15915300318227876,0.9611348523291317
54.236029395707455,3.9383863046886063,-0.15661944519493698,0.9617535469396127
54.04418187347111,3.941368699260759,-0.15363705062278443,0.9624818473998105
53.851510971311015,3.943720706718987,-0.1512850431645565,0.9630562073889984
53.66048682899844,3.946313232706329,-0.14869251717721443,0.9636893019792602
53.66048682899844,3.9488758854835435,-0.14612986439999975,0.9643151015345569
53.4686393067621,3.952041768637973,-0.14296398124557008,0.9650882098884389
53.276791784525756,3.9548321359974676,-0.14017361388607563,0.965769617322256
53.08494426228941,3.957542203443037,-0.13746354644050607,0.9664314155250172
52.89227336012931,3.959666885529113,-0.1353388643544302,0.9669502626807596
52.699602457969206,3.9613826943797457,-0.1336230555037976,0.9673692630327569
52.50857831565662,3.963840606979746,-0.13116514290379744,0.9679694850471143
52.316730793420284,3.965950549731645,-0.1290552001518983,0.9684847328589054
52.12488327118395,3.9684336783493666,-0.1265720715341767,0.9690911126223019
51.932212369023844,3.970260430746835,-0.12474531913670805,0.969537205377488
51.932212369023844,3.9727423970658218,-0.1222633528177215,0.9701433013076481
51.74036484678751,3.9756565145848093,-0.11934923529873398,0.970854928518201
51.54934070447493,3.9790761014278466,-0.11592964845569664,0.9716899912878038
51.356669802314826,3.981882375751898,-0.11312337413164508,0.9723752832007959
51.16482228007849,3.984490416827848,-0.11051533305569539,0.9730121665741646
50.97297475784215,3.986643031405063,-0.10836271847848034,0.9735378348414866
50.78112723560581,3.9878902205999993,-0.10711552928354395,0.9738423983198093
50.589279713369464,3.989453571045569,-0.10555217883797408,0.9742241683443361
50.39743219113312,3.991604244903796,-0.1034015049797472,0.9747493626882727
50.39743219113312,3.9940788402227843,-0.10092690966075901,0.9753536586209606
50.205584668896776,3.9974196786607585,-0.09758607122278473,0.9761694910378185
50.01291376673667,4.000196468984809,-0.0948092808987342,0.97684758296092
49.82106624450034,4.002500374336708,-0.09250537554683547,0.9774101964204894
49.62921872226399,4.0043325596810115,-0.09067319020253173,0.9778576159007566
49.437371200027656,4.004390360050633,-0.09061538983291051,0.977871730745314
49.24470029786755,4.005361346012658,-0.08964440387088501,0.9781088454214174
49.052852775631216,4.008154816389872,-0.0868509334936709,0.9787910106118555
48.86182863331864,4.011112381488606,-0.08389336839493744,0.9795132477170946
48.86182863331864,4.011676043058227,-0.08332970682531649,0.9796508938167703
48.6699811110823,4.012332030068354,-0.08267371981518945,0.9798110857799063
48.4773102089222,4.013913612075949,-0.08109213780759461,0.9801973079500802
48.285462686685854,4.016860703156961,-0.07814504672658185,0.9809169873012256
48.09279178452575,4.019415598389872,-0.07559015149367099,0.9815408924649689
47.90176764221317,4.020878863184809,-0.07412688669873457,0.9818982215834879
47.70992011997682,4.022310708592404,-0.0726950412911389,0.9822478780907191
47.518072597740485,4.0235431557873405,-0.07146259409620281,0.9825488415740966
47.32622507550415,4.024528881083543,-0.07047686880000015,0.9827895555941516
47.13437755326781,4.026108914248101,-0.06889683563544224,0.9831753995370088
47.13437755326781,4.02783791092405,-0.06716783895949341,0.9835976203546469
46.94253003103147,4.029107210453164,-0.06589853943037927,0.983907583174394
46.74985912887137,4.029114581453163,-0.06589116843038045,0.9839093831718663
46.55801160663503,4.02955294135443,-0.0654528085291135,0.9840164306164955
46.36616408439868,4.031432453050632,-0.06357329683291102,0.9844754071872258
46.17349318223859,4.032789036949366,-0.062216712934176854,0.9848066848414203
45.982469039926,4.034592516713923,-0.060413233169620106,0.985247094421946
45.790621517689665,4.036237332037974,-0.05876841784556941,0.9856487581617582
45.59877399545333,4.037899992379746,-0.05710575750379743,0.9860547796531369
45.59877399545333,4.040523164665822,-0.054482585217721535,0.9866953580665251
45.406103093293225,4.042896509369619,-0.05210924051392407,0.9872749286089755
45.21425557105688,4.044441239043037,-0.050564510840506394,0.9876521514427802
45.02240804882054,4.04448274856962,-0.05052300131392329,0.9876622880650754
44.8305605265842,4.045993728926582,-0.04901202095696089,0.9880312693191323
44.638713004347856,4.0487934080050625,-0.04621234187848078,0.9887149506738068
44.44686548211152,4.049935467812657,-0.04507028207088659,0.9889938415661155
44.25501795987518,4.050144561622784,-0.04486118826075902,0.9890449022539138
44.06234705771508,4.051129511164556,-0.043876238718986826,0.9892854268348135
44.06234705771508,4.053192124898733,-0.041813624984810005,0.9897891169051474
43.86555925593617,4.055281119615189,-0.03972463026835449,0.9902992492087503
43.67288835377607,4.056622964179746,-0.038382785703797495,0.9906269275189933
43.48104083153973,4.057660670354429,-0.037345079529114145,0.9908803352644435
43.289193309303386,4.0589540236025305,-0.03605172628101272,0.9911961719999934
43.09734578706705,4.060352892782277,-0.034652857101265866,0.9915377757156382
42.90549826483071,4.060910345650632,-0.03409540423291091,0.9916739056510774
42.71365074259436,4.060602720364556,-0.03440302951898744,0.9915987835865759
42.521803220358024,4.0607625471037965,-0.034243202779746795,0.9916378132605258
42.521803220358024,4.062913220962024,-0.03209252892151948,0.9921630076044625
42.32419203865536,4.064028513243037,-0.030977236640506334,0.9924353618694217
42.13234451641902,4.068743007508861,-0.026262742374682624,0.9935866409038792
41.93967361425892,4.071352989303796,-0.023652760579746968,0.9942239982006327
41.74864947194633,4.070066228635442,-0.024939521248101393,0.9939097713724063
41.555978569786234,4.070051100091138,-0.024954649792404915,0.9939060769833804
41.36413104754989,4.071584969202531,-0.023420780681012054,0.9942806476690105
41.17228352531355,4.073110302349367,-0.021895447534176604,0.994653133872938
40.980436003077216,4.07420775227848,-0.0207979976050634,0.9949211310373239
40.78858848084088,4.076289375994936,-0.018716373888607585,0.9954294633434544
40.78858848084088,4.077685142156961,-0.017320607726582615,0.9957703093024778
40.59674095860453,4.078249576815189,-0.016756173068354308,0.995908144190315
40.40489343636819,4.079264396901265,-0.0157413529822783,0.9961559631551858
40.21304591413185,4.080450293498733,-0.014555456384810483,0.9964455589872555
40.02119839189551,4.080433999989872,-0.014571749893670827,0.9964415801139997
39.82770410981165,4.079961890772151,-0.015043859111392166,0.996326291089623
39.63667996749907,4.080648524081012,-0.014357225802530849,0.9964939668758855
39.44400906533897,4.081070203929113,-0.01393554595443014,0.9965969410531776
39.25216154310263,4.080771498486075,-0.014234251397468256,0.996523997213466
39.25216154310263,4.081097357999999,-0.013908391883544091,0.9966035720746083
39.061137400790045,4.082658381182278,-0.012347368701265182,0.9969847737816689
38.86846649862994,4.083661564951898,-0.011344184931645351,0.9972297511592095
38.677442356317364,4.084569704141772,-0.010436045741771593,0.9974515186597557
38.48477145415727,4.085091856184809,-0.009913893698734633,0.997579028137136
38.292923931920924,4.085560473174683,-0.00944527670886064,0.997693464359817
38.10107640968458,4.086508181172151,-0.008497568711391956,0.9979248945592729
37.909228887448236,4.087424467116454,-0.007581282767088915,0.9981486514964467
37.71655798528814,4.087683217207593,-0.007322532675949844,0.9982118382431677
37.71655798528814,4.0879485598784795,-0.007057190005063774,0.9982766348972124
37.5247104630518,4.087316237377214,-0.007689512506328988,0.9981222218048051
37.333686320739226,4.086604388050632,-0.008401361832911292,0.9979483882695036
37.14183879850288,4.08718434046329,-0.007821409420253111,0.9980900125914413
36.94999127626654,4.088663512222784,-0.0063422376607595865,0.9984512261891354
36.757320374106435,4.0889141128936695,-0.006091636989873805,0.9985124228482348
36.5654728518701,4.089580573921518,-0.005425175962025186,0.9986751725654648
36.373625329633754,4.090235009422784,-0.004770740460759093,0.99883498565029
36.18177780739742,4.091276983579745,-0.0037287663037979257,0.9990894356365912
36.18177780739742,4.091829006167087,-0.003176743716456265,0.9992242394979429
35.984166625694755,4.092064478293671,-0.0029412715898722297,0.9992817417680169
35.792319103458404,4.092420208351897,-0.0025855415316460295,0.9993686110131299
35.5996482012983,4.093877267111392,-0.0011284827721516066,0.9997244246184065
35.407800679061964,4.094813338792404,-0.0001924110911390997,0.9999530132305322
35.21595315682563,4.095946865301265,0.0009411154177216829,1.0002298202921323
35.02492901451305,4.096112122321518,0.0011063724379747342,1.0002701760401695
34.832258112352946,4.095499582891138,0.0004938330075949793,1.0001205939717202
34.640410590116595,4.095559713189872,0.0005539633063289529,1.0001352777847368
34.640410590116595,4.0961000967949355,0.0010943469113922077,1.0002672394077647
34.4436227883377,4.0970291840202515,0.0020234341367082465,1.0004941224164987
34.250951886177596,4.097941980402531,0.002936230518987948,1.0007170272029706
34.05910436394125,4.097937325875948,0.002931575992405122,1.0007158905680384
33.867256841704915,4.097451250412657,0.002445500529113964,1.000597190987872
33.67540931946857,4.096906212281012,0.0019004623974687718,1.000464092729912
33.48273841730847,4.097022588774683,0.002016838891139905,1.0004925118581818
33.29171427499589,4.0977499558556945,0.0027442059721511924,1.0006701348275835
33.09986675275955,4.098495165288607,0.003489415405063312,1.0008521148975584
32.90719585059945,4.099098006455695,0.004092256572151953,1.0009993286510692
32.90719585059945,4.0992318414227835,0.004226091539240251,1.0010320111368245
32.71534832836311,4.099623261516455,0.004617511632911686,1.0011275958850712
32.523500806126776,4.100564374268354,0.005558624384811139,1.00135741552621
32.331653283890425,4.100886744220252,0.005880994336708412,1.0014361382366497
32.13980576165409,4.100475151845569,0.005469401962026055,1.001335627419371
31.947958239417748,4.100002653417721,0.004996903534177477,1.0012202433499195
31.756110717181407,4.099631408270885,0.004625658387341858,1.001129585321699
31.56426319494507,4.10032657487848,0.005320824994936579,1.0012993449386702
31.371592292784968,4.101184284698733,0.006178534815189707,1.0015087975921317
31.371592292784968,4.101795659164556,0.0067899092810126405,1.0016580951763512
31.17974477054862,4.102161476696202,0.007155726812658969,1.0017474277814782
30.98789724831228,4.102716599635442,0.0077108497518985075,1.0018829887484573
30.796049726075942,4.103032763551897,0.008027013668353788,1.0019601959456546
30.604202203839602,4.1024539734379735,0.0074482235544302,1.0018188554569532
30.412354681603265,4.102454749192404,0.007448999308860671,1.0018190448961084
30.220507159366925,4.101668419443037,0.0066626695594935725,1.001627023248913
30.027836257206825,4.102052468536708,0.007046718653164419,1.001720807999687
29.836812114894236,4.102957115498733,0.007951365615189943,1.0019417226985374
29.836812114894236,4.103295003205062,0.008289253321518864,1.002024234843078
29.644141212734137,4.103593319437974,0.00858756955443063,1.0020970836377152
29.452293690497797,4.104122839815188,0.009117089931645062,1.0022263924615746
29.26044616826146,4.103258148205063,0.008252398321519472,1.0020152348557152
29.067775266101357,4.1026448330202525,0.007639083136709246,1.0018654633481103
28.87675112378877,4.103449010453164,0.008443260569620747,1.002061843397866
28.68408022162867,4.103560732420252,0.008554982536709055,1.0020891258912035
28.492232699392332,4.103487025086076,0.008481275202532501,1.0020711265674715
28.30038517715599,4.103002503797468,0.007996753913924515,1.0019528065166092
28.108537654919655,4.103408665891139,0.008402916007595351,1.002051991259801
28.108537654919655,4.1030940561493665,0.008088306265823242,1.0019751635919079
27.91092647321699,4.1034020706455685,0.008396320762025233,1.0020503807014836
27.719078950980638,4.1042198224481,0.009214072564557085,1.0022500756109607
27.5272314287443,4.104032452427847,0.009026702544304044,1.002204319870506
27.33538390650796,4.104234175237973,0.009228425354430136,1.0022535805608312
27.143536384271624,4.104103832498733,0.009098082615190073,1.002221750876772
26.951688862035283,4.103036253113923,0.008030503230379793,1.001961048096357
26.759017959875184,4.102575007124049,0.0075692572405055,1.0018484118711484
26.567993817562595,4.103518836349366,0.008513086465822717,1.0020788948748276
26.567993817562595,4.104706673665822,0.009700923782278714,1.0023689646302827
26.376146295326258,4.104201201675949,0.00919545179240533,1.002245528420239
26.183475393166155,4.103899006670885,0.008893256787342096,1.002171732429825
25.99162787092982,4.104723353718986,0.00971760383544229,1.0023730378976192
25.794016689227153,4.105354124711392,0.010348374827848339,1.0025270721117163
25.602169166990812,4.105572527574683,0.010566777691139784,1.0025804060693786
25.410321644754465,4.105630717154429,0.010624967270885577,1.00259461595901
25.218474122518124,4.106140843670885,0.011135093787341788,1.0027191888039861
25.026626600281787,4.105210980691138,0.01020523080759439,1.0024921163560967
25.026626600281787,4.103875731372151,0.008869981488607515,1.002166048604171
24.833955698121684,4.104078229936708,0.009072480053164966,1.002215498733652
24.642108175885348,4.104831196913923,0.009825447030380019,1.0023993731951804
24.451084033572762,4.105697442698733,0.010691692815189668,1.0026109103303442
24.25841313141266,4.105920113544302,0.01091436366075893,1.0026652865288577
24.066565609176322,4.105946102650632,0.010940352767089045,1.0026716330660586
23.86977780739742,4.105447228572151,0.010441478688608008,1.0025498080653257
23.677106905237316,4.104719474946834,0.009713725063290823,1.0023720907018425
23.48525938300098,4.103376465417721,0.008370715534177897,1.0020441279073702
23.48525938300098,4.102466388174683,0.007460638291139965,1.0018218871344324
23.29341186076463,4.103228277660759,0.00822252777721566,1.0020079404717441
23.10156433852829,4.103141382501265,0.008135632617721988,1.001986720682371
22.90971681629195,4.103051770868353,0.008046020984809665,1.0019648375304573
22.717869294055614,4.103085520184809,0.008079770301265832,1.0019730791102053
22.52519839189551,4.102555999807594,0.007550249924050512,1.0018437702863459
22.333350869659174,4.1028791428481,0.007873392964556913,1.0019226817849476
22.141503347422823,4.1028543160405055,0.007848566156962278,1.0019166190809832
21.948832445262724,4.103013753569619,0.008008003686075682,1.0019555537098583
21.948832445262724,4.103648016789872,0.008642266906329077,1.002110440725651
21.756984923026383,4.103552585665822,0.008546835782278883,1.0020871364545756
21.565137400790046,4.101939192394935,0.006933442511392052,1.001693145977045
21.373289878553706,4.10123587903291,0.0062301291493671584,1.0015213969234462
21.18226573624113,4.101919020113923,0.006913270230379354,1.0016882199080126
20.98959483408103,4.10145777412405,0.006452024240506837,1.0015755836828044
20.79774731184468,4.100669890199999,0.005664140316455679,1.0013831825063046
20.60589978960834,4.0999685175569605,0.00496276767341719,1.0012119073760906
20.414052267372004,4.100183428192404,0.005177678308860401,1.0012643885320571
20.222204745135663,4.099736534992404,0.004730785108860935,1.0011552572567195
20.222204745135663,4.099973947837974,0.004968197954430487,1.0012132334501782
20.030357222899326,4.1008390286582275,0.005833278774684203,1.0014244861011123
19.838509700662986,4.100209419964556,0.005203670081012746,1.0012707357202517
19.646662178426638,4.100411918529113,0.005406168645569309,1.0013201858497325
19.453991276266535,4.099512312637973,0.004506562754429844,1.001100502179895
19.2621437540302,4.099181798597467,0.004176048713923741,1.0010197906838207
19.070296231793858,4.099529771111391,0.004524021227847896,1.0011047655373808
18.87844870955752,4.099494856830379,0.004489106946835797,1.0010962394734033
18.680837527854845,4.098578570886075,0.0035728210025318674,1.0008724825362292
18.680837527854845,4.097709222083543,0.002703472199999446,1.0006601876444439
18.488990005618504,4.097968745263291,0.002962995379747646,1.000723563179327
18.297142483382167,4.097473749956961,0.002468000073418075,1.0006026853743706
18.105294961145827,4.097263880392404,0.0022581305088609227,1.000551435247417
17.91344743890949,4.098573527149366,0.0035677772658226914,1.0008712508562227
17.720776536749387,4.0994304612151895,0.004424711331646236,1.001080514070529
17.52892901451305,4.099148435825316,0.004142685941772584,1.001011643498154
17.3370814922767,4.097983100718986,0.0029773508354429268,1.000727068780191
17.145233970040362,4.0981774525291135,0.003171702645570207,1.0007745294730441
17.145233970040362,4.098473441498733,0.003467691615189672,1.0008468099502152
16.95338644780402,4.098605335746835,0.0035995858632915656,1.0008790185125855
16.760715545643922,4.097498190220252,0.00249244033670859,1.0006086536842542
16.569691403331344,4.096035311969619,0.0010295620860754084,1.0002514189598157
16.377843881094996,4.096256817850632,0.001251067967088737,1.0003055106740997
16.185172978934894,4.09701715849367,0.002011408610126608,1.0004911857840941
15.993325456698557,4.097503231291139,0.0024974814075955365,1.0006098847132672
15.801477934462218,4.09742254483291,0.002416794949366974,1.0005901810881306
15.60963041222588,4.097353881235442,0.002348131351898708,1.0005734134444049
15.60963041222588,4.097240215883543,0.0022344659999999905,1.0005456563766886
15.41778288998954,4.096226560762025,0.001220810878481693,1.0002981218960478
15.225935367753202,4.094376919610125,-0.0006288302734178686,0.9998464397092883
15.034087845516853,4.094400581453163,-0.0006051684303800542,0.9998522179290231
14.842240323280514,4.094688812878481,-0.0003169370050626341,0.9999226040146411
14.650392801044175,4.095178377903797,0.0001726280202536401,1.00004215574551
14.457721898884074,4.09535178167848,0.000346031794936863,1.0000845009301749
14.265874376647735,4.095624884559492,0.0006191346759489846,1.0001511926267665
14.074026854411397,4.095739709544303,0.000733959660760064,1.0001792328767258
13.882179332175047,4.095888286511392,0.0008825366278486513,1.0002155153574261
13.882179332175047,4.095449929275948,0.00044417939240481985,1.0001084685637909
13.689508430014946,4.094846698898733,-0.00015905098481017177,0.9999611597652055
13.497660907778608,4.094226791134176,-0.0007789587493673977,0.9998097783502772
13.305813385542269,4.093585546124049,-0.001420203759494143,0.9996531863820864
13.114789243229692,4.0930067560101255,-0.0019989938734177315,0.999511845893385
12.922118341069591,4.0937061906,-0.0012995592835434167,0.9996826477512076
12.730270818833253,4.093841577075948,-0.0011641728075950653,0.9997157091152734
12.538423296596903,4.092680507286075,-0.0023252425974682467,0.9994321759871682
12.346575774360565,4.092938868167088,-0.0020668817164555264,0.9994952676888148
12.346575774360565,4.09295671318481,-0.002049036698733353,0.9994996254403815
12.148964592657899,4.092656069688607,-0.002349680194936532,0.9994262083282781
11.95711707042156,4.092512923002531,-0.0024928268810127108,0.9993912519216649
11.765269548185222,4.09136620600253,-0.003639543881012841,0.9991112237434303
11.567658366482547,4.091609827549367,-0.0033959223341764044,0.9991707161011256
11.375810844246208,4.091741721797468,-0.003264028086075399,0.9992029246634957
11.18396332200987,4.0910027183999995,-0.004003031483543751,0.9990224601067635
10.991292419849767,4.089251611389872,-0.005754138493671235,0.9985948399477009
10.800268277537192,4.088508340010126,-0.0064974098734174035,0.9984133331501177
10.800268277537192,4.088338815007594,-0.00666693487594916,0.9983719351612294
10.608420755300843,4.089177904055695,-0.005827845827848677,0.9985768406239688
10.415749853140742,4.09081767830886,-0.00418807157468315,0.9989772733347683
10.223902330904403,4.0918456862202515,-0.003160063663291801,0.9992283127652796
10.032054808668065,4.091900772782277,-0.0031049771012661154,0.99924176489829
9.840207286431726,4.091549310706328,-0.003456439177215387,0.9991559378940277
9.648359764195387,4.091115994541771,-0.003889755341772272,0.9990501221294054
9.456512241959038,4.090837072169619,-0.0041686777139240405,0.9989820093136518
9.264664719722699,4.089493289551898,-0.005512460331645208,0.9986538577310173
9.264664719722699,4.089581349675948,-0.005424400207595603,0.9986753620046199
9.071993817562598,4.089658160027848,-0.005347589855695389,0.9986941190849739
8.880969675250022,4.088954843999999,-0.006050905883544289,0.9985223693803809
8.68829877308992,4.08915230149367,-0.005853448389872895,0.998570588480849
8.496451250853582,4.090364576407594,-0.0046411734759495005,0.998866625895194
8.304603728617243,4.089837383293671,-0.0051683665898725195,0.9987378853888008
8.112756206380894,4.089423463655696,-0.005582286227847177,0.9986368062540557
7.920908684144555,4.089895570207594,-0.005110179675948956,0.9987520946274387
7.729061161908216,4.09020669038734,-0.004799059496202851,0.9988280701446294
7.536390259748115,4.089860269382277,-0.005145480501266064,0.99874347416938
7.536390259748115,4.089530917640506,-0.005474832243037575,0.9986630465065419
7.345366117435539,4.089655443554429,-0.005350306329114041,0.9986934557224331
7.152695215275438,4.089371869321518,-0.005633880562025517,0.998624206922741
6.960847693039089,4.089918072417721,-0.005087677465822615,0.9987575896649309
6.76900017080275,4.0904340157594925,-0.004571734124050764,0.998883582978075
6.577152648566411,4.090115913789873,-0.004889836093670219,0.9988059025084862
6.385305126330072,4.089863372399999,-0.0051423774835441804,0.9987442319260015
6.1926342241699714,4.08989363215443,-0.00511211772911313,0.9987516213550472
6.001610081857395,4.0898369940835435,-0.005168755799999758,0.9987377903437262
6.001610081857395,4.089881993172151,-0.005123756711392424,0.9987487791167233
5.809762559621046,4.09008914626329,-0.004916603620253035,0.9987993658811364
5.617091657460945,4.09011281077215,-0.004892939111392991,0.9988051447518645
5.424420755300844,4.090135310316454,-0.00487043956708888,0.9988106391383632
5.233396612988267,4.090268369529113,-0.004737380354430165,0.9988431321849633
5.035785431285602,4.088483123992404,-0.006522625891139278,0.9984071754010786
4.843114529125501,4.088257739339239,-0.006748010544304073,0.9983521364910182
4.6520903868129135,4.088295756637974,-0.006709993245569201,0.9983614203116173
4.460242864576575,4.089066179422784,-0.005939570460759214,0.9985495574796377
4.460242864576575,4.089312903987341,-0.0056928458962026696,0.998609807593954
4.267571962416474,4.088768638944303,-0.006237110939240509,0.9984768981241557
4.075724440180135,4.0886569169772145,-0.006348832906328816,0.9984496156308182
3.883876917943797,4.089245791898733,-0.0057599579848099935,0.9985934188285391
3.692029395707458,4.089312903987341,-0.0056928458962026696,0.998609807593954
3.4952415939285446,4.0892682914430365,-0.005737458440506771,0.9985989132150376
3.303394071692206,4.089337730794935,-0.005668019088608034,0.9986158702979185
3.1107231695321045,4.08944984197215,-0.005555907911393376,0.9986432478363305
2.918875647295766,4.089424239410126,-0.005581510473417595,0.9986369956932108
2.918875647295766,4.089199241301265,-0.005806508582278269,0.9985820511772313
2.7270281250594275,4.088797733734176,-0.006208016149367168,0.9984840030689716
2.535180602823078,4.0881537722506325,-0.006851977632910788,0.9983267477382405
2.342509700662977,4.0876836037518975,-0.007322146131645724,0.9982119326372487
2.1506621784266384,4.088572349081012,-0.006433400802531075,0.9984289641589114
1.959638036114062,4.088686011767088,-0.0063197381164554756,0.9984567205756341
1.766967133953961,4.088192565303796,-0.006813184579747222,0.9983362209979947
1.5701793321750475,4.08734998669367,-0.00765576318987371,0.9981304633845529
1.3783318099387087,4.08764675141772,-0.007358998465822886,0.9982029333008795
1.3783318099387087,4.0874562783797455,-0.007549471503797811,0.9981564198038031
1.1856609077786076,4.087024902934177,-0.007980846949366516,0.9980510779625661
0.993813385542269,4.086515941382277,-0.008489808501265905,0.9979267896018199
0.8019658633059302,4.086458138346835,-0.008547611536708466,0.9979126741062692
0.6101183410695915,4.085603920754429,-0.009401829129114248,0.9977040742545034
0.4182708188332528,4.084884313883544,-0.010121435999999484,0.9975283463276486
0.22642329659690372,4.085507713875948,-0.009498036007594912,0.9976805805442728
0.03375239443680255,4.095005749883543,0.0,1.0
-0.15809512779953616,4.092488482739239,-0.002517267144304114,0.999385283611781
-0.15809512779953616,4.087409727782277,-0.007596022101266087,0.9981450521524953
-0.3499426500358749,4.0866528793670875,-0.008352870516455724,0.9979602298441966
-0.5417901722722136,4.086166028149366,-0.008839721734177353,0.9978413408248746
-0.7344610744323147,4.0847314689341765,-0.010274280949366776,0.9974910216060969
-0.9254852167449014,4.085605861473417,-0.009399888410126067,0.9977045481778888
-1.1173327389812402,4.086477924083543,-0.008527825799999889,0.9979175057812208
-1.3091802612175787,4.086687015227848,-0.008318734655695437,0.9979685658180255
-1.5018511633776799,4.087215375972151,-0.007790373911392479,0.9980975914596423
-1.6928753056902666,4.087118779883544,-0.007886969999999494,0.9980740027043371
-1.8855462078503678,4.0870373150050625,-0.007968434878480757,0.9980541089890516
-1.8855462078503678,4.087230504516455,-0.007775245367088068,0.9981012858486684
-2.0773937300867065,4.086750248544303,-0.008255501339240467,0.9979840073876636
-2.269241252323045,4.086868179212658,-0.008137570670885275,0.9980128060452378
-2.461912154483146,4.087462097870885,-0.007543652012658164,0.9981578409229651
-2.653759676719485,4.0879757139493655,-0.007030035934177725,0.998283265918643
-2.8447838190320613,4.086398786468354,-0.00860696341518885,0.9978981803834015
-3.0374547211921623,4.0847093586,-0.010296391283543649,0.9974856222646729
-3.228478863504739,4.084607332230379,-0.01039841765316396,0.9974607074352803
-3.4211497656648397,4.085813014564556,-0.009192735318987566,0.9977551349423016
-3.4211497656648397,4.086740163736708,-0.008265586146835702,0.9979815446786441
-3.6129972879011785,4.087152531865822,-0.007853218017721098,0.9980822449350787
-3.804844810137517,4.087380632992405,-0.007625116891138539,0.9981379472076797
-3.9966923323738768,4.087918300124049,-0.007087449759493936,0.9982692454681668
-4.194303514076532,4.0880470940202525,-0.006958655863290808,0.9983006969249094
-4.386151036312871,4.088296143182277,-0.006709606701265969,0.9983615147056981
-4.578821938472972,4.0886681667493665,-0.006337583134176761,0.9984523628240676
-4.7706694607093105,4.088628984486076,-0.006376765397467565,0.9984427945192388
-4.961693603021907,4.087474899151897,-0.007530850731646055,0.998160966994525
-4.961693603021907,4.086322751870886,-0.008682998012657706,0.9978796127422032
-5.153541125258246,4.086785938579745,-0.008219811303797897,0.9979927228907965
-5.345388647494585,4.0879865771772135,-0.00701917270632979,0.9982859187178115
-5.538059549654686,4.088008300967088,-0.006997448916455262,0.998291223665155
-5.7299070718910246,4.087957482387341,-0.007048267496202243,0.9982788137729959
-5.921754594127363,4.088764373627847,-0.006241376255696096,0.9984758565342983
-6.113602116363702,4.089119327931645,-0.0058864219518985905,0.9985625363402564
-6.305449638600041,4.090069363192405,-0.004936386691138495,0.9987945348571784
-6.498120540760142,4.090245869984809,-0.004759879898734276,0.9988376377984647
-6.689144683072718,4.089335403531645,-0.005670346351898559,0.9986153019804527
-6.689144683072718,4.088338815007594,-0.00666693487594916,0.9983719351612294
-6.881815585232819,4.088995577772151,-0.006010172111392542,0.9985323165635205
-7.073663107469158,4.090321128827847,-0.004684621055695892,0.9988560160005077
-7.2655106297054965,4.0909899171189865,-0.004015832764556748,0.9990193340352035
-7.457358151941857,4.091124141296202,-0.003881608587341212,0.9990521115660335
-7.649205674178195,4.091381723756961,-0.0036240261265820806,0.9991150131775309
-7.841876576338296,4.091811936903797,-0.003193812979746191,0.999220071185532
-8.033724098574634,4.091718833043037,-0.00328691684050586,0.9991973352319226
-8.225571620810973,4.090884401187341,-0.004121348696202176,0.9989935670551087
-8.225571620810973,4.09031996386329,-0.004685786020253602,0.9988557315162776
-8.417419143047312,4.089992166296201,-0.005013583587341941,0.9987756833827438
-8.60926666528365,4.090259060475948,-0.004746689407594928,0.9988408589150992
-8.801937567443753,4.090354102389873,-0.004651647493670197,0.9988640681411003
-8.992961709756328,4.089976259331645,-0.005029490551898164,0.998771798903569
-9.184809231992666,4.089817597556961,-0.005188152326581985,0.998733053713849
-9.376656754229005,4.089544108131645,-0.005461641751898227,0.9986662676231765
-9.568504276465344,4.090160139789872,-0.004845610093671127,0.9988167024933216
-9.761175178625466,4.0897481582050625,-0.005257591678480722,0.998716096630968
-9.761175178625466,4.089671347853163,-0.005334402030380048,0.9986973395506143
-9.953022700861805,4.090093414245569,-0.00491233563797433,0.9988004081219876
-10.144870223098144,4.091249440298734,-0.0037563095848094363,0.9990827095700864
-10.337541125258245,4.091998917713923,-0.003006832169620388,0.9992657318809123
-10.528565267570821,4.092541242037974,-0.002464507845568953,0.9993981674273256
-10.721236169730922,4.0932880029797465,-0.0017177469037967796,0.9995805263756111
-10.899909613187083,4.093535503298733,-0.0014702465848106527,0.9996409659290827
-10.899909613187083,4.093804335531644,-0.0012014143518994658,0.9997066147338295
-10.899909613187083,4.093302358435443,-0.0017033914481006107,0.9995840319764755
-10.899909613187083,4.093039343027847,-0.0019664068556961567,0.9995198036398967
-10.899909613187083,4.093266668399999,-0.0017390814835440693,0.9995753164733423
-10.899909613187083,4.093577785913924,-0.0014279639696193058,0.9996512913395397
-10.899909613187083,4.093583216194936,-0.0014225336886068973,0.999652617413627
-10.899909613187083,4.093341927243037,-0.0016638226405065737,0.9995936946753851
-10.899909613187083,4.093100246415188,-0.00190550346835483,0.9995346762410751
-10.899909613187083,4.093116926468354,-0.0018888234151894778,0.999538749508412
-10.899909613187083,4.092180081698734,-0.002825668184809338,0.9993099721081247
-10.899909613187083,4.091977193924049,-0.003028555959494028,0.999260426933569
-10.899909613187083,4.0922681418227835,-0.002737608060759733,0.9993314763817273
-10.899909613187083,4.092739472620252,-0.0022662772632910944,0.9994465753159552
-10.899909613187083,4.093135160696201,-0.0018705891873418423,0.9995432023050529
-10.899909613187083,4.092621155407594,-0.0023845944759495197,0.9994176822643003
