Angle (degree),rho (mOhm cm),Delta rho (mOhm cm),rho/rho(theta=0)
105.15849290152396,4.856490645113825,-0.10238559136111025,0.9793530657998651
105.15849290152396,4.856472392743593,-0.10240384373134237,0.9793493850525826
105.15849290152396,4.856433721656934,-0.10244251481800148,0.9793415866956938
105.15849290152396,4.856286463264432,-0.10258977321050367,0.9793118907755942
105.15849290152396,4.856193652656451,-0.10268258381848483,0.9792931747190614
105.15849290152396,4.856147867067785,-0.10272836940715102,0.9792839416617147
105.15849290152396,4.855992874457951,-0.10288336201698467,0.9792526860702375
105.15849290152396,4.856008961544964,-0.10286727492997194,0.9792559301695547
105.15849290152396,4.856002773958503,-0.10287346251643292,0.9792546823895808
105.15849290152396,4.856037732068094,-0.10283850440684184,0.9792617319927417
105.15849290152396,4.856111979916694,-0.10276425655824184,0.9792767047093531
104.9943232586668,4.856059078763044,-0.10281715771189148,0.9792660367371903
104.82075183009536,4.8559746210247425,-0.10290161545019316,0.9792490051085966
104.65224290152393,4.855897279914401,-0.10297895656053502,0.9792334086091774
104.65224290152393,4.856085374676782,-0.10279086179815344,0.9792713395341314
104.47939468723824,4.856058460110695,-0.10281777636424039,0.9792659119806286
104.31016254438109,4.856073308830036,-0.10280292764490007,0.9792689063524646
104.13731433009538,4.8559402815674995,-0.10293595490743623,0.9792420802619972
103.96880540152395,4.855713825044633,-0.10316241143030247,0.9791964133584353
103.7995732586668,4.855520780000489,-0.10335545647444633,0.979157484166631
103.63106433009537,4.854968869823292,-0.10390736665164368,0.979046186737359
103.45821611580966,4.854449443146293,-0.10442679332864291,0.9789414398850019
103.28898397295251,4.8543123925175395,-0.10456384395739615,0.978913802448168
103.28898397295251,4.854450680450989,-0.10442555602394687,0.9789416893981249
103.12047504438108,4.854319508082522,-0.10455672839241359,0.9789152373629839
102.95196611580965,4.8540061202749385,-0.1048701161999972,0.9788520400189409
102.78345718723823,4.85373233046956,-0.1051439060053756,0.9787968279522704
102.6149482586668,4.853434100707487,-0.10544213576744887,0.9787366873583432
102.44643933009537,4.853271992532671,-0.10560424394226509,0.9787039968520499
102.27793040152393,4.853178253946166,-0.10569798252876961,0.9786850936606746
102.10435897295251,4.852901989531393,-0.10597424694354274,0.9786293825677578
101.93585004438108,4.852704303531659,-0.10617193294327709,0.9785895174873833
101.93585004438108,4.852690073464668,-0.10618616301026762,0.9785866478721092
101.74781433009537,4.852603141116973,-0.10627309535796226,0.9785691172172695
101.57858218723823,4.852612421965175,-0.1062638145097603,0.9785709887800509
101.41079647295251,4.852443816877723,-0.10643241959721284,0.9785369881155027
101.24228754438109,4.852286040332322,-0.10659019614261389,0.9785051711194985
101.07377861580966,4.851976363375852,-0.106899873099084,0.9784427221004663
100.90454647295252,4.851774656135851,-0.10710158033908446,0.9784020461024414
100.73603754438109,4.851724538917771,-0.10715169755716492,0.9783919395348059
100.73603754438109,4.851635131960681,-0.10724110451425428,0.9783739098537196
100.56752861580966,4.851416718981322,-0.10745951749361371,0.9783298649998166
100.39901968723824,4.851116014609856,-0.10776022186507994,0.9782692253796432
100.23051075866681,4.850946172217707,-0.10793006425722851,0.978234975201972
100.06200183009538,4.8507732355008395,-0.1081030009740962,0.9782001010271347
99.89349290152393,4.850575550564082,-0.10830068591085329,0.9781602361611187
99.72426075866679,4.850236793758307,-0.10863944271662884,0.9780919229406184
99.55575183009536,4.849980019018462,-0.10889621745647382,0.9780401421081072
99.38724290152393,4.8496669394740755,-0.10920929700086024,0.9779770069279864
99.2187339729525,4.849680861277867,-0.10919537519706868,0.9779798143793378
99.2187339729525,4.8497616060391024,-0.10911463043583325,0.977996097254204
99.05022504438108,4.849683645213434,-0.10919259126150127,0.9779803757838648
98.88171611580965,4.849433058060051,-0.10944317841488438,0.9779298427313275
98.71248397295251,4.8493284919944735,-0.10954774448046223,0.9779087560857669
98.54397504438109,4.849581554820227,-0.1092946816547089,0.9779597883789086
98.37546611580966,4.849552164581771,-0.10932407189316429,0.9779538615848017
98.20695718723823,4.849412949732775,-0.10946328674216055,0.9779257877143606
98.0384482586668,4.849329730362146,-0.10954650611278982,0.9779090058132481
97.86993933009538,4.84932756401595,-0.10954867245898559,0.9779085689509244
97.86993933009538,4.849185874557562,-0.10969036191737391,0.9778799960542374
97.70143040152394,4.848969626861421,-0.10990660961351484,0.9778363878482995
97.53292147295251,4.848680677947552,-0.1101955585273835,0.9777781188171543
97.36368933009537,4.84857147198936,-0.11030476448557547,0.9777560964973817
97.19590361580966,4.848521973423628,-0.11035426305130791,0.9777461146863076
97.02739468723823,4.848289019988128,-0.1105872164868078,0.9776991376244913
96.85816254438109,4.848212605793331,-0.11066363068160445,0.977683728045556
96.68965361580966,4.847948406162329,-0.11092783031260645,0.9776304499199479
96.51608218723823,4.8477129781174355,-0.11116325835750018,0.9775829738318854
96.51608218723823,4.84757685653018,-0.11129937994475547,0.9775555237442518
96.34685004438109,4.8474571324190885,-0.1114191040558472,0.9775313803485746
96.17400183009538,4.847254187874393,-0.11162204860054281,0.9774904548374269
96.00549290152394,4.8471898395263455,-0.11168639694859017,0.977477478440159
95.83698397295251,4.847277698789586,-0.11159853768534944,0.9774951960154826
95.66847504438108,4.847596037941912,-0.11128019853302362,0.9775593918407353
95.49996611580966,4.847568503660501,-0.11130773281443496,0.9775538393163127
95.33073397295252,4.84758366276899,-0.11129257370594559,0.9775568962807875
95.15788575866681,4.84746084433318,-0.11141539214175555,0.9775321288879442
95.15788575866681,4.847418461332429,-0.11145777514250632,0.9775235819916859
94.98937683009537,4.8502497865206,-0.10862644995433612,0.9780945430427692
94.82086790152394,4.849971047496433,-0.1089051889785031,0.9780383329236062
94.65235897295251,4.848697383686913,-0.11017885278802275,0.9777814876730329
94.48312683009537,4.847765571007887,-0.11111066546704862,0.9775935796401257
94.31461790152395,4.847303686440126,-0.11157255003480948,0.9775004366485013
94.14610897295252,4.847100741895431,-0.11177549457950509,0.9774595111373536
93.97760004438109,4.84698008874284,-0.11189614773209566,0.9774351803924758
93.80909111580966,4.846628338111794,-0.11224789836314208,0.9773642468554661
93.80909111580966,4.846392600740725,-0.11248363573421027,0.9773167083891228
93.64058218723824,4.846575126568994,-0.11230110990594167,0.9773535162906642
93.47207325866681,4.846745588676468,-0.11213064779846782,0.9773878914392554
93.30284111580966,4.846766315656094,-0.11210992081884186,0.9773920712127843
93.13433218723823,4.846598638547164,-0.11227759792777192,0.9773582576830783
92.9658232586668,4.84653924048088,-0.11233699599405611,0.977346279552661
92.79731433009536,4.8464306531750365,-0.11244558329989918,0.97732438198945
92.62880540152393,4.846324849804762,-0.11255138667017395,0.9773030458307662
92.4602964729525,4.846154078371113,-0.11272215810382313,0.9772686083038942
92.29178754438108,4.846238226783241,-0.11263800969169502,0.9772855775542072
92.29178754438108,4.846309690696272,-0.11256654577866332,0.9772999888662915
92.12327861580965,4.846456021110251,-0.1124202153646845,0.9773294976515486
91.95476968723823,4.846402500241277,-0.11247373623365853,0.977318704708466
91.7862607586668,4.846412399741828,-0.11246383673310767,0.9773207010278091
91.61702861580966,4.846481389045467,-0.11239484742946892,0.9773346133136475
91.44851968723823,4.846469632524893,-0.11240660395004287,0.9773322425102611
91.2800107586668,4.846542953457947,-0.11233328301698897,0.9773470283063886
91.11150183009538,4.846445812283526,-0.1124304241914098,0.9773274389539247
90.94299290152394,4.846371872698125,-0.11250436377681083,0.977312528401236
90.94299290152394,4.846546974698212,-0.11232926177672375,0.9773478392240388
90.77448397295251,4.8477135967697835,-0.11116263970515217,0.9775830985884469
90.60597504438108,4.847672141747557,-0.11120409472737869,0.9775747388270313
90.43674290152394,4.847969443531105,-0.11090679294383055,0.9776346922861157
90.26823397295252,4.84777639848696,-0.11109983798797529,0.9775957630943112
90.09538575866681,4.847233769157965,-0.1116424673169707,0.9774863372278206
89.92615361580965,4.847267799289035,-0.1116084371859003,0.9774931996961396
89.75258218723823,4.847618931267733,-0.11125730520720278,0.9775640084765876
89.58479647295252,4.8475582948337745,-0.11131794164116116,0.9775517806186886
89.58479647295252,4.847286671374592,-0.11158956510034379,0.9774970054143419
89.41556433009538,4.8473126579621555,-0.1115635785127802,0.9775022458330023
89.24633218723824,4.847340500506764,-0.11153573596817168,0.9775078605213471
89.07854647295252,4.847296261548969,-0.1115799749259665,0.9774989393554044
88.91003754438108,4.847142196917658,-0.11173403955727768,0.9774678708987694
88.74080540152393,4.847167255526698,-0.11170898094823745,0.9774729241825872
88.57301968723823,4.8471038351571725,-0.11177240131776323,0.9774601349201614
88.40234111580965,4.847180868004316,-0.11169536847061945,0.977475669255658
88.23021611580967,4.847186435875453,-0.11168980059948286,0.977476792064712
88.23021611580967,4.847298117506014,-0.11157811896892156,0.977499313625089
88.06243040152394,4.847091150658077,-0.11178508581685875,0.9774575769819328
87.89392147295251,4.847088676048683,-0.1117875604262526,0.9774570779556866
87.72541254438109,4.847214898135386,-0.11166133833954994,0.9774825317239767
87.55618040152393,4.847596037941912,-0.11128019853302362,0.9775593918407353
87.3876714729525,4.847854668638802,-0.1110215678361337,0.9776115469429311
87.21916254438108,4.847924895247136,-0.11095134122779982,0.9776257087418921
87.05065361580965,4.848103399835139,-0.11077283663979642,0.9776617057257835
86.88214468723822,4.848043072727356,-0.11083316374757946,0.9776495402461655
86.88214468723822,4.848033173226805,-0.11084306324813031,0.9776475439268224
86.7136357586668,4.848064110096133,-0.11081212637880267,0.9776537826123335
86.54440361580966,4.847976249769915,-0.11089998670502066,0.9776360648226512
86.37589468723823,4.848155373010266,-0.11072086346467014,0.9776721865631038
86.2073857586668,4.848741314381511,-0.11013492209342512,0.9777903466750533
86.03887683009536,4.84894302162151,-0.10993321485342555,0.9778310226730779
85.87036790152393,4.848555075576174,-0.11032116089876176,0.9777527900197839
85.70185897295251,4.8483740953158,-0.11050214115913537,0.977716293795288
85.53262683009537,4.848196518706319,-0.11067971776861629,0.977680483946239
85.36484111580965,4.8480526629017335,-0.11082357357320216,0.977651474187228
85.36484111580965,4.848074937575207,-0.11080129889972845,0.977655966066519
85.19560897295251,4.848286544315757,-0.11058969215917891,0.9776986383838866
85.0278232586668,4.848492273858997,-0.11038396261593864,0.9777401255139196
84.85859111580966,4.848848973708829,-0.1100272627661063,0.9778120571034215
84.69008218723823,4.848941474990638,-0.10993476148429782,0.9778307107816738
84.5215732586668,4.848974266754033,-0.10990196972090249,0.977837323522511
84.35306433009538,4.849227948232136,-0.10964828824279937,0.9778884805722144
84.18455540152395,4.849671889755839,-0.10920434671909707,0.977978005194837
84.01604647295252,4.8494673985802725,-0.10940883789466316,0.9779367677922857
84.01604647295252,4.849309002319544,-0.10956723415539127,0.9779048258253612
83.84681433009536,4.8493476734062035,-0.10952856306873215,0.9779126241822499
83.67830540152393,4.8497838807125735,-0.1090923557623622,0.9780005891334945
83.5097964729525,4.849559898799103,-0.10931633767583282,0.9779554212561793
83.34056433009536,4.849732215800646,-0.10914402067428952,0.977990170460097
83.17277861580965,4.850045295345032,-0.10883094112990399,0.9780533056402175
83.00426968723822,4.850240814998571,-0.10863542147636451,0.9780927338582684
82.8357607586668,4.850227822236278,-0.10864841423865812,0.9780901137561174
82.66652861580965,4.850506561260444,-0.10836967521449203,0.9781463238752803
82.66652861580965,4.850606178107235,-0.10827005836770098,0.9781664124683487
82.49874290152394,4.850550801281215,-0.10832543519372084,0.9781552452555813
82.3295107586668,4.850643301500046,-0.10823293497488962,0.9781738987194752
82.16100183009537,4.850544923020929,-0.10833131345400648,0.9781540598538884
81.99249290152395,4.850408492107501,-0.10846774436743445,0.9781265473879743
81.82398397295252,4.850636495261238,-0.10823974121369773,0.97817252618294
81.65547504438109,4.8509300851306945,-0.10794615134424124,0.9782317311026548
81.48696611580965,4.850245765280334,-0.10863047119460134,0.9780937321251191
81.31773397295251,4.850626286434511,-0.10824995004042481,0.9781704674853158
81.31773397295251,4.850999073371358,-0.10787716310357798,0.9782456431741351
81.1448857586668,4.851249351198566,-0.10762688527636932,0.9782961138483914
80.97637683009538,4.851350205350054,-0.10752603112488135,0.9783164519545829
80.80714468723824,4.85218704213788,-0.10668919433705604,0.9784852072829918
80.63935897295251,4.852509402530468,-0.10636683394446766,0.978550214025894
80.47012683009537,4.852598809487557,-0.1062774269873783,0.9785682437069801
80.30161790152394,4.852670273400589,-0.1062059630743466,0.9785826550190645
80.13310897295251,4.853002533293729,-0.10587370318120648,0.97864965808131
79.96460004438109,4.853439049926275,-0.1054371865486603,0.9787376854108358
79.79609111580966,4.854538230388056,-0.10433800608687971,0.9789593445951679
79.79609111580966,4.854304658300207,-0.10457157817472851,0.97891224277679
79.62758218723823,4.853947030471852,-0.10492920600308331,0.9788401240524459
79.45762683009538,4.854207208862589,-0.10466902761234653,0.9788925912604038
79.28984111580966,4.854465839559479,-0.10441039691545662,0.9789447463625998
79.12133218723824,4.854421599538707,-0.1044546369362287,0.9789358249822986
78.9528232586668,4.854262893951806,-0.10461334252312948,0.9789038206370936
78.78431433009537,4.854307443298753,-0.10456879317618295,0.9789128043956756
78.61508218723823,4.854228554494563,-0.10464768198037255,0.9788968957904942
78.4472964729525,4.854374884908542,-0.10450135156639373,0.9789264045757513
78.4472964729525,4.85459391654025,-0.1042823199346854,0.9789705741862161
78.27878754438107,4.854962063584483,-0.10391417289045268,0.9790448142008237
78.11027861580965,4.855350009629817,-0.10352622684511825,0.9791230468541173
77.94104647295251,4.855448697435109,-0.10342753903982693,0.979142948097985
77.77253754438108,4.855679176261216,-0.10319706021372,0.9791894261335551
77.60402861580965,4.855896661262052,-0.10297957521288392,0.9792332838526158
77.43551968723823,4.855977096697113,-0.10289913977782295,0.9792495043492011
77.2670107586668,4.855839428478988,-0.10303680799594783,0.979221742370164
77.09850183009537,4.855931310045471,-0.10294492642946462,0.9792402710774963
77.09850183009537,4.8562663538741795,-0.10260988260075621,0.9793078355442689
76.92999290152395,4.856587786288247,-0.10228845018668853,0.9793726551523292
76.7607607586668,4.856644091092788,-0.10223214538214798,0.9793840094999385
76.59225183009538,4.856801868701167,-0.10207436777376877,0.9794158267103014
76.42374290152394,4.857144337421033,-0.10173189905390245,0.9794848884701709
76.25523397295251,4.857563838988043,-0.10131239748689236,0.9795694845655372
76.08600183009537,4.857853715880435,-0.10102252059450034,0.9796279407315248
75.91821611580966,4.858184429142704,-0.1006918073322316,0.9796946319023664
75.74898397295252,4.8582181499476,-0.10065808652733566,0.9797014319924046
75.58047504438109,4.85827507340449,-0.10060116307044531,0.9797129110965757
75.58047504438109,4.858663947428348,-0.10021228904658752,0.9797913308847118
75.40690361580965,4.858780270014499,-0.10009596646043661,0.9798147883336586
75.23839468723823,4.859035806386671,-0.09984043008826493,0.9798663194386885
75.06554647295252,4.859397765844442,-0.09947847063049409,0.9799393116733219
74.89703754438109,4.859531722148476,-0.09934451432645997,0.9799663251129898
74.72852861580967,4.859617416128499,-0.09925882034643685,0.9799836060403484
74.55929647295251,4.859778905650967,-0.09909733082396865,0.9800161717900803
74.39078754438108,4.860000103628871,-0.09887613284606456,0.9800607782628687
74.39078754438108,4.860311016827062,-0.0985652196478739,0.9801234765806658
74.22227861580966,4.860461988196631,-0.09841424827830458,0.9801539212544931
74.05376968723823,4.86085488452373,-0.09802135195120609,0.9802331521746376
73.8852607586668,4.860930679003199,-0.0979455574717365,0.9802484367826526
73.71675183009538,4.861056282437555,-0.09781995403738097,0.9802737657943814
73.54824290152395,4.861218699938545,-0.09765753653639031,0.9803065186789556
73.37973397295252,4.861525282570297,-0.09735095390463844,0.9803683437008217
73.21050183009538,4.861804021594463,-0.09707221488047235,0.9804245538199846
73.04199290152395,4.862229092095586,-0.09664714437934929,0.9805102729387632
72.87348397295251,4.862646736642576,-0.09622949983235962,0.9805944945500867
72.87348397295251,4.862911554925925,-0.0959646815490105,0.9806478974322561
72.70497504438109,4.863043344883764,-0.09583289159117125,0.9806744740096004
72.53646611580965,4.863179157144844,-0.0956970793300913,0.980701861718953
72.3672339729525,4.863440882166453,-0.09543535430848227,0.9807546408183151
72.19872504438108,4.863739730580873,-0.09513650589406275,0.9808149061688034
72.03093933009536,4.8641406693885,-0.0947355670864356,0.9808957589242479
71.86170718723822,4.864325670889141,-0.094550565585795,0.9809330660663943
71.6931982586668,4.864747647065543,-0.09412858940939284,0.9810181611880063
71.52468933009537,4.865081763978707,-0.09379447249622874,0.9810855387342953
71.52468933009537,4.865480537503115,-0.09339569897182098,0.9811659548417744
71.35618040152394,4.86582981246179,-0.09304642401314567,0.9812363891381793
71.1869482586668,4.866180635114314,-0.09269560136062172,0.9813071355403467
71.01916254438109,4.866541975919738,-0.092334260555198,0.9813800030184188
70.84559111580965,4.8669057913345535,-0.09197044514038222,0.9814533695227368
70.67708218723823,4.867389641249611,-0.09148659522532476,0.9815509420153711
70.5085732586668,4.867933817209478,-0.09094241926545799,0.9816606797732654
70.34006433009537,4.868366621927931,-0.09050961454700435,0.9817479585634217
70.17155540152395,4.868581940582573,-0.09029429589236226,0.9817913794201589
70.17155540152395,4.868786432821116,-0.0900898036538198,0.9818326170370687
70.00232325866679,4.8690917770851945,-0.08978445938974122,0.9818941923314535
69.83381433009536,4.869496739259041,-0.08937949721589433,0.9819758564332651
69.66530540152394,4.87000317211077,-0.08887306436416598,0.9820779829691128
69.49679647295251,4.870424529634826,-0.08845170684011006,0.9821629533341637
69.32756433009537,4.870668311612376,-0.08820792486255957,0.9822121140645238
69.15905540152394,4.8708137140478325,-0.08806252242710322,0.9822414357149386
68.99126968723823,4.870337289023932,-0.08853894745100366,0.9821453605154012
68.8227607586668,4.86769282023047,-0.09118341624446558,0.9816120806617904
68.65352861580966,4.869424966019834,-0.08945127045510137,0.9819613827428997
68.65352861580966,4.871109468137534,-0.08776676833740193,0.982301077068261
68.48501968723824,4.8720672684671,-0.08680896800783611,0.9824942257341867
68.31651075866681,4.872633719100437,-0.08624251737449828,0.9826084553713716
68.14800183009538,4.873047961059511,-0.08582827541542493,0.9826919908216066
67.97949290152395,4.8731942914734905,-0.08568194500144521,0.982721499606864
67.81098397295251,4.873614721019024,-0.08526151545591176,0.9828062828370726
67.64247504438109,4.874452796174521,-0.08442344030041493,0.9829752878929626
67.47324290152395,4.875192802177075,-0.08368343429786052,0.9831245164615466
67.3040107586668,4.875624987180206,-0.08325124929472949,0.9832116702807834
67.3040107586668,4.875791117658265,-0.0830851188166708,0.9832451719190853
67.13622504438108,4.876079757245959,-0.0827964792289766,0.9833033785719497
66.96771611580965,4.876459659747787,-0.08241657672714897,0.9833799891755848
66.79920718723822,4.8767337588793405,-0.08214247759559523,0.9834352636205361
66.62997504438108,4.8770462187084025,-0.0818300177665332,0.9834982738297371
66.46218933009537,4.877561624145137,-0.08131461232979831,0.9836022097644442
66.29368040152394,4.8780745549724776,-0.08080168150245814,0.9837056466729049
66.12517147295252,4.87850766795413,-0.08036856852080554,0.9837929876269838
65.95593933009538,4.878919744629982,-0.07995649184495335,0.983876086429253
65.95593933009538,4.879421228262924,-0.07945500821201179,0.9839772149126083
65.78743040152393,4.879938489656703,-0.07893774681823285,0.9840815251169998
65.61892147295251,4.880247238634651,-0.07862899784028432,0.9841437870011899
65.44535004438109,4.880456680091982,-0.07841955638295328,0.9841860226705923
65.27684111580966,4.880741916028784,-0.07813432044615176,0.9842435429480099
65.10326968723822,4.881214318749442,-0.0776619177254938,0.9843388070155386
64.9347607586668,4.881671872750764,-0.07720436372417172,0.9844310767112322
64.76625183009537,4.881967627903441,-0.07690860857149495,0.9844907182789127
64.59774290152394,4.882170572448137,-0.07670566402679846,0.9845316437900605
64.59774290152394,4.882654731689371,-0.07622150478556478,0.9846292786609759
64.42923397295252,4.8834074211280445,-0.0754688153468912,0.9847810649534301
64.26072504438109,4.883851362651748,-0.07502487382318801,0.9848705895760528
64.09221611580966,4.88427550411137,-0.07460073236356557,0.9849561213456305
63.922983972952515,4.884835768221225,-0.07404046825371058,0.9850691034172002
63.75447504438109,4.885477085355511,-0.07339915111942474,0.9851984305275582
63.58596611580966,4.886105409727503,-0.07277082674743252,0.9853251375357651
63.416733972952514,4.886409517749862,-0.0724667187250736,0.9853864635313853
63.24894825866679,4.886680213230521,-0.07219602324441432,0.9854410516008895
63.24894825866679,4.887187884449925,-0.07168835202501089,0.9855434278642189
63.080439330095366,4.8870375317327035,-0.0718387047422322,0.985513107946953
62.906867901523945,4.8879037598219615,-0.07097247665297424,0.9856877902838274
62.73835897295252,4.8887248188489485,-0.0701514176259872,0.9858533638911998
62.56912683009537,4.889359330807402,-0.06951690566753399,0.9859813186793808
62.40061790152394,4.88987256989794,-0.06900366657699575,0.9860848177517639
62.23283218723822,4.890492541400252,-0.06838369507468389,0.9862098403320315
62.05853754438108,4.891387540012641,-0.06748869646229494,0.986390324492093
61.885689330095374,4.891758470992442,-0.06711776548249393,0.9864651259112276
61.885689330095374,4.892045562886288,-0.06683067358864747,0.9865230204583297
61.71211790152394,4.892339771408095,-0.0665364650668403,0.9865823501346066
61.54360897295251,4.892630576279009,-0.0662456601959267,0.9866409934354364
61.375100044381085,4.892980469890032,-0.06589576658490337,0.9867115524884029
61.205867901523945,4.8932285824340225,-0.06564765404091322,0.986761586514694
61.03301968723822,4.893631996914022,-0.06524423956091407,0.9868429385107435
60.864510758666796,4.893963947480988,-0.06491228899394752,0.9869098791947082
60.695278615809656,4.894159467134527,-0.06471676934040893,0.986949307412759
60.695278615809656,4.894784078529452,-0.06409215794548384,0.9870752656672382
60.52243040152394,4.895462521182503,-0.063413715292433,0.9872120794574395
60.353921472952514,4.896165712055444,-0.06271052441949188,0.9873538839388195
60.184689330095374,4.896795273732134,-0.06208096274280184,0.9874808404601497
60.01690361580965,4.8974477276716675,-0.06142850880326822,0.9876124134029739
59.848394687238226,4.897951686976979,-0.06092454949795645,0.9877140411269337
59.679162544381086,4.898530821046436,-0.06034541542849947,0.987830828487989
59.51065361580966,4.899149864570227,-0.05972637190470831,0.9879556639334146
59.34142147295251,4.89962350565856,-0.059252730816375276,0.9880511777284251
59.173635758666805,4.900131176877962,-0.058745059596973626,0.9881535539917542
59.173635758666805,4.900646581251721,-0.058229655223215104,0.9882574897121029
59.00512683009538,4.901277070906932,-0.057599165568003485,0.9883846333682753
58.83661790152394,4.902041826192354,-0.056834410282581516,0.9885388528423966
58.66810897295251,4.90272645536889,-0.05614978110604607,0.9886769141982135
58.49887683009537,4.9032186581536275,-0.05565757832130824,0.988776171118787
58.33036790152394,4.903457488786438,-0.055418747688497305,0.9888243333679382
58.1611357586668,4.903567314459955,-0.055308922014980944,0.9888464806586305
57.992626830095375,4.9040570426353005,-0.05481919383963518,0.9889452385529581
57.82484111580966,4.904676394422288,-0.05419984205264772,0.989070136162306
57.82484111580966,4.9051571510756045,-0.053719085399331234,0.9891670848721327
57.65633218723823,4.905839923232117,-0.05303631324281888,0.9893047717439062
57.4878232586668,4.906456801472688,-0.052419435002247994,0.9894291705413663
57.319314330095374,4.90683917858391,-0.05203705789102564,0.9895062801712476
57.15080540152395,4.9071584457147575,-0.05171779076017824,0.9895706631313423
56.976510758666805,4.907616926631625,-0.05125930984331095,0.9896631197475199
56.808001830095364,4.908063653153872,-0.050812583321063975,0.9897532059890277
56.64021611580966,4.908609994396956,-0.050266242077979584,0.9898633803948872
56.47098397295251,4.909149221138035,-0.04972701533690049,0.9899721201002892
56.47098397295251,4.909703606987602,-0.04917262948733381,0.9900839167701655
56.30247504438108,4.9101917874691,-0.048684449005835795,0.9901823625587309
56.133966115809656,4.910652434732164,-0.048223801742771855,0.9902752560372323
55.964733972952516,4.911247347625435,-0.047628888849501116,0.990395225333682
55.796948258666795,4.911799876454981,-0.047076360019954855,0.9905066475195156
55.62843933009537,4.912337556565188,-0.046538679909748026,0.9906150753335133
55.45486790152394,4.912792944220312,-0.04608329225462349,0.9907069081668829
55.28635897295251,4.913227295569638,-0.045648940905297586,0.9907944988484432
55.11712683009537,4.913523669374664,-0.04535256710027191,0.9908542651726854
55.11712683009537,4.9139892658565145,-0.044886970618421174,0.990948156703679
54.94934111580965,4.914548601987847,-0.04432763448708865,0.9910609516404064
54.78010897295251,4.91492881381585,-0.04394742265908569,0.9911376246223225
54.611600044381085,4.91537553927512,-0.043500697199815974,0.9912277106494719
54.442367901523944,4.915904247863298,-0.042971988611637535,0.9913343292789689
54.27458218723823,4.916382528844244,-0.04249370763069127,0.9914307787481911
54.106073258666804,4.91673025717205,-0.04214597930288555,0.9915009011531924
53.93250183009537,4.917099331131827,-0.04177690534310852,0.9915753280882835
53.76326968723823,4.917565238002829,-0.04131099847210695,0.9916692822119164
53.76326968723823,4.918171906353698,-0.04070433012123775,0.9917916220973942
53.595483972952515,4.918530772549726,-0.04034546392520966,0.9918639905492197
53.42191254438109,4.918923358487674,-0.03995287798726199,0.9919431588767251
53.252680401523946,4.919532502510912,-0.039343733964023464,0.9920659980028074
53.084894687238226,4.920026251926522,-0.038849984548413374,0.992165566814785
52.915662544381085,4.9203362371461905,-0.03853999932874519,0.9922280779977397
52.74787683009537,4.920842671060897,-0.038033565414038684,0.9923302047479461
52.57864468723823,4.921589482239283,-0.03728675423565253,0.9924808056387069
52.410135758666804,4.922394764568408,-0.036481471906527396,0.9926431977394015
52.410135758666804,4.922740946265342,-0.03613529020959394,0.9927130082529987
52.24162683009538,4.923140029115925,-0.03573620735901084,0.9927934867387588
52.073117901523936,4.923646153704456,-0.035230082770479676,0.9928955511106841
51.90460897295251,4.924281593641433,-0.03459464283350311,0.9930236930337074
51.73610004438108,4.924870009622069,-0.034006226852866916,0.9931423521719025
51.567591115809655,4.9253767517999725,-0.03349948467496322,0.9932445410860311
51.39908218723823,4.925689522018184,-0.033186714456751254,0.993307613887871
51.22985004438109,4.926245454498623,-0.032630781976312306,0.9934197224491514
51.06134111580966,4.926796436697299,-0.03207979977763653,0.9935308327435813
51.06134111580966,4.9273755718297325,-0.03150066464520318,0.9936476203189948
50.887769687238226,4.92786158702801,-0.031014649446925446,0.9937456294595945
50.7192607586668,4.928344818290721,-0.03053141818421512,0.9938430771956674
50.55075183009537,4.9288011339243685,-0.030075102550567223,0.9939350971638795
50.382242901523945,4.929134941511356,-0.029741294963579357,0.9940024123318872
50.213010758666805,4.929570839491553,-0.02930539698338297,0.9940903149048513
50.04450183009538,4.930266605473336,-0.028609631001599745,0.9942306220931343
49.87599290152394,4.93066754534394,-0.028208691130995334,0.9943114750629373
49.70748397295251,4.930954637237788,-0.027921599237147987,0.9943693696100396
49.53897504438108,4.93145828615395,-0.027417950320985263,0.9944709347413607
49.53897504438108,4.931973072938335,-0.02690316353660105,0.9945747459195059
49.370466115809656,4.932233868918444,-0.02664236755649174,0.9946273376696672
49.20195718723823,4.93250301883121,-0.026373217643725688,0.9946816140621261
49.02838575866679,4.9329503629428295,-0.02592587353210618,0.9947718248458373
48.85987683009537,4.933519907900886,-0.025356328574050124,0.9948866784801883
48.69136790152394,4.934004376468294,-0.024871860006641988,0.9949843757293846
48.5221357586668,4.9345664954722155,-0.02430974100272021,0.9950977318562803
48.354350044381086,4.9350252867782345,-0.023850949696701207,0.995190251065097
48.18584111580965,4.9354945962371515,-0.023381640237784218,0.9952848913498181
48.18584111580965,4.936151072479928,-0.022725163995008124,0.995417275424651
48.01660897295251,4.936666168590487,-0.02221006788444857,0.995521148981077
47.848100044381084,4.937193948137166,-0.02168228833776986,0.9956275802613733
47.67959111580966,4.937509194027749,-0.02136704244718679,0.995691152303818
47.51108218723823,4.937882908943117,-0.020993327531818373,0.9957665151274794
47.34185004438109,4.938359952619367,-0.02051628385556903,0.9958627150835785
47.174064330095376,4.9387506826002685,-0.02012555387466719,0.995941509141399
47.00555540152394,4.939059430515239,-0.019816805959696815,0.9960037708112305
46.837046472952515,4.9396314500826906,-0.01924478639224514,0.9961191234718281
46.837046472952515,4.940217700780108,-0.01865853569482745,0.9962373459620579
46.66853754438109,4.940616164978343,-0.018260071496592367,0.9963176996912565
46.50002861580966,4.94096110937058,-0.017915127104355832,0.9963872606917307
46.32573397295252,4.941275735545836,-0.017600500929099816,0.996450707763255
46.1579482586668,4.941637385677434,-0.017238850797501648,0.9965236376196079
45.98871611580965,4.941988516593155,-0.016887719881780505,0.9965944461856977
45.820207187238225,4.942427199571896,-0.01644903690303945,0.9966829103775471
45.6516982586668,4.9428244264654335,-0.016051810009502177,0.9967630145936224
45.48318933009537,4.9431498801197655,-0.015726356355170168,0.9968286451193327
45.48318933009537,4.943497299121396,-0.01537893735353979,0.9968987051460529
45.314680401523944,4.943638988579785,-0.015237247895150574,0.9969272780427402
45.14110897295251,4.943741698688319,-0.015134537786616775,0.9969479904186165
44.97187683009537,4.944189353189088,-0.01468688328584733,0.9970382637949666
44.804091115809655,4.944782409062338,-0.014093827412597904,0.9971578586073734
44.63558218723823,4.945289461629392,-0.013586774845543381,0.9972601101141412
44.46635004438109,4.945865811763282,-0.013010424711653812,0.9973763360706694
44.29784111580966,4.946468149547712,-0.012408086927223394,0.9974978026602165
44.12933218723823,4.946961589637147,-0.011914646837788645,0.9975973090939131
44.12933218723823,4.947189902117058,-0.01168633435787747,0.9976433502671596
43.9608232586668,4.947338398877234,-0.011537837597701994,0.9976732959147406
43.79231433009537,4.947697264010286,-0.011178972464649384,0.997745664152208
43.623805401523946,4.948232159121949,-0.010644077352986336,0.9978535303473206
43.4545732586668,4.948598140882961,-0.01027809559197479,0.9979273337139624
43.28678754438109,4.948803869363226,-0.010072367111710001,0.9979688206296372
43.11827861580965,4.949002792667657,-0.009873443807278726,0.9980089352231348
42.94976968723822,4.949313087213498,-0.009563149261437864,0.9980715087843701
42.78053754438108,4.949466533192461,-0.009409703282474702,0.9981024524844436
42.612028615809656,4.949604510736761,-0.009271725738174474,0.9981302768417618
42.612028615809656,4.949892840998281,-0.00898339547665472,0.9981884211163454
42.43845718723823,4.950128887695524,-0.008747348779412079,0.9982360219609695
42.26922504438109,4.950594794566524,-0.008281441908411402,0.9983299760846022
42.100716115809654,4.950768967525113,-0.008107268949822277,0.9983650995582044
41.93293040152394,4.950864871394837,-0.008011365080098365,0.9983844393975452
41.76442147295251,4.951209815787073,-0.007666420687862718,0.9984540003980191
41.595912544381086,4.951603330766521,-0.007272905708414434,0.9985333560747254
41.426680401523946,4.952008910529739,-0.006867325945196789,0.99861514471874
41.258894687238225,4.952325392662042,-0.006550843812894058,0.9986789660599493
41.258894687238225,4.952569482902791,-0.006306753572144608,0.9987281889542321
41.08821611580966,4.952814811511212,-0.006061424963723638,0.998777661575996
40.92115361580966,4.953185433164838,-0.005690803310097969,0.9988524006168495
40.75264468723823,4.9534722157325115,-0.005404020742424187,0.9989102327856713
40.584135758666804,4.953706406472708,-0.005169830002227371,0.9989574593606106
40.41562683009538,4.954155607604348,-0.00472062887058744,0.9990480446283646
40.24639468723823,4.954560568715218,-0.004315667759717812,0.9991297085158177
40.0778857586668,4.954755779042583,-0.0041204574323527865,0.9991690743555879
39.91010004438108,4.9547137053680075,-0.004162531106928213,0.9991605898376106
39.91010004438108,4.954808062606861,-0.004068173868074787,0.9991796177855475
39.74086790152394,4.954998941304809,-0.0038772951701266933,0.9992181101150283
39.572358972952514,4.955237154348248,-0.0036390821266873985,0.9992661478219762
39.40385004438109,4.955629121633847,-0.0032471148410886386,0.9993451913929199
39.23534111580966,4.955878162156359,-0.0029980743185769043,0.9993954125540532
39.06610897295252,4.956183816809588,-0.0026924196653475008,0.999457050441077
38.8983232586668,4.956650342332938,-0.0022258941419979195,0.9995511293212713
38.72909111580965,4.9569262974215365,-0.0019499390533992411,0.9996067780359074
38.560582187238225,4.957125838315339,-0.0017503981595963225,0.9996470171716081
38.560582187238225,4.957449126686453,-0.0014271097884828166,0.9997122110493531
38.3920732586668,4.957689505013112,-0.001186731461824131,0.9997606854042665
38.22284111580966,4.957944114469735,-0.0009321220052003198,0.9998120295888121
38.055055401523944,4.9583175200589285,-0.0005587164160072433,0.9998873300341925
37.8858232586668,4.958425798038599,-0.000450438436336853,0.9999091652191229
37.71803754438108,4.958455497603229,-0.00042073887170701596,0.9999151543915107
37.54880540152394,4.958515204995687,-0.00036103147924837486,0.9999271949002089
37.3795732586668,4.958940584822984,6.434834804824874e-05,1.0000129763972683
37.21178754438109,4.959450730651779,0.0005744941768437428,1.0001158516868436
37.04327861580966,4.959803718587523,0.0009274821125870858,1.0001870347369763
37.04327861580966,4.95994231478417,0.0010660783092344417,1.0002149838508558
36.87476968723823,4.96013350387127,0.0012572673963342496,1.0002535387729756
36.7062607586668,4.960455554937686,0.0015793184627499457,1.0003184831375975
36.53702861580965,4.960814420070738,0.0019381835958025562,1.0003908513750648
36.364180401523946,4.961100275722863,0.0022240392479275783,1.000448496623402
36.194948258666805,4.961219381181608,0.0023431447066721844,1.000472515262518
36.022100044381084,4.961436866182445,0.0025606297075091433,1.000516372981579
35.85359111580966,4.9616657983776795,0.00278956190274382,1.0005625391257449
35.68508218723823,4.961663632031484,0.0027873955565480557,1.0005621022634212
35.68508218723823,4.961697353899355,0.0028211174244194837,1.0005689025678175
35.5165732586668,4.961853274487712,0.0029770380127764895,1.0006003452941372
35.34734111580966,4.961919169466632,0.0030429329916961123,1.0006136335828093
35.178832187238235,4.961750564379178,0.0028743279042426906,1.000579632918261
35.010323258666794,4.961716224921935,0.0028399884469996195,1.0005727080716615
34.84181433009537,4.961732621335122,0.002856384860185912,1.0005760145492593
34.67330540152394,4.961771292421781,0.0028950559468450265,1.0005838129061482
34.5040732586668,4.961865957923831,0.0029897214488956436,1.0006029030180073
34.336287544381086,4.962019403902794,0.003143167427857918,1.0006338467180806
34.336287544381086,4.962238435534503,0.003362199059567139,1.0006780163285456
34.16777861580966,4.9623241305775005,0.0034478941025648524,1.0006952974702623
33.99854647295251,4.962628238599859,0.003752002124922882,1.0007566234658822
33.830037544381085,4.963098785363473,0.0042225488885376805,1.0008515132637268
33.65646611580966,4.963335450713065,0.004459214238129228,1.0008992388649125
33.48795718723823,4.963670804930923,0.00479456845598758,1.000966865924324
33.3194482586668,4.963889836562632,0.005013600087695913,1.0010110355347888
33.15093933009537,4.963804141519633,0.004927905044697312,1.000993754393072
32.98243040152394,4.9638143514093365,0.004938114934400772,1.0009958133050545
32.98243040152394,4.963939025802191,0.005062789327255679,1.0010209549675824
32.813921472952515,4.964095565042896,0.0052193285679607015,1.0010525224504636
32.64468933009537,4.964148157933348,0.005271921458412265,1.001063128258704
32.47690361580966,4.964292323064107,0.005416086589171698,1.0010922003959957
32.307671472952514,4.9643823486735466,0.005506112198610857,1.0011103548336437
32.13916254438109,4.964437106847216,0.005560870372280036,1.0011213972898492
31.970653615809653,4.964585911870589,0.005709675395653591,1.0011514051013526
31.802144687238226,4.964804943502297,0.005928707027361035,1.0011955747118173
31.6336357586668,4.964894350459387,0.00601811398445129,1.0012136043929036
31.6336357586668,4.964989326350588,0.006113089875652733,1.001232757097402
31.46512683009537,4.964988089045891,0.006111852570954923,1.0012325075842787
31.296617901523945,4.965043156545736,0.00616692007080033,1.0012436124187654
31.127385758666804,4.965266518743883,0.006390282268947445,1.001288655325161
30.958876830095367,4.9656294061801765,0.006753169705240758,1.0013618346946367
30.79036790152394,4.9657701687230205,0.0068939322480847665,1.00139022067084
30.621858972952513,4.9658301854416536,0.00695394896671786,1.001402323557819
30.453350044381086,4.965699014136163,0.006822777661227519,1.0013758717370365
30.28484111580966,4.965602491614091,0.00672625513915559,1.0013564071411343
30.116332187238232,4.965683855027675,0.0068076185527390365,1.001372814772562
30.116332187238232,4.965686020310894,0.006809783835958427,1.0013732514205274
29.947823258666798,4.965754390962183,0.006878154487247379,1.0013870389498039
29.77931433009537,4.9659118581814115,0.007035621706475759,1.0014187935675276
29.610805401523944,4.966115421378456,0.007239184903520268,1.001459843835237
29.442296472952517,4.966153783138939,0.007277546664003154,1.0014675798138444
29.273064330095373,4.966108306876449,0.007232070401513191,1.001458409134779
29.104555401523946,4.966059116573913,0.007182880098977051,1.001448489487627
28.936046472952512,4.966083248267408,0.007207011792472073,1.0014533558509608
28.767537544381085,4.966262680833934,0.0073864443589979345,1.0014895399696946
28.767537544381085,4.966251233639535,0.007374997164599328,1.0014872315445893
28.599028615809658,4.966269177746569,0.007392941271633369,1.0014908501279494
28.424733972952517,4.966334454073141,0.007458217598204975,1.00150401366006
28.256948258666803,4.966132437506967,0.007256201032030951,1.0014632752837545
28.08843933009537,4.966001883790848,0.0071256473159122535,1.001436948005175
27.919930401523942,4.966037770941939,0.007161534467003072,1.0014441849575366
27.750698258666798,4.966280005225643,0.0074037687507075844,1.0014930335821348
27.58218933009537,4.966570500770382,0.007694264295446729,1.0015516145046839
27.413680401523944,4.9666441299666335,0.007767893491697819,1.0015664624647336
27.413680401523944,4.966616287422025,0.007740050947089294,1.0015608477763889
27.24010897295252,4.966572666053602,0.00769642957866612,1.0015520511526492
27.071600044381082,4.966403132987626,0.007526896512690229,1.0015178633532587
26.903091115809655,4.966267630052721,0.007391393577785621,1.001490538022187
26.734582187238228,4.96619400085647,0.007317764381534531,1.0014756900621373
26.5660732586668,4.966136768073406,0.007260531598470621,1.0014641485796854
26.397564330095374,4.966124703289634,0.007248466814698595,1.0014617156123766
26.229055401523947,4.966219059465511,0.007342822990575648,1.0014807433459552
26.06054647295251,4.966515742596711,0.007639506121774886,1.001540572048478
26.06054647295251,4.966598343314992,0.007722106840056142,1.0015572291930288
25.892037544381083,4.966706622357637,0.00783038588270113,1.0015790645923173
25.722805401523942,4.966692081901496,0.007815845426560664,1.0015761323844041
25.554296472952515,4.966714665901142,0.007838429426206162,1.0015806866419756
25.38578754438109,4.966661763684517,0.0077855272095810335,1.0015700184554546
25.21727861580966,4.966728586641959,0.007852350167023125,1.001583493878969
25.048769687238224,4.966803763532057,0.007927527057121075,1.001598653944781
24.880260758666797,4.966870277163325,0.007994040688389603,1.0016120669900148
24.71175183009537,4.966980102836842,0.008103866361905965,1.001634214280707
24.71175183009537,4.966991858294438,0.00811562181950265,1.0016365848697348
24.54251968723823,4.9671122021208545,0.008235965645918775,1.0016608532363318
24.36967147295252,4.967208415316753,0.00833217884181714,1.0016802554539534
24.200439330095374,4.967165721926852,0.008289485451916434,1.0016716459650563
24.032653615809654,4.967172218839487,0.00829598236455098,1.0016729561233109
23.863421472952513,4.967162937991284,0.008286701516348138,1.0016710845605292
23.694912544381086,4.966959065468066,0.008082828993130065,1.0016299719145392
23.52640361580966,4.966551938011,0.007675701536064672,1.0015478711647623
23.357894687238232,4.966378693030935,0.007502456555998904,1.0015129348260023
23.18866254438109,4.966301970572942,0.007425734098005954,1.001497463083145
23.18866254438109,4.966233599921652,0.007357363446716114,1.0014836755538683
23.020876830095368,4.966000646486151,0.007124410011215332,1.001436698492052
22.851644687238228,4.966061901572457,0.007185665097521721,1.0014490511065124
22.6831357586668,4.965894224463527,0.007017987988591656,1.0014152375768064
22.514626830095374,4.965744800787806,0.006868564312870085,1.0013851050087414
22.346117901523947,4.965600017004697,0.006723780529761747,1.001355908114888
22.176885758666803,4.965586713853253,0.006710477378317314,1.0013532254200979
22.009100044381082,4.965642090679274,0.006765854204338062,1.0013643926328655
21.840591115809655,4.965722526114333,0.006846289639397263,1.0013806131294505
21.840591115809655,4.96584658185484,0.006970345379904153,1.0014056300354168
21.672082187238228,4.965893605811179,0.0070173693362436396,1.0014151128202449
21.502850044381084,4.9657645997889075,0.0068883633139718015,1.0013890976474276
21.334341115809657,4.965575577048005,0.006699340573069534,1.0013509795876316
21.16583218723823,4.965463276765095,0.0065870402901593295,1.0013283332706933
20.997323258666803,4.965492047288227,0.006615810813291212,1.0013341350938805
20.82881433009537,4.965543712200154,0.00666747572521853,1.0013445537672783
20.659582187238225,4.965717885158743,0.006841648683807655,1.0013796772408805
20.491796472952515,4.965790586376471,0.006914349901535388,1.001394338066088
20.491796472952515,4.965691279918832,0.006815043443896052,1.0013743120656589
20.32256433009537,4.965722835440507,0.006846598965571715,1.0013806755077312
20.154055401523944,4.965687568004741,0.006811331529805287,1.0013735635262895
19.986269687238224,4.965481529135327,0.006605292660391449,1.0013320140179758
19.817037544381083,4.9652479570474775,0.006371720572541761,1.0012849121995977
19.648528615809656,4.965222279786088,0.006346043311152627,1.0012797341592183
19.48001968723823,4.965137512721612,0.006261276246676495,1.0012626401523437
19.3064482586668,4.965083064937092,0.006206828462156366,1.001251660288777
19.137939330095374,4.964905179001437,0.006028942526500991,1.0012157880614474
19.137939330095374,4.964824743566377,0.005948507091440902,1.0011995675648622
18.96943040152394,4.964938590480158,0.006062354005222481,1.0012225257732046
18.800198258666796,4.964785453827369,0.005909217352432883,1.0011916444514117
18.632412544381086,4.964616848739917,0.0057406122649812374,1.0011576437868637
18.463180401523942,4.964794734675571,0.0059184982006357245,1.0011935160141934
18.295394687238232,4.964937353175461,0.0060611167005255595,1.0012222762600815
18.12616254438109,4.964873004827413,0.005996768352477311,1.0012092998628133
17.95765361580966,4.964989017024414,0.0061127805494782805,1.0012326947191212
17.789144687238228,4.964860629654491,0.005984393179555347,1.0012068043028655
17.6206357586668,4.964769676066531,0.005893439591595495,1.0011884627303755
17.6206357586668,4.964660159719188,0.005783923244252698,1.0011663778179638
17.452126830095374,4.964620251327834,0.005744014852898438,1.0011583299479525
17.27855540152394,4.964583127935022,0.005706891460086183,1.0011508436968257
17.109323258666794,4.96425767428069,0.0053814378057541745,1.0010852131711154
16.941537544381085,4.963830747822522,0.004954511347586177,1.0009991197826522
16.773028615809658,4.9636797764529526,0.0048035399780168575,1.000968675108825
16.598733972952523,4.963665545322986,0.004789308848049956,1.0009658052791925
16.430948258666795,4.963612334843162,0.004736098368226749,1.000955074928749
16.430948258666795,4.963642961323338,0.004766724848402681,1.0009612510216208
16.26243933009537,4.963420217777541,0.00454398130260536,1.000916332871787
16.093207187238225,4.9633762870829425,0.004500050608006845,1.0009074738697665
15.924698258666798,4.963241713189536,0.004365476714600192,1.0008803358878953
15.75618933009537,4.962973491255293,0.0040972547803574955,1.0008262466302789
15.587680401523944,4.962941936796594,0.0040657003216582055,1.0008198834025648
15.418448258666801,4.962891818515536,0.004015582040600485,1.0008097766205706
15.249939330095375,4.962924920668083,0.004048684193147523,1.000816451954047
15.081430401523948,4.962918734144599,0.0040424976696629145,1.0008152043884315
14.913644687238236,4.962956476189759,0.004080239714823186,1.0008228153961196
14.913644687238236,4.962957094842108,0.004080858367172091,1.0008229401526811
14.744412544381094,4.962669693622086,0.003793457147150292,1.000764983227298
14.575903615809667,4.962342692273906,0.003466455798970536,1.0006990405958256
14.407394687238222,4.96216790066297,0.0032916641880342823,1.0006637923656618
14.238885758666795,4.9622836035337965,0.0034073670588607996,1.000687124843689
14.070376830095368,4.962247098793333,0.0033708623183974495,1.000679763349124
13.901144687238226,4.9621889369687695,0.003312700493833809,1.0006680345174714
13.732635758666799,4.962141913012431,0.00326567653749521,1.0006585517326434
13.564126830095372,4.961960933815034,0.003084697340097975,1.0006220557225058
13.564126830095372,4.961873382814989,0.002997146340053547,1.0006044003111043
13.395617901523945,4.961902154401097,0.003025917926160915,1.0006102023486498
13.227108972952518,4.961809962445464,0.0029337259705286556,1.0005916110486788
13.058600044381091,4.961663941357659,0.0027877048827233963,1.0005621646417022
12.890091115809664,4.961578556703811,0.002702320228875621,1.0005449460926246
12.721582187238237,4.961388604921408,0.0025123684464727347,1.0005066406836276
12.55307325866681,4.961519776226898,0.0026435397519621873,1.00053309250441
12.383841115809666,4.961571441138827,0.002695204663891282,1.000543511177808
12.216055401523937,4.961504618181386,0.002628381706450078,1.000530035754294
12.216055401523937,4.9614285133127645,0.002552276837828771,1.0005146885536396
12.046823258666794,4.9614015987466775,0.0025253622717418267,1.0005092610001367
11.878314330095368,4.961493789639334,0.0026175531643986005,1.00052785208575
11.70980540152394,4.961644142356556,0.002767905881619903,1.0005581720030157
11.541296472952514,4.961638882748618,0.0027626462736822788,1.0005571113578842
11.367725044381078,4.961462543443832,0.0025863069688965012,1.000521551021958
11.198492901523936,4.961351481528596,0.0024752450536604798,1.000499154432501
11.030707187238225,4.9614297506174605,0.0025535141425248042,1.0005149380667624
10.862198258666798,4.9615182295960265,0.002641993121090813,1.0005327806130062
10.69368933009537,4.961275376659975,0.0023991401850391725,1.0004838072318467
10.69368933009537,4.961004062526966,0.0021278260520301018,1.0004290944057808
10.525180401523944,4.960854328462093,0.001978091987157704,1.0003988992450765
10.355948258666801,4.960819061026327,0.0019428245513912756,1.0003917872636345
10.187439330095375,4.960827413896008,0.0019511774210725363,1.000393471691574
10.018930401523948,4.960891452917882,0.0020152164429463326,1.0004063857105614
9.85042147295252,4.961008083767231,0.002131847292295319,1.000429905323431
9.681912544381094,4.961059128963835,0.0021828924888991352,1.0004401990259089
9.512680401523951,4.960755640656803,0.0018794041818672724,1.000378998001209
9.344894687238222,4.960352844829152,0.0014766083542161468,1.000297770761721
9.344894687238222,4.960230026393343,0.0013537899184070668,1.000273003368878
9.17566254438108,4.96043853987215,0.0015623033972147482,1.000315051903438
9.007153615809653,4.9605944604605074,0.001718223985571754,1.0003464946297578
8.838644687238226,4.960709544678985,0.0018333082040493665,1.0003697023512232
8.669412544381082,4.960548055156516,0.0016718186815802838,1.000337136601491
8.501626830095372,4.960475044612614,0.0015988081376780983,1.0003224133980029
8.328055401523937,4.960466073090585,0.001589836615649709,1.0003206042135022
8.158823258666793,4.9604592668517755,0.0015830303768398224,1.0003192316769667
7.985975044381092,4.960441014481544,0.0015647780066085915,1.0003155509296842
7.985975044381092,4.960201254807234,0.0013250183322979225,1.0002672013313323
7.817466115809665,4.960152993546198,0.0012767570712624021,1.0002574690333812
7.6489571872382385,4.960226932068624,0.001350695593687945,1.0002723793717119
7.480448258666793,4.960210844981612,0.0013346085066761049,1.000269135272395
7.306876830095376,4.95996737339321,0.001091136918274671,1.0002200371346734
7.138367901523949,4.959839295349464,0.0009630588745279667,1.000194209096699
6.969135758666807,4.959776804021437,0.0009005675465010299,1.0001816071834737
6.8013500443810955,4.959722045847767,0.0008458093728309635,1.000170564727268
6.63284111580965,4.959762882217644,0.0008866457427085805,1.000178799732122
6.63284111580965,4.959765975479385,0.0008897390044495523,1.0001794235149297
6.463608972952508,4.959748651087677,0.0008724146127416788,1.0001759299024897
6.295100044381081,4.959827539891867,0.0009513034169312817,1.0001918385076711
6.126591115809654,4.9597848475649435,0.0009086110900078381,1.0001832292331325
5.957358972952512,4.959892816218438,0.0010165797435019996,1.0002050020397817
5.788850044381085,4.960062349284412,0.0011861128094761142,1.000239189839172
5.621064330095373,4.959896529195505,0.0010202927205691381,1.0002057507935094
5.451832187238231,4.959698533869595,0.0008222973946594436,1.0001658233348538
5.283323258666804,4.959253973693546,0.0003777372186100081,1.00007617395567
5.283323258666804,4.959001530583116,0.00012529410818018505,1.000025266633448
5.114814330095377,4.959136413802697,0.00026017732776129066,1.0000524669935997
4.94630540152395,4.959177869887901,0.0003016334129650744,1.0000608269693738
4.777796472952523,4.9592180876054295,0.00034185113049378657,1.0000689372176663
4.609287544381096,4.95903958195445,0.000163345479514021,1.0000329400194166
4.44077861580965,4.9589733776493565,9.714117442083392e-05,1.000019589352464
4.272269687238223,4.959081347365827,0.00020511089089136902,1.0000413623734714
4.103760758666796,4.959105477996347,0.0002292415214109056,1.0000462285224472
3.9352518300953694,4.9590609286494,0.0001846921744643737,1.0000372447638652
3.9352518300953694,4.959081036976676,0.00020480050174054298,1.0000412997808321
3.761680401523953,4.959057835387659,0.0001815989127234019,1.0000366209810576
3.5931714729525073,4.959269132802034,0.00039289632709849087,1.0000792309201445
3.423939330095365,4.95934678323855,0.00047054676361391046,1.0000948897978443
3.255430401523938,4.95924902341178,0.00037278693684417163,1.0000751756888189
3.086921472952511,4.959163020105585,0.0002867836306492677,1.00005783238318
2.918412544381084,4.959369676564371,0.0004934400894356372,1.0000995064336968
2.744841115809649,4.9596122201742485,0.0007359836993128255,1.0001484174365756
2.576332187238222,4.959495279998726,0.0006190435237902747,1.0001248354454255
2.576332187238222,4.95940834765103,0.0005321111760938635,1.0001073047905853
2.407823258666795,4.959453515650324,0.0005772791753884121,1.000116413305729
2.239314330095368,4.959522194564812,0.0006459580898763306,1.0001302629989282
2.070805401523941,4.959517863998373,0.000641627523437549,1.0001293897029973
1.9022964729525143,4.959653365870302,0.0007771293953666714,1.0001567148197106
1.7337875443810873,4.959717404892175,0.0008411684172395795,1.0001696288386979
1.564555401523945,4.959615623825142,0.0007393873502063997,1.0001491038120225
1.396046472952518,4.95938947662845,0.0005132401535146158,1.0001034992867415
1.227537544381091,4.95911785210629,0.00024161563135471908,1.0000487238680364
1.059028615809664,4.9590550503891135,0.00017881391417784442,1.0000360593621722
1.059028615809664,4.959027826496854,0.00015159002191822424,1.0000305694303888
0.890519687238237,4.959042676279169,0.00016643980423314275,1.0000335640165827
0.7220107586668101,4.959191790628716,0.00031555415378026197,1.000063634206367
0.5535018300953648,4.959299451019013,0.0004232145440772328,1.0000853448490938
0.38499290152393784,4.9591361044765225,0.0002598680015868382,1.000052404615319
0.21576075866679542,4.958822715605962,-5.3520868974032965e-05,0.9999892070569174
0.04725183009536847,4.958876236474936,0.0,1.0
-0.12125709847605849,4.959044841562389,0.00016860508745342173,1.0000340006645485
-0.28976602704748544,4.95899936423692,0.00012312776198442066,1.000024829771124
-0.28976602704748544,4.9590225668889145,0.00014633041397882351,1.000029508785257
-0.4582749556189124,4.959170754322916,0.0002945178479807353,1.0000593920545575
-0.6267838841903394,4.959164257410282,0.00028802093534618933,1.000058081896303
-0.7952928127617663,4.958939966170636,6.372969570023201e-05,1.0000128516407067
-0.9638017413331933,4.95887654580111,3.0932617445245114e-07,1.0000000623782808
-1.1330338841903358,4.9591079526057396,0.00023171613080386066,1.0000467275486933
-1.3015428127617628,4.9591005277145825,0.0002242912396468455,1.0000452302555964
-1.470051741333208,4.958997817606048,0.0001215811311121584,1.00002451787972
-1.638560669904635,4.958966571410547,9.03349356109473e-05,1.0000182168159282
-1.638560669904635,4.958986062148452,0.00010982567351636163,1.0000221472906923
-1.8070695984760619,4.958976161584925,9.992510998912962e-05,1.0000201507569908
-1.9806410270474788,4.9589613128655845,8.507639064880834e-05,1.000017156385155
-2.149873169904621,4.95903958195445,0.000163345479514021,1.0000329400194166
-2.318382098476048,4.959063403258794,0.00018716678385821695,1.0000377437901116
-2.486167812761778,4.959128060933016,0.00025182445808002996,1.0000507825656604
-2.654676741333205,4.9591664226935,0.00029018621856469196,1.0000585185442683
-2.823185669904632,4.9592320083462464,0.0003557718713107505,1.0000717444546596
-2.992417812761774,4.959086915236964,0.00021067876202796043,1.0000424851825256
-2.992417812761774,4.958956053257647,7.981678271118398e-05,1.0000160957400235
-3.160926741333201,4.958809413517494,-6.682295744209199e-05,0.9999865245764856
-3.329435669904628,4.958776620691121,-9.961578381467717e-05,0.99997991162129
-3.497944598476055,4.958838494429775,-3.774204516027169e-05,0.9999923889923119
-3.666453527047482,4.958714128300117,-0.00016210817481887574,0.9999673094937062
-3.8356856699046245,4.958574294798773,-0.0003019416761622651,0.9999391108667037
-4.004194598476051,4.958661845798817,-0.0002143906761187253,0.9999567662781051
-4.172703527047478,4.958844990279434,-3.124619550209928e-05,0.9999936989362082
-4.341212455618905,4.958973068323182,9.683184824638147e-05,1.000019526974183
-4.341212455618905,4.958965334105851,8.909763091491385e-05,1.0000179673028053
-4.51478388419034,4.959019164300998,0.0001429278260625111,1.0000288226241687
-4.68763209847606,4.958955125279125,7.888880418960298e-05,1.0000159086051814
-4.856864241333202,4.959060309997052,0.00018407352211635697,1.0000371200073037
-5.025373169904629,4.958830760212444,-4.5476262491739305e-05,0.9999908293209342
-5.193158884190341,4.959097743779014,0.0002215073040785498,1.0000446688510694
-5.362391027047483,4.959719880564546,0.0008436440896106845,1.0001701280793025
-5.53089995561891,4.960100092392549,0.0012238559176136476,1.0002468010612187
-5.699408884190337,4.960137834437709,0.0012615979627730312,1.0002544120689065
-5.699408884190337,4.960242709829461,0.0013664733545253327,1.000275561092748
-5.867917812761764,4.960230954371864,0.0013547178969286477,1.00027319050372
-6.041489241333199,4.96014402202417,0.0012677855492340129,1.0002556598488805
-6.209998169904626,4.960091120870521,0.0012148843955852584,1.0002449918767178
-6.378507098476053,4.960028319153342,0.0011520826784066074,1.000232327370853
-6.54701602704748,4.960018109263641,0.001141872788704923,1.0002302684588709
-6.716248169904623,4.9598402243909625,0.0009639879160268094,1.0001943964458997
-6.884033884190334,4.959741535522694,0.0008652990477582279,1.0001744949876736
-7.053266027047477,4.959693892914006,0.0008176564390707242,1.000164887446284
-7.053266027047477,4.9599101406101465,0.0010339041352107614,1.0002084956522217
-7.221774955618922,4.960152684220024,0.0012764477450879497,1.0002574066551004
-7.390283884190349,4.960216723241897,0.001340486766961746,1.0002703206740877
-7.558792812761776,4.9602485880897484,0.0013723516148127501,1.0002767464944413
-7.727301741333203,4.960435136221259,0.0015588997463229504,1.0003143655279914
-7.8958106699046295,4.960475663264962,0.001599426790026115,1.0003225381545644
-8.064319598476057,4.960419049134246,0.001542812659310222,1.0003111214286742
-8.2335517413332,4.960485873154664,0.0016096366797286876,1.0003245970665469
-8.402060669904627,4.960612712830739,0.001736476355802985,1.00035017537704
-8.570569598476053,4.960587344895524,0.0017111084205883031,1.0003450597149415
-8.570569598476053,4.960656643525336,0.001780407050400612,1.0003590343790605
-8.73907852704748,4.9607222291780815,0.0018459927031457823,1.0003722602894518
-8.907587455618907,4.9606705642661515,0.0017943277912157996,1.0003618416160536
-9.076096384190334,4.961092541505533,0.002216305030596999,1.0004469369520246
-9.245328527047477,4.961100275722863,0.0022240392479275783,1.000448496623402
-9.413837455618921,4.960972507005291,0.0020962705303553264,1.0004227309637084
-9.582346384190348,4.961026026811289,0.0021497903363529858,1.0004335236924327
-9.750855312761775,4.961153486202687,0.0022772497277516734,1.0004592269738457
-9.919364241333202,4.961290226442291,0.002413989967354979,1.0004868018180408
-9.919364241333202,4.96120979100723,0.002333554532294002,1.0004705813214554
-10.08787316990463,4.9613338467477375,0.00245761027280178,1.000495598227422
-10.256382098476056,4.961419232464561,0.002542995989625041,1.0005128169908577
-10.424891027047483,4.96116802665883,0.002291790183893916,1.000462159181759
-10.594123169904625,4.960863609310297,0.001987372835361434,1.0004007708078584
-10.762632098476052,4.960868559592061,0.001992323117125494,1.0004017690747091
-10.93114102704748,4.9610507760941545,0.0021745396192187627,1.0004385145979695
-11.103989241333199,4.961003442811641,0.0021272063367057115,1.000428969434861
-11.273221384190341,4.96096415413561,0.0020879176606740657,1.0004210465357688
-11.273221384190341,4.961006227810186,0.0021299913352503808,1.0004295310537463
-11.441730312761768,4.961078619701739,0.0022023832268036614,1.0004441295006727
-11.610239241333195,4.961210100333405,0.0023338638584693427,1.0004706436997364
-11.778748169904622,4.961225878094243,0.0023496416193076186,1.0004738254207728
-11.947257098476049,4.9612577429420925,0.0023815064671568464,1.000480251241126
-12.115766027047476,4.961362618333845,0.002486381858909148,1.0005014002649675
-12.284998169904618,4.9615182295960265,0.002641993121090813,1.0005327806130062
-12.45278388419035,4.961556282030338,0.002680045555401911,1.0005404542133334
-12.622016027047492,4.961664560010007,0.002788323535071413,1.0005622893982637
-12.790524955618919,4.96165280455241,0.002776568077474728,1.0005599188092358
-12.790524955618919,4.961701065813447,0.0028248293385111367,1.0005696511071869
-12.959033884190346,4.961973927640302,0.0030976911653661787,1.000624676039015
-13.127542812761773,4.962183987749982,0.0033077512750461224,1.000667036464979
-13.296774955618915,4.962385076337633,0.003508839862697677,1.0007075877064422
-13.464560669904627,4.962602870664644,0.0037266341897082,1.0007515078037836
-13.633792812761769,4.962622978991921,0.0037467425169852575,1.0007555628207507
-13.806641027047489,4.96258585559911,0.0037096191241738907,1.0007480765696244
-13.975149955618916,4.962571315142968,0.0036950786680325365,1.000745144361711
-14.144382098476058,4.962513463707555,0.003637227232619722,1.0007334781226978
-14.144382098476058,4.962579977338822,0.0037037408638864733,1.0007468911679311
-14.37364102704749,4.962869854231214,0.003993617756278489,1.000805347333919
-14.37364102704749,4.963057948993595,0.004181712518659175,1.0008432782588725
-14.37364102704749,4.9630845542335065,0.004208317758570779,1.0008486434340944
-14.37364102704749,4.962898006101996,0.0040217696270605785,1.0008110244005444
-14.37364102704749,4.962847888883916,0.00397165240898012,1.0008009178329087
-14.37364102704749,4.96269134964321,0.003815113168274209,1.0007693503500272
-14.37364102704749,4.962485001447622,0.0036087649726859183,1.0007277384634328
-14.37364102704749,4.962502635165505,0.0036263986905691326,1.0007312944541538
-14.37364102704749,4.9626502028841815,0.003773966409245766,1.0007610527525341
-14.37364102704749,4.962777662275581,0.0039014258006453417,1.0007867560339474
-14.37364102704749,4.962960807819174,0.004084571344238341,1.0008236889064088
-14.37364102704749,4.96294750466773,0.004071268192793909,1.0008210062116185
-14.37364102704749,4.962874803450001,0.0039985669750652875,1.0008063453864111
-14.37364102704749,4.96286490394945,0.003988667474514429,1.000804349067068
-14.37364102704749,4.962844485233022,0.0039682487580865455,1.0008002314574618
-14.37364102704749,4.963067539167972,0.004191302693036469,1.000845212199935
-14.37364102704749,4.963149521233903,0.004273284758967044,1.000861744587924
-14.37364102704749,4.963035983646296,0.004159747171359918,1.0008388487578623
-14.37364102704749,4.9630010255367045,0.00412478906176883,1.0008317991547013
-14.37364102704749,4.963009687732559,0.004133451257623655,1.0008335459609217
-14.37364102704749,4.963052070733308,0.004175834258372646,1.0008420928571795
-14.37364102704749,4.963151377190948,0.0042751407160119825,1.0008621188576086
-14.37364102704749,4.963232431278358,0.0043561948034218645,1.0008784641107555
-14.37364102704749,4.963031343753683,0.004155107278747572,1.0008379130836509
-14.37364102704749,4.962812930774323,0.003936694299387256,1.0007938682297475
-14.37364102704749,4.962538212990422,0.003661976515486387,1.0007384690282348
-14.37364102704749,4.962552443057412,0.003676206582476027,1.0007413386435087
