Angle (degree),rho (mOhm cm),Delta rho (mOhm cm),rho/rho(theta=0)
107.34004941748944,3.6187893327751075,-0.445955995156031,0.8902868546052276
107.34004941748944,3.6187720097689104,-0.44597331816222807,0.8902825928360885
107.34004941748944,3.6186628114815345,-0.44608251644960406,0.8902557281056893
107.34004941748944,3.618669926477453,-0.4460754014536854,0.8902574785218518
107.34004941748944,3.618743859086672,-0.4460014688444667,0.8902756672651196
107.34004941748944,3.618686940182214,-0.44605838774892437,0.8902616641973096
107.34004941748944,3.618560419951532,-0.4461849079796063,0.8902305379592615
107.17587977463228,3.618638992082291,-0.44610633584884773,0.8902498681077504
107.00737084606085,3.61876891569166,-0.4459764122394785,0.8902818316377843
106.83886191748942,3.6185053568556906,-0.4462399710754479,0.8902169914535399
106.670352988918,3.6172599445263165,-0.447485383404822,0.8899105977612177
106.670352988918,3.614965553914585,-0.44977977401655345,0.8893461366630118
106.50184406034657,3.611696426931152,-0.4530489009999865,0.8885418729958716
106.33261191748943,3.6072799489282423,-0.4574653790028962,0.887455340471297
106.16482620320372,3.6019345164806116,-0.46281081145052694,0.8861402685500872
105.99559406034656,3.595713335812593,-0.46903199211854574,0.8846097469143849
105.82780834606085,3.588744786152158,-0.4760005417789803,0.8828953591487972
105.65857620320371,3.581034742100808,-0.48371058583033033,0.8809985505102904
105.49006727463228,3.572390484417433,-0.49235484351370573,0.8788719086210739
105.32155834606085,3.5637904632167494,-0.5009548647143891,0.8767561496972398
105.32155834606085,3.5545556725639305,-0.5101896553672081,0.8744842261429248
105.15304941748943,3.5447770577100655,-0.5199682702210731,0.8720785121153642
104.984540488918,3.5343571770110187,-0.5303881509201198,0.8695150352285231
104.81603156034657,3.5227095173531215,-0.542035810578017,0.8666495027736705
104.64752263177515,3.5103172702899506,-0.554428057641188,0.8636007885090851
104.478290488918,3.4972119898824303,-0.5675333380487082,0.8603766552977208
104.30978156034658,3.4833822309145392,-0.5813630970165993,0.8569742874118759
104.14127263177515,3.4691760021431786,-0.59556932578796,0.8534793012257201
103.97276370320373,3.4540708243550586,-0.6106745035760799,0.8497631575144957
103.80425477463227,3.4382164207030157,-0.6265289072281228,0.8458626908498074
103.80425477463227,3.4219174924284603,-0.6428278355026782,0.8418528631829776
103.63502263177513,3.4059529625847333,-0.6587923653464052,0.8379253035068459
103.46723691748942,3.38973477261388,-0.6750105553172587,0.8339353389057652
103.29872798891799,3.371913571086451,-0.6928317568446873,0.8295510048110879
103.13021906034656,3.35314640140954,-0.7115989265215985,0.8249339456443177
102.96098691748942,3.3348772729438028,-0.7298680549873358,0.8204394135170033
102.792477988918,3.3165704043884214,-0.7481749235427171,0.8159355966531067
102.62396906034657,3.2976157735948113,-0.7671295543363272,0.8112724187011296
102.45546013177514,3.2783354058734715,-0.786409922057667,0.8065291036430242
102.45546013177514,3.2579472830309166,-0.8067980449002219,0.8015132610261555
102.28695120320371,3.237145260659576,-0.8276000672715624,0.7963955917275655
102.11844227463229,3.216910572587089,-0.8478347553440497,0.7914174968064781
101.94993334606086,3.1959795545106875,-0.868765773420451,0.7862680922588986
101.78142441748942,3.1743590131877437,-0.8903863147433948,0.7809490526687977
101.61219227463228,3.151786625925143,-0.9129587020059957,0.7753958419651668
101.44368334606085,3.128123807610416,-0.9366215203207227,0.7695743657334022
101.27517441748942,3.1028406547329177,-0.9619046731982208,0.7633542582389022
101.10087977463229,3.076296004788484,-0.9884493231426545,0.7568237999191569
101.10087977463229,3.048387774485658,-1.0163575534454807,0.7499578764599298
100.93309406034656,3.0187268126620954,-1.046018515269043,0.7426607497199726
100.76458513177514,2.9876227683192913,-1.0771225596118472,0.73500859888802
100.59607620320371,2.955274549915748,-1.1094707780153907,0.7270503589999608
100.42756727463228,2.922015010438006,-1.1427303174931325,0.7188679178395769
100.25399584606086,2.8874228249970346,-1.177322502934104,0.7103576219538128
100.08042441748943,2.852752375663849,-1.2119929522672894,0.7018280717517509
99.911915488918,2.8166147161736332,-1.2481306117575053,0.6929375616275633
99.74340656034657,2.7794423073300054,-1.285303020601133,0.6837924846683266
99.74340656034657,2.7415964610402903,-1.3231488668908482,0.6744817300609826
99.57489763177514,2.7019069347900753,-1.3628383931410633,0.664717397231202
99.40132620320371,2.6611761638562936,-1.4035691640748449,0.6546968995990632
99.23281727463228,2.620722252783119,-1.4440230751480194,0.6447445144409591
99.06358513177514,2.579861093756369,-1.4848842341747694,0.6346919390075193
98.89579941748943,2.5380870660853496,-1.526658261845789,0.6244147815718574
98.727290488918,2.4952430233827605,-1.569502304548378,0.613874381314015
98.55805834606086,2.451569016512548,-1.6131763114185906,0.6031297950369598
98.38954941748943,2.406300040985987,-1.6584452869451516,0.5919928179635151
98.38954941748943,2.3606197944614,-1.7041255334697385,0.5807546608738956
98.2203172746323,2.3131804752051934,-1.751564852725945,0.5690837404523321
98.05253156034657,2.265773171304838,-1.7989721566263004,0.5574206963805195
97.88402263177514,2.217006619391976,-1.8477387085391626,0.5454232530037451
97.71551370320371,2.168549718606392,-1.8961956093247467,0.533501989338686
97.54700477463228,2.120768420376947,-1.9439769075541915,0.5217469359775042
97.37849584606086,2.0726089517175814,-1.992136376213557,0.5098988459315092
97.2092637032037,2.0235024328851523,-2.041242895045986,0.4978177646162812
97.04003156034656,1.975891891369081,-2.0888534365620575,0.48610472045852976
97.04003156034656,1.9282731528335113,-2.1364721750976274,0.4743896596874761
96.87224584606085,1.8801491039715752,-2.1845962239595633,0.462550283544708
96.70373691748942,1.8331553913614618,-2.2315899365696765,0.4509889903224258
96.535227988918,1.787256131785033,-2.2774891961461057,0.43969695210762566
96.36671906034657,1.7427076139001763,-2.3220377140309623,0.4287372204908036
96.19748691748943,1.6997155507969859,-2.3650297771341524,0.4181604045688397
96.0297012032037,1.6574069800937812,-2.4073383478373573,0.4077517399933548
95.86046906034656,1.616943016192492,-2.4478023117386467,0.39779688165986005
95.69123691748942,1.5785706687079268,-2.4861746592232117,0.3883565983484094
95.52272798891799,1.541574275764976,-2.5231710521661626,0.37925482444667735
95.52272798891799,1.5064060955849425,-2.5583392323461958,0.37060282356033075
95.35421906034657,1.4723840270928579,-2.592361300838281,0.362232786633712
95.18643334606085,1.4389515647287996,-2.625793763202339,0.35400780335263776
95.01792441748943,1.4071453136547962,-2.6576000142763423,0.3461828971142457
94.849415488918,1.376174751482211,-2.6885705764489276,0.3385635852818981
94.68018334606086,1.3470421455992225,-2.717703182331916,0.3313964435466455
94.50733513177514,1.3185084248873398,-2.7462369030437985,0.3243766382673795
94.33737977463228,1.2911171063719569,-2.7736282215591817,0.3176378843466451
94.17031727463228,1.2646470076396141,-2.800098320291524,0.31112576695753047
94.17031727463228,1.2393121174538793,-2.825433210477259,0.30489293116050165
94.00108513177514,1.2149672001899654,-2.849778127741173,0.2989036463960599
93.831852988918,1.1915559544833951,-2.8731893734477434,0.2931440615222675
93.66406727463229,1.168738645124956,-2.8960066828061826,0.2875305956055596
93.49555834606086,1.1473668916343545,-2.917378436296784,0.28227276226880804
93.32704941748943,1.1270277999781952,-2.9377175279529433,0.27726898220012874
93.1578172746323,1.1076322020600313,-2.957113125871107,0.2724973184540913
92.98930834606087,1.08912395169755,-2.9756213762335886,0.2679439580663443
92.82079941748941,1.0714264101596895,-2.993318917771449,0.2635900465392799
92.82079941748941,1.0552541572979797,-3.009491170633159,0.25961138328808403
92.65229048891798,1.040007146838604,-3.0247381810925345,0.25586034620475073
92.48378156034656,1.0258233451848688,-3.0389219827462695,0.2523708774903714
92.31527263177513,1.0127452871301226,-3.052000040801016,0.2491534414643356
92.1467637032037,1.0004040821378368,-3.064341245793302,0.2461172844614645
91.97825477463228,0.9870572057409508,-3.077688122190188,0.24283371431866313
91.80974584606085,0.9740982443635557,-3.0906470835675828,0.23964557820387464
91.64123691748942,0.9628844368342941,-3.1018608910968446,0.23688678112691997
91.47200477463228,0.9525239495574817,-3.1122213783736568,0.23433791608348914
91.47200477463228,0.9431446181983608,-3.121600709732778,0.23203043293204292
91.30349584606086,0.9345330740842841,-3.1302122538468544,0.2299118391655646
91.13498691748943,0.926481207304751,-3.1382641206263875,0.22793093602651573
90.96647798891799,0.919438105263045,-3.1453072226680936,0.22619820704265814
90.79796906034656,0.9135595217459798,-3.1511858061851585,0.22475197042934064
90.62873691748942,0.9088862124790569,-3.1558591154520816,0.22360225282346508
90.4609512032037,0.9053682962815218,-3.159377031649617,0.2227367825630378
90.29171906034657,0.9025170123670384,-3.1622283155641,0.2220353157589823
90.12321013177514,0.9002662388911031,-3.1644790890400354,0.22148158525575276
89.953977988918,0.8987944662721697,-3.1659508616589687,0.221119502886454
89.953977988918,0.8980965130203054,-3.1666488149108334,0.22094779391195357
89.78619227463228,0.8979673626645266,-3.166777965266612,0.2209160206161234
89.61768334606086,0.8985350828992965,-3.166210245031842,0.2210556899407595
89.44411191748942,0.9001078557232162,-3.1646374722079225,0.2214426201656649
89.275602988918,0.9024901769067821,-3.1622551510243566,0.22202871375612818
89.10709406034657,0.9057195542978392,-3.1590257736332994,0.22282319831309816
88.93858513177514,0.9097920437184891,-3.1549532842126493,0.22382510349831738
88.769352988918,0.9148904663387344,-3.149854861592404,0.2250794065871754
88.60084406034657,0.9209483910126354,-3.1437969369185033,0.22656976433044498
88.60084406034657,0.9275075271842856,-3.1372378007468527,0.2281834290603307
88.43233513177515,0.9350564810955936,-3.129688846835545,0.23004060664521772
88.263102988918,0.9435597553580475,-3.121185572573091,0.23213256409308614
88.09531727463227,0.9525554250707233,-3.112189902860415,0.2343456596223095
87.92608513177515,0.9622457225665254,-3.102499605364613,0.23672964600128743
87.75829941748941,0.9730870048953736,-3.091658323035765,0.23939679522078505
87.58906727463227,0.9852617839258352,-3.079483544005303,0.24239200846251066
87.42128156034656,0.9983509009418206,-3.066394426989318,0.24561216519066845
87.24771013177515,1.0123428330299367,-3.0524024949012016,0.2490544305626143
87.24771013177515,1.0272951178038023,-3.037450210127336,0.2527329598596702
87.0792012032037,1.043228558601649,-3.0215167693294895,0.25665287107485973
86.90996906034658,1.0594749763143778,-3.005270351616761,0.26064978020495716
86.74146013177513,1.0773302050387494,-2.987415122892389,0.26504248559825166
86.5729512032037,1.0965118928473192,-2.9682334350838193,0.2697615236341063
86.40444227463227,1.1165571098752192,-2.948188218055919,0.27469300529180285
86.23593334606085,1.137510477371875,-2.9272348505592634,0.2798479081962169
86.06742441748942,1.1596920107198982,-2.90505331721124,0.2853049618511167
85.89891548891799,1.1826298083995723,-2.882115519531566,0.29094807004834017
85.89891548891799,1.2064393323180755,-2.8583059956130628,0.2968056384807078
85.72534406034656,1.232291907013398,-2.8324534209177408,0.30316583391968766
85.55683513177513,1.259107463562965,-2.8056378643681734,0.3097629401062186
85.3883262032037,1.2868307836887707,-2.7779145442423676,0.31658337235699285
85.21909406034656,1.3159917719643521,-2.748753555966786,0.32375749666810283
85.05130834606085,1.3469629538027008,-2.7177823741284377,0.3313769609493035
84.88207620320371,1.3780759678871484,-2.6866693600439904,0.339031318498017
84.70922798891799,1.4077882822522132,-2.6569570456789253,0.34634107888100946
84.53999584606085,1.4386160832114994,-2.626129244719639,0.35392526890330955
84.53999584606085,1.4709146518257754,-2.5938306761053633,0.36187129405581653
84.36714763177513,1.504911508530709,-2.5598338194004295,0.370235128432185
84.19357620320372,1.5391675938515084,-2.52557773407963,0.37866273768125813
84.02506727463229,1.5749300218068913,-2.489815306124247,0.3874609341413511
83.85655834606087,1.61242259908951,-2.4523227288416285,0.39668477825896065
83.68804941748944,1.6500788191524753,-2.414666508778663,0.4059488814253284
83.51881727463228,1.6872820072091015,-2.377463320722037,0.4151015306210805
83.35030834606084,1.725567892719063,-2.3391774352120756,0.42452054274144085
83.18179941748942,1.76537775317124,-2.2993675747598985,0.43431447993564126
83.18179941748942,1.8072840247438442,-2.257461303187294,0.44462417173469265
83.01329048891799,1.8494577230147042,-2.2152876049164343,0.4549996552812413
82.84478156034656,1.8921874634247777,-2.172557864506361,0.4655119351321962
82.67121013177513,1.9363827123025374,-2.128362615628601,0.47638475625928367
82.501977988918,1.9810540388008449,-2.083691289130294,0.48737470098997704
82.33346906034656,2.025956598414943,-2.0387887295161957,0.4984215331999921
82.16496013177515,2.071599414151321,-1.9931459137798173,0.5096504816467106
81.9964512032037,2.1167075316733506,-1.948037796257788,0.5207478847760201
81.82794227463228,2.161526723390095,-1.9032186045410433,0.5317742069932491
81.82794227463228,2.2061058653057875,-1.858639462625351,0.542741472669001
81.65943334606085,2.2510992171145934,-1.8136461108165451,0.5538106413816462
81.49092441748942,2.2954387747757234,-1.769306553155415,0.5647189650486784
81.322415488918,2.3389134108296155,-1.725831917101523,0.5754145025415573
81.15318334606086,2.3824372321891754,-1.6823080957419632,0.5861221404987212
80.98467441748943,2.4230577238748925,-1.641687604056246,0.5961155074648116
80.81688870320372,2.4636876497858515,-1.601057678145287,0.6061111954189297
80.64765656034658,2.503517307655714,-1.5612280202754247,0.6159100031317205
80.47914763177513,2.5426280543910513,-1.5221172735400872,0.6255319458562956
80.47914763177513,2.5815357176299463,-1.4832096103011922,0.6351039264110276
80.31063870320371,2.6198594973488256,-1.444885830582313,0.6445322611840663
80.14212977463228,2.6599180691051534,-1.4048272588259851,0.6543873858043132
79.97362084606085,2.699523144371544,-1.3652221835595943,0.6641309421826777
79.80511191748943,2.735462205767584,-1.3292831221635546,0.6729725936261476
79.63587977463227,2.7692754681552136,-1.2954698597759249,0.6812912605190719
79.46809406034657,2.804205455405701,-1.2605398725254373,0.68988466168752
79.29886191748942,2.8391478168394095,-1.225597511091729,0.6984811071262047
79.12962977463228,2.8748115638191303,-1.1899337641120082,0.7072550263025563
79.12962977463228,2.9105059358925778,-1.1542393920385607,0.716036479799328
78.96184406034656,2.9453010496478287,-1.1194442782833098,0.7245966996773495
78.79333513177514,2.9795371834316713,-1.0852081444994672,0.7330194004917369
78.6197637032037,3.0122986827611293,-1.0524466451700092,0.7410793148741547
78.45125477463228,3.0435716269458006,-1.0211737009853379,0.7487730180859592
78.28274584606085,3.0732372293537944,-0.9915080985773441,0.7560712864926279
78.11423691748942,3.1009620194585894,-0.9637833084725491,0.7628920803845065
77.945727988918,3.1276703121833687,-0.9370750157477699,0.7694627977530096
77.77721906034657,3.153276107911346,-0.9114692200197925,0.775762281155334
77.77721906034657,3.1778152930493326,-0.8869300348818059,0.7817993592889538
77.60871013177514,3.1995608091586694,-0.8651845187724692,0.7871491449101861
77.44020120320371,3.221105561000887,-0.8436397669302513,0.7924495389334405
77.27096906034657,3.242581640484079,-0.8221636874470595,0.7977330383289912
77.10246013177513,3.2640635966945544,-0.8006817312365841,0.8030179835044887
76.9339512032037,3.2848980989053467,-0.7798472290257918,0.8081436434240971
76.76544227463228,3.3045487504014353,-0.7601965775297033,0.8129780549088851
76.59621013177514,3.3235964926190773,-0.7411488353120612,0.8176641399353576
76.42842441748942,3.342038234669695,-0.7227070932614437,0.8222011380896808
76.25919227463228,3.360248897723794,-0.7044964302073446,0.8266812866807779
76.25919227463228,3.3776775436472994,-0.6870677842838391,0.8309690450807307
76.09068334606086,3.394225183226007,-0.6705201447051317,0.8350400601736072
75.92217441748943,3.411275194235992,-0.6534701336951465,0.8392346676174796
75.753665488918,3.4276802277835645,-0.637065100147574,0.8432705990778947
75.58515656034658,3.4427170403883127,-0.6220282875428258,0.8469699237321163
75.41664763177513,3.4574324462854356,-0.607312881645703,0.8505901765917494
75.24813870320371,3.4732500377521403,-0.5914952901789983,0.8544815868008991
75.07890656034657,3.489058659477203,-0.5756866684539355,0.8583707902932884
74.91039763177513,3.5044048139077923,-0.5603405140233462,0.8621462185655437
74.91039763177513,3.518504319866155,-0.5462410080649835,0.8656149490322417
74.7418887032037,3.5310846466488965,-0.533660681282242,0.8687099342693967
74.57337977463227,3.5439310066790957,-0.5208143212520429,0.8718703684402473
74.40487084606085,3.5568581060758886,-0.5078872218552499,0.8750506659383375
74.23636191748942,3.568945960136195,-0.4957993677949437,0.8780244940837919
74.06785298891799,3.580194568860013,-0.48455075907112555,0.8807918528766104
73.89862084606085,3.59035553024463,-0.47438979768650835,0.8832916309844283
73.73083513177514,3.6003488279302345,-0.46439650000090404,0.8857501608256301
73.561602988918,3.6096946737419366,-0.4550506541892019,0.888049405933923
73.39309406034657,3.6189934982951315,-0.445751829636007,0.8903370829722106
73.39309406034657,3.6279771042952027,-0.4367682236359358,0.8925472106125181
73.22458513177514,3.636560110728233,-0.4281852172029055,0.894658783599404
73.05607620320372,3.6450716600264244,-0.41967366790471416,0.8967527768539638
72.88684406034658,3.6530443350094357,-0.4117009929217028,0.8987141973956707
72.71905834606085,3.660962257260932,-0.40378307067020636,0.9006621477868276
72.55054941748942,3.668900904834422,-0.39584442309671664,0.9026151969776192
72.382040488918,3.6759446253727104,-0.38880070255842814,0.9043480781226905
72.21280834606085,3.6831492039155305,-0.38159612401560805,0.906120533211897
72.04429941748943,3.6909325619732276,-0.3738127659579109,0.9080353784063089
72.04429941748943,3.698284387131614,-0.3664609407995245,0.9098440587946884
71.875790488918,3.705159826430908,-0.3595855015002307,0.9115355397472709
71.70655834606086,3.7115427919448747,-0.35320253598626383,0.9131058633466624
71.53877263177515,3.7176300270219658,-0.34711530090917275,0.9146034319729826
71.3702637032037,3.7235891942983037,-0.3411561336328348,0.9160694936313574
71.20175477463228,3.7293639934723024,-0.3353813344588361,0.9174901974413394
71.03252263177514,3.735189524459148,-0.3295558034719903,0.9189233821840134
70.86401370320371,3.7408523416328476,-0.3238929862982909,0.9203165364204637
70.69550477463227,3.746322439565436,-0.3184228883657023,0.9216622782791235
70.69550477463227,3.751554034204152,-0.3131912937269865,0.9229493440647132
70.52699584606084,3.7568607986578306,-0.3078845292733079,0.9242549029682964
70.3577637032037,3.7618891546179385,-0.30285617331320003,0.9254919684064569
70.18925477463227,3.766428131932862,-0.29831719599827666,0.9266086379512211
70.02146906034656,3.7707088085362277,-0.2940365193949108,0.927661760904325
69.85296013177513,3.775276864437697,-0.2894684634934417,0.9287855843011019
69.6793887032037,3.7796367328375835,-0.285108595093555,0.9298581898515476
69.51087977463227,3.7839532926590866,-0.2807920352720519,0.9309201407176552
69.34164763177513,3.7885631095688694,-0.2761822183622691,0.9320542380688732
69.34164763177513,3.792971235370115,-0.2717740925610235,0.9331387158025592
69.16807620320371,3.7971089955780184,-0.2676363323531201,0.9341566787680298
69.00029048891798,3.8009847434571316,-0.26376058447400696,0.9351101820176628
68.83105834606084,3.804926381045237,-0.25981894688590135,0.936079895313357
68.66327263177513,3.8091693186218487,-0.2555760093092898,0.9371237337913684
68.49331727463228,3.813112502717134,-0.25163282521400454,0.9380938275554696
68.32553156034656,3.8169839193132518,-0.24776140861788676,0.9390462652320726
68.15196013177514,3.8202610902598035,-0.24448423767133498,0.9398525078579101
67.9834512032037,3.8234621634870853,-0.24128316444405318,0.94064002908471
67.9834512032037,3.82687358826311,-0.23787173966802833,0.941479300552121
67.81494227463227,3.830263359812833,-0.23448196811830568,0.9423132449388529
67.64643334606085,3.8338517283938427,-0.23089359953729582,0.9431960477448128
67.47792441748942,3.8375434174720526,-0.2272019104590859,0.9441042692397346
67.30941548891799,3.840865443504168,-0.2238798844269705,0.9449215470183171
67.14090656034656,3.8440863130862426,-0.22065901484489592,0.945713938502217
66.96733513177513,3.847145397822369,-0.21759993010876943,0.9464665280224277
66.7988262032037,3.8500544511671144,-0.2146908767640241,0.9471822071388426
66.62959406034656,3.8529724763792865,-0.211772851551852,0.947900093494999
66.62959406034656,3.856113536624859,-0.20863179130627962,0.9486728504556844
66.46108513177514,3.8590216620652966,-0.2057236658658419,0.9493883012910552
66.29257620320371,3.861833272703015,-0.2029120552281234,0.9500800077599447
66.12406727463228,3.8646411717235036,-0.2001041562076349,0.9507708011046578
65.95555834606085,3.8675344485692316,-0.19721087936190695,0.9514825989203406
65.78704941748943,3.870325023520631,-0.1944203044105075,0.9521691302344241
65.618540488918,3.8731802520381695,-0.191565075892969,0.9528715674813332
65.44930834606085,3.8759262822683325,-0.18881904566280605,0.9535471399978432
65.28152263177515,3.8783045041981246,-0.18644082373301396,0.9541322250986121
65.28152263177515,3.8810545564098464,-0.1836907715212921,0.9548087870944706
65.11229048891799,3.8840279529564046,-0.18071737497473395,0.9555402957885396
64.94378156034657,3.8868398728955595,-0.17790545503557897,0.9562320783511107
64.77527263177514,3.8894640224165795,-0.175281305514559,0.9568776660347936
64.60676370320371,3.891946803112209,-0.17279852481892943,0.9574884744607407
64.43825477463228,3.8944054540442674,-0.1703398738868711,0.9580933465335773
64.26902263177514,3.8968446168600765,-0.16790071107106197,0.9586934241815047
64.10051370320372,3.8993007933806467,-0.1654445345504918,0.95929768750489
63.932727988918,3.901666951491545,-0.16307837643959333,0.9598798046905939
63.763495846060856,3.903877510785215,-0.16086781714592346,0.9604236417862367
63.763495846060856,3.90609301890186,-0.15865230902927863,0.9609686963807819
63.59498691748943,3.9086045678197086,-0.15614076011142997,0.9615865823035703
63.426477988917995,3.910994854631287,-0.15375047329985136,0.9621746355808946
63.25796906034657,3.9133387409130127,-0.15140658701812582,0.9627512734985568
63.08946013177514,3.9156835540361548,-0.14906177389498376,0.963328139435773
62.920227988918,3.9179284500407836,-0.1468168778903549,0.9638804239760129
62.75171906034656,3.9202163442594675,-0.144528983671671,0.9644432868454189
62.58321013177513,3.922661075564016,-0.1420842523671224,0.9650447344411022
62.414701203203705,3.9248295645479376,-0.1399157633832009,0.9655782214886228
62.414701203203705,3.9267991450733537,-0.13794618285778482,0.9660627735002536
62.24619227463228,3.9288148189529712,-0.13593050897816727,0.9665586653008461
62.07768334606085,3.931163344756236,-0.13358198317490233,0.9671364446237294
61.909174417489425,3.933640866264562,-0.13110446166657663,0.9677459591956021
61.739942274632284,3.935855755778336,-0.1288895721528025,0.9682908616027848
61.57215656034657,3.937946290171479,-0.1267990377596595,0.968805170427689
61.40364763177514,3.939971243094175,-0.12477408483696362,0.9693033450387233
61.234415488917996,3.9417907943539947,-0.12295453357714381,0.9697509871695394
61.06590656034657,3.943849157146232,-0.12089617078490633,0.9702573812056167
61.06590656034657,3.946233875469071,-0.11851145246206762,0.9708440645351852
60.89739763177514,3.9483219354507266,-0.11642339248041189,0.9713577646106383
60.728165488918,3.950089206264736,-0.11465612166640238,0.9717925448173749
60.56037977463228,3.951963200954634,-0.11278212697650458,0.9722535810050594
60.391870846060854,3.9538554476179284,-0.11088988031321012,0.9727191075044176
60.22336191748943,3.9558565822042717,-0.1088887457268668,0.9732114223790034
60.054852988918,3.957991352017215,-0.10675397591392333,0.9737366139077995
59.88055834606086,3.9602792462359,-0.10446608169523852,0.9742994767772057
59.71277263177514,3.962309768710226,-0.10243555922091252,0.974799021597486
59.54354048891799,3.964279349235643,-0.10046597869549556,0.975283573609117
59.54354048891799,3.966479081916163,-0.09826624601497569,0.9758247471644205
59.375031560346564,3.9686469512343203,-0.0960983766968182,0.9763580817630879
59.20652263177514,3.970833072525875,-0.0939122554052636,0.9768959066734292
59.03801370320371,3.9729106141329247,-0.09183471379821384,0.9774070190407339
58.86950477463228,3.9749788756340054,-0.08976645229713309,0.9779158483361067
58.69593334606085,3.9768392599978286,-0.0879060679333099,0.978373536140319
58.52670120320371,3.978621998009419,-0.08612332992171945,0.9788121215541062
58.35819227463228,3.980520431764324,-0.08422489616681439,0.9792791701885828
58.18968334606085,3.9822190291564183,-0.08252629877472017,0.9796970555061258
58.18968334606085,3.9840633266568974,-0.08068200127424108,0.9801507856544345
58.021174417489426,3.9858253393464955,-0.078919988584643,0.9805842722685872
57.852665488918,3.9875378574289906,-0.07720747050214793,0.9810055823247739
57.68487977463228,3.9892061400916843,-0.07553918783945424,0.9814160096770683
57.51564763177514,3.991077041767223,-0.0736682861639153,0.981876284927939
57.34713870320371,3.992917007984707,-0.07182831994643157,0.9823289495032176
57.178629774632284,3.9946827333544292,-0.07006259457670927,0.9827633495030378
57.01012084606086,3.9962442932041267,-0.06850103472701186,0.9831475211358747
56.84161191748943,3.998007543099468,-0.06673778483167059,0.9835813121247529
56.84161191748943,3.9997169671047117,-0.06502836082642682,0.9840018609826351
56.67237977463228,4.001265534168316,-0.06347979376282264,0.9843828361578726
56.50459406034656,4.002830496333809,-0.06191483159732947,0.9847678448212049
56.336085131775135,4.004465988792725,-0.06027933913841377,0.9851702051973095
56.166852988917995,4.00618314639676,-0.058562181534378865,0.9855926566587172
55.99834406034657,4.00787741356875,-0.056867914362388916,0.9860094766647205
55.82983513177514,4.009459698740439,-0.055285629190699126,0.9863987470971919
55.661326203203714,4.011025588810241,-0.05371973912089789,0.9867839840415685
55.49209406034657,4.0125503364746,-0.052194991456538276,0.9871590992188668
55.49209406034657,4.014169742070172,-0.05057558586096622,0.9875575019390679
55.32430834606085,4.015713977850781,-0.04903135008035786,0.9879374115412751
55.15507620320371,4.017202223694132,-0.047543104237006695,0.9883035466182072
54.987290488918,4.018722949376933,-0.046022378554205545,0.9886776723161572
54.81805834606086,4.0201483985256505,-0.044596929405487984,0.989028358283842
54.64954941748943,4.021590551014802,-0.04315477691633696,0.9893831535718126
54.48104048891799,4.023232538803873,-0.04151278912726575,0.9897871119152267
54.312531560346564,4.024807399678209,-0.039937928252929744,0.9901745558378544
54.14402263177514,4.026251718340303,-0.038493609590835476,0.9905298840430852
53.97551370320371,4.027740582786525,-0.03700474514461316,0.9908961713073798
53.97551370320371,4.029386900795701,-0.03535842713543769,0.9913011949623337
53.80628156034657,4.030845140148196,-0.033900187782942126,0.9916599479062083
53.638495846060856,4.032224806307043,-0.0325205216240958,0.9919993704401038
53.469263703203715,4.033561473188941,-0.031183854742197425,0.9923282143833426
53.30075477463228,4.035089624231988,-0.029655703699150493,0.9927041668526267
53.132245846060854,4.036710576334739,-0.028034751596399232,0.9931029500412346
52.96373691748943,4.038346378095091,-0.026398949836047514,0.9935053865110206
52.79450477463228,4.039821011486585,-0.024924316444553618,0.9938681726815
52.62671906034657,4.04114623315246,-0.023599094778678165,0.9941942008970364
52.62671906034657,4.042640356785986,-0.02210497114515242,0.9945617820154053
52.457486917489426,4.043920414064863,-0.020824913866275274,0.9948766989845156
52.28897798891799,4.045258937818268,-0.019486390112870566,0.9952059997513328
52.120469060346565,4.0465526064861095,-0.018192721445029036,0.9955242653654052
51.95196013177514,4.04775842185433,-0.016986906076808417,0.9958209174975657
51.782727988918,4.049101586192167,-0.01564374173897143,0.9961513599310947
51.60987977463228,4.050400822285855,-0.014344505645283334,0.996470995231432
51.44137084606085,4.052005998952481,-0.012739328978657483,0.9968658973807981
51.27286191748942,4.053312041803545,-0.011433286127593867,0.9971872072651072
51.27286191748942,4.054391027639648,-0.010354300291490759,0.9974526570655385
51.104352988917995,4.05553775899336,-0.009207568937778632,0.9977347734741194
50.93584406034657,4.057056628867545,-0.007688699063593596,0.9981084426099809
50.76733513177514,4.058579828961834,-0.006165498969304295,0.9984831770573822
50.598102988918,4.059751616920533,-0.00499371101060575,0.9987714578386274
50.42959406034657,4.061098183574165,-0.003647144356973442,0.9991027373026516
50.26108513177514,4.062325962533014,-0.0024193653981248175,0.9994047928706628
50.09257620320371,4.063550029874632,-0.001195298056506644,0.9997059353144973
49.924067274632286,4.064733881652225,-1.1446278913140873e-05,0.9999971840108076
49.924067274632286,4.065992285704801,0.0012469577736622384,1.0003067738992388
49.75049584606086,4.067169023549366,0.002423695618227306,1.0005962724408766
49.58126370320372,4.068247389719708,0.003502061788569044,1.0008615697924552
49.413477988918,4.069280592565939,0.004535264634800917,1.0011157561590973
49.24496906034657,4.070367312000832,0.005621984069693831,1.0013831085630536
49.07646013177514,4.071489296050993,0.006743968119854671,1.0016591366926515
48.907951203203716,4.072782964718834,0.008037636787695313,1.0019774023067236
48.73871906034657,4.073898452375948,0.009153124444809535,1.002251832207522
48.57021013177514,4.074891131419612,0.010145803488473604,1.002496048994449
48.57021013177514,4.075836171664787,0.011090843733648548,1.0027285457854977
48.40170120320371,4.077023117519631,0.01227778958849246,1.0030205556801124
48.23246906034657,4.0781741801563385,0.013428852225199961,1.0033037376617233
48.06468334606085,4.079335449740431,0.014590121809292533,1.00358943073482
47.896174417489426,4.080299979164747,0.015554651233608219,1.0038267222122683
47.726942274632286,4.081190574916953,0.016445246985814066,1.0040458246849586
47.55843334606086,4.082012497247241,0.017267169316102837,1.0042480322684548
47.38992441748942,4.082896905907837,0.018151577976698086,1.004465612606027
47.22141548891799,4.083869787533814,0.019124459602675614,1.004704958874363
47.052906560346564,4.084785749192444,0.020040421261305674,1.0049303018133995
47.052906560346564,4.085939286240638,0.02119395830949955,1.0052140925444613
46.88439763177514,4.087035595082939,0.02229026715180016,1.0054838041140317
46.71588870320371,4.08797939812237,0.023234070191231915,1.0057159965303553
46.54737977463228,4.088964652868679,0.02421932493754042,1.005958386807438
46.37814763177514,4.089767086019828,0.02502175808868934,1.0061557997045352
46.20963870320371,4.090427222441278,0.025681894510139358,1.0063182050628523
46.04112977463228,4.0912711072993035,0.026525779368165026,1.0065258158207087
45.872620846060855,4.09246578675294,0.027720458821801408,1.0068197283188491
45.70411191748943,4.093394741197662,0.028649413266523815,1.0070482677154846
45.70411191748943,4.093970117333851,0.029224789402712226,1.0071898205287038
45.535602988918,4.094829161150914,0.030083833219775258,1.0074011606614202
45.36709406034657,4.0956402558051614,0.030894927874022926,1.0076007044430868
45.19352263177514,4.096372469027215,0.03162714109607645,1.0077808419825833
45.02501370320371,4.09704466926756,0.03229934133642143,1.0079462152559657
44.856504774632285,4.09809581372286,0.03335048579172106,1.0082048155791092
44.68799584606086,4.098977130431987,0.03423180250084812,1.0084216352413575
44.51876370320372,4.099844834689257,0.03509950675811879,1.0086351059971532
44.350254774632276,4.1008802026455395,0.03613487471440102,1.0088898250195648
44.350254774632276,4.101722540996384,0.036977213065245707,1.009097055309014
44.18174584606085,4.102427841804836,0.03768251387369759,1.009270571913758
44.00889763177514,4.1029398026435215,0.03819447471238302,1.009396523430368
43.839665488918,4.1034990929792565,0.038753765048118005,1.0095341188491735
43.671156560346574,4.103950113994817,0.03920478606367883,1.0096450780801152
43.50192441748943,4.104544979310146,0.039799651379007095,1.0097914255797336
43.334138703203706,4.105280285546558,0.04053495761541992,1.0099723240560439
43.16562977463228,4.106089524392191,0.04134419646105236,1.0101714112756224
42.99712084606085,4.106838751319006,0.04209342338786737,1.0103557344905767
42.99712084606085,4.107508167846427,0.042762839915288176,1.0105204229208262
42.828611917489425,4.108105507573244,0.04336017964210548,1.0106673791698961
42.660102988918,4.108705321711549,0.043959993780410045,1.0108149441684173
42.49087084606086,4.109252548228391,0.044507220297252736,1.0109495716721584
42.322361917489424,4.109641700453626,0.04489637252248713,1.0110453100748966
42.153852988918,4.110152424086567,0.045407096155428484,1.0111709572167809
41.98534406034657,4.1107194480210945,0.04597412008995594,1.0113104552391123
41.81683513177514,4.111280285926902,0.046534957995763904,1.0114484313878156
41.648326203203716,4.111726357056595,0.04698102912545643,1.0115581728583642
41.479817274632275,4.112080553967999,0.04733522603686069,1.0116453116291428
41.479817274632275,4.112515798484543,0.04777047055340411,1.0117523895593523
41.31130834606085,4.113154280616801,0.04840895268566214,1.0119094675755003
41.14207620320371,4.113657889253823,0.048912561322684844,1.0120333643012218
40.97356727463228,4.114138916760237,0.04939358882909861,1.0121517056652203
40.805058346060854,4.114425676392578,0.04968034846143965,1.0122222536600407
40.63582620320371,4.11500167219453,0.050256344263391206,1.012363958922113
40.468040488918,4.115499093739943,0.050753765808804197,1.0124863335127166
40.29880834606086,4.115843391942505,0.05109806401136652,1.0125710370242
40.12596013177514,4.116295340862373,0.05155001293123451,1.0126822245361857
40.12596013177514,4.116727492364555,0.051982164433416855,1.0127885415295808
39.95745120320371,4.117067459284123,0.05232213135298469,1.0128721794680347
39.788942274632284,4.117339061020319,0.05259373308918036,1.0129389983494856
39.61971013177514,4.11770903443074,0.05296370649960114,1.0130300184209962
39.451201203203716,4.11898104880939,0.05423572087825157,1.0133429566928998
39.28269227463228,4.11933029689782,0.0545849689666813,1.0134288779647762
39.114183346060855,4.119291010300993,0.05454568236985491,1.0134192127597863
38.94567441748943,4.119365561513086,0.05462023358194745,1.0134375536904172
38.777165488918,4.119750692819653,0.055005364888514485,1.0135323028752974
38.777165488918,4.119859271441266,0.05511394351012733,1.0135590151568437
38.608656560346574,4.119951765325316,0.055206437394177854,1.0135817703054664
38.44014763177513,4.120189648953426,0.05544432102228747,1.0136402939296834
38.27091548891799,4.1204365044489615,0.05569117651782296,1.0137010247936415
38.102406560346566,4.120714602578205,0.055969274647066136,1.0137694419038925
37.93389763177514,4.120881647674346,0.05613631974320743,1.013810537983146
37.76538870320371,4.121158817899282,0.05641348996814344,1.0138787268123528
37.596879774632285,4.121457951714844,0.056712623783705673,1.0139523190774098
37.42837084606086,4.121708518827612,0.05696319089647339,1.014013963065545
37.42837084606086,4.121960013844687,0.05721468591354828,1.0140758353347241
37.259861917489424,4.122082823521029,0.05733749558989043,1.014106048710086
37.090629774632276,4.122204394928734,0.05745906699759562,1.0141359574492312
36.92212084606085,4.122361230951707,0.05761590302056874,1.014174541914018
36.75361191748942,4.12241165346312,0.057666325531981144,1.0141869467530287
36.585102988917996,4.122599734245581,0.057854406314442386,1.0142332179870883
36.415870846060855,4.122842877060993,0.05809754912985454,1.0142930354653792
36.248085131775134,4.12336102499129,0.05861569706015146,1.0144205091171077
36.07957620320371,4.1235772553931,0.05883192746196109,1.0144737056606459
35.91106727463228,4.123601074792343,0.05885574686120432,1.0144795656585848
35.91106727463228,4.123813283212593,0.05906795528145459,1.0145317727227745
35.742558346060854,4.123985586433146,0.059240258502007315,1.0145741623946116
35.57332620320371,4.124049929634958,0.05930460170381924,1.0145899919722656
35.404817274632286,4.123981256213043,0.059235928281904826,1.0145730970830722
35.23630834606086,4.124103755525057,0.05935842759391807,1.0146032341032618
35.067799417489425,4.124044051844784,0.059298723913645546,1.0145885459308288
34.899290488918,4.124019923144104,0.05927459521296541,1.0145826098392086
34.73078156034657,4.12423336983299,0.05948804190185175,1.0146351215396143
34.562272631775144,4.124484864850064,0.05973953691892575,1.0146969938087933
34.562272631775144,4.124540855850215,0.05979552791907672,1.0147107685955594
34.39376370320372,4.124611386143638,0.05986605821249924,1.0147281203083318
34.22453156034657,4.124758632759204,0.06001330482806555,1.0147643456075048
34.056022631775136,4.1246318021641954,0.05988647423305693,1.0147331430142852
33.88751370320371,4.124610148937895,0.05986482100675605,1.0147278159336064
33.71900477463228,4.124610148937895,0.05986482100675605,1.0147278159336064
33.550495846060855,4.124569005469563,0.059823677538424214,1.0147176939050382
33.381263703203714,4.1244557862635185,0.05971045833237998,1.0146898399567805
33.213477988918,4.124316891849615,0.0595715639184764,1.0146556694484958
33.213477988918,4.124112726329591,0.05936739839845284,1.0146054410815128
33.04496906034657,4.124364221346666,0.05961889341552773,1.014667313350692
32.87646013177514,4.123976615628611,0.059231287697472546,1.0145719554163606
32.70722798891799,4.123642835800656,0.058897507869517085,1.0144898396130255
32.53365656034657,4.123646856719323,0.05890152878818444,1.0144908288308838
32.365147631775145,4.123654281016677,0.05890895308553823,1.0144926553407274
32.1966387032037,4.1235460116965,0.058800683765361406,1.0144660191528627
32.028129774632276,4.123421655512979,0.05867632758184005,1.0144354253090944
31.859620846060853,4.1233000841052725,0.05855475617413397,1.0144055165699488
31.859620846060853,4.123065602792958,0.058320274861819676,1.0143478299762272
31.691111917489426,4.12283916438087,0.058093836449731207,1.014292122079712
31.517540488918,4.122798331276865,0.058053003345726495,1.0142820764063154
31.349031560346575,4.122946196495304,0.05820086856416573,1.0143184538928516
31.180522631775137,4.122845042171045,0.058099714239906675,1.0142935681211491
31.011290488917993,4.122734606677925,0.05798927874678661,1.0142663990160243
30.843504774632283,4.122571583563341,0.057826255632202894,1.0142262924161192
30.66921013177514,4.122281420552314,0.05753609262117543,1.0141549071293132
30.496361917489423,4.121939907125567,0.057194579194428385,1.0140708887224528
30.496361917489423,4.1216048890289745,0.056859561097835964,1.0139884682829012
30.327852988917996,4.121403197920438,0.05665786998929967,1.0139388486653695
30.158620846060852,4.12126646967948,0.05652114174834111,1.0139052110743452
29.990835131775142,4.121027038481297,0.056281710550158515,1.0138463067202306
29.822326203203716,4.121007240000722,0.05626191206958353,1.0138414359401502
29.65309406034657,4.120924955189841,0.05617962725870207,1.013821192405994
29.479522631775136,4.120936401468754,0.05619107353761521,1.0138240083951866
29.31101370320371,4.120962076676613,0.056216748745474554,1.0138303249552139
29.142504774632283,4.120870201395434,0.05612487346429518,1.0138077219939536
29.142504774632283,4.120653353453644,0.05590802552250551,1.013754373524543
28.973995846060856,4.12049187684624,0.05574654891510189,1.0137146473930447
28.80476370320371,4.120390412157655,0.055645084226516595,1.013689685266171
28.636254774632285,4.120200784868013,0.05545545693687437,1.013643033563704
28.468469060346564,4.119919903025847,0.0551745750947088,1.013573931610321
28.299960131775137,4.119752239326832,0.05500691139569369,1.0135326833437044
28.13145120320371,4.119729966434769,0.054984638503630556,1.0135272038141727
27.96221906034657,4.119720995630234,0.05497566769909579,1.0135249968359217
27.793710131775143,4.119422480417543,0.0546771524864047,1.0134515567582272
27.793710131775143,4.119060549907348,0.05431522197620975,1.0133625153839232
27.625201203203716,4.118680987089519,0.05393565915838039,1.0132691361467983
27.456692274632278,4.118409694654759,0.05366436672362074,1.0132023933590286
27.28818334606085,4.117811117722198,0.05306578979105936,1.013055132735233
27.119674417489424,4.117293587331882,0.05254825940074337,1.0129278110093773
26.950442274632284,4.116955167982387,0.05220984005124851,1.0128445538008213
26.78265656034657,4.11655673458829,0.05181140665715134,1.01274653206466
26.61342441748943,4.116133554953533,0.05138822702239487,1.0126424223110062
26.444915488917992,4.115850816239859,0.051105488308720304,1.0125728635340439
26.275683346060852,4.115710684620213,0.050965356689074426,1.0125383886510337
26.275683346060852,4.1155847819295115,0.050839453998372974,1.0125074143388582
26.10789763177514,4.115361436531783,0.050616108600644694,1.0124524673791573
25.93938870320371,4.114856590689016,0.05011126275787792,1.01232826627871
25.770879774632284,4.11426853106817,0.0495232031370314,1.0121835931015726
25.601647631775144,4.114021366271197,0.049276038340058115,1.0121227861439326
25.433138703203717,4.11389360777188,0.04914827984074144,1.0120913552696686
25.26462977463228,4.113527965644453,0.04878263771331426,1.0120014007711877
25.096120846060852,4.113199135702364,0.04845380777122532,1.0119205027282452
24.92688870320371,4.112917634194434,0.04817230626329572,1.0118512483260087
24.92688870320371,4.112646959299655,0.04790163136851611,1.0117846574641116
24.759102988918,4.1124607353887,0.0477154074575612,1.0117388430536305
24.59059406034657,4.112043741782663,0.047298413851524224,1.0116362551736047
24.422085131775134,4.1115899370541795,0.046844609123041,1.0115246110995308
24.253576203203707,4.111240690028642,0.04649536209750327,1.0114386900891448
24.084344060346567,4.110875047901215,0.04612971997007609,1.0113487355906636
23.915111917489423,4.110655105882173,0.045909777951034236,1.0112946259229483
23.746602988917996,4.110508167505152,0.045762839574013725,1.011258476455967
23.573754774632285,4.110230378677345,0.04548505074620657,1.0111901354393973
23.573754774632285,4.109829780173197,0.04508445224205815,1.0110915810474663
23.40524584606085,4.109545185650909,0.04479985771977013,1.011021565708416
23.236736917489424,4.109236462427938,0.04449113449679931,1.0109456142777447
23.068227988917997,4.1084859982953805,0.04374067036424201,1.0107609866880651
22.898995846060853,4.10792144877234,0.043176120841201815,1.0106220974151847
22.730486917489426,4.107661292252167,0.04291596432102818,1.0105580942614358
22.561977988918,4.107195113340462,0.04244978540932376,1.0104434059171254
22.393469060346572,4.106650671599435,0.041905343668296346,1.0103094635180072
22.224960131775138,4.106123242500279,0.041377914569140195,1.0101797065328568
22.224960131775138,4.105332563866587,0.04058723593544844,1.009985185457143
22.055727988917994,4.104691298021405,0.039945970090266236,1.0098274225978625
21.887942274632284,4.104429904295487,0.03968457636434852,1.009763115069388
21.719433346060857,4.104152114404789,0.03940678647365026,1.0096947737913282
21.55092441748943,4.103846794560506,0.03910146662936764,1.0096196596526428
21.381692274632286,4.1035751917614185,0.038829863830279976,1.0095528405097014
21.213906560346565,4.1031820175546265,0.03843668962348801,1.009456112627615
21.044674417489425,4.1028934010507765,0.03814807311963797,1.0093851078092153
20.876165488917998,4.102528377526221,0.03778304959508283,1.009295305498097
20.70765656034657,4.102223984523356,0.03747865659221716,1.0092204193789658
20.70765656034657,4.102002805298571,0.037257477367432124,1.009166005336525
20.539147631775144,4.101759353181723,0.03701402525058484,1.0091061117645528
20.370638703203717,4.101417221152103,0.03667189322096487,1.0090219411703292
20.20212977463228,4.100891030321581,0.036145702390442125,1.0088924888213942
20.032897631775135,4.100370716218342,0.03562538828720374,1.0087644822524062
19.86438870320372,4.099941040190538,0.03519571225939977,1.0086587742699524
19.695879774632274,4.09943619328488,0.034690865353741884,1.008534572908015
19.522308346060857,4.09915407317408,0.03440874524294113,1.0084651663184159
19.35379941748943,4.098819365441815,0.034074037510676725,1.0083828222340363
19.35379941748943,4.098615199921792,0.033869871990653166,1.0083325938670535
19.185290488918003,4.098050650398752,0.03330532246761386,1.0081937045941733
19.011719060346568,4.097486719478584,0.03274139154744571,1.0080549675086559
18.843933346060858,4.097046525076174,0.032301197145035765,1.0079466718180536
18.674701203203714,4.096570757819955,0.03182542988881654,1.0078296245696197
18.506192274632287,4.096093752295101,0.031348424363962124,1.0077122726849699
18.33334406034657,4.095822149496013,0.031076821564874457,1.0076454535420283
18.164111917489425,4.095549000189745,0.030803672258606696,1.00757825393068
18.164111917489425,4.095272448567683,0.030527120636544502,1.0075102172888362
17.991263703203707,4.0946497429344415,0.029904415003302987,1.0073570205734201
17.822031560346563,4.094045597513142,0.029300269582003047,1.0072083900018691
17.653522631775136,4.093624892289872,0.028879564358733845,1.0071048889976664
17.48501370320371,4.093233883193131,0.028488555261992232,1.0070086937713494
17.316504774632282,4.092781624971827,0.02803629704068822,1.0068974301656823
17.147995846060855,4.092512806948555,0.02776747901741672,1.006831296127364
16.979486917489428,4.0922613119314795,0.027515984000340943,1.0067694238581846
16.810254774632284,4.091766674098992,0.0270213461678539,1.006647734110714
16.641745846060857,4.091152011365977,0.026406683434838207,1.0064965160925048
16.641745846060857,4.0907532686704435,0.026007940739305013,1.0063984182626622
16.47323691748943,4.090334728557227,0.025589400626088832,1.0062954499142296
16.304727988918003,4.090251825143474,0.025506497212335333,1.0062750541927106
16.13621906034656,4.089999092920655,0.02525376498951637,1.0062128775488057
15.967710131775133,4.089577769094514,0.02483244116337513,1.0061092243572403
15.799201203203706,4.08892258255893,0.024177254627791633,1.0059480367593159
15.63069227463228,4.088248525447079,0.02350319751594032,1.0057822066623552
15.462183346060852,4.088016827847688,0.02327149991654931,1.005725204911766
15.28788870320372,4.087713363812022,0.022968035880883697,1.0056505473351693
15.28788870320372,4.087243782584522,0.02249845465338307,1.0055350219603634
15.118656560346578,4.086716353485364,0.021971025554225143,1.0054052649752125
14.951594060346563,4.086356279846676,0.021610951915537413,1.0053166804244873
14.782361917489421,4.086128913530281,0.021383585599142663,1.0052607442469284
14.613129774632277,4.085930006134669,0.021184678203530538,1.0052118094725293
14.44462084606085,4.0854495972311256,0.020704269299987033,1.005093620295893
14.27683513177514,4.08504652431549,0.02030119638435135,1.004994457154511
14.108326203203713,4.084618086556322,0.01987275862518345,1.0048890538082735
13.93909406034657,4.084240688848546,0.019495360917407112,1.0047962072269185
13.93909406034657,4.083658507017873,0.01891317908673429,1.0046529800912178
13.77130834606086,4.083270282696946,0.018524954765807067,1.0045574699695234
13.602076203203715,4.082847411300733,0.018102083369594624,1.0044534360480606
13.433567274632289,4.082292452247992,0.017547124316853235,1.0043169062022845
13.265058346060862,4.082124479247542,0.017379151316403885,1.004275581841987
13.096549417489417,4.081950628456918,0.017205300525779066,1.0042328114402523
12.92804048891799,4.081696659028354,0.01695133109721514,1.0041703304216214
12.759531560346563,4.08146372422322,0.016718396292081827,1.0041130242963072
12.591022631775136,4.081145410529952,0.016400082598813093,1.004034713438532
12.591022631775136,4.080816580587864,0.016071252656725044,1.0039538153955896
12.421790488917994,4.080652009903208,0.015906681972069237,1.003913328065787
12.253281560346567,4.080036728567322,0.015291400636183283,1.003761957860215
12.08477263177514,4.079628706828711,0.014883378897572186,1.0036615772199307
11.916263703203713,4.079465993015565,0.014720665084426265,1.0036215467137073
11.747754774632286,4.079141492230686,0.01439616429954782,1.0035417137208138
11.57418334606085,4.078783583702049,0.014038255770910446,1.003453661825858
11.405674417489424,4.0783724678861875,0.01362713995504894,1.0033525199872693
11.237165488917997,4.077983934263822,0.013238606332683922,1.003256933771893
11.067933346060855,4.0778555571616355,0.013110229230496984,1.0032253507102669
11.067933346060855,4.077628190845239,0.012882862914100457,1.0031694145327077
10.899424417489428,4.077369890133682,0.012624562202543821,1.0031058679410474
10.730915488918,4.077052505407614,0.01230717747647514,1.0030277856258067
10.563129774632289,4.076571168599765,0.011825840668626242,1.0029093681681271
10.389558346060854,4.076163456162589,0.011418128231450275,1.0028090636215239
10.221049417489427,4.075844833167886,0.011099505236747298,1.0027306766700674
10.051817274632285,4.075571993163053,0.010826665231914667,1.0026635531524002
9.884031560346573,4.075285852133584,0.010540524202445667,1.0025931573449425
9.71479941748943,4.0749969263283,0.010251598397161388,1.0025220764328622
9.71479941748943,4.0747612078102415,0.010015879879103018,1.0024640854644147
9.546290488918004,4.0746733545106215,0.009928026579482996,1.0024424719825034
9.377781560346577,4.074588284923926,0.009842956992787144,1.0024215433437245
9.209272631775132,4.074146545077228,0.009401217146089103,1.0023128674462058
9.040040488917988,4.073718415556605,0.008973087625466114,1.0022075399321593
8.872254774632278,4.073325550651246,0.0085802227201075,1.0021108881437535
8.703745846060851,4.0730022881350045,0.008256960203866015,1.0020313597870765
8.534513703203707,4.072687996423295,0.007942668492156635,1.0019540384086496
8.36600477463228,4.072296679088009,0.007551351156870112,1.0018577673501414
8.36600477463228,4.072073024388844,0.007327696457705812,1.001802744296759
8.197495846060853,4.071746050255372,0.007000722324233877,1.0017223028159052
8.028986917489426,4.0715824074750255,0.006837079543887015,1.0016820437671472
7.860477988918,4.0712625483374705,0.006517220406331958,1.0016033527024555
7.691969060346573,4.070969600550626,0.0062242726194874365,1.0015312823110263
7.523460131775146,4.070647885604455,0.005902557673316267,1.0014521346842462
7.354227988918004,4.070447431701664,0.005702103770525824,1.0014028194414404
7.185719060346577,4.0702605891878365,0.00551526125669799,1.0013568528435963
7.017210131775132,4.069898658677641,0.005153330746502149,1.001267811469292
7.017210131775132,4.069658299575152,0.004912971644013275,1.0012086788341334
6.848701203203705,4.069382057254525,0.004636729323386213,1.001140718285971
6.680192274632278,4.069392574566239,0.004647246635100188,1.0011433057326289
6.511683346060851,4.069466507175458,0.004721179244319806,1.0011614944758969
6.342451203203709,4.069178510337372,0.004433182406233804,1.0010906421063506
6.174665488917997,4.068902886619617,0.00415755868847878,1.0010228337455511
6.00615656034657,4.0688184356357935,0.004073107704654966,1.0010020572941352
5.836924417489428,4.068866074434281,0.004120746503142314,1.0010137772900127
5.668415488918001,4.068910309854081,0.004164981922942346,1.0010246599939048
5.499906560346574,4.068795234839421,0.004049906908282885,1.000996349483559
5.499906560346574,4.068395565302472,0.003650237371333631,1.0008980236341625
5.331397631775147,4.0681700547946935,0.0034247268635549943,1.000842544018692
5.162165488918005,4.067969291590464,0.003223963659325868,1.0007931526822043
4.993656560346578,4.067600555385787,0.002855227454648279,1.0007024369854192
4.825147631775132,4.067303895981711,0.0025585680505724184,1.000629453469813
4.656638703203705,4.0671668584393155,0.00242153050817695,1.000595739785107
4.488129774632278,4.0670360058627475,0.0022906779316089754,1.000563547712539
4.319620846060851,4.066782964338492,0.002037636407353105,1.0005012949749523
4.148942274632278,4.066547864423305,0.001802536492166773,1.000443456193868
4.148942274632278,4.066319879504038,0.0015745515728990966,1.000387367828946
3.977540488917989,4.06610055608787,0.0013552281567310587,1.000333410348594
3.809031560346562,4.066055701002305,0.0013103730711661044,1.0003223751958485
3.640522631775135,4.066175725902832,0.0014303979716938642,1.0003519034665873
3.472013703203708,4.0661126199067645,0.0013672919756260171,1.0003363782636592
3.302781560346566,4.065948978189309,0.0012036502581702635,1.000296119476391
3.134272631775139,4.0659452655091854,0.001199937578046928,1.000295206090724
2.9664869174894273,4.065787810883342,0.0010424829522035495,1.0002564694385747
2.7979779889180003,4.065554876078207,0.0008095481470684618,1.0001991633132599
2.7979779889180003,4.0654722819658895,0.0007269540347509817,1.0001788436854224
2.6280226317751425,4.065525178888788,0.0007798509576497636,1.000191857273884
2.460236917489431,4.065523632381608,0.000778304450469669,1.000191476805477
2.291727988918004,4.065300906649644,0.0005555787185054228,1.0001366822946294
2.1232190603465773,4.065161701871414,0.00041637394027560504,1.0001024354311732
1.9547101317751319,4.065175313260379,0.0004299853292408784,1.0001057840761354
1.7854779889179895,4.065021879553202,0.0002765516220630815,1.000068036641844
1.617692274632278,4.064165620511955,-0.0005797074191837837,0.9998573816137507
1.4484601317751356,4.064485170348074,-0.00026015758306474623,0.999935996584761
1.4484601317751356,4.064784614527964,3.928659682550517e-05,1.0000096652049897
1.2799512032037086,4.06513478945781,0.0003894615266712975,1.00009581449642
1.1114422746322816,4.065243058777987,0.0004977308468481212,1.0001224506842847
0.9429333460608547,4.065268733985846,0.0005234060547074648,1.000128767244312
0.7744244174894277,4.065068281145945,0.0003229532148063541,1.0000794522629959
0.6051922746322853,4.064894121053884,0.00014879312274551637,1.0000366057675798
0.4366833460608583,4.064868136544589,0.00012280861345015381,1.0000302131138712
0.2688976317751468,4.064834418436503,8.90905053640978e-05,1.0000219178566372
0.10038870320371984,4.064886387455093,0.0001410595239548229,1.0000347031640544
-0.06884343965342257,4.0647453279311385,0.0,1.0
-0.06884343965342257,4.064536212525248,-0.00020911540589008126,0.9999485538726244
-0.2373523682248678,4.064457330030162,-0.00028799790097622235,0.9999291473689638
-0.4058612967962948,4.064588181543839,-0.00015714638729935615,0.9999613391800417
-0.5743702253677218,4.064744090725395,-1.2372057431875305e-06,0.9999996956252746
-0.7436023682248641,4.0648566913285675,0.00011136339742900958,1.0000273973861693
-0.9113880825105757,4.064805958452829,6.063052169036354e-05,1.0000149161919871
-1.080620225367718,4.065004556547005,0.00025922861586646917,1.0000637748727048
-1.249129153939145,4.065248936568161,0.0005036086370227011,1.0001238967257216
-1.4183612967962875,4.0652297577533485,0.0004844298222099752,1.000119178394494
-1.4183612967962875,4.065244297046622,0.0004989691154833054,1.0001227553205005
-1.5861470110819988,4.065453102088185,0.0007077741570462592,1.0001741250927045
-1.7553791539391415,4.065497957173749,0.0007526292426103254,1.0001851602454497
-1.9231648682248528,4.065819673182812,0.001074345251673492,1.0002643081337201
-2.0923970110819954,4.065805752492411,0.0010604245612721996,1.0002608833950766
-2.260182725367725,4.065733984993243,0.0009886570621047142,1.0002432273075785
-2.428691653939152,4.065829262590217,0.0010839346590785226,1.0002666672993337
-2.5979237967962945,4.066002803016515,0.001257475085376214,1.0003093613458967
-2.7664327253677214,4.0659888833890045,0.0012435554578660302,1.0003059368687433
-2.7664327253677214,4.06578935739052,0.0010440294593818678,1.0002568499069813
-2.9349416539391484,4.065731510581755,0.0009861826506165627,1.000242618558127
-3.1041737967962906,4.065858959779637,0.001113631848498109,1.0002739733387098
-3.2719595110820023,4.06620387552218,0.0014585475910413592,1.0003588287760659
-3.4411916539391445,4.066362568416658,0.0016172404855199218,1.0003978700644311
-3.6097005825105715,4.0663628777180945,0.0016175497869559408,1.0003979461581125
-3.7782095110819984,4.06653208792429,0.0017867599931511435,1.0004395748931363
-3.9467184396534254,4.066662939437966,0.0019176115068271216,1.000471766704214
-4.115227368224852,4.066639120038721,0.0018937921075821151,1.0004659067062747
-4.2844595110819945,4.0668708176381125,0.0021254897069740153,1.000522908456864
-4.2844595110819945,4.067193461551482,0.0024481336203434623,1.0006022846261784
-4.452245225367725,4.067448049582918,0.0027027216517794272,1.000664917832172
-4.620754153939152,4.06765778359168,0.0029124556605415464,1.0007165161469105
-4.789986296796294,4.0677830676795095,0.00303773974837096,1.0007473382717231
-4.957772011082006,4.067892883506866,0.0031475555757278784,1.000774354927995
-5.127004153939148,4.068156134104291,0.003410806173152814,1.000839119280048
-5.295513082510575,4.068196967208295,0.0034516392771566373,1.0008491649534446
-5.464022011082002,4.068166342114569,0.0034210141834307706,1.0008416306330248
-5.632530939653429,4.068239656120917,0.0034943281897783507,1.0008596671889298
-5.632530939653429,4.068390615416606,0.003645287485467108,1.0008968058737697
-5.801039868224856,4.06867799471471,0.0039326667835712925,1.0009675063174432
-5.969548796796283,4.068970632137225,0.004225304206086911,1.0010395003537005
-6.13805772536771,4.0693566913481005,0.004611363416962,1.001134477819625
-6.311629153939145,4.069515692481125,0.004770364549986361,1.0011735949401814
-6.480861296796287,4.069552813967897,0.004807486036758846,1.0011827274894012
-6.649370225367714,4.069473003568504,0.004727675637365536,1.0011630927046964
-6.817879153939141,4.069645617153386,0.004900289222247167,1.0012055587317057
-6.986388082510568,4.069860609286559,0.00511528135542072,1.0012584506390279
-6.986388082510568,4.070055494700613,0.005310166769474378,1.0013063959340787
-7.154897011081995,4.070188512387233,0.005443184456094485,1.0013391206624167
-7.324129153939138,4.070366074795089,0.005620746863950643,1.0013828041883281
-7.4919148682248675,4.070562816017758,0.005817488086619527,1.001431206045467
-7.66114701108201,4.07081462033627,0.006069292405131321,1.001493154408328
-7.829655939653437,4.07116912654911,0.006423798617971599,1.0015803692727883
-7.998164868224864,4.071388140663844,0.006642812732705394,1.0016342506594593
-8.171736296796281,4.071763063960133,0.00701773602899447,1.001726488491363
-8.33952201108201,4.071940935669424,0.007195607738285759,1.0017702481109556
-8.33952201108201,4.072194595796551,0.007449267865412779,1.0018326530359047
-8.508754153939153,4.072451040699494,0.0077057127683550775,1.001895743065477
-8.67726308251058,4.0727588360181555,0.008013508087016952,1.0019714662151038
-8.845772011082007,4.073184491127291,0.008439163196152677,1.002076184979699
-9.014280939653434,4.073615404360839,0.008870076429700724,1.0021821973368785
-9.18278986822486,4.0738263755753445,0.00908104764420603,1.0022341000263424
-9.351298796796288,4.0739822847569,0.009236956825761311,1.002272456471575
-9.519807725367714,4.074254505095968,0.009509177164829907,1.002339427540389
-9.694102368224865,4.074475685383645,0.009730357452506055,1.0023938418443201
-9.694102368224865,4.07449393629415,0.009748608363011613,1.0023983318945036
-9.862611296796292,4.07459261620692,0.00984728827578163,1.0024226089167543
-10.030397011082004,4.074755639321503,0.010010311390364457,1.0024627155166592
-10.199629153939146,4.074874117714851,0.010128789783712122,1.0024918633189912
-10.368138082510573,4.075024457344776,0.010279129413637733,1.002528849554978
-10.536647011082,4.0750863261351,0.010340998203961504,1.0025440703831807
-10.705155939653427,4.075364116025798,0.01061878809465977,1.0026124116612405
-10.873664868224854,4.075736563847709,0.010991235916570474,1.0027040404822027
-11.042897011081996,4.076155413262362,0.011410085331223563,1.002807084924317
-11.211405939653423,4.0762581140937995,0.011512786162660937,1.002832351164426
-11.211405939653423,4.076507134699388,0.01176180676824945,1.0028936146841543
-11.37991486822485,4.076778428197039,0.01203310026590021,1.0029603577334143
-11.548423796796296,4.077162011933535,0.012416684002396039,1.003054726188397
-11.716932725367723,4.077657268368894,0.01291194043775512,1.0031765681232303
-11.88544165393915,4.077936604766773,0.013191276835634369,1.0032452898696973
-12.05828986822485,4.078323901183391,0.013578573252252646,1.0033405717103472
-12.192084511082008,4.078879170600461,0.01413384266932205,1.003477177911295
-12.192084511082008,4.079033841513381,0.014288513582242146,1.0035152297203118
-12.192084511082008,4.079159434902646,0.014414106971507579,1.003546127938806
-12.192084511082008,4.079152319906727,0.014406991975588923,1.0035443775226434
-12.192084511082008,4.079021158028724,0.014275830097585818,1.0035121093563941
-12.192084511082008,4.078968261105825,0.014222933174686148,1.0034990957679322
-12.192084511082008,4.078971354120183,0.01422602618904456,1.003499856704746
-12.192084511082008,4.079016209205747,0.014270881274608627,1.003510891857491
-12.192084511082008,4.079140873627814,0.014395545696675782,1.003541561533451
-12.192084511082008,4.07919098683779,0.014445658906651282,1.0035538902787802
-12.192084511082008,4.079007857004085,0.014262529072946784,1.0035088370666032
-12.192084511082008,4.078925572193204,0.014180244262065322,1.0034885935324471
-12.192084511082008,4.078730685716259,0.013985357785120556,1.0034406479759062
-12.192084511082008,4.078550030294044,0.013804702362905097,1.003396203513181
-12.192084511082008,4.078541987393817,0.013796659462678385,1.003394224815974
-12.192084511082008,4.078608805007116,0.01386347707597757,1.003410663143079
-12.192084511082008,4.07855807319427,0.01381274526313181,1.0033981822103877
-12.192084511082008,4.078675314381873,0.01392998645073451,1.0034270256379936
-12.192084511082008,4.078673148208929,0.013927820277790381,1.0034264927207333
-12.192084511082008,4.078695730402429,0.013950402471290424,1.0034320483439465
-12.192084511082008,4.07861097118006,0.0138656432489217,1.0034111960603393
-12.192084511082008,4.078831841103408,0.014086513172269832,1.0034655340090985
-12.192084511082008,4.079072200205897,0.014326872274758706,1.003524666644257
-12.192084511082008,4.079253164929549,0.014507836998410184,1.0035691872006638
-12.192084511082008,4.079287501640507,0.014542173709368278,1.0035776346452607
-12.192084511082008,4.07927574712305,0.014530419191911115,1.0035747428238775
-12.192084511082008,4.079195318120784,0.014449990189645767,1.00355495585181
-12.192084511082008,4.079142420134993,0.0143970922038541,1.0035419420018576
-12.192084511082008,4.079205835432498,0.014460507501359743,1.0035575432984678
-12.192084511082008,4.079315961624183,0.014570633693044677,1.0035846363099115
-12.192084511082008,4.079487646241864,0.014742318310725366,1.0036268737943856
-12.192084511082008,4.079761104849567,0.015015776918428259,1.0036941494994154
-12.192084511082008,4.079800391446391,0.015055063515252876,1.003703814704405
-12.192084511082008,4.079808434346619,0.015063106415480476,1.003705793401612
-12.192084511082008,4.079741616733319,0.014996288802180402,1.0036893550745067
-12.192084511082008,4.079608289745263,0.014862961814124276,1.0036565542524873
-12.192084511082008,4.079524767728637,0.014779439797498739,1.0036360063436056
-12.192084511082008,4.079375973543001,0.014630645611862114,1.0035994003145354
-12.192084511082008,4.079272034442927,0.014526706511788667,1.0035738294382104
-12.192084511082008,4.0793085373268285,0.014563209395690002,1.0035828098000674
-12.192084511082008,4.079180160224639,0.0144348322935004,1.0035512267384405
-12.192084511082008,4.0791529385095995,0.014407610578460961,1.0035445297100063
-12.192084511082008,4.079135924804838,0.01439059687369948,1.0035403440345485
-12.192084511082008,4.079402577718059,0.014657249786920623,1.0036059454170971
-12.192084511082008,4.079500020425086,0.014754692493947452,1.0036299180646227
-12.192084511082008,4.079358031933932,0.014612704002793464,1.0035949863580336
-12.192084511082008,4.0792516184223695,0.014506290491230978,1.003568806732257
-12.192084511082008,4.0791866566176855,0.014441328686547017,1.0035528249672403
-12.192084511082008,4.079145204910809,0.014399876979670267,1.003542627106481
-12.192084511082008,4.079099731222374,0.014354403291235052,1.003531439766373
-12.192084511082008,4.079081480311868,0.014336152380729494,1.0035269497161896
-12.192084511082008,4.079089213910659,0.014343885979520188,1.003528852319715
-12.192084511082008,4.079246668536502,0.014501340605363566,1.0035675889718643
-12.192084511082008,4.079376901447308,0.014631573516169283,1.0035996285955795
-12.192084511082008,4.079345658813601,0.014600330882462487,1.003591942349287
