Angle (degree),rho (mOhm cm),Delta rho (mOhm cm),rho/rho(theta=0)
100.84126048284625,5.123213824046581,-0.11773623070480976,0.9775353267108372
100.84126048284625,5.123195824411138,-0.11775423034025234,0.9775318922885942
100.84126048284625,5.1226555186481,-0.11829453610329033,0.9774287991933741
100.84126048284625,5.122450381452151,-0.11849967329923938,0.9773896579701596
100.84126048284625,5.122163625293163,-0.11878642945822815,0.9773349434325295
100.84126048284625,5.122249279245568,-0.1187007755058227,0.9773512866434951
100.65517662007625,5.122347658769619,-0.11860239598177191,0.9773700579584329
100.65517662007625,5.122700517736709,-0.1182495370146821,0.977437385248982
100.46250571791614,5.12266420816405,-0.11828584658734087,0.977430457197335
100.27148157560354,5.122370933535189,-0.11857912121620195,0.9773744989024081
100.07963405336722,5.122178832212658,-0.11877122253873296,0.9773378449903265
99.88778653113087,5.121923109429873,-0.11902694532151781,0.9772890517791504
99.69511562897077,5.121929626833417,-0.11902042791797385,0.9772902953329862
99.50326810673444,5.121804559224303,-0.11914549552708742,0.9772664317953056
99.3114205844981,5.121947316167088,-0.1190027385843031,0.9772936705480686
99.11957306226175,5.121933660756454,-0.11901639399493646,0.9772910650260753
99.11957306226175,5.1216487664081,-0.11930128834329068,0.9772367057314096
98.92772554002542,5.120961667646581,-0.11998838710480975,0.9771056037834153
98.73587801778908,5.120569084721011,-0.12038097003037951,0.9770306969589906
98.54320711562897,5.1204567405508845,-0.12049331420050624,0.97700926111836
98.3521829733164,5.119933502451644,-0.1210165522997464,0.97690942462044
98.16033545108006,5.119486298949872,-0.12146375580151858,0.9768240959115035
97.96766454891994,5.119482575328607,-0.12146747942278413,0.9768233854255751
97.7758170266836,5.11981712435848,-0.12113293039291051,0.9768872190867203
97.5831461245235,5.119703228679493,-0.12124682607189818,0.976865487210286
97.5831461245235,5.119331438105315,-0.12161861664607532,0.9767945476725509
97.39212198221092,5.119113577470379,-0.1218364772810121,0.9767529787522863
97.19451080050827,5.118427720982277,-0.1225223337691137,0.9766221138363957
97.00183989834817,5.118100929496707,-0.1228491252546835,0.9765597603542683
96.81081575603557,5.1180816886541765,-0.1228683660972143,0.9765560891033824
96.61896823379924,5.117952896357467,-0.12299715839392356,0.9765315148763123
96.42712071156289,5.117624554429366,-0.12332550032202505,0.9764688655618423
96.23527318932656,5.117375659351898,-0.12357439539949233,0.976421375111663
96.04342566709022,5.117591657109872,-0.12335839764151846,0.9764625885855022
96.04342566709022,5.1181713775959485,-0.12277867715544222,0.9765732022108983
95.85075476493012,5.117940793522024,-0.12300926122936673,0.9765292055935836
95.65890724269377,5.117345866116454,-0.12360418863493638,0.9764156904103908
95.46705972045744,5.117003248174176,-0.12394680657721491,0.9763503171596062
95.2752121982211,5.116327011041012,-0.12462304371037902,0.9762212876656977
95.082541296061,5.116233598477973,-0.12471645627341754,0.9762034640722533
94.89151715374842,5.116595768630886,-0.12435428612050448,0.9762725679845459
94.69884625158832,5.116741629657721,-0.12420842509366992,0.9763003990123768
94.50699872935196,5.116794697658734,-0.12415535709265679,0.9763105246576241
94.31515120711562,5.116850249140252,-0.12409980561113887,0.9763211241636177
94.31515120711562,5.116606940561012,-0.12434311419037858,0.9762746996457922
94.12330368487929,5.1163574248799994,-0.1245926298713913,0.9762270907812913
93.93145616264295,5.116079978840506,-0.12487007591088517,0.9761741526619435
93.73878526048284,5.115910221378226,-0.12503983337316438,0.9761417620723547
93.54776111817027,5.115575672348354,-0.1253743824030371,0.9760779284112098
93.35591359593393,5.11555022440405,-0.12539983034734092,0.9760730728136486
93.1640660736976,5.1153081570318975,-0.1256418977194933,0.9760268851244657
92.96645489199491,5.114941641587847,-0.12600841316354394,0.9759569521084624
92.77460736975857,5.1145484380587325,-0.12640161669265826,0.9758819268697163
92.77460736975857,5.114451611109873,-0.12649844364151797,0.9758634517940433
92.57699618805592,5.1143876804141755,-0.1265623743372153,0.9758512534912491
92.38432528589581,5.11438674950886,-0.1265633052425308,0.9758510758697672
92.19247776365947,5.114530748725063,-0.12641930602632812,0.9758785516546341
92.00063024142314,5.1144441628010116,-0.1265058919503792,0.9758620306187252
91.80878271918678,5.1145512307746825,-0.1263988239767082,0.9758824597341629
91.61693519695045,5.115020158599492,-0.12592989615189865,0.9759719335547318
91.42426429479035,5.115079433702277,-0.1258706210491134,0.9759832435466542
91.232416772554,5.11487336666734,-0.12607668808405048,0.9759439249054185
91.232416772554,5.1146682305377205,-0.1262818242136703,0.975904783885665
91.04139263024143,5.115050262136708,-0.12589979261468276,0.9759776774631647
90.84954510800507,5.115777705460252,-0.12517234929113918,0.976116477359356
90.65111054637865,5.1158344981488595,-0.12511555660253126,0.9761273136939927
90.45926302414232,5.11557660325367,-0.12537345149772072,0.9760781060326919
90.26823888182973,5.115220019598986,-0.12573003515240444,0.9760100680527534
90.07556797966963,5.114909677306327,-0.12604037744506336,0.9759508531605264
89.8837204574333,5.114675368544809,-0.12627468620658178,0.9759061458538224
89.69187293519694,5.114676299450125,-0.1262737553012654,0.9759063234753045
89.69187293519694,5.1144441628010116,-0.1265058919503792,0.9758620306187252
89.50002541296061,5.114565196487088,-0.126384858264303,0.9758851244633168
89.30817789072427,5.114903470204556,-0.1260465845468346,0.9759496688138514
89.11633036848794,5.115275260778733,-0.12567479397265746,0.9760206083515865
88.92365946632783,5.115212260988353,-0.1257377937630375,0.9760085876702747
88.73263532401525,5.115275571080506,-0.12567448367088474,0.9760206675587474
88.5407878017789,5.115693912252151,-0.12525614249923933,0.9761004891878938
88.3481168996188,5.115774601376201,-0.12517545337518943,0.9761158850842879
88.15626937738246,5.115173467935189,-0.12577658681620196,0.976001185757881
88.15626937738246,5.115090606698733,-0.12585944805265736,0.9759853754113618
87.96442185514613,5.115644878174177,-0.12530517657721418,0.9760911332357358
87.76681067344346,5.11587701482329,-0.12507303992810037,0.976135426092315
87.57496315120713,5.11608804775291,-0.12486200699848116,0.9761756922515827
87.38311562897077,5.116497699408606,-0.12445235534278432,0.9762538558767685
87.19126810673444,5.117341211589872,-0.12360884316151832,0.9764148023029802
86.9994205844981,5.1168694899827845,-0.1240805647686063,0.9763247954145039
86.80592630241424,5.116038703373164,-0.12491135137822695,0.9761662770922643
86.61572554002542,5.1157851527027836,-0.1251649020486072,0.9761178983312131
86.61572554002542,5.115833876478987,-0.12511617827240418,0.9761271950762105
86.42305463786532,5.1157367402946825,-0.12521331445670825,0.9761086609968376
86.23120711562896,5.115527879477468,-0.12542217527392285,0.9760688092876946
86.03935959339263,5.1156191199281,-0.12533093482329072,0.9760862184310138
85.84751207115629,5.116059806026327,-0.12489024872506338,0.9761703035861142
85.65484116899619,5.116512596026328,-0.12443745872506273,0.9762566982274046
85.46299364675986,5.1168881112881,-0.1240619434632908,0.9763283484545292
85.27114612452351,5.117182315755948,-0.12376773899544258,0.9763844841674773
85.07929860228717,5.117348349596961,-0.12360170515442981,0.9764161642711375
84.88745108005082,5.117317935757974,-0.12363211899341664,0.9764103611555441
84.88745108005082,5.117287521918986,-0.12366253283240436,0.9764045580399505
84.69560355781448,5.117448900167088,-0.12350115458430277,0.9764353498327392
84.50375603557815,5.11744921046886,-0.12350084428253094,0.9764354090398999
84.3119085133418,5.117344624909366,-0.1236054298420246,0.976415453581748
84.12006099110548,5.11732165937924,-0.12362839537215109,0.9764110716414726
83.92821346886912,5.117442382763543,-0.12350767198784762,0.9764341062789033
83.73636594663279,5.117837759471391,-0.12311229527999945,0.9765095461712353
83.54369504447268,5.1174625555777205,-0.1234874991736703,0.9764379553547323
83.35184752223634,5.117315452277467,-0.1236346024739241,0.9764098872947972
83.35184752223634,5.117438348840506,-0.123511705910885,0.9764333365858141
83.16,5.118098136780759,-0.12285191797063177,0.976559227489822
82.96815247776367,5.1236731314501265,-0.11727692330126427,0.9776229649059636
82.77548157560356,5.124550469723543,-0.11639958502784786,0.9777903655230751
82.58445743329098,5.121287528226834,-0.11966252652455633,0.9771677796440607
82.39260991105463,5.119238646145822,-0.1217114086055684,0.9767768424934281
82.19993900889453,5.118316618019239,-0.12263343673215132,0.976600914824408
82.0080914866582,5.118703305211138,-0.12224674954025261,0.9766746967127792
81.81624396442186,5.119128784389872,-0.12182127036151869,0.976755880310083
81.81624396442186,5.119135301793417,-0.12181475295797384,0.9767571238639189
81.62439644218551,5.1196104367199995,-0.12133961803139126,0.9768477820311632
81.43254891994917,5.119885710647087,-0.12106434410430378,0.9769003057003858
81.24070139771283,5.119841020793923,-0.12110903395746764,0.9768917786484778
81.04309021601017,5.119764676961012,-0.12118537779037908,0.9768772118557945
80.8454790343075,5.119374886751391,-0.12157516799999968,0.976802837895816
80.65363151207116,5.119727435416708,-0.12122261933468259,0.9768701059792044
80.46178398983481,5.12006043293772,-0.1208896218136708,0.9769336436045458
80.26911308767471,5.120179915114935,-0.12077013963645555,0.9769564414133337
80.26911308767471,5.120583981338733,-0.12036607341265793,0.9770335393096267
80.07232528589581,5.12106128837772,-0.11988876637367074,0.9771246119269957
79.87471410419315,5.121251217587846,-0.11969883716354435,0.9771608513889526
79.6828665819568,5.121444561183797,-0.1195054935675941,0.9771977423331383
79.49101905972046,5.1213142173782265,-0.1196358373731643,0.9771728720702645
79.29917153748411,5.121392734389873,-0.11955732036151812,0.9771878535165339
79.10732401524778,5.121524009100758,-0.11942604565063242,0.9772129014008897
78.91547649301144,5.12176017967291,-0.11918987507848033,0.9772579639505582
78.7236289707751,5.1218784206430366,-0.1190716341083542,0.9772805249307032
78.7236289707751,5.121948557374177,-0.119001497377214,0.9772939073767115
78.53095806861499,5.122403519486581,-0.11854653526480963,0.9773807164681265
78.33911054637865,5.122807275408607,-0.11814277934278383,0.9774577551572587
78.14726302414232,5.123184652481012,-0.11776540227037913,0.9775297606273476
77.95541550190597,5.123842578610632,-0.11710747614075867,0.9776552962883914
77.76356797966963,5.1233488234450615,-0.11760123130632927,0.9775610852845825
77.5717204574333,5.122735275800506,-0.11821477895088517,0.9774440172648253
77.37987293519696,5.122336485773164,-0.11861356897822706,0.9773679260937255
77.18802541296061,5.122572346043543,-0.1183777087078477,0.9774129294362331
77.18802541296061,5.123011170331138,-0.11793888442025313,0.9774966593483693
76.99617789072427,5.123683682776709,-0.11726637197468204,0.9776249781528886
76.80350698856417,5.1242218174936705,-0.1167282372577203,0.9777276570014447
76.61165946632784,5.124531539182784,-0.11641851556860683,0.97778675347935
76.41981194409149,5.124422919700251,-0.11652713505113965,0.9777660283281087
76.22796442185515,5.124486540094177,-0.11646351465721416,0.9777781674237422
76.0361168996188,5.124750951326582,-0.1161991034248091,0.9778286184354181
75.84426937738246,5.1253610845853155,-0.11558897016607528,0.9779450349729466
75.65159847522236,5.125663359031898,-0.1152866957194929,0.9780027104789951
75.45975095298603,5.1260404247362015,-0.11490963001518928,0.9780746565384623
75.45975095298603,5.126460008181264,-0.1144900465701264,0.9781547151997125
75.26790343074968,5.126655834191392,-0.11429422055999883,0.978192079801184
75.07605590851335,5.126765695947341,-0.11418435880404942,0.978213041984529
74.87844472681067,5.126733730599493,-0.11421632415189809,0.9782069428331318
74.68659720457433,5.1273345537387325,-0.11361550101265827,0.9783215829523779
74.494749682338,5.127498104099239,-0.11345195065215208,0.9783527891952915
74.30290216010165,5.127692688902277,-0.11325736584911361,0.9783899169681199
74.11023125794155,5.128087445006582,-0.1128626097448091,0.9784652384461308
73.91838373570522,5.128664992313923,-0.11228506243746761,0.9785754374179408
73.91838373570522,5.129116230805062,-0.11183382394632879,0.9786615360234274
73.72653621346888,5.129324471018733,-0.11162558373265785,0.9787012693182491
73.53468869123253,5.129615572468859,-0.11133448228253151,0.9787568129595898
73.34284116899619,5.129713330323037,-0.11123672442835364,0.9787754656567452
73.15099364675984,5.12920250642734,-0.11174754832405043,0.9786779978521755
72.95255908513342,5.129248126119492,-0.11170192863189854,0.9786867023221046
72.76153494282084,5.129475917477468,-0.11147413727392319,0.978730166074973
72.5696874205845,5.1298889835189865,-0.11106107123240427,0.9788089811823875
72.37783989834816,5.130718529987847,-0.11023152476354348,0.9789672628794451
72.37783989834816,5.131495007389366,-0.10945504736202505,0.9791154187277945
72.18599237611183,5.132049899468353,-0.10890015528303731,0.97922129496649
71.99332147395172,5.132663136811138,-0.10828691794025236,0.9793383037790867
71.80229733163914,5.1331373397660744,-0.1078127149853163,0.9794287841213876
71.6104498094028,5.133452958255189,-0.10749709649620165,0.9794890057388076
71.41860228716645,5.133324476260252,-0.10762557849113907,0.9794644907188981
71.22593138500635,5.1332807183787335,-0.1076693363726573,0.9794561414919333
71.03408386277002,5.1333955449630375,-0.10755450978835324,0.9794780509898495
70.84223634053367,5.133728542484049,-0.10722151226734145,0.9795415886151909
70.84223634053367,5.13426326281519,-0.1066867919362009,0.9796436159815185
70.64874205844981,5.134667018737214,-0.10628303601417688,0.9797206546706505
70.458541296061,5.135225945805569,-0.10572410894582163,0.9798273008058962
70.26669377382466,5.135665700998479,-0.10528435375291156,0.9799112083395144
70.07484625158831,5.136201973904809,-0.10474808084658171,0.9800135319451063
69.88299872935197,5.136611935862278,-0.10433811888911304,0.9800917547774528
69.69032782719187,5.136819555472404,-0.10413049927898665,0.980131369657953
69.49848030495554,5.136660039034936,-0.10429001571645458,0.9801009331081287
69.30663278271918,5.1366172120587335,-0.1043328426926573,0.9800927615026458
69.30663278271918,5.136612556465821,-0.10433749828556937,0.980091873191774
69.11478526048285,5.13699024384,-0.10395981091139106,0.9801639378690239
68.9229377382465,5.137488032928607,-0.10346202182278397,0.9802589185659217
68.7302668360864,5.138799230661266,-0.10215082409012499,0.9805091017805987
68.53841931385007,5.1394649154015175,-0.10148513934987324,0.9806361178241209
68.34657179161373,5.1395847078805055,-0.10136534687088528,0.9806589748400696
68.15472426937738,5.139599604498227,-0.10135045025316369,0.9806618171907057
67.96287674714105,5.139796982017215,-0.10115307273417606,0.9806994778279805
67.76608894536214,5.139989394707847,-0.10096066004354398,0.9807361911506838
67.57341804320204,5.1398950501731635,-0.10105500457822725,0.9807181897322964
67.57341804320204,5.1401032903868344,-0.10084676436455631,0.9807579230271181
67.3815705209657,5.140914525852151,-0.10003552889924006,0.9809127108913108
67.18972299872935,5.141965966878986,-0.09898408787240509,0.9811133312017223
66.99787547649302,5.142723512673417,-0.09822654207797399,0.9812578748028856
66.80602795425666,5.143508369289113,-0.09744168546227794,0.9814076294480353
66.61418043202033,5.144208192555948,-0.09674186219544278,0.9815411592965406
66.42150952986023,5.144666257686075,-0.09628379706531565,0.9816285604595629
66.22966200762389,5.145234184572151,-0.09571587017923999,0.98173692380593
66.03781448538756,5.145564699678986,-0.09538535507240464,0.9817999877739859
66.03781448538756,5.145953869285062,-0.0949961854663286,0.9818742433196428
65.8459669631512,5.146044178830379,-0.09490587592101196,0.9818914748414801
65.65411944091487,5.146030834787847,-0.09491921996354336,0.9818889287301087
65.46227191867852,5.146646244243037,-0.09430381050835379,0.9820063519928302
65.27042439644218,5.147495340789873,-0.09345471396151783,0.9821683639444736
65.07775349428209,5.148457092874936,-0.09249296187645495,0.9823518711473692
64.8867293519695,5.149021606441519,-0.09192844830987212,0.9824595832149686
64.6940584498094,5.149059777824808,-0.09189027692658236,0.9824668665095796
64.50221092757307,5.149416672847594,-0.09153338190379667,0.98253496390014
64.50221092757307,5.149844944742277,-0.09110511000911359,0.98261668036189
64.31036340533672,5.150108426135695,-0.09084162861569567,0.9826669539555448
64.11851588310039,5.150242804930632,-0.09070724982075884,0.9826925941149688
63.92584498094028,5.150495733931138,-0.0904543208202524,0.9827408542582375
63.72905717916138,5.150735628124556,-0.09021442662683476,0.9827866272938344
63.537209656925036,5.151532278340253,-0.08941777641113813,0.982938632218013
63.34536213468869,5.152174376946835,-0.08877567780455564,0.9830611479069387
63.153514612452355,5.152498995253669,-0.08845105949772147,0.9831230867354799
62.96166709021601,5.153055439907846,-0.08789461484354444,0.9832292592134397
62.96166709021601,5.15324474851443,-0.08770530623696082,0.9832653802610754
62.76899618805591,5.154198431687088,-0.08675162306430284,0.9834473478743315
62.577148665819564,5.154999115825822,-0.08595093892556882,0.9836001224915993
62.38447776365946,5.155722213858227,-0.08522784089316371,0.9837380932840799
62.19345362134688,5.156198589991898,-0.08475146475949291,0.9838289882799669
62.001606099110546,5.156972273611138,-0.0839777811402529,0.9839766110604089
61.80975857687421,5.157217133699239,-0.08373292105215135,0.9840233316140382
61.61791105463787,5.157517855570632,-0.08343219918075917,0.984080710880822
61.42524015247777,5.1578918193235435,-0.0830582354278473,0.9841520650721433
61.23339263024143,5.158654020710886,-0.082296034040505,0.9842974969841782
61.23339263024143,5.159095948016202,-0.08185410673518856,0.9843818189679215
61.04154510800509,5.159352291402532,-0.08159776334885915,0.9844307305934191
60.849697585768745,5.159574806564049,-0.08137524818734132,0.9844731876210941
60.6578500635324,5.159664805807593,-0.0812852489437974,0.9844903599357706
60.466002541296064,5.159021776295695,-0.08192827845569539,0.9843676666253631
60.27415501905971,5.159108362219746,-0.0818416925316452,0.9843841876612718
60.08148411689962,5.159835804476961,-0.08111425027442998,0.9845229873540022
59.88963659466327,5.16076186759291,-0.08018818715848042,0.9846996849195724
59.697789072426936,5.1611020031210115,-0.07984805163037922,0.9847645845130713
59.697789072426936,5.1615243792820245,-0.0794256754693663,0.9848451760387681
59.5059415501906,5.16240730405367,-0.07854275069772054,0.9850136425882337
59.31409402795426,5.162699957012657,-0.07825009773873415,0.9850694822653779
59.12142312579416,5.162646578709872,-0.0783034760415191,0.98505929741297
58.93039898348158,5.162505061907847,-0.07844499284354356,0.9850322952853889
58.738551461245244,5.162793991245568,-0.07815606350582271,0.9850874244766047
58.54670393900889,5.1631667127250624,-0.0777833420263283,0.9851585416358222
58.35403303684879,5.1640694989427836,-0.0768805558086072,0.985330797850495
58.16218551461245,5.164576909518987,-0.07637314523240413,0.9854276143762971
58.16218551461245,5.165245386975188,-0.07570466777620233,0.9855551632842657
57.970337992376116,5.165772348695695,-0.07517770605569574,0.9856557102681144
57.778490470139765,5.166387137547341,-0.07456291720404984,0.9857730151165146
57.58664294790343,5.167794541625315,-0.07315551312607571,0.9860415549925431
57.393972045743325,5.168466123165569,-0.07248393158582189,0.9861696961755801
57.20294790343075,5.168123814458734,-0.07282624029265694,0.9861043819284953
57.01027700127065,5.168891602344303,-0.07205845240708797,0.9862508797728838
56.81842947903431,5.169679561977721,-0.07127049277367004,0.9864012264896406
56.62658195679797,5.170855451076454,-0.0700946036749368,0.9866255921268722
56.62658195679797,5.171038242279493,-0.06991181247189804,0.9866604696206718
56.42979415501906,5.171418101766075,-0.069531952985316,0.9867329487480464
56.23218297331639,5.172121958955948,-0.06882809579544258,0.986867248289641
56.03951207115629,5.172725574811138,-0.06822447994025271,0.9869824212733336
55.841900889453626,5.173392501824809,-0.06755755292658172,0.9871096743489599
55.65005336721729,5.174003876290632,-0.06694617846075879,0.9872263277151313
55.459029224904704,5.174413839314429,-0.06653621543696175,0.9873045507509386
55.2663583227446,5.174795250309873,-0.06615480444151789,0.9873773259141169
55.07451080050826,5.174893628767594,-0.06605642598379635,0.9873960970255936
55.07451080050826,5.175431141814682,-0.06551891293670842,0.9874986572563672
54.88183989834816,5.175744277889619,-0.06520577686177198,0.9875584052165013
54.690815756035576,5.1758975872253155,-0.0650524675260753,0.9875876574196506
54.49896823379923,5.176341377407594,-0.06460867734379683,0.9876723348498192
54.307120711562895,5.176556444260252,-0.06439361049113845,0.9877133707021765
54.11444980940279,5.176784235618227,-0.06416581913316399,0.9877568344550447
53.92342566709022,5.177252542839493,-0.0636975119118981,0.9878461898612924
53.73075476493012,5.177742884685569,-0.0632071700658221,0.9879397495863332
53.53890724269378,5.178274811234429,-0.06267524351696174,0.9880412438847531
53.34705972045744,5.178705877977721,-0.06224417677367011,0.9881234936178718
53.34705972045744,5.17881263564962,-0.06213741910177095,0.9881438635261487
53.1552121982211,5.179554043619239,-0.06139601113215143,0.9882853279480329
52.96336467598475,5.1806489322258225,-0.060301122525568296,0.9884942382782488
52.770693773824654,5.181481581712403,-0.05946847303898739,0.9886531120469133
52.579669631512076,5.181764614250126,-0.05918544050126506,0.988707116098615
52.387822109275724,5.182169301077468,-0.05878075367392288,0.9887843324092294
52.19515120711562,5.182831882799999,-0.05811817195139213,0.9889107563811446
52.003303684879285,5.1827722973954415,-0.05817775735594921,0.9888993871820614
51.81145616264295,5.18288774458329,-0.058062310168100595,0.9889214150942992
51.81145616264295,5.183508429168606,-0.05744162558278454,0.9890398448787527
51.61960864040661,5.183849185300253,-0.0571008694511379,0.9891048628865733
51.42776111817027,5.184365905995948,-0.0565841487554426,0.9892034558306573
51.23591359593393,5.1851911071736705,-0.055758947577720264,0.9893609084240041
51.04406607369759,5.186408270673417,-0.05454178407797361,0.9895931494274541
50.852218551461256,5.187318816568101,-0.053631238183290186,0.9897668862280669
50.660371029224905,5.187650262580252,-0.05329979217113845,0.9898301278176048
50.4677001270648,5.188346049791392,-0.05260400495999917,0.9899628875660991
50.275852604828465,5.189111355262784,-0.05183869948860664,0.990108911753202
50.275852604828465,5.189978762813163,-0.050971291938227914,0.99027441753771
50.08400508259213,5.190551965895695,-0.05039808885569563,0.9903837876092704
49.88639390088946,5.190924687375189,-0.05002536737620211,0.9904549047684876
49.69454637865312,5.191035790338227,-0.0499142644131636,0.9904761037804755
49.50269885641677,5.190979307951391,-0.04997074679999969,0.9904653266529994
49.310851334180434,5.191651819330632,-0.04929823542075873,0.9905936452540575
49.11818043202033,5.192698295529113,-0.048251759222277535,0.9907933182498977
48.927156289707746,5.193587426336201,-0.04736262841518979,0.9909629689425773
48.73530876747141,5.194214939693163,-0.046735115058227805,0.9910827016914885
48.73530876747141,5.195028347270885,-0.04592170748050606,0.9912379040058064
48.542637865311306,5.195498206001012,-0.04545184875037833,0.9913275554478578
48.35079034307497,5.195947582681518,-0.04500247206987318,0.9914132988103799
48.158942820838625,5.196361579628353,-0.044588475123037874,0.9914922915392764
47.96709529860229,5.196783645487594,-0.04416640926379678,0.9915728238578125
47.77524777636595,5.1969180232162016,-0.0440320315351892,0.9915984638137755
47.577636594663275,5.1969704716799985,-0.04397958307139227,0.9916084712481622
47.38578907242694,5.197260021621265,-0.04369003313012598,0.9916637188536996
47.193118170266835,5.197903051133164,-0.04304700361822711,0.9917864121641073
47.193118170266835,5.198180807474429,-0.04276924727696141,0.9918394094906157
47.00209402795426,5.198463529710379,-0.0424865250410118,0.9918933543351565
46.809423125794154,5.1990758361478475,-0.041874218603543234,0.9920101855262711
46.61757560355781,5.199228214578227,-0.04172184017316383,0.992039260107938
46.42572808132147,5.1995686604081,-0.0413813943432908,0.9921042189085976
46.22894027954257,5.200684341366075,-0.04026571338531593,0.9923170965255028
46.03626937738247,5.20141333619848,-0.03953671855291052,0.9924561924574978
45.84442185514613,5.201595507864303,-0.03935454688708795,0.9924909517404369
45.652574332909786,5.201792264779746,-0.039157789971644874,0.9925284939633903
45.652574332909786,5.2016699898865815,-0.03928006486480928,0.992505163290156
45.46072681067344,5.202130538497214,-0.038819516254176456,0.992593038313925
45.268879288437105,5.202791879012657,-0.038158175738733924,0.9927192254571974
45.07703176620076,5.2033231849579735,-0.03762686979341723,0.9928206013412959
44.8835374841169,5.203773182242025,-0.037176872509365744,0.9929064631181399
44.69251334180432,5.2041949377994925,-0.03675511695189826,0.9929869362295151
44.50066581956798,5.20428090205367,-0.036669152697720975,0.9930033386476413
44.30881829733164,5.204456246014176,-0.03649380873721508,0.9930367951695838
44.116970775095304,5.204452211024809,-0.036497843726581713,0.9930360252730336
43.92512325285896,5.204752312292658,-0.036197742458733195,0.9930932861254962
43.92512325285896,5.205535927701265,-0.035414127050125366,0.9932428039420029
43.733275730622616,5.206209681353923,-0.03474037339746783,0.9933713595751648
43.54142820838628,5.206560679576708,-0.034389375174682435,0.9934383318262106
43.34381702668361,5.206500162200505,-0.03444989255088604,0.993426784802184
43.15196950444727,5.206607230174177,-0.03434282457721416,0.9934472139176218
42.95929860228717,5.207330018971138,-0.03362003578025252,0.9935851257064026
42.768274459974585,5.208436700111392,-0.03251335463999894,0.9937962861121864
42.57642693773825,5.20955021002329,-0.03139984472810031,0.9940087494824276
42.383756035578145,5.21014792907848,-0.03080212567291074,0.9941227973266057
42.383756035578145,5.2097705530724046,-0.0311795016789862,0.9940507920599779
42.19190851334181,5.209542141110885,-0.0314079136405061,0.994007209892788
42.00006099110546,5.209926344822278,-0.031023709929113075,0.9940805179204126
41.80821346886912,5.210795924485061,-0.030154130266329737,0.9942464381550455
41.61554256670902,5.211619574153923,-0.029330480597467457,0.994403594712589
41.424518424396446,5.211841158410125,-0.02910889634126601,0.9944458741187819
41.2326709021601,5.2121235703443025,-0.028826484407088238,0.9944997597561621
41.040000000000006,5.212608325692151,-0.028341729059239817,0.9945922535488493
40.8473290978399,5.213229631947342,-0.027720422804049072,0.9947108019510855
40.8473290978399,5.213616318072911,-0.027333736678479603,0.9947845836359958
40.65630495552732,5.214017901882531,-0.026932152868860193,0.9948612078750028
40.464457433290974,5.214217142278479,-0.02673291247291143,0.9948992239587028
40.27260991105464,5.214282314181264,-0.026667740570126774,0.9949116590901396
40.0807623888183,5.214302796230885,-0.02664725852050598,0.9949155671696684
39.88315120711563,5.2142779688901255,-0.026672085861265238,0.9949108299864288
39.690480304955535,5.214829757951392,-0.0261202967999985,0.9950161141535172
39.49369250317662,5.215828441278987,-0.025121613472403936,0.9952066680258422
39.301021601016515,5.2166781584293656,-0.0242718963220252,0.9953687983918067
39.301021601016515,5.2170046396131635,-0.023945415138227233,0.9954310926667735
39.10917407878018,5.217498705080506,-0.023451349670884802,0.9955253628777431
38.91814993646761,5.2184104911159475,-0.022539563635443294,0.9956993363035374
38.726302414231256,5.2189964176374675,-0.021953637113923286,0.9958111340721478
38.53363151207115,5.2195655867969615,-0.021384467954429276,0.9959197344506189
38.341783989834816,5.21970462011848,-0.02124543463291051,0.9959462627174533
38.14993646759848,5.219880274380759,-0.021069780370631896,0.9959797784465566
37.958088945362135,5.219631999906835,-0.021318054844555512,0.9959324064106986
37.7662414231258,5.219670482658226,-0.021279572093164667,0.9959397491159312
37.7662414231258,5.219723860961011,-0.02122619379037971,0.9959499339683392
37.57439390088945,5.219717034322024,-0.021233020429367144,0.9959486314108036
37.376782719186785,5.220381787090632,-0.020568267660758366,0.9960754696293831
37.18411181702668,5.221148333769112,-0.019801720982278503,0.9962217306451286
36.993087674714104,5.221615089481519,-0.019334965269871773,0.9963107900155731
36.80124015247777,5.221362470782783,-0.019587583968608158,0.9962625890794646
36.609392630241416,5.221204816155948,-0.019745238595442416,0.9962325077726047
36.41672172808132,5.222050810751392,-0.018899243999999094,0.9963939278561021
36.224874205844976,5.223022182191391,-0.017927872559999614,0.9965792704809796
36.224874205844976,5.224059347204049,-0.016890707547341677,0.9967771668550764
36.03302668360864,5.224551550860758,-0.01639850389063291,0.9968710818230816
35.8411791613723,5.224747687172658,-0.016202367578732613,0.996908505631714
35.64356797966963,5.224815963159492,-0.016134091591898603,0.9969215330382186
35.45172045743329,5.225663819565568,-0.015286235185822505,0.9970833083646802
35.259872935196945,5.2262745734278475,-0.014675481323543238,0.9971998433165302
35.06802541296061,5.226039954364556,-0.01491010038683438,0.9971550768026654
34.875354510800506,5.225632164519493,-0.015317890231897557,0.997077268420444
34.68350698856417,5.22543975182886,-0.015510302922530528,0.9970405550977405
34.68350698856417,5.225341063069366,-0.015608991682024786,0.997021724779103
34.49165946632783,5.225638370554936,-0.015311684196454678,0.9970784525636581
34.299811944091495,5.225885403821771,-0.015064650929620171,0.9971255877708732
34.107964421855144,5.226283883547341,-0.014666171204050116,0.9972016197348124
33.91611689961881,5.226828844903291,-0.014121209848100058,0.9973056011409043
33.72426937738246,5.227122429833923,-0.013827624917468029,0.9973616186429917
33.532421855146126,5.227111256837468,-0.013838797913923173,0.9973594867782842
33.34057433290979,5.226777949014683,-0.014172105736707685,0.997295889945782
33.147903430749686,5.226668087258734,-0.014281967492657088,0.9972749277624371
32.956055908513335,5.226529053937214,-0.014421000814176743,0.9972483994956024
32.956055908513335,5.226689811581772,-0.014260243169618825,0.9972790728740697
32.764208386277,5.227119325749872,-0.01383072900151916,0.9973610263679235
32.571537484116895,5.227782838377721,-0.013167216373669355,0.9974876279613212
32.380513341804324,5.228163939071392,-0.0127861156799991,0.9975603439173385
32.18866581956798,5.2279733881913915,-0.012976666559999295,0.9975239858375993
31.99599491740788,5.2283172484070874,-0.012632806344303305,0.9975895961204876
31.804970775095295,5.228846071938227,-0.012103982813163938,0.9976904983473005
31.613123252858955,5.2289205539605055,-0.012029500790885272,0.9977047098970196
31.420452350698856,5.229499653843036,-0.011450400908354474,0.9978152051080942
31.420452350698856,5.230030339184808,-0.010919715566582333,0.9979164625778713
31.228604828462515,5.22998502979443,-0.010965024956960612,0.997907817315103
31.03675730622618,5.2297088249620245,-0.011241229789366258,0.997855116024398
30.844909783989838,5.2304716469529104,-0.010478407798480305,0.9980006663507544
30.65306226175349,5.231464742715948,-0.009485312035442561,0.9981901540872645
30.461214739517153,5.2317961887281,-0.009153866023290824,0.9982533956768025
30.269367217280813,5.231612466619746,-0.009337588131645091,0.9982183405615209
30.07669631512071,5.231347433717468,-0.009602621033923064,0.9981677709320627
29.884848792884373,5.231516260274429,-0.00943379447696202,0.9981999839001692
29.884848792884373,5.23192653253367,-0.009023522217720625,0.9982782659396764
29.693001270648033,5.232144393168607,-0.008805661582783841,0.9983198348599409
29.501153748411696,5.232560873595949,-0.00838918115544196,0.9983993014495842
29.309306226175348,5.232896043229366,-0.008054011522024673,0.9984632535250507
29.117458703939008,5.232931421896708,-0.008018632854683183,0.9984700039552155
28.924787801778905,5.2328873537134175,-0.008062701037973241,0.9984615955210899
28.732940279542568,5.232358530182277,-0.008591524569113496,0.998360693294277
28.541092757306227,5.232672596096202,-0.00827745865518903,0.9984206186724324
28.34924523506989,5.233560176460759,-0.00738987829063209,0.9985899735327696
28.157397712833543,5.233589349092657,-0.00736070565873348,0.9985955398197203
28.157397712833543,5.23330693715848,-0.0076431175929103645,0.9985416541823402
27.965550190597202,5.233490659266834,-0.007459395484556985,0.9985767092976217
27.773702668360865,5.234091483472404,-0.006858571278987036,0.998691349620329
27.581855146124525,5.234639547846075,-0.006310506905315982,0.9987959230980278
27.390007623888188,5.234774857546328,-0.006175197205062766,0.9988217408789339
27.197336721728085,5.234695409629366,-0.006254645122024449,0.9988065818111825
27.00054891994917,5.234935615190886,-0.006014439560504847,0.9988524142574012
26.808701397712834,5.235075269115948,-0.005874785635442414,0.998879060938557
26.616853875476494,5.235612782163036,-0.00533727258835448,0.9989816211693306
26.616853875476494,5.236037331502784,-0.0049127232486068095,0.9990626273486134
26.424182973316395,5.236183813133164,-0.0047662416182268075,0.9990905767907661
26.232335451080054,5.236286847183797,-0.004663207567594085,0.9991102362131143
26.040487928843707,5.236464363256708,-0.004485691494682698,0.9991441071851818
25.848640406607366,5.236313536335189,-0.004636518416202051,0.9991153286393183
25.655969504447267,5.235949194069873,-0.005000860681517949,0.9990458102769012
25.46494536213469,5.235850505310379,-0.00509954944101132,0.9990269799582638
25.27227445997459,5.235669885153417,-0.005280169597973838,0.9989925167111282
25.08042693773825,5.235622713952404,-0.005327340798986668,0.9989835162053955
25.08042693773825,5.2357902982359485,-0.005159756515442204,0.9990154921413982
24.888579415501912,5.236445121347847,-0.004504933403543632,0.9991404357308348
24.69673189326556,5.236849187571645,-0.004100867179746004,0.9992175336271277
24.504884371029224,5.237111736993417,-0.0038383177579737193,0.9992676293958395
24.313036848792883,5.237434493489619,-0.0035155612617714382,0.9993292129814165
24.120365946632784,5.237672837240505,-0.0032772175108854995,0.999374690184671
23.929341804320206,5.237227185247593,-0.0037228695037976323,0.9992896575115379
23.73749428208387,5.236869049017721,-0.0040810057336697625,0.9992213232923352
23.545646759847518,5.237193047787341,-0.0037570069640500137,0.999283143910016
23.545646759847518,5.237810629354936,-0.0031394253964549534,0.9994009816228627
23.35297585768742,5.237850973916961,-0.0030990808344295573,0.9994086795710598
23.161128335451078,5.238077524067847,-0.0028725306835433173,0.9994519064952853
22.96928081321474,5.238303453615188,-0.00264660113620252,0.9994950150051891
22.7774332909784,5.238068212882025,-0.0028818418693656866,0.9994501298735421
22.585585768742064,5.2377764918946825,-0.003173562856708223,0.9993944680213407
22.393738246505713,5.237054013399493,-0.0038960413518980275,0.9992566154397206
22.201067344345613,5.2364618797762015,-0.004488174975189274,0.9991436333244351
22.009219822109273,5.236757326517468,-0.0041927282339226934,0.999200006069487
21.817372299872936,5.237471735033924,-0.0034783197174670377,0.9993363188580068
21.817372299872936,5.2375195279048095,-0.0034305268465812944,0.9993454379815219
21.625524777636596,5.2373947695311385,-0.00355528522025228,0.9993216334475409
21.43367725540026,5.237640561590884,-0.0033094931605068822,0.999368531826113
21.241829733163907,5.237692698686581,-0.0032573560648101463,0.9993784798498782
21.04998221092757,5.2378249043027845,-0.003125150448606284,0.9994037053557163
20.857311308767468,5.237702008806075,-0.003248045945316136,0.9993802562681605
20.666287166454893,5.237735525662783,-0.0032145290886074207,0.999386651455361
20.474439644218553,5.237452493125062,-0.00349756162632886,0.9993326474036596
20.281768742058453,5.237103668081011,-0.003846386670379509,0.9992660898061998
20.281768742058453,5.237069530620758,-0.0038805241306327787,0.9992595762046779
20.089921219822113,5.23750339008,-0.0034466646713910976,0.9993423588022431
19.898073697585765,5.237939731953417,-0.0030103227979738634,0.9994256150570936
19.705402795425663,5.238001179168607,-0.002948875582784005,0.9994373394991409
19.513555273189326,5.238150144279493,-0.0027999104718974266,0.9994657628020402
19.321707750952985,5.23817000572557,-0.002780049025821185,0.9994695524672477
19.129860228716648,5.238312143131138,-0.002637911620253064,0.99949667300915
18.938012706480308,5.238186764153923,-0.0027632905974677158,0.9994727500608478
18.74616518424396,5.23787269717367,-0.003077357577720541,0.9994128244792314
18.554317662007623,5.2378944214967085,-0.0030556332546822773,0.9994169695908641
18.554317662007623,5.2380458690217715,-0.0029041857296192575,0.9994458665510491
18.362470139771283,5.2380049038562015,-0.002945150895189208,0.9994380501885304
18.170622617534946,5.2383090390470874,-0.0026410157043033067,0.999496080734082
17.978775095298605,5.238545519921012,-0.002404534830378502,0.9995412024909113
17.786104193138502,5.238885655449113,-0.002064399302277309,0.9996061020844101
17.595080050825917,5.238795035602024,-0.002155019149366666,0.999588811355412
17.402409148665818,5.238853379799493,-0.0020966749518978034,0.9995999437258524
17.210561626429477,5.238943380109365,-0.00200667464202553,0.9996171162439897
17.01871410419314,5.239003586117467,-0.0019464686339238924,0.9996286038573943
17.01871410419314,5.23939958342886,-0.0015504713225311662,0.9997041621640478
16.826043202033038,5.239289101069366,-0.0016609536820251236,0.9996830815663814
16.635019059720463,5.239289101069366,-0.0016609536820251236,0.9996830815663814
16.44234815756036,5.239299031792403,-0.001651022958987447,0.999684976398985
16.250500635324013,5.239288480465822,-0.0016615742855687898,0.9996829631520601
16.058653113087672,5.239278549742784,-0.0016715050086064664,0.9996810683194565
15.866805590851333,5.239269239623289,-0.001680815128101365,0.999679291901174
15.674958068614995,5.239368548986328,-0.001581505765062552,0.9996982406341329
15.482287166454894,5.239030275268859,-0.0019197794825318582,0.9996336962835981
15.482287166454894,5.23917675689924,-0.001773297852150968,0.9996616457257509
15.291263024142317,5.239207791341771,-0.0017422634096195821,0.9996675672556657
15.099415501905968,5.239353031765062,-0.0015970229863286889,0.9996952798691755
14.906744599745867,5.239965027900759,-0.0009850268506319537,0.9998120518531294
14.71572045743329,5.240454127473416,-0.0004959272779743173,0.9999053745460664
14.52304955527319,5.240530471306328,-0.0004195834450628766,0.9999199413387497
14.33120203303685,5.240064337263796,-0.000885717487594917,0.999831000586088
14.139354510800512,5.24000909608405,-0.0009409586673410075,0.999820460287255
13.947506988564163,5.239623029495695,-0.0013270252556960571,0.9997467968132051
13.755659466327824,5.239213998443543,-0.0017360563078474556,0.9996687516023409
13.755659466327824,5.238885655449113,-0.002064399302277309,0.9996061020844101
13.562988564167723,5.239096689445063,-0.0018533653063279587,0.9996463684471392
13.371964421855147,5.239116550891138,-0.0018335038602526055,0.9996501581123464
13.174353240152483,5.238939655421771,-0.002010399329619439,0.9996164055546004
12.982505717916133,5.238912966270379,-0.002037088481011473,0.9996113131283965
12.790658195679795,5.2388446902835435,-0.0021053644678472594,0.9995982857218915
12.597987293519694,5.2389315865093655,-0.0020184682420252287,0.9996148659649609
12.406139771283355,5.238873242311898,-0.002076812439492315,0.9996037335945208
12.214292249047016,5.239134550526582,-0.001815504224809139,0.9996535925345895
12.214292249047016,5.2390104138227835,-0.0019396409286072114,0.9996299066183909
12.021621346886914,5.238801863307341,-0.002148191444049985,0.9995901141164086
11.830597204574339,5.239080550553924,-0.001869504197467009,0.9996432890643993
11.63874968233799,5.239616202856708,-0.0013338518946826028,0.9997454942556697
11.44690216010165,5.239511306995443,-0.0014387477559481,0.9997254795903572
11.255054637865312,5.239315791287088,-0.001634263464302954,0.9996881741960465
11.062383735705211,5.23940827294481,-0.001541781806580822,0.9997058201680088
10.870536213468872,5.239618685270885,-0.0013313694805061616,0.9997459679129552
10.678688691232534,5.2397918560526575,-0.0011581986987332371,0.9997790097813118
10.678688691232534,5.239946406595442,-0.0010036481559483335,0.9998084988131039
10.486017789072433,5.239781304726075,-0.0011687500253154681,0.9997769965343868
10.294170266836083,5.239113446807087,-0.0018366079443037364,0.9996495658372782
10.103146124523507,5.238767105243544,-0.0021829495078469208,0.9995834821005654
9.910475222363406,5.238481589225316,-0.0024684655260749366,0.9995290041881172
9.71945108005083,5.238199178357467,-0.0027508763939234626,0.9994751187541981
9.526780177890728,5.237832974281518,-0.0031170804698730237,0.9994052451488167
9.334932655654379,5.238155729711392,-0.0027943250399991015,0.9994668285309329
9.14308513341804,5.238519451373163,-0.002430603378227758,0.9995362284790285
9.14308513341804,5.238748485004556,-0.0022015697468349416,0.9995799292640007
8.951237611181702,5.239101654273417,-0.001848400477974188,0.9996473157617103
8.759390088945363,5.238988689499745,-0.001961365251645475,0.9996257615067582
8.567542566709024,5.238888759533164,-0.002061295218227066,0.9996066943594781
8.374871664548923,5.239234480493164,-0.0017155742582266598,0.9996726596818698
8.17808386277001,5.239324480803037,-0.0016255739483534981,0.9996898322000074
7.9862363405336705,5.239251860591392,-0.0016981941599985007,0.9996759758932526
7.794388818297332,5.239025931044051,-0.0019241237073401862,0.9996328673833486
7.602541296060993,5.238830415335696,-0.0021196394156950404,0.999595561989038
7.602541296060993,5.238713105270885,-0.002236949480505679,0.9995731786303749
7.409870393900892,5.239216480857721,-0.0017335738936701262,0.9996692252596266
7.218022871664553,5.239395238137721,-0.0015548166136696295,0.999703333060337
7.026175349428204,5.239076826932658,-0.001873227818732559,0.9996425785784708
6.834327827191865,5.238909241582784,-0.0020408131686071584,0.9996106024390068
6.6424803049555265,5.239217101461264,-0.00173295329012646,0.9996693436739479
6.450632782719188,5.239402065843037,-0.0015479889083538367,0.9997046358213335
6.258785260482849,5.239258687230379,-0.001691367521011955,0.999677278450788
6.066114358322748,5.239187929895695,-0.0017621248556958236,0.9996637775904583
5.875090216010162,5.239035861767087,-0.0019141929843033978,0.999634762215952
5.875090216010162,5.238508900046582,-0.002441154704809101,0.9995342152321036
5.682419313850061,5.2383878663605055,-0.0025621883908852894,0.9995111213875121
5.490571791613722,5.2386336573539225,-0.0023163973974682506,0.9995580195626234
5.2987242693773835,5.23887510412253,-0.002074950628860428,0.9996040888374849
5.106876747141045,5.238963862158987,-0.001986192592403846,0.9996210243235187
4.915029224904706,5.239029654665316,-0.0019204000860746362,0.9996335778692771
4.723181702668357,5.23870503635848,-0.0022450183929105805,0.9995716390407355
4.530510800508256,5.238894966634935,-0.0020550881164558277,0.9996078787061532
4.338663278271917,5.239293446360505,-0.001656608390885772,0.9996839106700923
4.338663278271917,5.239379720916455,-0.0015703338349357665,0.9997003722953796
4.146815756035578,5.239443651612151,-0.0015064031392393318,0.9997125705981735
3.9549682337992396,5.239474686054683,-0.001475368696707946,0.9997184921280884
3.763120711562901,5.239840269527088,-0.0011097852243029394,0.9997882473191484
3.5712731893265515,5.240225094908354,-0.0007249598430369986,0.9998616739645554
3.3794256670902127,5.240117715566581,-0.0008323391848099604,0.999841185438496
3.186754764930112,5.239728545960506,-0.0012215087908851174,0.9997669298928392
2.994907242693773,5.239277308535696,-0.001672746215694687,0.9996808314908138
2.8030597204574343,5.239546685662784,-0.0014033690886066097,0.9997322300205219
2.8030597204574343,5.239397721618227,-0.0015523331331639412,0.9997038069210836
2.6112121982210956,5.239551651557466,-0.00139840319392448,0.999733177538554
2.419364675984757,5.239588892035442,-0.0013611627159484385,0.9997402832116833
2.2275171537484075,5.239292825756961,-0.0016572289944294383,0.9996837922557711
2.0348462515883066,5.239360480073923,-0.0015895746774674535,0.9996967010444936
1.8429987293519678,5.239670201763037,-0.00127985298835398,0.9997557975223988
1.6519745870393916,5.240186612156961,-0.0007634425944296197,0.9998543312593224
1.4601270648030529,5.240084198709872,-0.0008658560415186756,0.9998347902512954
1.2674561626429517,5.240092888225822,-0.0008571665255683314,0.9998364482552564
1.0756086404066028,5.2402362668384805,-0.0007137879129102132,0.9998638056258019
1.0756086404066028,5.240030820407087,-0.0009192343443036322,0.9998246053988875
0.8837611181702639,5.24013385445772,-0.0008162002936709101,0.9998442648212358
0.6919135959339252,5.240464678799999,-0.00048537595139208634,0.9999073877929915
0.5000660736975865,5.2399619238167086,-0.0009881309346821965,0.9998114595780614
0.3082185514612478,5.24030516342886,-0.0006448913225307606,0.9998769514466282
0.11637102922490912,5.240883021037973,-6.703371341743036e-05,0.999987209625599
-0.07629987293519204,5.240950054751391,0.0,1.0
-0.2681473951715411,5.240570195264809,-0.00037985948658203483,0.9999275208726255
-0.45999491740787984,5.239742821974683,-0.0012072327767080893,0.9997696538291538
-0.45999491740787984,5.2397558567817715,-0.0011941979696192817,0.9997721409368256
-0.6518424396442186,5.239691305482531,-0.0012587492688593827,0.9997598242197103
-0.8445133418043197,5.239763305090633,-0.0011867496607580463,0.9997735621121437
-1.035537484116896,5.240027716323037,-0.0009223384283538749,0.9998240131238195
-1.228208386276997,5.240356679921011,-0.0005933748303794673,0.9998867810560718
-1.4192325285895837,5.2401717155392395,-0.0007783392121512023,0.9998514889086864
-1.6110800508259224,5.240185991553416,-0.0007640631979750623,0.9998542128450008
-1.8037509529860236,5.240285921519998,-0.000664133231392583,0.999873279992281
-2.0005387547649267,5.2397887530349365,-0.0011613017164542327,0.9997784177097049
-2.0005387547649267,5.239794339533164,-0.0011557152182266606,0.9997794836420586
-2.1932096569250277,5.2399637856273396,-0.0009862691240511978,0.9998118148210252
-2.385057179161377,5.240327507289113,-0.000622547462278078,0.9998812147691212
-2.5769047013977158,5.240246197561518,-0.0007038571898725365,0.9998657004584055
-2.7687522236340545,5.240581368261265,-0.0003686864901260023,0.999929652737333
-2.960599745870393,5.240761987351897,-0.00018806739949361884,0.9999641157810075
-3.152447268106732,5.240929572701771,-2.0482049619907627e-05,0.9999960919204713
-3.3442947903430706,5.241012123636454,6.20688850636597e-05,1.00001184305983
-3.5369656925031716,5.241182812004049,0.00023275725265836655,1.0000444112709006
-3.5369656925031716,5.241277777142277,0.00032772239088618704,1.0000625311036095
-3.7288132147395205,5.2413528797681,0.0004028250167094072,1.0000768610676503
-3.9206607369758593,5.241076674935696,0.000126620184305537,1.0000241597769455
-4.112508259212198,5.240845158890124,-0.00010489586126638528,0.9999799853346873
-4.304355781448537,5.24060991922329,-0.0003401355281011931,0.9999351004065011
-4.497026683608638,5.240320679583797,-0.0006293751675938708,0.9998799120081246
-4.688874205844977,5.24011026832405,-0.0008397864273410605,0.999839764466639
-4.879898348157553,5.240185991553416,-0.0007640631979750623,0.9998542128450008
-5.071745870393892,5.24041502411848,-0.0005350306329106047,0.9998979134265121
-5.264416772553993,5.2404684034875935,-0.0004816512637972892,0.9999080984823809
-5.264416772553993,5.240274749589872,-0.0006753051615184802,0.9998711483310347
-5.456264294790352,5.240149370612658,-0.000800684138733132,0.9998472253827324
-5.648111817026691,5.240076129797468,-0.000873924953922689,0.9998332506616562
-5.83995933926303,5.240219508410126,-0.0007305463412645707,0.9998606080322017
-6.031806861499368,5.240516196358481,-0.00043385839290976946,0.9999172176058964
-6.223654383735707,5.240697436052657,-0.0002526186987337198,0.9999517990638921
-6.416325285895808,5.240968054386834,1.799963544346639e-05,1.0000034344222433
-6.6073494282083844,5.2410512269913925,0.00010117224000172342,1.0000193041793843
-6.800020330368485,5.241027020254177,7.696550278613046e-05,1.0000146854104661
-6.800020330368485,5.24079612481215,-0.00015392993924034926,0.9999706293825295
-6.991867852604824,5.240887365262784,-6.268948860643775e-05,0.999988038525849
-7.183715374841163,5.240891089950378,-5.896480101252877e-05,0.9999887492152384
-7.376386277001265,5.240850124784809,-9.992996658159115e-05,0.9999809328527199
-7.56741041931384,5.240195922276454,-0.0007541324749364975,0.9998561076776046
-7.760081321473942,5.240038268715949,-0.0009117860354415086,0.9998260265742058
-7.951928843710301,5.240094751102784,-0.0008553036486063093,0.9998368037016817
-8.14377636594664,5.240213301308354,-0.0007367534430366973,0.9998594236855265
-8.335623888182978,5.240609298619746,-0.0003407561316448593,0.9999349819921799
-8.335623888182978,5.240557782127594,-0.00039227262379704086,0.9999251523827362
-8.527471410419317,5.240261094179239,-0.0006889605721518421,0.9998685428090415
-8.719318932655655,5.239706202100252,-0.0012438526511386883,0.9997626665703462
-8.911989834815758,5.2397335118551895,-0.0012165428962012115,0.9997678774108717
-9.103013977128333,5.240014682582278,-0.0009353721691125472,0.9998215262196088
-9.295684879288435,5.240528609495695,-0.0004214452556956516,0.9999195860957856
-9.492472681067348,5.2406508843888595,-0.0002991703625312425,0.9999429167690198
-9.685143583227449,5.240573919952404,-0.0003761347989863495,0.9999282315620152
-9.876167725540025,5.240089164604557,-0.0008608901468338814,0.999835737769328
-9.876167725540025,5.239890544812151,-0.0010595099392398666,0.9997978400999492
-10.068838627700126,5.240015303185822,-0.000934751565568881,0.9998216446339302
-10.260686149936465,5.239980544055696,-0.0009695106956950639,0.9998150124146258
-10.452533672172803,5.24028468031291,-0.0006653744384808036,0.9998730431636383
-10.644381194409142,5.240606195602024,-0.0003438591493667431,0.9999343899205727
-10.836228716645481,5.240645298956961,-0.00030475579442956757,0.9999418510401271
-11.02807623888182,5.2405646098329095,-0.00038544491848124807,0.9999264551437326
-11.21992376111818,5.240635987771139,-0.0003140669802519369,0.9999400744183838
-11.411771283354518,5.240560885145316,-0.00038916960607515705,0.9999257444543432
-11.603618805590857,5.2407247458075945,-0.000225308943796243,0.9999570099044176
-11.603618805590857,5.240833366356455,-0.00011668839493594874,0.9999777352591196
-11.796289707750958,5.2406272982551885,-0.0003227564962022811,0.9999384164144228
-11.988137229987297,5.240508127446074,-0.0004419273053164474,0.9999156780162567
-12.180808132147398,5.240626677651645,-0.0003233770997459473,0.9999382980001016
-12.371832274459974,5.2405646098329095,-0.00038544491848124807,0.9999264551437326
-12.563679796696313,5.240222611427847,-0.0007274433235435751,0.9998612001038086
-12.755527318932652,5.240178543244556,-0.0007715115068345213,0.999852791669683
-12.94737484116899,5.240255508747341,-0.0006945460040501672,0.9998674770801488
-13.13922236340533,5.240044474751391,-0.0009055799999995173,0.9998272107174198
-13.13922236340533,5.239467237745822,-0.0014828170055691814,0.9997170709527703
-13.33189326556543,5.239172412674429,-0.0017776420769619605,0.9996608168255009
-13.51715374841169,5.239257446023291,-0.0016926087281001756,0.9996770416221453
-13.51715374841169,5.239169929193923,-0.0017801255574676489,0.9996603429647543
-13.51715374841169,5.2391283434248095,-0.0018217113265812657,0.9996524081879143
-13.51715374841169,5.239662132850632,-0.0012879219007588816,0.9997542579327595
-13.51715374841169,5.239709925721518,-0.0012401290298731382,0.9997633770562746
-13.51715374841169,5.239328204424304,-0.00162185032708706,0.9996905426859359
