LSCO 2601C, x = 22%
T=35 K, B = 45.0 T, theta= -14 to 99, phi = 0
Fixed parameters:
T=0.19,T1multvalue=-0.134,T11multvalue=0.067,mumultvalue=0.805
cost,Tzmultvalue,invtau_iso,strength,spread
0.0026932912352980115,0.0535,0.1,130.0,0.1
0.0026932915395083855,0.05350001,0.1,130.0,0.1
0.00269329122107311,0.0535,0.10000001,130.0,0.1
0.002693291233951905,0.0535,0.1,130.00000001,0.1
0.0026932912352980115,0.0535,0.1,130.0,0.1
0.0026932915395083855,0.05350001,0.1,130.0,0.1
0.00269329122107311,0.0535,0.10000001,130.0,0.1
0.0026932912352980115,0.0535,0.1,130.0,0.1
0.0026932915395083855,0.05350001,0.1,130.0,0.1
0.00269329122107311,0.0535,0.10000001,130.0,0.1
0.002693291233951905,0.0535,0.1,130.00000001,0.1
0.0026932891346247503,0.0535,0.1,130.0,0.10000001
0.001174038388670327,0.08981737567988596,0.10670153205948868,130.0006341673335,1.0896538875425485
0.001174038389178435,0.08981736567988596,0.10670153205948868,130.0006341673335,1.0896538875425485
0.0011740383886704718,0.08981737567988596,0.10670154205948867,130.0006341673335,1.0896538875425485
0.001174038388670906,0.08981737567988596,0.10670153205948868,130.0006341773335,1.0896538875425485
0.0011740383887113885,0.08981737567988596,0.10670153205948868,130.0006341673335,1.0896538975425485
0.0011740261364746266,0.09005676731084775,0.10670146420047885,130.0006338945023,1.0896345989630938
0.0011740261369835043,0.09005675731084775,0.10670146420047885,130.0006338945023,1.0896345989630938
0.0011740261364747682,0.09005676731084775,0.10670147420047885,130.0006338945023,1.0896345989630938
0.001174026136475227,0.09005676731084775,0.10670146420047885,130.0006339045023,1.0896345989630938
0.001174026136515847,0.09005676731084775,0.10670146420047885,130.0006338945023,1.0896346089630937
0.0011739769561030506,0.0910143338346949,0.10670119276443954,130.00063280317755,1.0895574446452747
0.0011739769566147383,0.0910143238346949,0.10670119276443954,130.00063280317755,1.0895574446452747
0.0011739769561031998,0.0910143338346949,0.10670120276443953,130.00063280317755,1.0895574446452747
0.0011739769561035875,0.0910143338346949,0.10670119276443954,130.00063281317756,1.0895574446452747
0.0011739769561447799,0.0910143338346949,0.10670119276443954,130.00063280317755,1.0895574546452746
0.0011737775289833074,0.09484459993008351,0.10670010702028229,130.00062843787856,1.0892488273739984
0.0011737775295058894,0.09484458993008352,0.10670010702028229,130.00062843787856,1.0892488273739984
0.0011737775289835004,0.09484459993008351,0.10670011702028229,130.00062843787856,1.0892488273739984
0.0011737775289839246,0.09484459993008351,0.10670010702028229,130.00062844787857,1.0892488273739984
0.0011737775290272471,0.09484459993008351,0.10670010702028229,130.00062843787856,1.0892488373739984
0.001172942727438489,0.11016566431163796,0.1066957640436533,130.0006109766826,1.0880143582888933
0.001172942727995759,0.11016565431163797,0.1066957640436533,130.0006109766826,1.0880143582888933
0.001172942727438708,0.11016566431163796,0.1066957740436533,130.0006109766826,1.0880143582888933
0.0011729427274392483,0.11016566431163796,0.1066957640436533,130.0006109866826,1.0880143582888933
0.0011729427274915342,0.11016566431163796,0.1066957640436533,130.0006109766826,1.0880143682888932
0.0011693252534917733,0.17144992183785576,0.10667839213713734,130.00054113189873,1.0830764819484726
0.0011693252540786586,0.17144991183785577,0.10667839213713734,130.00054113189873,1.0830764819484726
0.0011693252534921727,0.17144992183785576,0.10667840213713733,130.00054113189873,1.0830764819484726
0.001169325253493053,0.17144992183785576,0.10667839213713734,130.00054114189874,1.0830764819484726
0.0011693252535847135,0.17144992183785576,0.10667839213713734,130.00054113189873,1.0830764919484726
0.0011747280898763075,0.41658695194272694,0.1066089045110735,130.00026175276327,1.06332497658679
0.0011747280912455078,0.41658694194272694,0.1066089045110735,130.00026175276327,1.06332497658679
0.001174728089876442,0.41658695194272694,0.10660891451107349,130.00026175276327,1.06332497658679
0.0011747280898767444,0.41658695194272694,0.1066089045110735,130.00026176276327,1.06332497658679
0.0011747280899083632,0.41658695194272694,0.1066089045110735,130.00026175276327,1.06332498658679
0.0011678296766253057,0.19706109412007677,0.10667113228104036,130.0005119432153,1.0810129046650452
0.001167829677187214,0.19706108412007678,0.10667113228104036,130.0005119432153,1.0810129046650452
0.0011678296766258279,0.19706109412007677,0.10667114228104035,130.0005119432153,1.0810129046650452
0.0026932912352980115,0.0535,0.1,130.0,0.1
0.0026932916886069215,0.05350001490116119,0.1,130.0,0.1
0.002693291214101207,0.0535,0.1000000149011612,130.0,0.1
0.002693291233292196,0.0535,0.1,130.00000001490116,0.1
0.002693288105051605,0.0535,0.1,130.0,0.1000000149011612
0.0010104474954858683,0.023078954012831672,0.10142249348573387,130.00013460800983,0.31006728039355946
0.0010104474881113513,0.023078968913992866,0.10142249348573387,130.00013460800983,0.31006728039355946
0.001010447495546722,0.023078954012831672,0.10142250838689507,130.00013460800983,0.31006728039355946
0.001010447495515554,0.023078954012831672,0.10142249348573387,130.000134622911,0.31006728039355946
0.0010104475407477975,0.023078954012831672,0.10142249348573387,130.00013460800983,0.31006729529472066
0.001000884620200493,0.02356677576902082,0.10141846811854768,130.0001326443137,0.307073221024238
0.001000884613404317,0.023566790670182015,0.10141846811854768,130.0001326443137,0.307073221024238
0.0010008846202656674,0.02356677576902082,0.10141848301970888,130.0001326443137,0.307073221024238
0.0010008846202313737,0.02356677576902082,0.10141846811854768,130.00013265921487,0.307073221024238
0.0010008846678257917,0.02356677576902082,0.10141846811854768,130.0001326443137,0.3070732359253992
0.0009579277171247609,0.02551806279377742,0.1014023666498029,130.00012478952917,0.29509698354695213
0.0009579277133190066,0.025518077694938614,0.1014023666498029,130.00012478952917,0.29509698354695213
0.0026932912352980115,0.0535,0.1,130.0,0.1
0.0026932916886069215,0.05350001490116119,0.1,130.0,0.1
0.002693291214101207,0.0535,0.1000000149011612,130.0,0.1
0.002693291233292196,0.0535,0.1,130.00000001490116,0.1
0.002693288105051605,0.0535,0.1,130.0,0.1000000149011612
0.0010104474954858683,0.023078954012831672,0.10142249348573387,130.00013460800983,0.31006728039355946
0.0010104474881113513,0.023078968913992866,0.10142249348573387,130.00013460800983,0.31006728039355946
0.001010447495546722,0.023078954012831672,0.10142250838689507,130.00013460800983,0.31006728039355946
0.001010447495515554,0.023078954012831672,0.10142249348573387,130.000134622911,0.31006728039355946
0.0010104475407477975,0.023078954012831672,0.10142249348573387,130.00013460800983,0.31006729529472066
0.001000884620200493,0.02356677576902082,0.10141846811854768,130.0001326443137,0.307073221024238
0.001000884613404317,0.023566790670182015,0.10141846811854768,130.0001326443137,0.307073221024238
0.0010008846202656674,0.02356677576902082,0.10141848301970888,130.0001326443137,0.307073221024238
0.0010008846202313737,0.02356677576902082,0.10141846811854768,130.00013265921487,0.307073221024238
0.0010008846678257917,0.02356677576902082,0.10141846811854768,130.0001326443137,0.3070732359253992
0.0009579277171247609,0.02551806279377742,0.1014023666498029,130.00012478952917,0.29509698354695213
0.0009579277133190066,0.025518077694938614,0.1014023666498029,130.00012478952917,0.29509698354695213
0.0009579277172094684,0.02551806279377742,0.1014023815509641,130.00012478952917,0.29509698354695213
0.0009579277171606387,0.02551806279377742,0.1014023666498029,130.00012480443033,0.29509698354695213
0.0009579277747747441,0.02551806279377742,0.1014023666498029,130.00012478952917,0.2950969984481133
0.0007099991405874624,0.03332321089280382,0.1013379607748238,130.00009337039103,0.24719203363780856
0.00070999915918366,0.03332322579396502,0.1013379607748238,130.00009337039103,0.24719203363780856
0.8553256611530019,0.0535,0.1,130.0,0.1
0.8553257493337254,0.05350001490116119,0.1,130.0,0.1
0.8553256501254146,0.0535,0.1000000149011612,130.0,0.1
0.8553256601283612,0.0535,0.1,130.00000001490116,0.1
0.8553241902292875,0.0535,0.1,130.0,0.1000000149011612
0.5255307967636532,0.006938490316610833,0.10755823609794456,130.00070228202839,1.1081614795037993
0.5255307967583029,0.0069384754154496395,0.10755823609794456,130.00070228202839,1.1081614795037993
0.5255307967636366,0.006938490316610833,0.10755825099910575,130.00070228202839,1.1081614795037993
0.5255307967636544,0.006938490316610833,0.10755823609794456,130.00070229692955,1.1081614795037993
0.5255307967633646,0.006938490316610833,0.10755823609794456,130.00070228202839,1.1081614944049605
0.5255306694279605,0.006579566287315016,0.10755936955376,130.00070220154646,1.108182967679091
0.5255306694227807,0.006579551386153822,0.10755936955376,130.00070220154646,1.108182967679091
0.5255306694279709,0.006579566287315016,0.10755938445492119,130.00070220154646,1.108182967679091
0.5255306694279366,0.006579566287315016,0.10755936955376,130.00070221644762,1.108182967679091
0.5255306694276874,0.006579566287315016,0.10755936955376,130.00070220154646,1.1081829825802523
0.5255302054303355,0.005143870170131746,0.10756390337702174,130.0007018796188,1.1082689203802585
0.5255302054259486,0.0051438552689705526,0.10756390337702174,130.0007018796188,1.1082689203802585
0.52553020543034,0.005143870170131746,0.10756391827818293,130.0007018796188,1.1082689203802585
0.5255302054303225,0.005143870170131746,0.10756390337702174,130.00070189451995,1.1082689203802585
0.5255302054300537,0.005143870170131746,0.10756390337702174,130.0007018796188,1.1082689352814197
0.5255294291255089,0.0011019614509593344,0.10757325056439579,130.00070354518928,1.1085110110935115
0.5255294291244157,0.0011019465497981405,0.10757325056439579,130.00070354518928,1.1085110110935115
0.0026932912352980115,0.0535,0.1,130.0,0.1
0.0026932916886069215,0.05350001490116119,0.1,130.0,0.1
0.002693291214101207,0.0535,0.1000000149011612,130.0,0.1
0.002693291233292196,0.0535,0.1,130.00000001490116,0.1
0.0019527857709390616,0.023078954012831672,0.10142249348573387,130.00013460800983,0.1
0.0019527860774386893,0.023078968913992866,0.10142249348573387,130.00013460800983,0.1
0.001952785753370747,0.023078954012831672,0.10142250838689507,130.00013460800983,0.1
0.0019527857692453957,0.023078954012831672,0.10142249348573387,130.000134622911,0.1
0.0023320623667800974,0.04051323017119588,0.10506738942518089,130.00048599139825,0.1
0.0023320620023881628,0.04051321527003469,0.10506738942518089,130.00048599139825,0.1
0.0023320623474446015,0.04051323017119588,0.10506740432634208,130.00048599139825,0.1
0.0023320623649268893,0.04051323017119588,0.10506738942518089,130.0004860062994,0.1
0.001559782922252429,0.0016732395748919361,0.10264939900308526,130.00025288689216,0.1
0.0015597830051625782,0.00167325447605313,0.10264939900308526,130.00025288689216,0.1
0.0015597829064399665,0.0016732395748919361,0.10264941390424645,130.00025288689216,0.1
0.0015597829207388747,0.0016732395748919361,0.10264939900308526,130.00025290179332,0.1
0.001613178750708113,0.006340139383616827,0.1041288327739686,130.00039450902432,0.1
0.0016131785033056218,0.0063401244824556335,0.1041288327739686,130.00039450902432,0.1
0.0016131787346650211,0.006340139383616827,0.1041288476751298,130.00039450902432,0.1
0.0016131787491698824,0.006340139383616827,0.1041288327739686,130.00039452392548,0.1
0.0015547662559438488,5.880750527148407e-05,0.10294745620678926,130.00028141908976,0.1
0.001554766258920471,5.882240643267792e-05,0.10294745620678926,130.00028141908976,0.1
0.0015547662401561972,5.880750527148407e-05,0.10294747110795045,130.00028141908976,0.1
0.0015547662544329558,5.880750527148407e-05,0.10294745620678926,130.00028143399092,0.1
0.00155357864565644,6.03718565590017e-05,0.10405894030824374,130.00038778881427,0.1
0.001553578642603746,6.035695539780785e-05,0.10405894030824374,130.00038778881427,0.1
0.0015535786298813167,6.03718565590017e-05,0.10405895520940493,130.00038778881427,0.1
0.0015535786441467142,6.03718565590017e-05,0.10405894030824374,130.00038780371543,0.1
0.001549318548679309,0.0005370893038809447,0.10850487671406163,130.0008132677123,0.1
0.0015493185216125648,0.0005370744027197509,0.10850487671406163,130.0008132677123,0.1
0.001549318532952038,0.0005370893038809447,0.10850489161522282,130.0008132677123,0.1
0.0015493185471739741,0.0005370893038809447,0.10850487671406163,130.00081328261345,0.1
0.0015388246460939176,0.0010653329501792324,0.1197374354202263,130.00188825227016,0.1
0.001538824592928553,0.0010653180490180385,0.1197374354202263,130.00188825227016,0.1
0.0015388246304862642,0.0010653329501792324,0.1197374503213875,130.00188825227016,0.1
0.0015388246445998926,0.0010653329501792324,0.1197374354202263,130.00188826717132,0.1
0.0015064237455180928,0.0031783075353723827,0.16466767024488502,130.00618819050172,0.1
0.0015064235988728936,0.003178292634211189,0.16466767024488502,130.00618819050172,0.1
0.0015064237303399099,0.0031783075353723827,0.1646676851460462,130.00618819050172,0.1
0.0015064237440637993,0.0031783075353723827,0.16466767024488502,130.00618820540288,0.1
0.0014310313823548983,0.005816458276389826,0.2742178819750222,130.0166725855391,0.1
0.0014310311590088863,0.005816443375228632,0.2742178819750222,130.0166725855391,0.1
0.0014310313681746031,0.005816458276389826,0.2742178968761834,130.0166725855391,0.1
0.0014310313809930834,0.005816458276389826,0.2742178819750222,130.01667260044027,0.1
0.0012963049585573308,0.009128754935023149,0.4844898747568491,130.03679684108187,0.1
0.0012963047010011528,0.009128740033861955,0.4844898747568491,130.03679684108187,0.1
0.0012963049461255788,0.009128754935023149,0.4844898896580103,130.03679684108187,0.1
0.0012963049573579738,0.009128754935023149,0.4844898747568491,130.03679685598303,0.1
0.001067570154222581,0.014423018957534037,0.9163924053342529,130.0781332956433,0.1
0.0010675699137092803,0.014423004056372844,0.9163924053342529,130.0781332956433,0.1
0.0010675701447403526,0.014423018957534037,0.9163924202354141,130.0781332956433,0.1
0.001067570153298112,0.014423018957534037,0.9163924053342529,130.07813331054447,0.1
0.0007413811498045402,0.024998943260679828,1.9015489741029932,130.17242261751173,0.1
0.0007413809721737225,0.024998928359518634,1.9015489741029932,130.17242261751173,0.1
0.0007413811446498057,0.024998943260679828,1.9015489890041544,130.17242261751173,0.1
0.0007413811492857852,0.024998943260679828,1.9015489741029932,130.1724226324129,0.1
0.0005957915409270357,0.03325164907594326,2.7643966753581672,130.25500793998154,0.1
0.0005957913944741619,0.033251634174782066,2.7643966753581672,130.25500793998154,0.1
0.0005957915378628316,0.03325164907594326,2.7643966902593284,130.25500793998154,0.1
0.0005957915406062784,0.03325164907594326,2.7643966753581672,130.2550079548827,0.1
0.0005244485086426134,0.03973879751991488,3.5532420219771828,130.33051236975314,0.1
0.0005244483808198704,0.03973878261875369,3.5532420219771828,130.33051236975314,0.1
0.0005244485067184052,0.03973879751991488,3.553242036878344,130.33051236975314,0.1
0.0005244485084311351,0.03973879751991488,3.5532420219771828,130.3305123846543,0.1
0.0004874613920461125,0.04422964406424268,4.238474829701272,130.39610163588756,0.1
0.00048746127753012666,0.044229629163081485,4.238474829701272,130.39610163588756,0.1
0.0004874613907644343,0.04422964406424268,4.238474844602433,130.39610163588756,0.1
0.00048746139189715537,0.04422964406424268,4.238474829701272,130.39610165078872,0.1
0.0004624830743832132,0.04704958092437527,4.8726447086161775,130.45680571012542,0.1
0.0004624829715991263,0.04704956602321408,4.8726447086161775,130.45680571012542,0.1
0.0004624830735230987,0.04704958092437527,4.872644723517339,130.45680571012542,0.1
0.00046248307427582,0.04704958092437527,4.8726447086161775,130.45680572502658,0.1
0.0004392991830102524,0.04813265323506456,5.518502078593321,130.51863187000475,0.1
0.00043929909245907445,0.04813263833390337,5.518502078593321,130.51863187000475,0.1
0.0004392991824728274,0.04813265323506456,5.518502093494482,130.51863187000475,0.1
0.00043929918293514184,0.04813265323506456,5.518502078593321,130.51863188490591,0.1
0.00041171484333339637,0.04660653728445192,6.239851785895028,130.5876898757971,0.1
0.0004117147671837223,0.04660652238329072,6.239851785895028,130.5876898757971,0.1
0.00041171484307274745,0.04660653728445192,6.239851800796189,130.5876898757971,0.1
0.0004117148432865308,0.04660653728445192,6.239851785895028,130.58768989069827,0.1
0.0003768733890715298,0.04049613194218687,7.025129367036195,130.66287649054368,0.1
0.0003768733297841289,0.040496117041025674,7.025129367036195,130.66287649054368,0.1
0.0003768733890415834,0.04049613194218687,7.025129381937356,130.66287649054368,0.1
0.00037687338904928834,0.04049613194218687,7.025129367036195,130.66287650544484,0.1
0.0003362896088175611,0.027539214353176585,7.750157024900555,130.73230853070638,0.1
0.0003362895665568512,0.02753919945201539,7.750157024900555,130.73230853070638,0.1
0.0003362896089540368,0.027539214353176585,7.750157039801716,130.73230853070638,0.1
0.00033628960881517035,0.027539214353176585,7.750157024900555,130.73230854560754,0.1
0.00029573096468672136,0.005937928146826067,8.23129712886601,130.7784096958683,0.1
0.0002957309478679993,0.005937913245664873,8.23129712886601,130.7784096958683,0.1
0.0002957309649276213,0.005937928146826067,8.231297143767172,130.7784096958683,0.1
0.00029573096470024955,0.005937928146826067,8.23129712886601,130.77840971076947,0.1
0.0002900625240602381,0.004914367339009377,7.954477333796628,130.7519305749131,0.1
0.00029006253895714655,0.004914382240170571,7.954477333796628,130.7519305749131,0.1
0.00029006252430953747,0.004914367339009377,7.9544773486977896,130.7519305749131,0.1
0.0002900625240744592,0.004914367339009377,7.954477333796628,130.75193058981426,0.1
0.0002786946448370031,0.002688169350184684,7.406092774599962,130.69942974947784,0.1
0.00027869465436271366,0.002688184251345878,7.406092774599962,130.69942974947784,0.1
0.0002786946451016146,0.002688169350184684,7.406092789501123,130.69942974947784,0.1
0.0002786946448523333,0.002688169350184684,7.406092774599962,130.699429764379,0.1
0.0002519408404342239,0.006216622605114089,5.212554537813295,130.48942644773683,0.1
0.00025194079996354357,0.006216607703952895,5.212554537813295,130.48942644773683,0.1
0.000251940840508565,0.006216622605114089,5.212554552714456,130.48942644773683,0.1
0.00025194084042691917,0.006216622605114089,5.212554537813295,130.489426462638,0.1
0.00025153164054845964,0.0021655823299206595,3.994921762974849,130.3728796461476,0.1
0.00025153166687608543,0.0021655972310818533,3.994921762974849,130.3728796461476,0.1
0.00025153164015629623,0.0021655823299206595,3.99492177787601,130.3728796461476,0.1
0.000251531640495025,0.0021655823299206595,3.994921762974849,130.37287966104876,0.1
0.00024356704972766595,0.003044409237115944,4.751746075649493,130.44531975685248,0.1
0.00024356702291409055,0.0030443943359547503,4.751746075649493,130.44531975685248,0.1
0.00024356704970836298,0.003044409237115944,4.751746090550654,130.44531975685248,0.1
0.00024356704971109443,0.003044409237115944,4.751746075649493,130.44531977175365,0.1
0.00025176839519863795,0.005915464908431544,5.316982677066674,130.49944797865925,0.1
0.00025176843280610577,0.005915479809592738,5.316982677066674,130.49944797865925,0.1
0.0002517683953008124,0.005915464908431544,5.316982691967835,130.49944797865925,0.1
0.00025176839519428125,0.005915464908431544,5.316982677066674,130.4994479935604,0.1
0.0002410697877846779,0.0004280391403650697,4.91680064198756,130.46112572227398,0.1
0.00024106978408408884,0.00042802423920387583,4.91680064198756,130.46112572227398,0.1
0.00024106978783427403,0.0004280391403650697,4.9168006568887215,130.46112572227398,0.1
0.00024106978777522662,0.0004280391403650697,4.91680064198756,130.46112573717514,0.1
0.00024101232344360795,0.0004705313647737849,4.641965322992738,130.4348186961392,0.1
0.00024101232798254277,0.00047054626593497875,4.641965322992738,130.4348186961392,0.1
0.00024101232340009336,0.0004705313647737849,4.641965337893899,130.4348186961392,0.1
0.00024101232342473508,0.0004705313647737849,4.641965322992738,130.43481871104035,0.1
0.00024076230746334954,2.3584098904036162e-05,4.778667889665783,130.4479037610694,0.1
0.00024076230767944984,2.359900006523001e-05,4.778667889665783,130.4479037610694,0.1
0.0002407623074695829,2.3584098904036162e-05,4.7786679045669445,130.4479037610694,0.1
0.00024076230744949273,2.3584098904036162e-05,4.778667889665783,130.44790377597056,0.1
0.00024075978577830923,2.707134899753155e-06,4.763548465955283,130.44645735386015,0.1
0.00024075978580086486,2.7220360609470026e-06,4.763548465955283,130.44645735386015,0.1
0.00024075978577938622,2.707134899753155e-06,4.7635484808564446,130.44645735386015,0.1
0.0002407597857639197,2.707134899753155e-06,4.763548465955283,130.44645736876132,0.1
0.0007288668410770044,0.07766512636287687,4.9395025353019975,130.11099386433986,0.1
0.0007288666814827253,0.07766511146171567,4.9395025353019975,130.11099386433986,0.1
0.0007288668393262267,0.07766512636287687,4.939502550203159,130.11099386433986,0.1
0.0007288668408909986,0.07766512636287687,4.9395025353019975,130.11099387924102,0.1
0.0006216094228933028,0.06695493559225313,4.939620028003972,130.11100634697274,0.1
0.0006216092839999839,0.06695492069109193,4.939620028003972,130.11100634697274,0.1
0.0006216094215091111,0.06695493559225313,4.939620042905133,130.11100634697274,0.1
0.0006216094227374389,0.06695493559225313,4.939620028003972,130.1110063618739,0.1
0.0004389083887222273,0.043712920064188546,4.939851654889678,130.11103242880895,0.1
0.00043890829227520383,0.04371290516302735,4.939851654889678,130.11103242880895,0.1
0.00043890838795979754,0.043712920064188546,4.939851669790839,130.11103242880895,0.1
0.00043890838862444036,0.043712920064188546,4.939851654889678,130.11103244371012,0.1
0.00026156897299316667,0.009094962254991505,4.940334289716777,130.1110893955997,0.1
0.00026156902966338624,0.009094977156152699,4.940334289716777,130.1110893955997,0.1
0.0002615689729294452,0.009094962254991505,4.940334304617938,130.1110893955997,0.1
0.0002615689729711865,0.009094962254991505,4.940334289716777,130.11108941050085,0.1
0.0002668862854602261,0.010448827766797501,4.940177301556675,130.1110716706661,0.1
0.00026688622526050527,0.010448812865636307,4.940177301556675,130.1110716706661,0.1
0.0002668862853698669,0.010448827766797501,4.940177316457836,130.1110716706661,0.1
0.0002668862854352878,0.010448827766797501,4.940177301556675,130.11107168556725,0.1
0.00024132918547873695,0.00018791095155997438,4.940262742611814,130.11108131748932,0.1
0.00024132918711420565,0.00018792585272116823,4.940262742611814,130.11108131748932,0.1
0.00024132918552498744,0.00018791095155997438,4.940262757512976,130.11108131748932,0.1
0.00024132918546886637,0.00018791095155997438,4.940262742611814,130.11108133239048,0.1
0.0002413205809149153,7.684953624079172e-05,4.94025729247526,130.1110817155871,0.1
0.00024132058024594726,7.683463507959787e-05,4.94025729247526,130.1110817155871,0.1
0.00024132058096121612,7.684953624079172e-05,4.940257307376421,130.1110817155871,0.1
0.0002413205809050503,7.684953624079172e-05,4.94025729247526,130.11108173048825,0.1
0.00024131885065351526,1.0195080522443429e-07,4.940255764836475,130.11108226252824,0.1
0.00024131885064993018,8.704964403058663e-08,4.940255764836475,130.11108226252824,0.1
0.00024131885069980796,1.0195080522443429e-07,4.940255779737636,130.11108226252824,0.1
0.00024131885064364786,1.0195080522443429e-07,4.940255764836475,130.1110822774294,0.1
0.007267901704588036,0.24012440232598528,4.883255141575708,130.07222163170488,0.1
0.00726790020805505,0.2401243874248241,4.883255141575708,130.07222163170488,0.1
0.007267901666660733,0.24012440232598528,4.883255156476869,130.07222163170488,0.1
0.007267901703044202,0.24012440232598528,4.883255141575708,130.07222164660604,0.1
0.0017465040341714476,0.13969377369192734,4.885800399780626,130.07232523662648,0.1
0.0017465036751752568,0.13969375879076615,4.885800399780626,130.07232523662648,0.1
0.0017465040282080085,0.13969377369192734,4.885800414681787,130.07232523662648,0.1
0.001746504033732942,0.13969377369192734,4.885800399780626,130.07232525152764,0.1
0.0011317527943152674,0.10800023549264584,4.886326881342888,130.07236394940787,0.1
0.0011317525623897003,0.10800022059148465,4.886326881342888,130.07236394940787,0.1
0.001131752791041107,0.10800023549264584,4.886326896244049,130.07236394940787,0.1
0.0011317527940228795,0.10800023549264584,4.886326881342888,130.07236396430903,0.1
0.0004865610239551691,0.05015856400128841,4.8871780656775785,130.07243632579517,0.1
0.00048656091511482634,0.050158549100127216,4.8871780656775785,130.07243632579517,0.1
0.00048656102300334667,0.05015856400128841,4.88717808057874,130.07243632579517,0.1
0.0004865610238385779,0.05015856400128841,4.8871780656775785,130.07243634069633,0.1
0.0002415012951369892,0.0009827419403230161,4.887856718883896,130.07249771040156,0.1
0.0002415013038397261,0.00098275684148421,4.887856718883896,130.07249771040156,0.1
0.00024150129516450588,0.0009827419403230161,4.887856733785057,130.07249771040156,0.1
0.0002415012951251797,0.0009827419403230161,4.887856718883896,130.07249772530272,0.1
0.00024351360884257098,0.002803450265093115,4.887809495012016,130.07249447901884,0.1
0.00024351358487667292,0.002803435363931921,4.887809495012016,130.07249447901884,0.1
0.00024351360885840106,0.002803450265093115,4.887809509913177,130.07249447901884,0.1
0.00024351360882950179,0.002803450265093115,4.887809495012016,130.07249449392,0.1
0.00024121361031494588,1.2322681191888319e-05,4.88784461517857,130.07249688218263,0.1
0.00024121361042629555,1.2337582353082167e-05,4.88784461517857,130.07249688218263,0.1
0.0002412136103441532,1.2322681191888319e-05,4.887844630079731,130.07249688218263,0.1
0.0002412136103033257,1.2322681191888319e-05,4.88784461517857,130.0724968970838,0.1
0.012709538459916136,0.284429287612438,4.954001162899078,130.2049594188215,0.1
0.01270954085465688,0.2844293025135992,4.954001162899078,130.2049594188215,0.1
0.012709538388508496,0.284429287612438,4.954001177800239,130.2049594188215,0.1
0.012709538457370825,0.284429287612438,4.954001162899078,130.20495943372265,0.1
0.001378907909279003,0.1237209566915406,4.958793248514996,130.20513023176358,0.1
0.0013789081879322731,0.12372097159270179,4.958793248514996,130.20513023176358,0.1
0.0013789079050329322,0.1237209566915406,4.958793263416157,130.20513023176358,0.1
0.0013789079089342878,0.1237209566915406,4.958793248514996,130.20513024666474,0.1
0.0010333156807524045,0.10255898033752739,4.959115719703524,130.20515641062366,0.1
0.0010333158932046172,0.10255899523868858,4.959115719703524,130.20515641062366,0.1
0.001033315677913494,0.10255898033752739,4.959115734604685,130.20515641062366,0.1
0.0010333156804902932,0.10255898033752739,4.959115719703524,130.20515642552482,0.1
0.0005064401364798931,0.053604243364238274,4.959780584009596,130.20521682687516,0.1
0.0005064402494041924,0.05360425826539947,4.959780584009596,130.20521682687516,0.1
0.000506440135498377,0.053604243364238274,4.959780598910757,130.20521682687516,0.1
0.0005064401363606175,0.053604243364238274,4.959780584009596,130.20521684177632,0.1
0.00024239675757789438,0.0019336347223719644,4.960459306685646,130.20528249642499,0.1
0.00024239674126329258,0.0019336198212107705,4.960459306685646,130.20528249642499,0.1
0.0002423967576266277,0.0019336347223719644,4.960459321586807,130.20528249642499,0.1
0.00024239675756825043,0.0019336347223719644,4.960459306685646,130.20528251132615,0.1
0.00024831585142207643,0.005076850673988101,4.960379089718824,130.2052757829988,0.1
0.0002483158900524801,0.005076865575149295,4.960379089718824,130.2052757829988,0.1
0.0002483158514372469,0.005076850673988101,4.960379104619985,130.2052757829988,0.1
0.0002483158514087421,0.005076850673988101,4.960379089718824,130.20527579789996,0.1
0.0002413291984676384,6.507020336249283e-05,4.960437925772692,130.20528070703818,0.1
0.0002413291979079955,6.505530220129899e-05,4.960437925772692,130.20528070703818,0.1
0.00024132919852260068,6.507020336249283e-05,4.960437940673853,130.20528070703818,0.1
0.00024132919845867542,6.507020336249283e-05,4.960437925772692,130.20528072193935,0.1
0.00024132796013739694,1.3796957135828956e-06,4.960433461736979,130.20528124322644,0.1
0.00024132796015086415,1.3945968747767432e-06,4.960433461736979,130.20528124322644,0.1
0.0002413279601923675,1.3796957135828956e-06,4.960433476638141,130.20528124322644,0.1
0.0002413279601284321,1.3796957135828956e-06,4.960433461736979,130.2052812581276,0.1
0.0026932912352980115,0.0535,0.1,130.0,0.1
0.0026932916886069215,0.05350001490116119,0.1,130.0,0.1
0.002693291214101207,0.0535,0.1000000149011612,130.0,0.1
0.002693291233292196,0.0535,0.1,130.00000001490116,0.1
0.0019527857709390616,0.023078954012831672,0.10142249348573387,130.00013460800983,0.1
0.0019527860774386893,0.023078968913992866,0.10142249348573387,130.00013460800983,0.1
0.001952785753370747,0.023078954012831672,0.10142250838689507,130.00013460800983,0.1
0.0019527857692453957,0.023078954012831672,0.10142249348573387,130.000134622911,0.1
0.0023320623667800974,0.04051323017119588,0.10506738942518089,130.00048599139825,0.1
0.0023320620023881628,0.04051321527003469,0.10506738942518089,130.00048599139825,0.1
0.0023320623474446015,0.04051323017119588,0.10506740432634208,130.00048599139825,0.1
0.0023320623649268893,0.04051323017119588,0.10506738942518089,130.0004860062994,0.1
0.001559782922252429,0.0016732395748919361,0.10264939900308526,130.00025288689216,0.1
0.0015597830051625782,0.00167325447605313,0.10264939900308526,130.00025288689216,0.1
0.0015597829064399665,0.0016732395748919361,0.10264941390424645,130.00025288689216,0.1
0.0015597829207388747,0.0016732395748919361,0.10264939900308526,130.00025290179332,0.1
0.001613178750708113,0.006340139383616827,0.1041288327739686,130.00039450902432,0.1
0.0016131785033056218,0.0063401244824556335,0.1041288327739686,130.00039450902432,0.1
0.0016131787346650211,0.006340139383616827,0.1041288476751298,130.00039450902432,0.1
0.0016131787491698824,0.006340139383616827,0.1041288327739686,130.00039452392548,0.1
0.0015547662559438488,5.880750527148407e-05,0.10294745620678926,130.00028141908976,0.1
0.001554766258920471,5.882240643267792e-05,0.10294745620678926,130.00028141908976,0.1
0.0015547662401561972,5.880750527148407e-05,0.10294747110795045,130.00028141908976,0.1
0.0015547662544329558,5.880750527148407e-05,0.10294745620678926,130.00028143399092,0.1
0.00155357864565644,6.03718565590017e-05,0.10405894030824374,130.00038778881427,0.1
0.001553578642603746,6.035695539780785e-05,0.10405894030824374,130.00038778881427,0.1
0.0015535786298813167,6.03718565590017e-05,0.10405895520940493,130.00038778881427,0.1
0.0015535786441467142,6.03718565590017e-05,0.10405894030824374,130.00038780371543,0.1
0.001549318548679309,0.0005370893038809447,0.10850487671406163,130.0008132677123,0.1
0.0015493185216125648,0.0005370744027197509,0.10850487671406163,130.0008132677123,0.1
0.001549318532952038,0.0005370893038809447,0.10850489161522282,130.0008132677123,0.1
0.0015493185471739741,0.0005370893038809447,0.10850487671406163,130.00081328261345,0.1
0.0015388246460939176,0.0010653329501792324,0.1197374354202263,130.00188825227016,0.1
