LSCO 2601C, x = 22%
T=35 K, B = 45.0 T, theta= -14 to 99, phi = 0
Fixed parameters:
T=0.19,T1multvalue=-0.134,T11multvalue=0.067,mumultvalue=0.805
cost,Tzmultvalue,invtau_iso,strength,spread_xy,spread_z
0.006109138800197534,0.0535,0.1,130.0,0.1,1.0
0.006109139463729536,0.05350001490116119,0.1,130.0,0.1,1.0
0.006109138749700988,0.0535,0.1000000149011612,130.0,0.1,1.0
0.0061091325046295115,0.0535,0.1,130.0,0.1000000149011612,1.0
0.006109138660453615,0.0535,0.1,130.0,0.1,1.0000000149011612
0.006109138795970169,0.0535,0.1,130.00000001490116,0.1,1.0
0.0011715591247560334,0.008971121123991906,0.1033887658501044,130.0002836936619,0.5224884182331152,1.0093780556926504
0.006109138800197534,0.0535,0.1,130.0,0.1,1.0
0.006109139463729536,0.05350001490116119,0.1,130.0,0.1,1.0
0.006109138749700988,0.0535,0.1000000149011612,130.0,0.1,1.0
0.0061091325046295115,0.0535,0.1,130.0,0.1000000149011612,1.0
0.006109138660453615,0.0535,0.1,130.0,0.1,1.0000000149011612
0.006109138795970169,0.0535,0.1,130.00000001490116,0.1,1.0
0.0011715591247560334,0.008971121123991906,0.1033887658501044,130.0002836936619,0.5224884182331152,1.0093780556926504
0.0011715591232309033,0.0089711360251531,0.1033887658501044,130.0002836936619,0.5224884182331152,1.0093780556926504
0.0011715591247567108,0.008971121123991906,0.10338878075126559,130.0002836936619,0.5224884182331152,1.0093780556926504
0.0011715591256794894,0.008971121123991906,0.1033887658501044,130.0002836936619,0.5224884331342764,1.0093780556926504
0.001171559124734625,0.008971121123991906,0.1033887658501044,130.0002836936619,0.5224884182331152,1.0093780705938116
0.006109138800196945,0.0535,0.1,130.0,0.1,1.0
0.0061091394637290165,0.05350001490116119,0.1,130.0,0.1,1.0
0.0061091387497006116,0.0535,0.1000000149011612,130.0,0.1,1.0
0.00610913250462896,0.0535,0.1,130.0,0.1000000149011612,1.0
0.006109138660453207,0.0535,0.1,130.0,0.1,1.0000000149011612
0.006109138795969645,0.0535,0.1,130.00000001490116,0.1,1.0
0.001171559125094054,0.008971116467379033,0.10338875158922747,130.00028368929634,0.5224884157301858,1.0093780435272492
0.001171559123568865,0.008971131368540226,0.10338875158922747,130.00028368929634,0.5224884157301858,1.0093780435272492
0.0011715591250946484,0.008971116467379033,0.10338876649038867,130.00028368929634,0.5224884157301858,1.0093780435272492
0.0011715591260174527,0.008971116467379033,0.10338875158922747,130.00028368929634,0.522488430631347,1.0093780435272492
0.001171559125072607,0.008971116467379033,0.10338875158922747,130.00028368929634,0.5224884157301858,1.0093780584284104
0.001171559125095417,0.008971116467379033,0.10338875158922747,130.0002837041975,0.5224884157301858,1.0093780435272492
0.00117154478445352,0.009073450518404542,0.1033887118797495,130.00028359785284,0.5224264792939757,1.0093794830406202
0.0011715447829221022,0.009073465419565736,0.1033887118797495,130.00028359785284,0.5224264792939757,1.0093794830406202
0.0011715447844541712,0.009073450518404542,0.1033887267809107,130.00028359785284,0.5224264792939757,1.0093794830406202
0.0011715447853791847,0.009073450518404542,0.1033887118797495,130.00028359785284,0.5224264941951369,1.0093794830406202
0.0011715447844319843,0.009073450518404542,0.1033887118797495,130.00028359785284,0.5224264792939757,1.0093794979417814
0.0011715447844549058,0.009073450518404542,0.1033887118797495,130.000283612754,0.5224264792939757,1.0093794830406202
0.0011714869172329127,0.00948278672250658,0.10338855304183762,130.00028323207883,0.5221787335491351,1.0093852410941042
0.0011714869156782383,0.009482801623667774,0.10338855304183762,130.00028323207883,0.5221787335491351,1.0093852410941042
0.0011714869172335602,0.00948278672250658,0.10338856794299882,130.00028323207883,0.5221787335491351,1.0093852410941042
0.001171486918167571,0.00948278672250658,0.10338855304183762,130.00028323207883,0.5221787484502963,1.0093852410941042
0.001171486917210995,0.00948278672250658,0.10338855304183762,130.00028323207883,0.5221787335491351,1.0093852559952654
0.001171486917234326,0.00948278672250658,0.10338855304183762,130.00028324698,0.5221787335491351,1.0093852410941042
0.0011712486431764435,0.011120131538914736,0.10338791769019008,130.0002817689828,0.5211877505697733,1.0094082733080403
0.001171248641554627,0.01112014644007593,0.10338791769019008,130.0002817689828,0.5211877505697733,1.0094082733080403
0.0011712486431771597,0.011120131538914736,0.10338793259135128,130.0002817689828,0.5211877505697733,1.0094082733080403
0.0011712486441480456,0.011120131538914736,0.10338791769019008,130.0002817689828,0.5211877654709345,1.0094082733080403
0.0011712486431527832,0.011120131538914736,0.10338791769019008,130.0002817689828,0.5211877505697733,1.0094082882092015
0.0011712486431778625,0.011120131538914736,0.10338791769019008,130.00028178388396,0.5211877505697733,1.0094082733080403
0.001170238278600024,0.01766951080454736,0.10338537628359996,130.00027591659872,0.5172238186523255,1.0095004021637843
0.001170238276929972,0.017669525705708553,0.10338537628359996,130.00027591659872,0.5172238186523255,1.0095004021637843
0.0011702382786008593,0.01766951080454736,0.10338539118476116,130.00027591659872,0.5172238186523255,1.0095004021637843
0.0011702382797261636,0.01766951080454736,0.10338537628359996,130.00027591659872,0.5172238335534867,1.0095004021637843
0.0011702382785687786,0.01766951080454736,0.10338537628359996,130.00027591659872,0.5172238186523255,1.0095004170649455
0.0011702382786016718,0.01766951080454736,0.10338537628359996,130.00027593149989,0.5172238186523255,1.0095004021637843
0.0011657524319698938,0.043867027867077836,0.10337521065723945,130.0002525070624,0.5013680909825347,1.0098689175867608
0.0011657524301680044,0.04386704276823903,0.10337521065723945,130.0002525070624,0.5013680909825347,1.0098689175867608
0.00116575243197156,0.043867027867077836,0.10337522555840065,130.0002525070624,0.5013680909825347,1.0098689175867608
0.001165752433728437,0.043867027867077836,0.10337521065723945,130.0002525070624,0.5013681058836958,1.0098689175867608
0.00116575243190693,0.043867027867077836,0.10337521065723945,130.0002525070624,0.5013680909825347,1.009868932487922
0.0011657524319725445,0.043867027867077836,0.10337521065723945,130.00025252196357,0.5013680909825347,1.0098689175867608
0.0011292034420009236,0.14865709611719977,0.10333454815179739,130.00015886891708,0.43794518030337093,1.0113429792786663
0.0011292034379013873,0.14865711101836096,0.10333454815179739,130.00015886891708,0.43794518030337093,1.0113429792786663
0.0011292034420102783,0.14865709611719977,0.10333456305295859,130.00015886891708,0.43794518030337093,1.0113429792786663
0.001129203448060151,0.14865709611719977,0.10333454815179739,130.00015886891708,0.4379451952045321,1.0113429792786663
0.0011292034418257564,0.14865709611719977,0.10333454815179739,130.00015886891708,0.43794518030337093,1.0113429941798275
0.0011292034420112252,0.14865709611719977,0.10333454815179739,130.00015888381824,0.43794518030337093,1.0113429792786663
0.0014989457223949785,0.5678173691176874,0.10317189813002918,129.99978431633582,0.1842535375867162,1.0172392260462888
0.0014989457644743291,0.5678173840188486,0.10317189813002918,129.99978431633582,0.1842535375867162,1.0172392260462888
0.0014989457219420613,0.5678173691176874,0.10317191303119037,129.99978431633582,0.1842535375867162,1.0172392260462888
0.0014989455237651712,0.5678173691176874,0.10317189813002918,129.99978431633582,0.1842535524878774,1.0172392260462888
0.001498945720953745,0.5678173691176874,0.10317189813002918,129.99978431633582,0.1842535375867162,1.01723924094745
0.0014989457223040592,0.5678173691176874,0.10317189813002918,129.99978433123698,0.1842535375867162,1.0172392260462888
0.001004286929780177,0.31166652531343864,0.1032712943347851,130.00001320720625,0.33928571151576004,1.013636001499284
0.0010042869293355448,0.31166654021459983,0.1032712943347851,130.00001320720625,0.33928571151576004,1.013636001499284
0.0010042869298196586,0.31166652531343864,0.1032713092359463,130.00001320720625,0.33928571151576004,1.013636001499284
0.0010042869497969705,0.31166652531343864,0.1032712943347851,130.00001320720625,0.33928572641692123,1.013636001499284
