cost,Tzmultvalue,invtau_iso,invtau_aniso
254.37537724579937,0.077,11.585319392305957,218.20076125573706
254.37483917893573,0.07700001490116119,11.585319392305957,218.20076125573706
254.37537773595898,0.077,11.585319407207118,218.20076125573706
254.37537730661427,0.077,11.585319392305957,218.20076127063822
796.4301835974924,1.0869995744720011,11.584399318932046,218.20064710074024
796.4328118197461,1.0869995893731623,11.584399318932046,218.20064710074024
796.4301835962171,1.0869995744720011,11.584399333833208,218.20064710074024
796.4301835971255,1.0869995744720011,11.584399318932046,218.2006471156414
754.874081916468,0.643292581657553,11.584803520082447,218.200697250633
754.8740835678109,0.6432925965587142,11.584803520082447,218.200697250633
754.8740818985636,0.643292581657553,11.584803534983608,218.200697250633
754.8740819146358,0.643292581657553,11.584803520082447,218.20069726553416
568.1796078322117,0.25722442062205847,11.585155214325159,218.20074088590852
568.1796301496056,0.25722443552321966,11.585155214325159,218.20074088590852
568.179607752609,0.25722442062205847,11.58515522922632,218.20074088590852
568.1796078234627,0.25722442062205847,11.585155214325159,218.20074090080968
168.8934049069211,0.13288340084919426,11.58526848453286,218.20075493952703
168.89349034734863,0.13288341575035545,11.58526848453286,218.20075493952703
168.89340476591832,0.13288340084919426,11.58526849943402,218.20075493952703
168.8934048899766,0.13288340084919426,11.58526848453286,218.2007549544282
115.0137243561982,0.1289814590391552,15.243600878923244,218.62280047502423
115.0138077689838,0.1289814739403164,15.243600878923244,218.62280047502423
115.01372424257798,0.1289814590391552,15.243600893824405,218.62280047502423
115.0137243404647,0.1289814590391552,15.243600878923244,218.6228004899254
23.728912278370167,0.117070099810956,20.65309606447429,219.4877918773745
23.72896814937804,0.11707011471211719,20.65309606447429,219.4877918773745
23.72891222163958,0.117070099810956,20.65309607937545,219.4877918773745
23.728912269114,0.117070099810956,20.65309606447429,219.48779189227565
112.38459510363796,0.09484632259048652,26.987123514853465,220.71780398073471
112.38434305121952,0.09484633749164771,26.987123514853465,220.71780398073471
112.38459527504429,0.09484632259048652,26.987123529754626,220.71780398073471
112.384595136059,0.09484632259048652,26.987123514853465,220.71780399563588
0.45192501519643147,0.10948017344834908,22.816310780415055,219.90786904054102
0.4519346109706608,0.10948018834951027,22.816310780415055,219.90786904054102
0.45192500671917324,0.10948017344834908,22.816310795316216,219.90786904054102
0.4519250137304437,0.10948017344834908,22.816310780415055,219.90786905544218
0.10629343510398664,0.10787566164736676,23.167657570585103,219.98262554250326
0.10628884948705816,0.10787567654852795,23.167657570585103,219.98262554250326
0.10629343908561018,0.10787566164736676,23.167657585486264,219.98262554250326
0.10629343579141137,0.10787566164736676,23.167657570585103,219.98262555740442
0.01611541947704173,0.1083959187702956,23.056943930229505,219.95910070716553
0.016115638484715884,0.10839593367145679,23.056943930229505,219.95910070716553
0.01611541930985374,0.1083959187702956,23.056943945130666,219.95910070716553
0.016115419443212563,0.1083959187702956,23.056943930229505,219.9591007220667
0.015909076383112078,0.10837155104533429,23.060647380683886,219.96021464302657
0.015909085122397172,0.10837156594649548,23.060647380683886,219.96021464302657
0.015909076398945364,0.10837155104533429,23.060647395585047,219.96021464302657
0.015909076381017677,0.10837155104533429,23.060647380683886,219.96021465792774
0.01590682572638338,0.10836973464439004,23.05940274356677,219.9602938971035
0.01590682881306932,0.10836974954555123,23.05940274356677,219.9602938971035
0.01590682574713552,0.10836973464439004,23.059402758467932,219.9602938971035
0.015906825725141883,0.10836973464439004,23.05940274356677,219.96029391200466
0.015902434579296517,0.10836657995735216,23.056615607583705,219.9604300088697
0.015902431977508392,0.10836659485851335,23.056615607583705,219.9604300088697
0.01590243460499848,0.10836657995735216,23.056615622484866,219.9604300088697
0.015902434578913518,0.10836657995735216,23.056615607583705,219.96043002377087
0.015887731259011707,0.10835396120920068,23.045467063651433,219.9609744559345
0.01588770590370118,0.10835397611036188,23.045467063651433,219.9609744559345
0.01588773130451823,0.10835396120920068,23.045467078552594,219.9609744559345
0.01588773126206208,0.10835396120920068,23.045467063651433,219.96097447083565
0.01585406669660689,0.10832440131269379,23.016281847520045,219.96224225600184
0.015854008348003993,0.10832441621385498,23.016281847520045,219.96224225600184
0.01585406677085738,0.10832440131269379,23.016281862421206,219.96224225600184
0.015854066704635315,0.10832440131269379,23.016281847520045,219.962242270903
0.01579311644984924,0.10827056178598758,22.96007677761669,219.96454381815732
0.015793018371617472,0.10827057668714878,22.96007677761669,219.96454381815732
0.015793116558787818,0.10827056178598758,22.96007679251785,219.96454381815732
0.015793116463870223,0.10827056178598758,22.96007677761669,219.96454383305849
0.015680967177984614,0.10817193582835957,22.853900577433294,219.96875187756555
0.015680818510000884,0.10817195072952077,22.853900577433294,219.96875187756555
0.01568096733128547,0.10817193582835957,22.853900592334455,219.96875187756555
0.015680967199631052,0.10817193582835957,22.853900577433294,219.9687518924667
0.015471100401890595,0.1079888299839882,22.653206158471225,219.97655535148726
0.0154708849486296,0.1079888448851494,22.653206158471225,219.97655535148726
0.01547110061425036,0.1079888299839882,22.653206173372386,219.97655535148726
0.015471100433588025,0.1079888299839882,22.653206158471225,219.97655536638842
0.015062372800317081,0.10764423074716424,22.271649496664036,219.99123134614229
0.0150620705020892,0.10764424564832543,22.271649496664036,219.99123134614229
0.015062373090808798,0.10764423074716424,22.271649511565197,219.99123134614229
0.015062372845044417,0.10764423074716424,22.271649496664036,219.99123136104345
0.013106491765699672,0.10626583379986841,20.745422849435286,220.04993532476234
0.013106030547562628,0.1062658487010296,20.745422849435286,220.04993532476234
0.013106492209855491,0.10626583379986841,20.745422864336447,220.04993532476234
0.01310649183396772,0.10626583379986841,20.745422849435286,220.0499353396635
0.04123176305713057,0.10075224601068507,14.640516260520286,220.28475123924258
0.04123495359210174,0.10075226091184626,14.640516260520286,220.28475123924258
0.0412317596792299,0.10075224601068507,14.640516275421447,220.28475123924258
0.04123176259237308,0.10075224601068507,14.640516260520286,220.28475125414374
0.008861612986421026,0.10446469429510233,18.751115539814997,220.1266433116648
0.00886148130674469,0.10446470919626352,18.751115539814997,220.1266433116648
0.008861613138252008,0.10446469429510233,18.751115554716158,220.1266433116648
0.008861613005374188,0.10446469429510233,18.751115539814997,220.12664332656595
0.007428823322589987,0.10319013854655934,17.33986680582646,220.18092484033426
0.007429375400926384,0.10319015344772053,17.33986680582646,220.18092484033426
0.007428822806931305,0.10319013854655934,17.33986682072762,220.18092484033426
0.007428823240777897,0.10319013854655934,17.33986680582646,220.18092485523542
0.01104409663039729,0.10527971182841789,19.658230003905263,220.09193170156286
0.011043696620454593,0.10527972672957908,19.658230003905263,220.09193170156286
0.011044097028478453,0.10527971182841789,19.658230018806425,220.09193170156286
0.01104409668929527,0.10527971182841789,19.658230003905263,220.09193171646402
0.007304861560467047,0.10345284646199943,17.631338929962055,220.16973633492117
0.007305233319047368,0.10345286136316062,17.631338929962055,220.16973633492117
0.007304861224924466,0.10345284646199943,17.631338944863217,220.16973633492117
0.007304861505132442,0.10345284646199943,17.631338929962055,220.16973634982233
0.007065362051713035,0.10332683229521514,17.501719178937886,220.1751007404698
0.007065734084799361,0.10332684719637633,17.501719178937886,220.1751007404698
0.007065361714753719,0.10332683229521514,17.501719193839048,220.1751007404698
0.0070653619963740085,0.10332683229521514,17.501719178937886,220.17510075537095
0.006218484600901892,0.10282277562807798,16.983240174841214,220.19655836266423
0.006218892364425586,0.10282279052923918,16.983240174841214,220.19655836266423
0.006218484223393687,0.10282277562807798,16.983240189742375,220.19655836266423
0.0062184845404523025,0.10282277562807798,16.983240174841214,220.1965583775654
0.004592080759893761,0.10173255694874722,15.884837899002228,220.24295708055362
0.004592567862273982,0.10173257184990842,15.884837899002228,220.24295708055362
0.004592080285536367,0.10173255694874722,15.88483791390339,220.24295708055362
0.004592080688161821,0.10173255694874722,15.884837899002228,220.24295709545478
0.00275689689411281,0.10064926812200174,14.854287103206742,220.2890439683546
0.0027571895209742847,0.10064928302316294,14.854287103206742,220.2890439683546
0.0027568965976452163,0.10064926812200174,14.854287118107903,220.2890439683546
0.002756896850952222,0.10064926812200174,14.854287103206742,220.28904398325577
0.0025377128032385175,0.10049535342974517,14.760653090071232,220.29560748125664
0.0025375019903702265,0.10049536833090636,14.760653090071232,220.29560748125664
0.002537713034385062,0.10049535342974517,14.760653104972393,220.29560748125664
0.002537712833098127,0.10049535342974517,14.760653090071232,220.2956074961578
0.0022541640405207555,0.10014398928103045,14.40972036323416,220.31058712477338
0.0022541130873376222,0.10014400418219165,14.40972036323416,220.31058712477338
0.0022541640959710054,0.10014398928103045,14.40972037813532,220.31058712477338
0.0022541640471421672,0.10014398928103045,14.40972036323416,220.31058713967454
0.0022441946395928758,0.10005917080588939,14.323768976503413,220.31425721410977
0.0022441996352425024,0.10005918570705058,14.323768976503413,220.31425721410977
0.0022441946331981447,0.10005917080588939,14.323768991404574,220.31425721410977
0.002244194638106637,0.10005917080588939,14.323768976503413,220.31425722901093
0.002242620251523343,0.10009997004000591,14.362848603309887,220.3125611301249
0.002242619727491774,0.1000999849411671,14.362848603309887,220.3125611301249
0.0022426202520866153,0.10009997004000591,14.362848618211048,220.3125611301249
0.0022426202508415006,0.10009997004000591,14.362848603309887,220.31256114502605
0.0022426213039036316,0.10009856004086852,14.361460270457865,220.31267105668456
0.002242621259279099,0.10009857494202971,14.361460270457865,220.31267105668456
0.0022426213039185945,0.10009856004086852,14.361460285359026,220.31267105668456
0.0022426213031521733,0.10009856004086852,14.361460270457865,220.31267107158573
0.002242620033767603,0.1000996481791786,14.362531688250524,220.31258622308593
0.0022426196191197047,0.1000996630803398,14.362531688250524,220.31258622308593
0.0022426200342057266,0.1000996481791786,14.362531703151685,220.31258622308593
0.0022426200330697412,0.1000996481791786,14.362531688250524,220.3125862379871
0.0022426198843144554,0.10009958509428127,14.362469160422295,220.31259384297803
0.0022426194915462095,0.10009959999544246,14.362469160422295,220.31259384297803
0.0022426198847276787,0.10009958509428127,14.362469175323456,220.31259384297803
0.002242619883613434,0.10009958509428127,14.362469160422295,220.3125938578792
0.0022426193928703738,0.1000993327546919,14.36221904910938,220.3126243225465
0.002242619087633648,0.1000993476558531,14.36221904910938,220.3126243225465
0.00224261939318354,0.1000993327546919,14.36221906401054,220.3126243225465
0.002242619392156781,0.1000993327546919,14.36221904910938,220.31262433744766
0.002242618811818365,0.10009918168322643,14.362068355525059,220.31264984362258
0.002242618558692043,0.10009919658438762,14.362068355525059,220.31264984362258
0.0022426188120718595,0.10009918168322643,14.36206837042622,220.31264984362258
0.0022426188110971942,0.10009918168322643,14.362068355525059,220.31264985852374
0.0022426171006522592,0.10009857739736455,14.361465581187774,220.31275192792688
0.002242617056035863,0.10009859229852575,14.361465581187774,220.31275192792688
0.002242617100667264,0.10009857739736455,14.361465596088935,220.31275192792688
0.0022426170999007454,0.10009857739736455,14.361465581187774,220.31275194282804
0.002242614886377477,0.10009810907571028,14.36099378398523,220.31286212163587
0.002242615007540009,0.10009812397687147,14.36099378398523,220.31286212163587
0.002242614886203207,0.10009810907571028,14.36099379888639,220.31286212163587
0.002242614885601896,0.10009810907571028,14.36099378398523,220.31286213653703
0.002242612230405389,0.10009774729437783,14.360625737054606,220.3129742383487
0.0022426124788723937,0.10009776219553902,14.360625737054606,220.3129742383487
0.0022426122300856517,0.10009774729437783,14.360625751955768,220.3129742383487
0.002242612229611518,0.10009774729437783,14.360625737054606,220.31297425324985
0.0022426052657832773,0.10009630016904804,14.359153549332111,220.31342270519988
0.0022426060238772295,0.10009631507020923,14.359153549332111,220.31342270519988
0.002242605264880691,0.10009630016904804,14.359153564233273,220.31342270519988
0.0022426052649153344,0.10009630016904804,14.359153549332111,220.31342272010104
0.0022425949578790618,0.10009490795507998,14.357710314121825,220.3140411771913
0.002242596221499276,0.10009492285624118,14.357710314121825,220.3140411771913
0.0022425949563988634,0.10009490795507998,14.357710329022986,220.3140411771913
0.00224259495693792,0.10009490795507998,14.357710314121825,220.31404119209247
0.002242580691609738,0.10009384354135922,14.356577406862588,220.31472352315018
0.002242582352218481,0.10009385844252042,14.356577406862588,220.31472352315018
0.0022425806896758404,0.10009384354135922,14.356577421763749,220.31472352315018
0.0022425806906109457,0.10009384354135922,14.356577406862588,220.31472353805134
0.002242558112571284,0.10009283452505871,14.35546747903922,220.3156249368571
0.00224256016357412,0.1000928494262199,14.35546747903922,220.3156249368571
0.0022425581101915325,0.10009283452505871,14.355467493940381,220.3156249368571
0.0022425581115158707,0.10009283452505871,14.35546747903922,220.31562495175825
0.002242520017323605,0.10009168876779775,14.354159064434402,220.31699254053277
0.0022425225252906095,0.10009170366895895,14.354159064434402,220.31699254053277
0.0022425200144213057,0.10009168876779775,14.354159079335563,220.31699254053277
0.0022425200162018957,0.10009168876779775,14.354159064434402,220.31699255543393
0.002242453558743009,0.10009025555952654,14.352445451715763,220.31924415615643
0.0022424566729672257,0.10009027046068773,14.352445451715763,220.31924415615643
0.0022424535551482027,0.10009025555952654,14.352445466616924,220.31924415615643
0.002242453557533309,0.10009025555952654,14.352445451715763,220.3192441710576
0.0022423361528647115,0.10008832194706416,14.350011096976024,220.3231540162519
0.002242340125755652,0.10008833684822535,14.350011096976024,220.3231540162519
0.0022423361482889217,0.10008832194706416,14.350011111877185,220.3231540162519
0.002242336151530666,0.10008832194706416,14.350011096976024,220.32315403115305
0.002242129077918219,0.10008562034329703,14.346390576701522,220.3301759069893
0.002242134328130178,0.10008563524445822,14.346390576701522,220.3301759069893
0.002242129071882542,0.10008562034329703,14.346390591602683,220.3301759069893
0.002242129076398872,0.10008562034329703,14.346390576701522,220.33017592189046
0.0022417697289453305,0.10008182461658874,14.340877172054038,220.3430641980317
0.002241776940606005,0.10008183951774993,14.340877172054038,220.3430641980317
0.0022417697206686678,0.10008182461658874,14.340877186955199,220.3430641980317
0.0022417697271416718,0.10008182461658874,14.340877172054038,220.34306421293286
0.0022411661292891134,0.10007661515845694,14.33243399710595,220.3669761463978
0.002241176361469986,0.10007663005961813,14.33243399710595,220.3669761463978
0.0022411661175604294,0.10007661515845694,14.332434012007111,220.3669761463978
0.002241166127047919,0.10007661515845694,14.33243399710595,220.36697616129896
0.002240194272130092,0.10007017177662525,14.319965449439335,220.41091626811317
0.0022402090339280136,0.10007018667778644,14.319965449439335,220.41091626811317
0.002240194255225146,0.10007017177662525,14.319965464340497,220.41091626811317
0.002240194269232905,0.10007017177662525,14.319965449439335,220.41091628301433
0.0022386533499057846,0.1000642301965839,14.303388240732648,220.48746695657417
0.0022386742685215517,0.1000642450977451,14.303388240732648,220.48746695657417
0.0022386533259668544,0.1000642301965839,14.30338825563381,220.48746695657417
0.002238653346118117,0.1000642301965839,14.303388240732648,220.48746697147533
0.0022360686764325384,0.10006259257919062,14.284660435898848,220.6090323254225
0.0022360967512295993,0.10006260748035181,14.284660435898848,220.6090323254225
0.0022360686443212443,0.10006259257919062,14.28466045080001,220.6090323254225
0.002236068671610875,0.10006259257919062,14.284660435898848,220.60903234032367
0.0022314593329496426,0.10006926086349642,14.264450224087666,220.79859062925536
0.002231495412129316,0.10006927576465761,14.264450224087666,220.79859062925536
0.002231459291705569,0.10006926086349642,14.264450238988827,220.79859062925536
0.0022314593269744964,0.10006926086349642,14.264450224087666,220.79859064415652
0.0022229868351054905,0.10009033849394808,14.241110122406885,221.1101892533249
0.002223032600343545,0.10009035339510927,14.241110122406885,221.1101892533249
0.002222986782825008,0.10009033849394808,14.241110137308047,221.1101892533249
0.0022229868277391027,0.10009033849394808,14.241110122406885,221.11018926822607
0.0022073568349604755,0.10013851453944332,14.212062873555933,221.65026636464853
0.0022074156162177304,0.10013852944060452,14.212062873555933,221.65026636464853
0.002207356767887104,0.10013851453944332,14.212062888457094,221.65026636464853
0.0022073568257336084,0.10013851453944332,14.212062873555933,221.6502663795497
0.0021791457594733965,0.10023925049718656,14.174573476670826,222.61553386060928
0.0021792238648308346,0.10023926539834775,14.174573476670826,222.61553386060928
0.0021791456705403563,0.10023925049718656,14.174573491571987,222.61553386060928
0.002179145747503583,0.10023925049718656,14.174573476670826,222.61553387551044
0.0021313874646306237,0.1004399365768495,14.127576010072275,224.34517221530956
0.0021314968351981065,0.1004399514780107,14.127576010072275,224.34517221530956
0.0021313873405942123,0.1004399365768495,14.127576024973436,224.34517221530956
0.0021313874482663518,0.1004399365768495,14.127576010072275,224.34517223021072
0.0020598746745515736,0.10080580470511097,14.080772165233093,227.23305669829924
0.0020600325338518593,0.10080581960627216,14.080772165233093,227.23305669829924
0.002059874496602008,0.10080580470511097,14.080772180134254,227.23305669829924
0.002059874651473894,0.10080580470511097,14.080772165233093,227.2330567132004
0.0019497972963349792,0.10124980182637157,14.076915762492956,230.3872680668403
0.0019499821672114774,0.10124981672753276,14.076915762492956,230.3872680668403
0.0019497970890212462,0.10124980182637157,14.076915777394117,230.3872680668403
0.0019497972696916614,0.10124980182637157,14.076915762492956,230.38726808174147
0.0017615086131420846,0.1017849802355994,14.125916575007825,233.84380933508518
0.001761680151004451,0.10178499513676059,14.125916575007825,233.84380933508518
0.0017615084221470306,0.1017849802355994,14.125916589908986,233.84380933508518
0.0017615085886360472,0.1017849802355994,14.125916575007825,233.84380934998634
0.0014720808043071237,0.1025648645729667,14.235543139513942,238.6797243821202
0.0014721784226611094,0.10256487947412789,14.235543139513942,238.6797243821202
0.0014720806974833991,0.1025648645729667,14.235543154415103,238.6797243821202
0.0014720807903297487,0.1025648645729667,14.235543139513942,238.67972439702137
0.0012672425308113805,0.10365088312053883,14.299252705283484,246.09648127420596
0.0012673878768281383,0.10365089802170002,14.299252705283484,246.09648127420596
0.0012672423742876035,0.10365088312053883,14.299252720184645,246.09648127420596
0.0012672425107247568,0.10365088312053883,14.299252705283484,246.09648128910712
0.0010230292957996005,0.1045189429309713,14.368308032722146,252.1360479916809
0.0010230330901429888,0.1045189578321325,14.368308032722146,252.1360479916809
0.0010230292961668393,0.1045189429309713,14.368308047623307,252.1360479916809
0.001023029294906918,0.1045189429309713,14.368308032722146,252.13604800658206
0.001638632593697493,0.10651609682030791,14.346063253249906,267.1544756230945
0.001639106875304454,0.1065161117214691,14.346063253249906,267.1544756230945
0.0016386320740503194,0.10651609682030791,14.346063268151067,267.1544756230945
0.0016386325325490171,0.10651609682030791,14.346063253249906,267.1544756379957
0.0009408927834546459,0.10508481871942561,14.362005172341654,256.3913858615599
0.000940974174502027,0.1050848336205868,14.362005172341654,256.3913858615599
0.0009408926990227679,0.10508481871942561,14.362005187242815,256.3913858615599
0.0009408927723885455,0.10508481871942561,14.362005172341654,256.3913858764611
0.0008565874237083161,0.10584183165954304,14.268494289235075,262.8960903512324
0.0008567517412336714,0.10584184656070424,14.268494289235075,262.8960903512324
0.0008565872451850444,0.10584183165954304,14.268494304136237,262.8960903512324
0.0008565874021173436,0.10584183165954304,14.268494289235075,262.89609036613354
0.0007351838087405815,0.1058277320005217,14.170677490611986,263.71510738731337
0.0007352542258566128,0.1058277469016829,14.170677490611986,263.71510738731337
0.0007351837312015116,0.1058277320005217,14.170677505513147,263.71510738731337
0.0007351837993369261,0.1058277320005217,14.170677490611986,263.7151074022145
0.0006350570898551132,0.10639768106916689,14.0594314109707,269.1192939196002
0.0006351293385465698,0.10639769597032808,14.0594314109707,269.1192939196002
0.0006350570069960883,0.10639768106916689,14.05943142587186,269.1192939196002
0.0006350570803728528,0.10639768106916689,14.0594314109707,269.11929393450134
0.000533596916741578,0.10704664237013826,14.045599470939642,274.3876379894041
0.0005336445104410754,0.10704665727129946,14.045599470939642,274.3876379894041
0.0005335968614462879,0.10704664237013826,14.045599485840803,274.3876379894041
0.0005335969105190577,0.10704664237013826,14.045599470939642,274.38763800430524
0.0004473023804559332,0.10792198479363656,14.074673824432285,281.1094097367948
0.00044736863343186606,0.10792199969479775,14.074673824432285,281.1094097367948
0.0004473023055734202,0.10792198479363656,14.074673839333446,281.1094097367948
0.0004473023720643523,0.10792198479363656,14.074673824432285,281.109409751696
0.0004108560690135514,0.10872921004922595,14.173826428968272,286.90733687983317
0.00041077223160288076,0.10872922495038714,14.173826428968272,286.90733687983317
0.00041085616717624943,0.10872921004922595,14.173826443869434,286.90733687983317
0.00041085607916786315,0.10872921004922595,14.173826428968272,286.9073368947343
0.0003480412685445506,0.10931937279515447,14.181102936416664,291.6015386649611
0.00034803067577354816,0.10931938769631566,14.181102936416664,291.6015386649611
0.0003480412846849791,0.10931937279515447,14.181102951317826,291.6015386649611
0.0003480412697447804,0.10931937279515447,14.181102936416664,291.60153867986224
0.0004459665169878256,0.11031337241074529,14.117233977745277,300.261715009846
0.0004461495257333162,0.11031338731190649,14.117233977745277,300.261715009846
0.0004459663108940174,0.11031337241074529,14.117233992646439,300.261715009846
0.0004459664951671212,0.11031337241074529,14.117233977745277,300.26171502474716
0.00033274694843829424,0.10960363215559112,14.162837990375522,294.0781353863817
0.0003327768662084902,0.10960364705675231,14.162837990375522,294.0781353863817
0.00033274691831944206,0.10960363215559112,14.162838005276683,294.0781353863817
0.0003327469447591575,0.10960363215559112,14.162837990375522,294.07813540128285
0.00031628124335817786,0.10958032941304935,14.074148397007015,294.71377066290586
0.00031631922883144806,0.10958034431421054,14.074148397007015,294.71377066290586
0.00031628120146114444,0.10958032941304935,14.074148411908176,294.71377066290586
0.0003162812387096048,0.10958032941304935,14.074148397007015,294.713770677807
0.0003089803031467398,0.1095615170073969,14.021346633165845,295.0706831737169
0.00030900720681541183,0.1095615319085581,14.021346633165845,295.0706831737169
0.00030898027226886445,0.1095615170073969,14.021346648067006,295.0706831737169
0.0003089802998327778,0.1095615170073969,14.021346633165845,295.07068318861803
0.0003007986376823062,0.10973391673897179,13.990663629717485,296.79936053005065
0.00030082559962015855,0.10973393164013298,13.990663629717485,296.79936053005065
0.0003007986058996153,0.10973391673897179,13.990663644618646,296.79936053005065
0.0003007986343821861,0.10973391673897179,13.990663629717485,296.7993605449518
0.0002871895795250447,0.1100385377604844,13.973746895670692,299.52565625569406
0.00028720457204205104,0.1100385526616456,13.973746895670692,299.52565625569406
0.0002871895611736883,0.1100385377604844,13.973746910571853,299.52565625569406
0.00028718957768547897,0.1100385377604844,13.973746895670692,299.5256562705952
0.0002764447762396591,0.11051006873735796,13.98187786479016,303.40942962063076
0.0002764712069436215,0.11051008363851915,13.98187786479016,303.40942962063076
0.0002764447453607072,0.11051006873735796,13.981877879691321,303.40942962063076
0.0002764447730892519,0.11051006873735796,13.98187786479016,303.4094296355319
0.00027122495040454194,0.11077688264854746,14.00835849918037,305.4664905472855
0.00027120608769177124,0.11077689754970865,14.00835849918037,305.4664905472855
0.00027122497274042096,0.11077688264854746,14.00835851408153,305.4664905472855
0.0002712249526107708,0.11077688264854746,14.00835849918037,305.46649056218666
0.0002677814038808024,0.1110362183524079,13.997620876656173,307.7478886922627
0.0002677917155269769,0.1110362332535691,13.997620876656173,307.7478886922627
0.00026778139249046133,0.1110362183524079,13.997620891557334,307.7478886922627
0.00026778140267373315,0.1110362183524079,13.997620876656173,307.74788870716384
0.0002675722882679435,0.11093977068796926,13.989255713512625,307.0186831674853
0.0002675726888492813,0.11093978558913045,13.989255713512625,307.0186831674853
0.0002675722879822152,0.11093977068796926,13.989255728413786,307.0186831674853
0.000267572288215844,0.11093977068796926,13.989255713512625,307.01868318238644
0.00026728076034435774,0.1109797182181063,13.984422252534767,307.40644221955324
0.0002672817826084744,0.1109797331192675,13.984422252534767,307.40644221955324
0.00026728075923072696,0.1109797182181063,13.984422267435928,307.40644221955324
0.00026728076022132415,0.1109797182181063,13.984422252534767,307.4064422344544
0.00026699338755362286,0.11103727008865144,13.979853960600437,307.9431851115377
0.00026699432527721337,0.11103728498981263,13.979853960600437,307.9431851115377
0.0002669933864510101,0.11103727008865144,13.979853975501598,307.9431851115377
0.00026699338744337484,0.11103727008865144,13.979853960600437,307.94318512643883
0.0002669635688357217,0.11104399175936486,13.97991618052676,308.0008755947209
0.00026696377649594843,0.11104400666052605,13.97991618052676,308.0008755947209
0.0002669635685847658,0.11104399175936486,13.979916195427922,308.0008755947209
0.0002669635688112741,0.11104399175936486,13.97991618052676,308.0008756096221
0.0002669539871042997,0.11104649788960234,13.980177587045574,308.0199569383198
0.00026695398854779473,0.11104651279076354,13.980177587045574,308.0199569383198
0.0002669539871018444,0.11104649788960234,13.980177601946735,308.0199569383198
0.00026695398710402244,0.11104649788960234,13.980177587045574,308.01995695322097
0.0002669425484941708,0.11104965854607293,13.98018716355809,308.0469204511059
0.0002669425148430064,0.11104967344723413,13.98018716355809,308.0469204511059
0.00026694254853546514,0.11104965854607293,13.980187178459252,308.0469204511059
0.0002669425484981926,0.11104965854607293,13.98018716355809,308.04692046600707
0.00026694751168119277,0.1110482760793394,13.980157670306191,308.03535884507676
0.00026694750833348996,0.11104829098050059,13.980157670306191,308.03535884507676
0.0002669475116853261,0.1110482760793394,13.980157685207352,308.03535884507676
0.0002669475116816593,0.1110482760793394,13.980157670306191,308.0353588599779
0.00026694256160468213,0.11104965486847679,13.980187085101035,308.04688969527166
0.00026694252803384483,0.11104966976963798,13.980187085101035,308.04688969527166
0.00026694256164589526,0.11104965486847679,13.980187100002196,308.04688969527166
0.00026694256160869623,0.11104965486847679,13.980187085101035,308.0468897101728
0.00026694254852921255,0.11104965853623616,13.980187163348235,308.04692036884074
0.0002669425148782883,0.11104967343739736,13.980187163348235,308.04692036884074
0.00026694254857054304,0.11104965853623616,13.980187178249396,308.04692036884074
0.0002669425485332518,0.11104965853623616,13.980187163348235,308.0469203837419
0.0002669425484942254,0.11104965854604662,13.98018716355753,308.04692045088586
0.0002669425148431045,0.11104967344720781,13.98018716355753,308.04692045088586
0.0002669425485355827,0.11104965854604662,13.98018717845869,308.04692045088586
0.000266942548498314,0.11104965854604662,13.98018716355753,308.046920465787
0.0002669425484941449,0.11104965854607281,13.980187163558089,308.0469204511049
0.00026694251484304205,0.111049673447234,13.980187163558089,308.0469204511049
0.00026694254853544227,0.11104965854607281,13.98018717845925,308.0469204511049
0.0002669425484982334,0.11104965854607281,13.980187163558089,308.04692046600604
0.0002669425484941666,0.11104965854607268,13.980187163558085,308.0469204511038
0.00026694251484301153,0.11104967344723388,13.980187163558085,308.0469204511038
0.000266942548535458,0.11104965854607268,13.980187178459246,308.0469204511038
0.00026694254849819483,0.11104965854607268,13.980187163558085,308.04692046600496
0.0002669425484941449,0.11104965854607281,13.980187163558089,308.0469204511049
0.00026694251484304205,0.111049673447234,13.980187163558089,308.0469204511049
0.00026694254853544227,0.11104965854607281,13.98018717845925,308.0469204511049
0.0002669425484982334,0.11104965854607281,13.980187163558089,308.04692046600604
0.0002669425484941358,0.11104965854607275,13.980187163558087,308.04692045110437
0.0002669425148430033,0.11104967344723395,13.980187163558087,308.04692045110437
0.00026694254853543403,0.11104965854607275,13.980187178459248,308.04692045110437
0.00026694254849826324,0.11104965854607275,13.980187163558087,308.04692046600553
0.000266942548494119,0.11104965854607271,13.980187163558085,308.0469204511041
0.0002669425148430091,0.1110496734472339,13.980187163558085,308.0469204511041
0.00026694254853547506,0.11104965854607271,13.980187178459246,308.0469204511041
0.0002669425484982299,0.11104965854607271,13.980187163558085,308.04692046600525
0.00026694254849414365,0.1110496585460727,13.980187163558085,308.0469204511039
0.00026694251484304845,0.11104967344723389,13.980187163558085,308.0469204511039
0.0002669425485354698,0.1110496585460727,13.980187178459246,308.0469204511039
0.00026694254849820643,0.1110496585460727,13.980187163558085,308.0469204660051
0.000266942548494119,0.11104965854607271,13.980187163558085,308.0469204511041
0.0002669425148430091,0.1110496734472339,13.980187163558085,308.0469204511041
0.00026694254853547506,0.11104965854607271,13.980187178459246,308.0469204511041
0.0002669425484982299,0.11104965854607271,13.980187163558085,308.04692046600525
0.00026694254849414143,0.11104965854607271,13.980187163558085,308.04692045110403
0.0002669425148430118,0.1110496734472339,13.980187163558085,308.04692045110403
0.0002669425485354505,0.11104965854607271,13.980187178459246,308.04692045110403
0.00026694254849821586,0.11104965854607271,13.980187163558085,308.0469204660052
0.000266942548494119,0.11104965854607271,13.980187163558085,308.0469204511041
0.0002669425148430091,0.1110496734472339,13.980187163558085,308.0469204511041
0.00026694254853547506,0.11104965854607271,13.980187178459246,308.0469204511041
0.0002669425484982299,0.11104965854607271,13.980187163558085,308.04692046600525
0.00026694254849414143,0.11104965854607271,13.980187163558085,308.04692045110403
0.0002669425148430118,0.1110496734472339,13.980187163558085,308.04692045110403
0.0002669425485354505,0.11104965854607271,13.980187178459246,308.04692045110403
0.00026694254849821586,0.11104965854607271,13.980187163558085,308.0469204660052
0.000266942548494119,0.11104965854607271,13.980187163558085,308.0469204511041
0.0002669425148430091,0.1110496734472339,13.980187163558085,308.0469204511041
0.00026694254853547506,0.11104965854607271,13.980187178459246,308.0469204511041
0.0002669425484982299,0.11104965854607271,13.980187163558085,308.04692046600525
0.00026694254849414143,0.11104965854607271,13.980187163558085,308.04692045110403
0.0002669425148430118,0.1110496734472339,13.980187163558085,308.04692045110403
0.0002669425485354505,0.11104965854607271,13.980187178459246,308.04692045110403
0.00026694254849821586,0.11104965854607271,13.980187163558085,308.0469204660052
0.000266942548494119,0.11104965854607271,13.980187163558085,308.0469204511041
0.0002669425148430091,0.1110496734472339,13.980187163558085,308.0469204511041
0.00026694254853547506,0.11104965854607271,13.980187178459246,308.0469204511041
0.0002669425484982299,0.11104965854607271,13.980187163558085,308.04692046600525
0.00026694254849414143,0.11104965854607271,13.980187163558085,308.04692045110403
0.0002669425148430118,0.1110496734472339,13.980187163558085,308.04692045110403
0.0002669425485354505,0.11104965854607271,13.980187178459246,308.04692045110403
0.00026694254849821586,0.11104965854607271,13.980187163558085,308.0469204660052
0.000266942548494119,0.11104965854607271,13.980187163558085,308.0469204511041
0.0002669425148430091,0.1110496734472339,13.980187163558085,308.0469204511041
0.00026694254853547506,0.11104965854607271,13.980187178459246,308.0469204511041
0.0002669425484982299,0.11104965854607271,13.980187163558085,308.04692046600525
0.00026694254849414143,0.11104965854607271,13.980187163558085,308.04692045110403
0.0002669425148430118,0.1110496734472339,13.980187163558085,308.04692045110403
0.0002669425485354505,0.11104965854607271,13.980187178459246,308.04692045110403
0.00026694254849821586,0.11104965854607271,13.980187163558085,308.0469204660052
0.000266942548494119,0.11104965854607271,13.980187163558085,308.0469204511041
0.0002669425148430091,0.1110496734472339,13.980187163558085,308.0469204511041
0.00026694254853547506,0.11104965854607271,13.980187178459246,308.0469204511041
0.0002669425484982299,0.11104965854607271,13.980187163558085,308.04692046600525
0.00026694254849414143,0.11104965854607271,13.980187163558085,308.04692045110403
0.0002669425148430118,0.1110496734472339,13.980187163558085,308.04692045110403
0.0002669425485354505,0.11104965854607271,13.980187178459246,308.04692045110403
0.00026694254849821586,0.11104965854607271,13.980187163558085,308.0469204660052
0.000266942548494119,0.11104965854607271,13.980187163558085,308.0469204511041
0.0002669425148430091,0.1110496734472339,13.980187163558085,308.0469204511041
0.00026694254853547506,0.11104965854607271,13.980187178459246,308.0469204511041
0.0002669425484982299,0.11104965854607271,13.980187163558085,308.04692046600525
0.00026694254849414143,0.11104965854607271,13.980187163558085,308.04692045110403
0.0002669425148430118,0.1110496734472339,13.980187163558085,308.04692045110403
0.0002669425485354505,0.11104965854607271,13.980187178459246,308.04692045110403
0.00026694254849821586,0.11104965854607271,13.980187163558085,308.0469204660052
0.000266942548494119,0.11104965854607271,13.980187163558085,308.0469204511041
0.0002669425148430091,0.1110496734472339,13.980187163558085,308.0469204511041
0.00026694254853547506,0.11104965854607271,13.980187178459246,308.0469204511041
0.0002669425484982299,0.11104965854607271,13.980187163558085,308.04692046600525
0.00026694254849414143,0.11104965854607271,13.980187163558085,308.04692045110403
0.0002669425148430118,0.1110496734472339,13.980187163558085,308.04692045110403
0.0002669425485354505,0.11104965854607271,13.980187178459246,308.04692045110403
0.00026694254849821586,0.11104965854607271,13.980187163558085,308.0469204660052
0.000266942548494119,0.11104965854607271,13.980187163558085,308.0469204511041
0.0002669425148430091,0.1110496734472339,13.980187163558085,308.0469204511041
0.00026694254853547506,0.11104965854607271,13.980187178459246,308.0469204511041
0.0002669425484982299,0.11104965854607271,13.980187163558085,308.04692046600525
0.00026694254849414143,0.11104965854607271,13.980187163558085,308.04692045110403
0.0002669425148430118,0.1110496734472339,13.980187163558085,308.04692045110403
0.0002669425485354505,0.11104965854607271,13.980187178459246,308.04692045110403
0.00026694254849821586,0.11104965854607271,13.980187163558085,308.0469204660052
0.000266942548494119,0.11104965854607271,13.980187163558085,308.0469204511041
0.0002669425148430091,0.1110496734472339,13.980187163558085,308.0469204511041
0.00026694254853547506,0.11104965854607271,13.980187178459246,308.0469204511041
0.0002669425484982299,0.11104965854607271,13.980187163558085,308.04692046600525
0.00026694254849414143,0.11104965854607271,13.980187163558085,308.04692045110403
0.0002669425148430118,0.1110496734472339,13.980187163558085,308.04692045110403
0.0002669425485354505,0.11104965854607271,13.980187178459246,308.04692045110403
0.00026694254849821586,0.11104965854607271,13.980187163558085,308.0469204660052
0.000266942548494119,0.11104965854607271,13.980187163558085,308.0469204511041
0.0002669425148430091,0.1110496734472339,13.980187163558085,308.0469204511041
0.00026694254853547506,0.11104965854607271,13.980187178459246,308.0469204511041
0.0002669425484982299,0.11104965854607271,13.980187163558085,308.04692046600525
0.00026694254849414143,0.11104965854607271,13.980187163558085,308.04692045110403
0.0002669425148430118,0.1110496734472339,13.980187163558085,308.04692045110403
0.0002669425485354505,0.11104965854607271,13.980187178459246,308.04692045110403
0.00026694254849821586,0.11104965854607271,13.980187163558085,308.0469204660052
0.000266942548494119,0.11104965854607271,13.980187163558085,308.0469204511041
0.0002669425148430091,0.1110496734472339,13.980187163558085,308.0469204511041
0.00026694254853547506,0.11104965854607271,13.980187178459246,308.0469204511041
0.0002669425484982299,0.11104965854607271,13.980187163558085,308.04692046600525
0.00026694751168119277,0.1110482760793394,13.980157670306191,308.03535884507676
0.00026694502137777616,0.11104896731270616,13.980172416932142,308.0411396480913
0.00026694378276007264,0.11104931292938955,13.980179790245115,308.04403004959863
0.00026694316508331416,0.11104948573773124,13.980183476901603,308.04547525035224
0.00026694285665280446,0.11104957214190209,13.980185320229847,308.0461978507291
0.00026694270253951294,0.11104961534398751,13.98018624189397,308.0465591509175
0.0002669426255083161,0.11104963694503023,13.98018670272603,308.0467398010117
0.0002669425869991478,0.11104964774555158,13.98018693314206,308.0468301260588
0.0002669425677461058,0.11104965314581225,13.980187048350075,308.0468752885823
0.0002669425581199816,0.11104965584594259,13.980187105954084,308.04689786984414
0.00026694255330703435,0.11104965719600776,13.980187134756086,308.046909160475
0.0002669425509005799,0.11104965787104035,13.98018714915709,308.04691480579044
639.2936335208806,0.3718970144649808,14.147658924367242,307.9254132170958
639.2936442508893,0.371897029366142,14.147658924367242,307.9254132170958
639.2936334699432,0.3718970144649808,14.147658939268403,307.9254132170958
639.2936335165653,0.3718970144649808,14.147658924367242,307.92541323199697
748.7158463441295,-0.6380915234652919,14.152453531614976,307.9258194077038
748.7158446044211,-0.6380915085641307,14.152453531614976,307.9258194077038
748.715846328704,-0.6380915234652919,14.152453546516137,307.9258194077038
748.7158463425255,-0.6380915234652919,14.152453531614976,307.92581942260495
113.28524693876749,0.09441845483002548,14.148976167744918,307.9255248116146
113.28499104066898,0.09441846973118667,14.148976167744918,307.9255248116146
113.2852471849406,0.09441845483002548,14.148976182646079,307.9255248116146
113.28524696409863,0.09441845483002548,14.148976167744918,307.92552482651575
630.9198167407753,0.36073015326704777,14.147711935576403,307.9254177081113
630.9198283651031,0.36073016816820896,14.147711935576403,307.9254177081113
630.9198166876118,0.36073015326704777,14.147711950477564,307.9254177081113
630.9198167362385,0.36073015326704777,14.147711935576403,307.92541772301246
240.06428184538214,0.16827732612836555,14.148625545667203,307.925495107535
240.06434817454112,0.16827734102952674,14.148625545667203,307.925495107535
240.06428172398654,0.16827732612836555,14.148625560568364,307.925495107535
240.06428183347293,0.16827732612836555,14.148625545667203,307.9254951224362
8.148234323277133,0.11750529416517397,14.14886657013757,307.9255155267
8.148269953743254,0.11750530906633516,14.14886657013757,307.9255155267
8.148234279790133,0.11750529416517397,14.148866585038732,307.9255155267
8.148234318859856,0.11750529416517397,14.14886657013757,307.92551554160116
0.16927216855096475,0.1104063267228454,14.14890027028314,307.9255183817165
0.1692659852486721,0.11040634162400659,14.14890027028314,307.9255183817165
0.16927217560395996,0.1104063267228454,14.1489002851843,307.9255183817165
0.1692721692698903,0.1104063267228454,14.14890027028314,307.92551839661763
384.7741761663809,0.20928077874930123,15.09786547283738,308.00074407500944
384.77422109402085,0.20928079365046243,15.09786547283738,308.00074407500944
384.7741760643553,0.20928077874930123,15.097865487738542,308.00074407500944
384.77417615631737,0.20928077874930123,15.09786547283738,308.0007440899106
0.4085784489437721,0.11257168603103107,14.169682692763168,307.9271658311015
0.4085875210759937,0.11257170093219226,14.169682692763168,307.9271658311015
0.4085784383952869,0.11257168603103107,14.169682707664329,307.9271658311015
0.40857844786777686,0.11257168603103107,14.169682692763168,307.92716584600265
0.0002975096469692986,0.11123938861801727,14.156895730524784,307.9261521921431
0.00029751160530122416,0.11123940351917846,14.156895730524784,307.9261521921431
0.0002975096498666358,0.11123938861801727,14.156895745425945,307.9261521921431
0.0002975096467574349,0.11123938861801727,14.156895730524784,307.92615220704425
0.0002973772481065797,0.1112387344555269,14.156556551280831,307.92615153071563
0.0002973772867588795,0.1112387493566881,14.156556551280831,307.92615153071563
0.00029737725320027925,0.1112387344555269,14.156556566181992,307.92615153071563
0.0002973772481195719,0.1112387344555269,14.156556551280831,307.9261515456168
0.0002971320384424796,0.11123757756073725,14.155782945249628,307.9261501307512
0.00029713013174132395,0.11123759246189845,14.155782945249628,307.9261501307512
0.0002971320457502886,0.11123757756073725,14.15578296015079,307.9261501307512
0.0002971320386834014,0.11123757756073725,14.155782945249628,307.92615014565234
0.0002966727515953855,0.1112354525776707,14.154218600109584,307.9261473590727
0.0002966684682147376,0.1112354674788319,14.154218600109584,307.9261473590727
0.0002966727615917586,0.1112354525776707,14.154218615010745,307.9261473590727
0.00029667275211458263,0.1112354525776707,14.154218600109584,307.92614737397383
0.00029581589994563077,0.11123145029234623,14.151120957465592,307.9261419418409
0.0002958084039231589,0.11123146519350742,14.151120957465592,307.9261419418409
0.0002958159135500829,0.11123145029234623,14.151120972366753,307.9261419418409
0.00029581590084086355,0.11123145029234623,14.151120957465592,307.9261419567421
0.00029424324224537005,0.111223793286452,14.145006846873091,307.9261313366945
0.0002942311735190939,0.1112238081876132,14.145006846873091,307.9261313366945
0.00029424326094050756,0.111223793286452,14.145006861774252,307.9261313366945
0.0002942432436757403,0.111223793286452,14.145006846873091,307.92613135159564
0.00029145436947631973,0.11120897973914927,14.132913416525621,307.9261104717371
0.0002914356904847191,0.11120899464031046,14.132913416525621,307.9261104717371
0.00029145439544485586,0.11120897973914927,14.132913431426783,307.9261104717371
0.0002914543716796798,0.11120897973914927,14.132913416525621,307.92611048663827
0.0002868455416261562,0.11118007954509015,14.108896595077972,307.92606925252846
0.00028681760791120995,0.11118009444625135,14.108896595077972,307.92606925252846
0.00028684557758984,0.11118007954509015,14.108896609979134,307.92606925252846
0.00028684554491057183,0.11118007954509015,14.108896595077972,307.9260692674296
0.0002803735414711679,0.1111238725712214,14.061389484600939,307.92598820378464
0.00028033470573089243,0.1111238874723826,14.061389484600939,307.92598820378464
0.0002803735886792776,0.1111238725712214,14.0613894995021,307.92598820378464
0.00028037354602595887,0.1111238725712214,14.061389484600939,307.9259882186858
0.0002754071885852627,0.11107222924974851,14.016685531662993,307.9259127044093
0.0002753677077514388,0.1110722441509097,14.016685531662993,307.9259127044093
0.0002754072352636224,0.11107222924974851,14.016685546564155,307.9259127044093
0.00027540719320934433,0.11107222924974851,14.016685531662993,307.9259127193105
0.00027061800801136,0.11102927605802146,13.978119173672077,307.9258486744667
0.00027059006503296455,0.11102929095918265,13.978119173672077,307.9258486744667
0.0002706180402200751,0.11102927605802146,13.978119188573238,307.9258486744667
0.0002706180112800882,0.11102927605802146,13.978119173672077,307.92584868936785
0.0002677172263741708,0.11101808594150919,13.96628562782551,307.9258304003891
0.00026770741600889655,0.11101810084267039,13.96628562782551,307.9258304003891
0.00026771723726267945,0.11101808594150919,13.966285642726671,307.9258304003891
0.0002677172275198484,0.11101808594150919,13.96628562782551,307.92583041529025
0.00026704250898225727,0.11103020883081775,13.975698887089015,307.92584714943257
0.00026704175800125425,0.11103022373197895,13.975698887089015,307.92584714943257
0.00026704250969797653,0.11103020883081775,13.975698901990176,307.92584714943257
0.0002670425090690325,0.11103020883081775,13.975698887089015,307.92584716433373
0.0002669964933533503,0.11103542961018772,13.980114950031927,307.9258547168207
0.00026699659897977407,0.11103544451134892,13.980114950031927,307.9258547168207
0.00026699649321848903,0.11103542961018772,13.980114964933088,307.9258547168207
0.0002669964933404136,0.11103542961018772,13.980114950031927,307.92585473172187
0.00026699464016198755,0.11103587551306955,13.98051196433746,307.92585541552774
0.00026699465203835137,0.11103589041423075,13.98051196433746,307.92585541552774
0.0002669946401479232,0.11103587551306955,13.98051197923862,307.92585541552774
0.0002669946401600323,0.11103587551306955,13.98051196433746,307.9258554304289
0.000266994598008344,0.11103588685240112,13.980523155277458,307.92585547301405
0.000266994598246779,0.11103590175356232,13.980523155277458,307.92585547301405
0.00026699459800804694,0.11103588685240112,13.98052317017862,307.92585547301405
0.0002669945980077212,0.11103588685240112,13.980523155277458,307.9258554879152
0.0002669945949220021,0.11103588769805332,13.980523913718592,307.92585551549837
0.0002669945949013003,0.11103590259921452,13.980523913718592,307.92585551549837
0.00026699459492211396,0.11103588769805332,13.980523928619753,307.92585551549837
0.00026699459492144126,0.11103588769805332,13.980523913718592,307.92585553039953
639.3033733134242,0.3720563551154022,14.155073805347165,308.2006005607061
639.3033840413793,0.3720563700165634,14.155073805347165,308.2006005607061
639.303373262508,0.3720563551154022,14.155073820248326,308.2006005607061
639.3033733091132,0.3720563551154022,14.155073805347165,308.20060057560727
748.6598237169803,-0.637932188039932,14.159867339668304,308.20100642235485
748.6598219751263,-0.6379321731387708,14.159867339668304,308.20100642235485
748.659823701546,-0.637932188039932,14.159867354569466,308.20100642235485
748.659823715376,-0.637932188039932,14.159867339668304,308.201006437256
112.09647782159843,0.09452232970084351,14.156391017195878,308.2007120871367
112.09622392676354,0.0945223446020047,14.156391017195878,308.2007120871367
112.09647806602854,0.09452232970084351,14.156391032097039,308.2007120871367
112.09647784673734,0.09452232970084351,14.156391017195878,308.20071210203787
630.8678545974863,0.3608047761912546,14.155127206774443,308.20060508212805
630.8678662299258,0.3608047910924158,14.155127206774443,308.20060508212805
630.8678545443286,0.3608047761912546,14.155127221675604,308.20060508212805
630.8678545929522,0.3608047761912546,14.155127206774443,308.2006050970292
239.6401880374363,0.16824502002851457,14.156041119913649,308.20068246183763
239.64025439306909,0.16824503492967577,14.156041119913649,308.20068246183763
239.64018791607185,0.16824502002851457,14.15604113481481,308.20068246183763
239.64018802553534,0.16824502002851457,14.156041119913649,308.2006824767388
8.090932534144514,0.11752444329916945,14.156281846233751,308.2007028437885
8.090968047160146,0.11752445820033064,14.156281846233751,308.2007028437885
8.090932490811982,0.11752444329916945,14.156281861134913,308.2007028437885
8.09093252974499,0.11752444329916945,14.156281846233751,308.2007028586897
0.16471197410138816,0.11045784259820957,14.156315385221124,308.20070568348626
0.1647058790150756,0.11045785749937076,14.156315385221124,308.20070568348626
0.16471198105461377,0.11045784259820957,14.156315400122285,308.20070568348626
0.1647119748097679,0.11045784259820957,14.156315385221124,308.2007056983874
382.2131543341145,0.20849258306546203,15.096267310121878,308.275169180099
382.2131996356766,0.20849259796662323,15.096267310121878,308.275169180099
382.21315423170495,0.20849258306546203,15.096267325023039,308.275169180099
382.2131543240151,0.20849258306546203,15.096267310121878,308.27516919500016
0.38728087601529615,0.11257694602151601,14.176633237161234,308.2023152746356
0.3872897133207063,0.1125769609226772,14.176633237161234,308.2023152746356
0.3872808657438971,0.11257694602151601,14.176633252062395,308.2023152746356
0.38728087496803804,0.11257694602151601,14.176633237161234,308.2023152895368
0.0003002837821856143,0.11127998792456849,14.164198071280943,308.201330154112
0.00030028557027592735,0.11128000282572968,14.164198071280943,308.201330154112
0.0003002837855021894,0.11127998792456849,14.164198086182104,308.201330154112
0.0003002837819962134,0.11127998792456849,14.164198071280943,308.20133016901315
0.0003001439726608039,0.11127933923697772,14.163844352625185,308.2013293652709
0.00030014400346994077,0.11127935413813891,14.163844352625185,308.2013293652709
0.00030014397798677674,0.11127933923697772,14.163844367526346,308.2013293652709
0.0003001439726771374,0.11127933923697772,14.163844352625185,308.20132938017207
0.0002998808785072789,0.11127819388189665,14.163060833681348,308.20132771238974
0.00029987913184812386,0.11127820878305784,14.163060833681348,308.20132771238974
0.0002998808858543666,0.11127819388189665,14.163060848582509,308.20132771238974
0.00029988087873166944,0.11127819388189665,14.163060833681348,308.2013277272909
0.00029938202805394345,0.11127607024467395,14.161478198440507,308.20132443510784
0.0002993780688771187,0.11127608514583515,14.161478198440507,308.20132443510784
0.00029938203790074727,0.11127607024467395,14.161478213341669,308.20132443510784
0.0002993820285373075,0.11127607024467395,14.161478198440507,308.201324450009
0.00029788395877527215,0.11126757569578316,14.155147657477144,308.20131132598016
0.0002978711539855924,0.11126759059694435,14.155147657477144,308.20131132598016
0.0002978839786172705,0.11126757569578316,14.155147672378305,308.20131132598016
0.00029788396029376945,0.11126757569578316,14.155147657477144,308.2013113408813
0.000295042917306712,0.1112488032932854,14.140223682529548,308.2012808241479
0.00029501838646304047,0.1112488181944466,14.140223682529548,308.2012808241479
0.000295042950230639,0.1112488032932854,14.14022369743071,308.2012808241479
0.00029504292019640673,0.1112488032932854,14.140223682529548,308.20128083904905
0.00029041308908447824,0.11121858809585147,14.115118118072573,308.201230007794
0.0002903788563459441,0.11121860299701267,14.115118118072573,308.201230007794
0.0002904131324981283,0.11121858809585147,14.115118132973734,308.201230007794
0.00029041309310680184,0.11121858809585147,14.115118118072573,308.20123002269514
0.000282907860778849,0.11117047091690749,14.073974155494083,308.2011473088654
0.00028286824975640325,0.11117048581806868,14.073974155494083,308.2011473088654
0.00028290790926700576,0.11117047091690749,14.073974170395244,308.2011473088654
0.0002829078654251312,0.11117047091690749,14.073974155494083,308.2011473237666
0.0002727322274766259,0.11109127123056223,14.004628413131922,308.2010088552719
0.0002726983805951802,0.11109128613172342,14.004628413131922,308.2010088552719
0.0002727322673366937,0.11109127123056223,14.004628428033083,308.2010088552719
0.00027273223143915726,0.11109127123056223,14.004628413131922,308.20100887017304
0.0002683515083021256,0.11105226077424547,13.968835342884573,308.20093835471715
0.0002683347677013377,0.11105227567540667,13.968835342884573,308.20093835471715
0.0002683515273137822,0.11105226077424547,13.968835357785734,308.20093835471715
0.00026835151025954523,0.11105226077424547,13.968835342884573,308.2009383696183
0.00026708299333661595,0.11105627436069032,13.970805896793813,308.20094310945694
0.00026707889875985,0.11105628926185152,13.970805896793813,308.20094310945694
0.00026708299779220447,0.11105627436069032,13.970805911694974,308.20094310945694
0.0002670829938154204,0.11105627436069032,13.970805896793813,308.2009431243581
0.00026689067128530104,0.11106578476236567,13.978541083499248,308.200958786102
0.0002668907189334961,0.11106579966352687,13.978541083499248,308.200958786102
0.00026689067119733284,0.11106578476236567,13.97854109840041,308.200958786102
0.0002668906712806111,0.11106578476236567,13.978541083499248,308.20095880100314
0.0002668853541506298,0.11106692558565505,13.979530892592798,308.2009606938672
0.0002668853782216168,0.11106694048681624,13.979530892592798,308.2009606938672
0.00026688535412106593,0.11106692558565505,13.97953090749396,308.2009606938672
0.00026688535414881814,0.11106692558565505,13.979530892592798,308.2009607087684
0.0002668851260127674,0.1110669865472961,13.979586410551908,308.20096073157885
0.00026688512677808593,0.1110670014484573,13.979586410551908,308.20096073157885
0.00026688512601191706,0.1110669865472961,13.97958642545307,308.20096073157885
0.00026688512601370036,0.1110669865472961,13.979586410551908,308.20096074648
0.00026688513099176726,0.11106698517958964,13.979585325296263,308.20096066055606
0.0002668851309899771,0.11106700008075084,13.979585325296263,308.20096066055606
0.00026688513099174096,0.11106698517958964,13.979585340197424,308.20096066055606
0.00026688513099275345,0.11106698517958964,13.979585325296263,308.2009606754572
0.00026688512601487764,0.11106698654671271,13.979586410088999,308.20096073154855
0.00026688512677990625,0.1110670014478739,13.979586410088999,308.20096073154855
0.0002668851260140396,0.11106698654671271,13.97958642499016,308.20096073154855
0.00026688512601580274,0.11106698654671271,13.979586410088999,308.2009607464497
0.00026688512601276936,0.11106698654729585,13.97958641055171,308.20096073157885
0.0002668851267780777,0.11106700144845705,13.97958641055171,308.20096073157885
0.00026688512601191907,0.11106698654729585,13.97958642545287,308.20096073157885
0.0002668851260136608,0.11106698654729585,13.97958641055171,308.20096074648
0.0002668851260127674,0.1110669865472961,13.979586410551908,308.20096073157885
0.00026688512677808593,0.1110670014484573,13.979586410551908,308.20096073157885
0.00026688512601191706,0.1110669865472961,13.97958642545307,308.20096073157885
0.00026688512601370036,0.1110669865472961,13.979586410551908,308.20096074648
0.00026688512601278215,0.11106698654729598,13.979586410551809,308.20096073157885
0.0002668851267780738,0.11106700144845717,13.979586410551809,308.20096073157885
0.00026688512601188855,0.11106698654729598,13.97958642545297,308.20096073157885
0.0002668851260136736,0.11106698654729598,13.979586410551809,308.20096074648
0.0002668851260127674,0.1110669865472961,13.979586410551908,308.20096073157885
0.00026688512677808593,0.1110670014484573,13.979586410551908,308.20096073157885
0.00026688512601191706,0.1110669865472961,13.97958642545307,308.20096073157885
0.00026688512601370036,0.1110669865472961,13.979586410551908,308.20096074648
0.0002668851260127849,0.11106698654729603,13.979586410551859,308.20096073157885
0.0002668851267780894,0.11106700144845723,13.979586410551859,308.20096073157885
0.0002668851260119448,0.11106698654729603,13.97958642545302,308.20096073157885
0.0002668851260136771,0.11106698654729603,13.979586410551859,308.20096074648
0.0002668851260127674,0.1110669865472961,13.979586410551908,308.20096073157885
0.00026688512677808593,0.1110670014484573,13.979586410551908,308.20096073157885
0.00026688512601191706,0.1110669865472961,13.97958642545307,308.20096073157885
0.00026688512601370036,0.1110669865472961,13.979586410551908,308.20096074648
0.00026688512601278215,0.11106698654729608,13.979586410551883,308.20096073157885
0.00026688512677804424,0.11106700144845727,13.979586410551883,308.20096073157885
0.00026688512601193246,0.11106698654729608,13.979586425453045,308.20096073157885
0.0002668851260136693,0.11106698654729608,13.979586410551883,308.20096074648
0.0002668851260127674,0.1110669865472961,13.979586410551908,308.20096073157885
0.00026688512677808593,0.1110670014484573,13.979586410551908,308.20096073157885
0.00026688512601191706,0.1110669865472961,13.97958642545307,308.20096073157885
0.00026688512601370036,0.1110669865472961,13.979586410551908,308.20096074648
0.0002668851260128095,0.11106698654729609,13.979586410551896,308.20096073157885
0.0002668851267780699,0.11106700144845728,13.979586410551896,308.20096073157885
0.00026688512601193604,0.11106698654729609,13.979586425453057,308.20096073157885
0.0002668851260136734,0.11106698654729609,13.979586410551896,308.20096074648
0.0002668851260127674,0.1110669865472961,13.979586410551908,308.20096073157885
0.00026688512677808593,0.1110670014484573,13.979586410551908,308.20096073157885
0.00026688512601191706,0.1110669865472961,13.97958642545307,308.20096073157885
0.00026688512601370036,0.1110669865472961,13.979586410551908,308.20096074648
0.00026688512601278903,0.11106698654729609,13.979586410551901,308.20096073157885
0.00026688512677806127,0.11106700144845728,13.979586410551901,308.20096073157885
0.0002668851260119387,0.11106698654729609,13.979586425453062,308.20096073157885
0.00026688512601371174,0.11106698654729609,13.979586410551901,308.20096074648
0.0002668851260127674,0.1110669865472961,13.979586410551908,308.20096073157885
0.00026688512677808593,0.1110670014484573,13.979586410551908,308.20096073157885
0.00026688512601191706,0.1110669865472961,13.97958642545307,308.20096073157885
0.00026688512601370036,0.1110669865472961,13.979586410551908,308.20096074648
0.00026688512601279256,0.1110669865472961,13.979586410551905,308.20096073157885
0.0002668851267780821,0.1110670014484573,13.979586410551905,308.20096073157885
0.0002668851260119239,0.1110669865472961,13.979586425453066,308.20096073157885
0.0002668851260136915,0.1110669865472961,13.979586410551905,308.20096074648
0.0002668851260127674,0.1110669865472961,13.979586410551908,308.20096073157885
0.00026688512677808593,0.1110670014484573,13.979586410551908,308.20096073157885
0.00026688512601191706,0.1110669865472961,13.97958642545307,308.20096073157885
0.00026688512601370036,0.1110669865472961,13.979586410551908,308.20096074648
0.0002668851260127795,0.1110669865472961,13.979586410551907,308.20096073157885
0.00026688512677807774,0.1110670014484573,13.979586410551907,308.20096073157885
0.0002668851260119188,0.1110669865472961,13.979586425453068,308.20096073157885
0.0002668851260136821,0.1110669865472961,13.979586410551907,308.20096074648
0.0002668851260127674,0.1110669865472961,13.979586410551908,308.20096073157885
0.00026688512677808593,0.1110670014484573,13.979586410551908,308.20096073157885
0.00026688512601191706,0.1110669865472961,13.97958642545307,308.20096073157885
0.00026688512601370036,0.1110669865472961,13.979586410551908,308.20096074648
0.0002668851260127795,0.1110669865472961,13.979586410551907,308.20096073157885
0.00026688512677807774,0.1110670014484573,13.979586410551907,308.20096073157885
0.0002668851260119188,0.1110669865472961,13.979586425453068,308.20096073157885
0.0002668851260136821,0.1110669865472961,13.979586410551907,308.20096074648
0.0002668851260127674,0.1110669865472961,13.979586410551908,308.20096073157885
0.00026688512677808593,0.1110670014484573,13.979586410551908,308.20096073157885
0.00026688512601191706,0.1110669865472961,13.97958642545307,308.20096073157885
0.00026688512601370036,0.1110669865472961,13.979586410551908,308.20096074648
0.0002668851260127795,0.1110669865472961,13.979586410551907,308.20096073157885
0.00026688512677807774,0.1110670014484573,13.979586410551907,308.20096073157885
0.0002668851260119188,0.1110669865472961,13.979586425453068,308.20096073157885
0.0002668851260136821,0.1110669865472961,13.979586410551907,308.20096074648
0.0002668851260127674,0.1110669865472961,13.979586410551908,308.20096073157885
0.00026688512677808593,0.1110670014484573,13.979586410551908,308.20096073157885
0.00026688512601191706,0.1110669865472961,13.97958642545307,308.20096073157885
0.00026688512601370036,0.1110669865472961,13.979586410551908,308.20096074648
0.0002668851260127795,0.1110669865472961,13.979586410551907,308.20096073157885
0.00026688512677807774,0.1110670014484573,13.979586410551907,308.20096073157885
0.0002668851260119188,0.1110669865472961,13.979586425453068,308.20096073157885
0.0002668851260136821,0.1110669865472961,13.979586410551907,308.20096074648
0.0002668851260127674,0.1110669865472961,13.979586410551908,308.20096073157885
0.00026688512677808593,0.1110670014484573,13.979586410551908,308.20096073157885
0.00026688512601191706,0.1110669865472961,13.97958642545307,308.20096073157885
0.00026688512601370036,0.1110669865472961,13.979586410551908,308.20096074648
0.0002668851260127795,0.1110669865472961,13.979586410551907,308.20096073157885
0.00026688512677807774,0.1110670014484573,13.979586410551907,308.20096073157885
0.0002668851260119188,0.1110669865472961,13.979586425453068,308.20096073157885
0.0002668851260136821,0.1110669865472961,13.979586410551907,308.20096074648
0.0002668851260127674,0.1110669865472961,13.979586410551908,308.20096073157885
0.00026688512677808593,0.1110670014484573,13.979586410551908,308.20096073157885
0.00026688512601191706,0.1110669865472961,13.97958642545307,308.20096073157885
0.00026688512601370036,0.1110669865472961,13.979586410551908,308.20096074648
0.0002668851260127795,0.1110669865472961,13.979586410551907,308.20096073157885
0.00026688512677807774,0.1110670014484573,13.979586410551907,308.20096073157885
0.0002668851260119188,0.1110669865472961,13.979586425453068,308.20096073157885
0.0002668851260136821,0.1110669865472961,13.979586410551907,308.20096074648
0.0002668851260127674,0.1110669865472961,13.979586410551908,308.20096073157885
0.00026688512677808593,0.1110670014484573,13.979586410551908,308.20096073157885
0.00026688512601191706,0.1110669865472961,13.97958642545307,308.20096073157885
0.00026688512601370036,0.1110669865472961,13.979586410551908,308.20096074648
0.0002668851260127795,0.1110669865472961,13.979586410551907,308.20096073157885
0.00026688512677807774,0.1110670014484573,13.979586410551907,308.20096073157885
0.0002668851260119188,0.1110669865472961,13.979586425453068,308.20096073157885
0.0002668851260136821,0.1110669865472961,13.979586410551907,308.20096074648
0.0002668851260127674,0.1110669865472961,13.979586410551908,308.20096073157885
0.00026688512677808593,0.1110670014484573,13.979586410551908,308.20096073157885
0.00026688512601191706,0.1110669865472961,13.97958642545307,308.20096073157885
0.00026688512601370036,0.1110669865472961,13.979586410551908,308.20096074648
0.0002668851260127795,0.1110669865472961,13.979586410551907,308.20096073157885
0.00026688512677807774,0.1110670014484573,13.979586410551907,308.20096073157885
0.0002668851260119188,0.1110669865472961,13.979586425453068,308.20096073157885
0.0002668851260136821,0.1110669865472961,13.979586410551907,308.20096074648
0.0002668851260127674,0.1110669865472961,13.979586410551908,308.20096073157885
0.00026688512677808593,0.1110670014484573,13.979586410551908,308.20096073157885
0.00026688512601191706,0.1110669865472961,13.97958642545307,308.20096073157885
0.00026688512601370036,0.1110669865472961,13.979586410551908,308.20096074648
0.0002668851260127795,0.1110669865472961,13.979586410551907,308.20096073157885
0.00026688512677807774,0.1110670014484573,13.979586410551907,308.20096073157885
0.0002668851260119188,0.1110669865472961,13.979586425453068,308.20096073157885
0.0002668851260136821,0.1110669865472961,13.979586410551907,308.20096074648
0.0002668851260127674,0.1110669865472961,13.979586410551908,308.20096073157885
0.00026688512677808593,0.1110670014484573,13.979586410551908,308.20096073157885
0.00026688512601191706,0.1110669865472961,13.97958642545307,308.20096073157885
0.00026688512601370036,0.1110669865472961,13.979586410551908,308.20096074648
0.0002668851260127795,0.1110669865472961,13.979586410551907,308.20096073157885
0.00026688512677807774,0.1110670014484573,13.979586410551907,308.20096073157885
0.0002668851260119188,0.1110669865472961,13.979586425453068,308.20096073157885
0.0002668851260136821,0.1110669865472961,13.979586410551907,308.20096074648
0.0002668851260127674,0.1110669865472961,13.979586410551908,308.20096073157885
0.00026688512677808593,0.1110670014484573,13.979586410551908,308.20096073157885
0.00026688512601191706,0.1110669865472961,13.97958642545307,308.20096073157885
0.00026688512601370036,0.1110669865472961,13.979586410551908,308.20096074648
0.0002668851260127795,0.1110669865472961,13.979586410551907,308.20096073157885
0.00026688512677807774,0.1110670014484573,13.979586410551907,308.20096073157885
0.0002668851260119188,0.1110669865472961,13.979586425453068,308.20096073157885
0.0002668851260136821,0.1110669865472961,13.979586410551907,308.20096074648
0.0002668851260127674,0.1110669865472961,13.979586410551908,308.20096073157885
0.00026688512677808593,0.1110670014484573,13.979586410551908,308.20096073157885
0.00026688512601191706,0.1110669865472961,13.97958642545307,308.20096073157885
0.00026688512601370036,0.1110669865472961,13.979586410551908,308.20096074648
0.0002668851260127795,0.1110669865472961,13.979586410551907,308.20096073157885
0.00026688512677807774,0.1110670014484573,13.979586410551907,308.20096073157885
0.0002668851260119188,0.1110669865472961,13.979586425453068,308.20096073157885
0.0002668851260136821,0.1110669865472961,13.979586410551907,308.20096074648
0.0002668851260127674,0.1110669865472961,13.979586410551908,308.20096073157885
0.00026688512677808593,0.1110670014484573,13.979586410551908,308.20096073157885
0.00026688512601191706,0.1110669865472961,13.97958642545307,308.20096073157885
0.00026688512601370036,0.1110669865472961,13.979586410551908,308.20096074648
0.0002668851260127795,0.1110669865472961,13.979586410551907,308.20096073157885
0.00026688512677807774,0.1110670014484573,13.979586410551907,308.20096073157885
0.0002668851260119188,0.1110669865472961,13.979586425453068,308.20096073157885
0.0002668851260136821,0.1110669865472961,13.979586410551907,308.20096074648
0.0002668851260127674,0.1110669865472961,13.979586410551908,308.20096073157885
0.00026688512677808593,0.1110670014484573,13.979586410551908,308.20096073157885
0.00026688512601191706,0.1110669865472961,13.97958642545307,308.20096073157885
0.00026688512601370036,0.1110669865472961,13.979586410551908,308.20096074648
0.00026688513099176726,0.11106698517958964,13.979585325296263,308.20096066055606
0.00026688512850129805,0.11106698586344288,13.979585867924087,308.20096069606745
0.0002668851272567537,0.11106698620536949,13.979586139237997,308.2009607138231
0.00026688512663474795,0.11106698637633279,13.979586274894952,308.200960722701
0.0002668851263237078,0.11106698646181445,13.979586342723431,308.20096072713994
0.00026688512616824313,0.11106698650455528,13.97958637663767,308.2009607293594
0.0002668851260905136,0.11106698652592568,13.979586393594788,308.2009607304691
0.0002668851260516533,0.1110669865366109,13.979586402073348,308.200960731024
0.0002668851260322273,0.1110669865419535,13.97958640631263,308.2009607313014
0.00026688512602249346,0.1110669865446248,13.979586408432269,308.20096073144015
0.00026688512601764783,0.11106698654596045,13.979586409492088,308.2009607315095
0.0002668851260152313,0.11106698654662828,13.979586410021998,308.20096073154417
106.15487230174533,-0.1408899269941522,14.317706867392738,307.6013612013722
106.15479731041845,-0.140889912092991,14.317706867392738,307.6013612013722
106.15487219045993,-0.1408899269941522,14.3177068822939,307.6013612013722
106.15487229052911,-0.1408899269941522,14.317706867392738,307.60136121627335
777.0175254328456,0.8691089496059863,14.319205682467791,307.6015122637088
781.0202572596789,0.8691089645071475,14.319205682467791,307.6015122637088
777.0175254265769,0.8691089496059863,14.319205697368952,307.6015122637088
777.0175254319988,0.8691089496059863,14.319205682467791,307.60151227860996
670.7113806814314,0.41883342474147395,14.318537483957645,307.6014449174231
670.711388289332,0.41883343964263514,14.318537483957645,307.6014449174231
670.7113806402606,0.41883342474147395,14.318537498858806,307.6014449174231
670.7113806778987,0.41883342474147395,14.318537483957645,307.6014449323243
5930060756.822474,-0.0021065464119512933,14.317912818733678,307.60138195876334
5930228612.197209,-0.0021065315107900995,14.317912818733678,307.60138195876334
5930060760.279879,-0.0021065464119512933,14.31791283363484,307.60138195876334
5930060757.187589,-0.0021065464119512933,14.317912818733678,307.6013819736645
108.93294907139605,-0.09480561549862761,14.317775255449789,307.60136809405685
108.93319759632473,-0.09480560059746641,14.317775255449789,307.60136809405685
108.93294930983521,-0.09480561549862761,14.31777527035095,307.60136809405685
108.9329490961118,-0.09480561549862761,14.317775255449789,307.601368108958
3.5864772689891735,-0.11543816488773731,14.317744637221612,307.6013650081117
3.586452276155452,-0.11543814998657612,14.317744637221612,307.6013650081117
3.586477239292509,-0.11543816488773731,14.317744652122773,307.6013650081117
3.5864772659454602,-0.11543816488773731,14.317744637221612,307.6013650230129
26.038380668887285,-0.10148997371140425,13.573713457627155,307.5314739245031
26.038478254499058,-0.10148995881024306,13.573713457627155,307.5314739245031
26.038380772952113,-0.10148997371140425,13.573713472528317,307.5314739245031
26.038380679324497,-0.10148997371140425,13.573713457627155,307.53147393940424
0.029613909955469683,-0.11148982179161421,14.107130204560502,307.5815807956674
0.029611411914349482,-0.11148980689045301,14.107130204560502,307.5815807956674
0.02961390707549343,-0.11148982179161421,14.107130219461663,307.5815807956674
0.0296139096617362,-0.11148982179161421,14.107130204560502,307.58158081056854
0.001284506197417616,-0.1110426299609087,14.077276523294511,307.57861239004853
0.0012849747625148145,-0.11104261505974751,14.077276523294511,307.57861239004853
0.001284506739377655,-0.1110426299609087,14.077276538195672,307.57861239004853
0.001284506252286914,-0.1110426299609087,14.077276523294511,307.5786124049497
0.0002772605146145837,-0.11111313698943719,14.081894523895587,307.57909425171766
0.000277253759044456,-0.11111312208827599,14.081894523895587,307.57909425171766
0.0002772605097306262,-0.11111313698943719,14.081894538796748,307.57909425171766
0.00027726051381811093,-0.11111313698943719,14.081894523895587,307.5790942666188
0.00027699614332226145,-0.1111118883659526,14.081638915731178,307.5790881170604
0.0002769963281696136,-0.1111118734647914,14.081638915731178,307.5790881170604
0.0002769961464215776,-0.1111118883659526,14.081638930632339,307.5790881170604
0.0002769961433391437,-0.1111118883659526,14.081638915731178,307.57908813196156
0.0002769539799374097,-0.11111154880601228,14.081414003812254,307.57908855351
0.00027695475189590686,-0.11111153390485108,14.081414003812254,307.57908855351
0.0002769539837062145,-0.11111154880601228,14.081414018713415,307.57908855351
0.00027695398002308973,-0.11111154880601228,14.081414003812254,307.5790885684112
0.00027681808604996226,-0.111110190566251,14.080514356136558,307.57909029930846
0.0002768212064156155,-0.11111017566508981,14.080514356136558,307.57909029930846
0.00027681809249660436,-0.111110190566251,14.080514371037719,307.57909029930846
0.00027681808641075785,-0.111110190566251,14.080514356136558,307.5790903142096
0.0002764767816603445,-0.11110732050907188,14.078293337409868,307.5790983358658
0.0002764821858122838,-0.11110730560791068,14.078293337409868,307.5790983358658
0.0002764767906726585,-0.11110732050907188,14.078293352311029,307.5790983358658
0.00027647678228850297,-0.11110732050907188,14.078293337409868,307.57909835076697
0.00027581310278863505,-0.11110200781198544,14.073966457214299,307.57911616641536
0.00027582092668213443,-0.11110199291082425,14.073966457214299,307.57911616641536
0.00027581311446281913,-0.11110200781198544,14.07396647211546,307.57911616641536
0.00027581310369985824,-0.11110200781198544,14.073966457214299,307.5791161813165
0.00027454404671758227,-0.11109166951079108,14.065323697998032,307.57915395203213
0.0002745547002923288,-0.11109165460962989,14.065323697998032,307.57915395203213
0.00027454406140166884,-0.11109166951079108,14.065323712899193,307.57915395203213
0.00027454404795944094,-0.11109166951079108,14.065323697998032,307.5791539669333
0.000272255772724673,-0.11107080924713218,14.04758099392464,307.57923447506164
0.00027226953324686616,-0.11107079434597099,14.04758099392464,307.57923447506164
0.000272255790473202,-0.11107080924713218,14.047581008825802,307.57923447506164
0.0002722557743285224,-0.11107080924713218,14.04758099392464,307.5792344899628
0.0002689396459947469,-0.11102642461226862,14.009272391413566,307.5794138879094
0.0002689550647119556,-0.11102640971110743,14.009272391413566,307.5794138879094
0.00026893966451839235,-0.11102642461226862,14.009272406314727,307.5794138879094
0.000268939647788284,-0.11102642461226862,14.009272391413566,307.5794139028106
0.00026774997199829794,-0.11100076933022525,13.986535447376925,307.5795265604134
0.0002677611773755776,-0.11100075442906406,13.986535447376925,307.5795265604134
0.00026774998496419133,-0.11100076933022525,13.986535462278086,307.5795265604134
0.0002677499732957212,-0.11100076933022525,13.986535447376925,307.57952657531456
0.0002673067772351128,-0.11099521708838626,13.981031123882136,307.579560200181
0.00026731214190457773,-0.11099520218722507,13.981031123882136,307.579560200181
0.0002673067832845402,-0.11099521708838626,13.981031138783298,307.579560200181
0.00026730677784791003,-0.11099521708838626,13.981031123882136,307.57956021508215
0.0002671704771293496,-0.11099867907361315,13.983450260950395,307.57955598791
0.0002671709651164007,-0.11099866417245195,13.983450260950395,307.57955598791
0.00026717047762226206,-0.11099867907361315,13.983450275851556,307.57955598791
0.0002671704771714231,-0.11099867907361315,13.983450260950395,307.57955600281116
0.00026717254263436386,-0.11100097830032987,13.985379458961809,307.57954866833194
0.00026717250472204853,-0.11100096339916868,13.985379458961809,307.57954866833194
0.0002671725425804491,-0.11100097830032987,13.98537947386297,307.57954866833194
0.00026717254261506614,-0.11100097830032987,13.985379458961809,307.5795486832331
0.00026717002911999234,-0.1109992210320066,13.983904998644295,307.57955426258786
0.0002671703932312475,-0.11099920613084541,13.983904998644295,307.57955426258786
0.0002671700294841595,-0.1109992210320066,13.983905013545456,307.57955426258786
0.0002671700291475953,-0.1109992210320066,13.983904998644295,307.579554277489
0.00026717004586998615,-0.11099946015142641,13.984107102345975,307.57955358544723
0.0002671703677407949,-0.11099944525026521,13.984107102345975,307.57955358544723
0.0002671700461916338,-0.11099946015142641,13.984107117247136,307.57955358544723
0.00026717004589259637,-0.11099946015142641,13.984107102345975,307.5795536003484
0.0002671700240744783,-0.11099927252983956,13.983948524605836,307.57955411675584
0.0002671703790891645,-0.11099925762867836,13.983948524605836,307.57955411675584
0.00026717002442946085,-0.11099927252983956,13.983948539506997,307.57955411675584
0.00026717002410096987,-0.11099927252983956,13.983948524605836,307.579554131657
0.00026717003138520634,-0.11099939636008688,13.984053185914329,307.57955376609215
0.0002671703645256188,-0.11099938145892568,13.984053185914329,307.57955376609215
0.00026717003171817405,-0.11099939636008688,13.98405320081549,307.57955376609215
0.00026717003140918423,-0.11099939636008688,13.984053185914329,307.5795537809933
0.0002671700233304481,-0.11099929874066577,13.983970677992655,307.57955404253175
0.00026717037371523845,-0.11099928383950458,13.983970677992655,307.57955404253175
0.00026717002368070665,-0.11099929874066577,13.983970692893816,307.57955404253175
0.000267170023356404,-0.11099929874066577,13.983970677992655,307.5795540574329
0.0002671700267314218,-0.11099936316948371,13.984025133220959,307.5795538600816
0.00026717036573526353,-0.11099934826832251,13.984025133220959,307.5795538600816
0.00026717002707030233,-0.11099936316948371,13.98402514812212,307.5795538600816
0.0002671700267560831,-0.11099936316948371,13.984025133220959,307.57955387498276
0.00026717002342770905,-0.11099931226261207,13.983982106739859,307.57955400424015
0.00026717037142415955,-0.11099929736145088,13.983982106739859,307.57955400424015
0.0002671700237756689,-0.11099931226261207,13.98398212164102,307.57955400424015
0.00026717002345342763,-0.11099931226261207,13.983982106739859,307.5795540191413
0.00026717002332360786,-0.1109993015997389,13.983973094480875,307.5795540344354
0.00026717037320365716,-0.11099928669857771,13.983973094480875,307.5795540344354
0.0002671700236734709,-0.1109993015997389,13.983973109382037,307.5795540344354
0.00026717002334956925,-0.1109993015997389,13.983973094480875,307.57955404933654
0.00026717002336941714,-0.1109993086372352,13.983979042571805,307.5795540145065
0.000267170372006206,-0.110999293736074,13.983979042571805,307.5795540145065
0.00026717002371803075,-0.1109993086372352,13.983979057472967,307.5795540145065
0.0002671700233952217,-0.1109993086372352,13.983979042571805,307.5795540294077
0.0002671700233259488,-0.11099930308533576,13.983974350107136,307.57955403022845
0.00026717037294362325,-0.11099928818417457,13.983974350107136,307.57955403022845
0.0002671700236755059,-0.11099930308533576,13.983974365008297,307.57955403022845
0.0002671700233518025,-0.11099930308533576,13.983974350107136,307.5795540451296
0.00026717002332380735,-0.11099930191350625,13.983973359677002,307.57955403354686
0.00026717037314830306,-0.11099928701234506,13.983973359677002,307.57955403354686
0.00026717002367357553,-0.11099930191350625,13.983973374578163,307.57955403354686
0.00026717002334971464,-0.11099930191350625,13.983973359677002,307.579554048448
0.0002671700233236308,-0.11099930166601814,13.98397315050008,307.57955403424774
0.0002671703731918768,-0.11099928676485694,13.98397315050008,307.57955403424774
0.0002671700236734422,-0.11099930166601814,13.983973165401242,307.57955403424774
0.0002671700233495824,-0.11099930166601814,13.98397315050008,307.5795540491489
0.0002671700233236856,-0.1109993016137403,13.983973106314854,307.57955403439576
0.0002671703732011747,-0.11099928671257911,13.983973106314854,307.57955403439576
0.0002671700236735249,-0.1109993016137403,13.983973121216016,307.57955403439576
0.00026717002334961896,-0.1109993016137403,13.983973106314854,307.5795540492969
0.0002671700233236845,-0.11099930160269122,13.983973096976175,307.579554034427
0.0002671703732030267,-0.11099928670153003,13.983973096976175,307.579554034427
0.00026717002367354956,-0.11099930160269122,13.983973111877336,307.579554034427
0.0002671700233496544,-0.11099930160269122,13.983973096976175,307.5795540493282
0.0002671700233236424,-0.1109993016003568,13.98397309500312,307.57955403443367
0.0002671703732035104,-0.1109992866991956,13.98397309500312,307.57955403443367
0.00026717002367348473,-0.1109993016003568,13.983973109904282,307.57955403443367
0.0002671700233495672,-0.1109993016003568,13.98397309500312,307.57955404933483
0.00026717002332363627,-0.11099930159986679,13.983973094588963,307.57955403443503
0.00026717037320365695,-0.1109992866987056,13.983973094588963,307.57955403443503
0.00026717002367351926,-0.11099930159986679,13.983973109490124,307.57955403443503
0.0002671700233496082,-0.11099930159986679,13.983973094588963,307.5795540493362
0.00026717002332366435,-0.11099930159976386,13.983973094501973,307.5795540344353
0.0002671703732036203,-0.11099928669860266,13.983973094501973,307.5795540344353
0.00026717002367348137,-0.11099930159976386,13.983973109403134,307.5795540344353
0.0002671700233496227,-0.11099930159976386,13.983973094501973,307.5795540493365
0.0002671700233236394,-0.1109993015997418,13.983973094483328,307.5795540344354
0.0002671703732036626,-0.11099928669858061,13.983973094483328,307.5795540344354
0.0002671700236734345,-0.1109993015997418,13.98397310938449,307.5795540344354
0.0002671700233495646,-0.1109993015997418,13.983973094483328,307.57955404933654
0.0002671700233236505,-0.11099930159973903,13.983973094480982,307.5795540344354
0.00026717037320359846,-0.11099928669857784,13.983973094480982,307.5795540344354
0.00026717002367344765,-0.11099930159973903,13.983973109382143,307.5795540344354
0.00026717002334956865,-0.11099930159973903,13.983973094480982,307.57955404933654
0.00026717002332360786,-0.1109993015997389,13.983973094480875,307.5795540344354
0.00026717037320365716,-0.11099928669857771,13.983973094480875,307.5795540344354
0.0002671700236734709,-0.1109993015997389,13.983973109382037,307.5795540344354
0.00026717002334956925,-0.1109993015997389,13.983973094480875,307.57955404933654
0.00026717002332364874,-0.11099930159973896,13.983973094480929,307.5795540344354
0.0002671703732035889,-0.11099928669857777,13.983973094480929,307.5795540344354
0.0002671700236734748,-0.11099930159973896,13.98397310938209,307.5795540344354
0.0002671700233495318,-0.11099930159973896,13.983973094480929,307.57955404933654
0.00026717002332360786,-0.1109993015997389,13.983973094480875,307.5795540344354
0.00026717037320365716,-0.11099928669857771,13.983973094480875,307.5795540344354
0.0002671700236734709,-0.1109993015997389,13.983973109382037,307.5795540344354
0.00026717002334956925,-0.1109993015997389,13.983973094480875,307.57955404933654
0.00026717002332364754,-0.11099930159973893,13.983973094480902,307.5795540344354
0.00026717037320364144,-0.11099928669857774,13.983973094480902,307.5795540344354
0.0002671700236734492,-0.11099930159973893,13.983973109382063,307.5795540344354
0.0002671700233495682,-0.11099930159973893,13.983973094480902,307.57955404933654
0.00026717002332360786,-0.1109993015997389,13.983973094480875,307.5795540344354
0.00026717037320365716,-0.11099928669857771,13.983973094480875,307.5795540344354
0.0002671700236734709,-0.1109993015997389,13.983973109382037,307.5795540344354
0.00026717002334956925,-0.1109993015997389,13.983973094480875,307.57955404933654
0.00026717002332364223,-0.11099930159973892,13.98397309448089,307.5795540344354
0.00026717037320362366,-0.11099928669857773,13.98397309448089,307.5795540344354
0.0002671700236734612,-0.11099930159973892,13.98397310938205,307.5795540344354
0.00026717002334960036,-0.11099930159973892,13.98397309448089,307.57955404933654
0.00026717002332360786,-0.1109993015997389,13.983973094480875,307.5795540344354
0.00026717037320365716,-0.11099928669857771,13.983973094480875,307.5795540344354
0.0002671700236734709,-0.1109993015997389,13.983973109382037,307.5795540344354
0.00026717002334956925,-0.1109993015997389,13.983973094480875,307.57955404933654
0.0002671700233236483,-0.1109993015997389,13.983973094480882,307.5795540344354
0.00026717037320364253,-0.11099928669857771,13.983973094480882,307.5795540344354
0.0002671700236734463,-0.1109993015997389,13.983973109382044,307.5795540344354
0.0002671700233495665,-0.1109993015997389,13.983973094480882,307.57955404933654
0.00026717002332360786,-0.1109993015997389,13.983973094480875,307.5795540344354
0.00026717037320365716,-0.11099928669857771,13.983973094480875,307.5795540344354
0.0002671700236734709,-0.1109993015997389,13.983973109382037,307.5795540344354
0.00026717002334956925,-0.1109993015997389,13.983973094480875,307.57955404933654
0.00026717002332362206,-0.1109993015997389,13.983973094480879,307.5795540344354
0.00026717037320361754,-0.11099928669857771,13.983973094480879,307.5795540344354
0.00026717002367346684,-0.1109993015997389,13.98397310938204,307.5795540344354
0.00026717002334955683,-0.1109993015997389,13.983973094480879,307.57955404933654
0.00026717002332360786,-0.1109993015997389,13.983973094480875,307.5795540344354
0.00026717037320365716,-0.11099928669857771,13.983973094480875,307.5795540344354
0.0002671700236734709,-0.1109993015997389,13.983973109382037,307.5795540344354
0.00026717002334956925,-0.1109993015997389,13.983973094480875,307.57955404933654
0.00026717002332361193,-0.1109993015997389,13.983973094480877,307.5795540344354
0.00026717037320364524,-0.11099928669857771,13.983973094480877,307.5795540344354
0.0002671700236734631,-0.1109993015997389,13.983973109382038,307.5795540344354
0.000267170023349558,-0.1109993015997389,13.983973094480877,307.57955404933654
0.00026717002332360786,-0.1109993015997389,13.983973094480875,307.5795540344354
0.00026717037320365716,-0.11099928669857771,13.983973094480875,307.5795540344354
0.0002671700236734709,-0.1109993015997389,13.983973109382037,307.5795540344354
0.00026717002334956925,-0.1109993015997389,13.983973094480875,307.57955404933654
0.00026717002332361193,-0.1109993015997389,13.983973094480877,307.5795540344354
0.00026717037320364524,-0.11099928669857771,13.983973094480877,307.5795540344354
0.0002671700236734631,-0.1109993015997389,13.983973109382038,307.5795540344354
0.000267170023349558,-0.1109993015997389,13.983973094480877,307.57955404933654
0.00026717002332360786,-0.1109993015997389,13.983973094480875,307.5795540344354
0.00026717037320365716,-0.11099928669857771,13.983973094480875,307.5795540344354
0.0002671700236734709,-0.1109993015997389,13.983973109382037,307.5795540344354
0.00026717002334956925,-0.1109993015997389,13.983973094480875,307.57955404933654
0.00026717004586998615,-0.11099946015142641,13.984107102345975,307.57955358544723
0.0002671700245454138,-0.11099933841903382,13.98400421414403,307.57955393017016
0.0002671703679213859,-0.11099932351787263,13.98400421414403,307.57955393017016
0.00026717002488868134,-0.11099933841903382,13.98400422904519,307.57955393017016
0.0002671700245705822,-0.11099933841903382,13.98400421414403,307.5795539450713
0.0002671700333106578,-0.11099940708459857,13.984062250270185,307.5795537357224
0.0002671700269853481,-0.11099936542650062,13.984027040851355,307.5795538536902
0.00026717002542931214,-0.11099934997269725,13.984013979298808,307.5795538974524
0.00026717002489068365,-0.11099934331381357,13.984008351211221,307.57955391630907
0.0002671700246870113,-0.11099934050010453,13.98400597306471,307.579553924277
0.0002671700246046528,-0.11099933930396312,13.984004962086146,307.5795539276642
0.000267170024570403,-0.11099933879544979,13.98400453229075,307.57955392910424
0.00026717002455607533,-0.11099933857916709,13.984004349488645,307.5795539297167
0.0002671700245499403,-0.11099933848714906,13.984004271715015,307.5795539299773
0.0002671700245473068,-0.11099933844800995,13.98400423863464,307.57955393008814
