Angle (degree),rho (mOhm cm),Delta rho (mOhm cm),rho/rho(theta=0)
102.08195075364685,3.889279035352245,-0.17329786472100572,0.9573428715360733
102.08195075364685,3.889276891251706,-0.17330000882154462,0.9573423437674694
102.08195075364685,3.8892477270635557,-0.17332917300969486,0.9573351650262745
102.08195075364685,3.8893292139360867,-0.1732476861371639,0.9573552229536775
101.91869215209302,3.8893626663253147,-0.17321423374793588,0.9573634572320803
101.75183754609968,3.8894046958535013,-0.17317220421974922,0.9573738027662623
101.75183754609968,3.8893566621070024,-0.1732202379662482,0.9573619792986258
101.58354453833053,3.8891623808100544,-0.17341451926319618,0.9573141571153843
101.41597073144929,3.8888716024631957,-0.17370529761005482,0.9572425822617849
101.24839692456806,3.888333362494794,-0.17424353757845656,0.9571100949312947
101.0808231176868,3.887633435978457,-0.17494346409479355,0.9569378085885244
100.91324931080557,3.887009849756554,-0.17556705031669662,0.956784313347144
100.7399218968211,3.886451452295871,-0.17612544777737948,0.9566468642663223
100.57306729082775,3.885712926812209,-0.17686397326104153,0.9564650768191361
100.40477428305861,3.8847256532466785,-0.17785124682657205,0.9562220602338961
100.40477428305861,3.8834819113637344,-0.17909498870951612,0.9559159141809016
100.23720047617738,3.8821279479770205,-0.18044895209623002,0.9555826371943934
100.06962666929613,3.880691640077559,-0.1818852599956915,0.9552290911730404
99.90205286241489,3.8791588351281865,-0.18341806494506407,0.9548517924813296
99.73447905553363,3.877258054634111,-0.18531884543913968,0.9543839169085517
99.56690524865239,3.875262062813645,-0.1873148372596054,0.9538926051452151
99.39933144177115,3.873381010254937,-0.18919588981831348,0.953429585587684
99.2317576348899,3.8715694361321367,-0.1910074639411139,0.9529836680906472
99.06418382800867,3.869702536110593,-0.19287436396265756,0.9525241321686293
98.89661002112742,3.86780132679641,-0.19477557327684059,0.9520561510421307
98.89661002112742,3.8659202742377023,-0.19665662583554822,0.9515931314845998
98.72831701335828,3.863888257107361,-0.19868864296588962,0.9510929521205354
98.56074320647704,3.861525576202514,-0.20105132387073654,0.9505113801372937
98.39316939959579,3.8592859821414724,-0.20329091793177811,0.9499601058805527
98.22559559271455,3.8569966397903057,-0.20558026028294485,0.9493965861226558
98.0580217858333,3.8545614787087974,-0.20801542136445317,0.9487971732028746
97.89044797895207,3.8521310346484743,-0.21044586542477628,0.9481989213740221
97.7221549711829,3.849737903831957,-0.21283899624129354,0.9476098541697867
97.55458116430167,3.8472821564380615,-0.21529474363518908,0.9470053739459535
97.55458116430167,3.8446895977464997,-0.2178873023267509,0.9463672177324638
97.38700735742043,3.8422051157213652,-0.2203717843518853,0.9457556645025201
97.22015275142708,3.8397673817192106,-0.22280951835403995,0.9451556182604143
97.05185974365794,3.8373678171274683,-0.22520908294578224,0.9445649673876397
96.8842859367767,3.834778260913466,-0.2277986391597846,0.9439275502315594
96.71455452723174,3.831926660247038,-0.23065023982621247,0.9432256310466262
96.54841912212632,3.8292629085759424,-0.23331399149730814,0.9425699507391229
96.38084531524507,3.826494938882585,-0.2360819611906657,0.9418886172501968
96.21327150836383,3.8237621375956907,-0.23881476247755984,0.9412159404359204
96.21327150836383,3.8208204729177733,-0.2417564271554773,0.940491852067805
96.0464169023705,3.817857793844165,-0.24471910622908544,0.9397625910232805
95.87812389460134,3.8147527280746862,-0.24782417199856432,0.9389982816093657
95.7105500877201,3.8117115638693004,-0.25086533620395013,0.9382497015134835
95.53794187462354,3.8088346598693,-0.2537422402039504,0.9375415539335697
95.3703680677423,3.8058676918578103,-0.2567092082154403,0.9368112371704739
95.20279426086105,3.802685856973788,-0.25989104309946276,0.9360280311014477
95.03522045397982,3.7996056657177744,-0.2629712343554762,0.9352698445287929
94.86764664709857,3.7965108923676842,-0.2660660077055663,0.9345080685855401
94.86764664709857,3.793514760904847,-0.2690621391684034,0.9337705732626127
94.70007284021732,3.7903732402685812,-0.2722036598046693,0.9329972905128857
94.53249903333607,3.7870528780696593,-0.2755240220035913,0.9321799860579566
94.36420602556693,3.7838826220653505,-0.27869427800790003,0.9313996301207553
94.19231701335828,3.780830736620467,-0.28174616345278336,0.93064841100049
94.02474320647703,3.7778959345378818,-0.2846809655353688,0.9299260118546344
93.8564501987079,3.7749594171748653,-0.2876174828983853,0.9292031904938958
93.68887639182664,3.771998882201796,-0.29057801787145454,0.9284744572179753
93.5213025849454,3.768806324604668,-0.29377057546858243,0.9276886117618387
93.5213025849454,3.7656883920215445,-0.2968885080517061,0.9269211351922094
93.35372877806415,3.7627158486118493,-0.2998610514614013,0.9261894460493795
93.18615497118292,3.759759173756553,-0.30281772631669757,0.9254616629383096
93.01858116430166,3.7567720489895877,-0.30580485108366284,0.9247263846062461
92.85100735742043,3.7537904988840216,-0.30878640118922895,0.9239924784725524
92.67839914432386,3.7509607717271094,-0.31161612834614116,0.9232959434341975
92.51082533744263,3.7480993074614,-0.3144775926118504,0.9225915963323229
92.33821712434607,3.7453377708064637,-0.3172391292667869,0.9219118463305723
92.17064331746484,3.742747356952245,-0.3198295431210054,0.9212742180670503
92.17064331746484,3.7402332819188513,-0.32234361815439927,0.9206553805421905
92.00235030969567,3.7380086995087978,-0.3245682005644528,0.9201078013911317
91.83046129748702,3.7358986268035914,-0.32667827326965915,0.9195884087107942
91.66288749060578,3.7337911277558353,-0.32878577231741524,0.9190696495341449
91.49531368372455,3.731867187291921,-0.33070971278132966,0.9185960731536266
91.32198626974008,3.730180844850269,-0.33239605522298143,0.9181809813330578
91.15513166374673,3.728486353352963,-0.3340905467202875,0.9177638836290671
90.98683865597759,3.726758838286536,-0.3358180617867146,0.9173386572003943
90.81998404998426,3.7253366836610424,-0.33724021641220814,0.9169885949959181
90.81998404998426,3.7242168869989225,-0.33836001307432806,0.9167129579582292
90.6516910422151,3.723532400216877,-0.3390444998563735,0.916544472093498
90.48411723533387,3.7233955889192103,-0.33918131115404027,0.9165107961038412
90.3165434284526,3.7238926562628367,-0.33868424381041384,0.9166331488262273
90.14896962157137,3.7249772852552967,-0.33759961481795386,0.91690012937063
89.98139581469012,3.7264406125055656,-0.336136287567685,0.9172603261832104
89.81382200780888,3.7281784199913823,-0.33439848008186823,0.9176880860825456
89.64552900003974,3.729953539984201,-0.3326233600890496,0.9181250304251343
89.4779551931585,3.7317642572035914,-0.33081264286965917,0.9185707369960937
89.4779551931585,3.7336813350721725,-0.3288955650010781,0.9190426241543519
89.31038138627726,3.7355894069816884,-0.32698749309156216,0.9195122945031104
89.142807579396,3.7374048412222627,-0.3251720588509879,0.9199591621649981
88.97523377251477,3.7392584456100537,-0.32331845446319685,0.9204154253775806
88.80765996563353,3.7412737365457818,-0.3213031635274688,0.9209114876024438
88.63936695786438,3.7435373474800717,-0.31903955259317884,0.9214686735930029
88.47251235187105,3.745915896939318,-0.31666100313393253,0.9220541516080045
88.29990413877448,3.7484364042743272,-0.31414049579892334,0.9226745724386758
88.13233033189324,3.7512609848531424,-0.31131591522010815,0.9233698406510176
88.13233033189324,3.7542223774664274,-0.30835452260682317,0.9240987850343797
87.96475652501199,3.7571275872775582,-0.3054493127956923,0.9248139000666831
87.79646351724286,3.7600182149946146,-0.3025586850786359,0.9255254257283891
87.6288897103616,3.7629697440086174,-0.2996071560646332,0.9262519421948097
87.46131590348037,3.765905832551527,-0.2966710675217237,0.9269746580018278
87.29374209659913,3.768968868792819,-0.29360803128043145,0.9277286218815606
87.12616828971787,3.7720430565673246,-0.2905338435059259,0.9284853307021247
86.95859448283663,3.7751811459059255,-0.2873957541673251,0.929257768840722
86.79102067595538,3.7781922882829453,-0.2843846117903053,0.9299989590879676
86.62272766818624,3.7810065764423704,-0.2815703236308802,0.930691693829647
86.62272766818624,3.7840211493802522,-0.2785557506929983,0.931433728506659
86.45587306219291,3.7869666734391383,-0.2756102266341123,0.9321587668582612
86.28829925531166,3.789832426642729,-0.27274447343052177,0.9328641696787071
86.12000624754252,3.792691317987792,-0.26988558208545843,0.9335678834582571
85.95171323977337,3.795678442754758,-0.2668984573184927,0.9343031617903207
85.78485863378003,3.7986874410312392,-0.26388945904201133,0.9350438242689626
85.61225042068347,3.8016998698685813,-0.26087703020466924,0.9357853311773703
85.44395741291433,3.804672413278278,-0.2579044867949727,0.9365170203202006
85.27710280692098,3.8076243703755837,-0.2549525296976669,0.9372436421589779
85.27710280692098,3.810614497620108,-0.2519624024531426,0.9379796595484508
85.10880979915184,3.8134154908825857,-0.24916140919066487,0.9386691217620589
84.9419551931585,3.8162276342046684,-0.2463492658685822,0.9393613285537707
84.77438138627726,3.8190187631310595,-0.24355813694219108,0.9400483626690735
84.60680757939602,3.8219205416445243,-0.24065635842872624,0.940762633090247
84.43851457162687,3.8248587750247762,-0.23771812504847434,0.9414858768472326
84.27094076474562,3.8277910041867145,-0.2347858958865361,0.9422076426707633
84.10336695786437,3.830525091933932,-0.23205180813931836,0.9428806361462021
83.93579315098313,3.8332536042829446,-0.22932329579030597,0.9435522572419069
83.93579315098313,3.835969251291921,-0.22660764878132955,0.9442207115446248
83.767500143214,3.8386818950865353,-0.22389500498671522,0.94488842660857
83.59561113100534,3.841410836255656,-0.22116606381759452,0.9455601532579957
83.4273181232362,3.8441170477486537,-0.21845985232459686,0.946226285016129
83.26046351724284,3.8466645744344703,-0.21591232563878027,0.9468533566380276
83.0921705094737,3.8491186058111317,-0.21345829426211882,0.9474574144656142
82.92531590348035,3.8515460473938963,-0.21103085267935429,0.9480549272370575
82.75702289571122,3.85395547558492,-0.20862142448833065,0.9486480060267736
82.58944908882997,3.8563657621529623,-0.20621113792028822,0.9492412961052946
82.58944908882997,3.8586336612883305,-0.20394323878492004,0.9497995376330617
82.42187528194873,3.8608046345536806,-0.20177226551956995,0.9503339209367503
82.25430147506749,3.8628628126578106,-0.19971408741543994,0.9508405398032369
82.08672766818624,3.8649145584603235,-0.19766234161292706,0.9513455753639117
81.919153861305,3.866914838481868,-0.19566206159138266,0.9518379426644564
81.75158005442375,3.868807470657092,-0.1937694294161587,0.9523038125351757
81.58328704665462,3.870647351327828,-0.19192954874542245,0.9527566976659662
81.41067883355805,3.8725498478391382,-0.19002705223411231,0.9532249956349906
81.24310502667682,3.874514960191024,-0.18806193988222653,0.9537087064422496
81.24310502667682,3.8763677069385998,-0.18620919313465079,0.9541647585473906
81.07121601446815,3.8781055144244156,-0.18447138564883492,0.9545925184467255
80.90364220758691,3.879756260376302,-0.18282063969694873,0.9549988482202879
80.73534919981776,3.8813598302219035,-0.1812170698513471,0.955393565633655
80.56777539293653,3.8829110766463204,-0.17966582342693016,0.9557754036794501
80.40020158605527,3.8843568193249554,-0.1782200807482952,0.9561312720640237
80.22831257384662,3.885906350468941,-0.17667054960430972,0.9565126878949358
80.06001956607747,3.8875133508754045,-0.17506354919784606,0.9569082497380691
79.89244575919624,3.889001551902334,-0.17357534817091658,0.9572745692105454
79.89244575919624,3.890454157176302,-0.17212274289694873,0.9576321268173791
79.72487195231498,3.891968949470736,-0.17060795060251444,0.958004991708726
79.55657894454585,3.8933353501141834,-0.16924154995906715,0.9583413301158642
79.38972433855251,3.894673016126392,-0.16790388394685873,0.9586705955168919
79.22215053167126,3.8960724403389597,-0.16650445973429084,0.9590150626487123
79.05457672479001,3.897443987560503,-0.16513291251274742,0.9593526678818634
78.88700291790877,3.8987117463166965,-0.16386515375655408,0.9596647256686761
78.71870991013962,3.89992546710808,-0.1626514329651707,0.9599634820543981
78.55113610325839,3.9012155274570914,-0.16136137261615913,0.9602810293601458
78.55113610325839,3.9023902204610414,-0.16018667961220912,0.960570179087731
78.38356229637715,3.9035194526391384,-0.1590574474341122,0.9608481386700042
78.2159884894959,3.904743037029802,-0.15783386304344837,0.9611493229726673
78.04769548172675,3.9060369574965894,-0.15653994257666115,0.9614678204432663
77.88012167484551,3.907279842476122,-0.15529705759712842,0.961773755570183
77.71254786796428,3.90844123984632,-0.1541356602269306,0.9620596325883329
77.54497406108302,3.9096875553867148,-0.1528893446865358,0.9623664121450158
77.37740025420179,3.910869110249192,-0.15170778982405864,0.962657250913497
77.20982644732054,3.9119949111296233,-0.1505819889436273,0.9629343658846403
77.0422526404393,3.913161883898025,-0.14941501617522546,0.9632216152825239
77.0422526404393,3.9142194935396777,-0.14835740653357288,0.9634819450356994
76.87467883355805,3.915237217753681,-0.1473396823195694,0.9637324570232966
76.70710502667681,3.9163441483389585,-0.14623275173429207,0.9640049270866342
76.53881201890766,3.9174660891016164,-0.14511081097163414,0.964281091892927
76.37195741291433,3.9185597240531416,-0.144017176020109,0.9645502892468294
76.20366440514518,3.919537991659605,-0.14303890841364542,0.9647910890225693
76.03105619204862,3.920493528853142,-0.1420833712201084,0.9650262937256532
75.86348238516739,3.921442203451347,-0.14113469662190337,0.9652598092064771
75.69662777917404,3.9222810861026933,-0.14029581397055724,0.9654662994888717
75.69662777917404,3.923145701644524,-0.13943119842872642,0.9656791239013316
75.52833477140489,3.924066928071813,-0.13850997200143755,0.9659058830372073
75.36076096452365,3.9250288983037707,-0.1375480017694799,0.9661426712274666
75.1931871576424,3.926023892104848,-0.13655300796840253,0.9663875881424078
75.02561335076116,3.9270866483245963,-0.13549025174865426,0.966649184721596
74.85803954387991,3.9280010128933576,-0.134575887179893,0.9668742548165755
74.68974653611077,3.9288523328014366,-0.13372456727181392,0.9670838065196002
74.52289193011744,3.9296230242140036,-0.132953875859247,0.967273511584027
74.35459892234829,3.930401435125315,-0.13217546494793542,0.9674651167967917
74.35459892234829,3.931276343086535,-0.1313005569867154,0.9676804746799136
74.18702511546705,3.932098499543268,-0.1304784005299826,0.9678828478231071
74.0194513085858,3.93294467287325,-0.12963222720000056,0.9680911327001187
73.85187750170456,3.933775835289049,-0.12880106478420172,0.9682957226528119
73.68430369482331,3.934684625196409,-0.1278922748768414,0.9685194205494214
73.51601068705416,3.9355977033048477,-0.12697919676840286,0.9687441739832388
73.34915608106083,3.9365583863396774,-0.1260185137335732,0.9689806453309718
73.18086307329168,3.9374358679583485,-0.12514103211490202,0.9691966367177823
73.00825486019512,3.9383257868337527,-0.12425111323949789,0.9694156895252228
73.00825486019512,3.9392290013429094,-0.12334789873034113,0.9696380150420988
72.83636584798647,3.9401875402771993,-0.12238935979605126,0.9698739586212277
72.66879204110522,3.941091611689767,-0.1214852883834836,0.9700964950641813
72.50121823422398,3.942077598794974,-0.12049930127827668,0.9703391949882588
72.33292522645483,3.94273163566535,-0.11984526440790066,0.9705001856319964
72.1653514195736,3.9436275587590663,-0.11894934131418422,0.9707207163728915
71.99777761269236,3.9445251978700178,-0.1180517022032328,0.9709416695100334
71.8251693995958,3.9453580755662476,-0.11721882450700294,0.9711466816776098
71.65759559271454,3.9463170440574515,-0.11625985601579902,0.9713827309918237
71.65759559271454,3.94724556190018,-0.11533133817307073,0.9716112849036799
71.4900217858333,3.9480235439913822,-0.11455335608186834,0.9718027845627235
71.32172877806417,3.9487444849034117,-0.11383241516983889,0.9719802435819033
71.15415497118292,3.9495391931892283,-0.11303770688402226,0.9721758603801484
70.98730036518957,3.9504582755159787,-0.11211862455727184,0.9724020917474201
70.81972655830833,3.951425392326033,-0.1111515077472176,0.9726401467636924
70.65143355053918,3.9524152395490124,-0.11016166052423815,0.9728837968526204
70.48457894454585,3.953445401019749,-0.10913149905350172,0.9731373702608475
70.3162859367767,3.9543606232287263,-0.10821627684452428,0.9733626514632687
70.3162859367767,3.954849542990306,-0.10772735708294467,0.9734829986649601
70.14871212989546,3.9554744156725317,-0.1071024844007189,0.9736368105675026
69.9811383230142,3.956285850152963,-0.1062910499202876,0.9738365445049493
69.81356451613297,3.9573104362254936,-0.10526646384775695,0.9740887455334424
69.64527150836382,3.9583573238908447,-0.10421957618240585,0.974346436080871
69.47841690237048,3.959308572146499,-0.10326832792675145,0.9745805850653831
69.31012389460135,3.960279977894435,-0.10229692217881547,0.974819695800227
69.1425500877201,3.9612175016962308,-0.1013593983770198,0.9750504665215833
68.97497628083886,3.9623840463813296,-0.10019285369192099,0.97533761054711
68.80740247395761,3.963632506022263,-0.09894439405098776,0.9756449178723968
68.80740247395761,3.9648157761651706,-0.09776112390808,0.9759361788557609
68.63910946618847,3.965868239228726,-0.09670866084452445,0.9761952417829234
68.47225486019512,3.9666329264229803,-0.0959439736502703,0.9763834689138954
68.30468105331387,3.9674019018183126,-0.09517499825493791,0.9765727515820755
68.13710724643263,3.9682450734075405,-0.09433182666571005,0.9767802975830416
67.9695334395514,3.969163726914183,-0.0934131731590675,0.9770064233965926
67.80124043178225,3.9701235523087974,-0.09245334776445313,0.9772426836368843
67.63438582578891,3.9712364871123884,-0.09134041296086215,0.9775166316336769
67.46177761269234,3.9723417016804308,-0.0902351983928198,0.9777886793007677
67.46177761269234,3.973434050908438,-0.08914284916481252,0.978057560174872
67.29420380581111,3.9742514888703777,-0.08832541120287285,0.9782587718644095
67.12591079804196,3.974956990784919,-0.08761990928833141,0.9784324305869135
66.95833699116072,3.9757624210470373,-0.08681447902621331,0.9786306865909054
66.79076318427947,3.976565707208618,-0.08601119286463277,0.9788284148262937
66.62318937739823,3.9773921518664275,-0.08518474820682309,0.9790318435066947
66.45489636962908,3.978317667968403,-0.08425923210484765,0.9792596585425057
66.28804176363575,3.979299366135727,-0.08327753393752335,0.9795013027480115
66.12046795675451,3.980443180407899,-0.08213371966535155,0.9797828517008821
66.12046795675451,3.981846464001437,-0.08073043607181374,0.9801282688161895
65.95217494898536,3.9833664028739677,-0.07921049719928286,0.9805024005335494
65.78460114210411,3.984331803666787,-0.0782450964064636,0.9807400331535748
65.61702733522287,3.985125654312388,-0.07745124576086271,0.9809354388443783
65.44945352834162,3.9859014915662483,-0.07667540850700227,0.9811264105534544
65.28187972146038,3.986773397786715,-0.07580350228653554,0.9813410295605313
65.11358671369123,3.987722501941832,-0.0748543981314187,0.9815746507764397
64.94601290681,3.988661741760862,-0.07391515831238848,0.9818058438940428
64.77843909992875,3.9895868283059244,-0.07299007176732619,0.982033553194769
64.77843909992875,3.990586967948295,-0.07198993212495575,0.9822797367543596
64.61086529304751,3.991510339212926,-0.07106656086032448,0.9825070238402027
64.44329148616627,3.9926262764940756,-0.06995062357917492,0.9827817108944046
64.27571767928502,3.993745215515979,-0.06883168455727162,0.9830571368246517
64.10814387240379,3.994838850467505,-0.06773804960574559,0.9833263341785544
63.94057006552254,3.995837703649551,-0.06673919642369963,0.9835722010769824
63.77227705775339,3.9968785870965893,-0.06569831297666129,0.9838284136909564
63.605422451760056,3.9979211865608626,-0.06465571351238797,0.9840850487011773
63.437848644878805,3.9989560650527833,-0.06362083502046723,0.9843397832003328
63.26955563710966,4.000037692304488,-0.06253920776876232,0.98460602486869
63.26955563710966,4.001161777167685,-0.061415122905565944,0.9848827174435865
63.10198183022842,4.002324890555117,-0.06025200951813314,0.9851690168579832
62.934408023347174,4.003385931494434,-0.05919096857881634,0.9854301912222883
62.76611501557803,4.004357765325674,-0.058219134747576895,0.985669407329489
62.599260409584694,4.005441536677918,-0.057135363395332206,0.9859361767664504
62.43168660270345,4.006559618059605,-0.056017282013645975,0.9862113915892556
62.26411279582221,4.007722730710234,-0.05485416936301668,0.9864976908222888
62.09653898894097,4.0088618272244165,-0.05371507284883403,0.9867780785028671
61.92824598117182,4.009976048488331,-0.052600851584919894,0.987052343160822
61.92824598117182,4.01115288559282,-0.05142401448043099,0.9873420206570112
61.759952973402676,4.01224652128115,-0.05033037879210056,0.9876112181922776
61.59309836740933,4.013214066174506,-0.049362833898744185,0.9878493785809066
61.42552456052809,4.014193620241293,-0.04838327983195789,0.9880904950178087
61.257231552758945,4.015180036903411,-0.0473968631698396,0.9883333006769706
61.089657745877695,4.01621148483447,-0.046365415238780905,0.9885871907463598
60.92280313988436,4.017278529255297,-0.04529837081795396,0.9888498428627561
60.754510132115215,4.018313408484022,-0.04426349158922882,0.9891045775432754
60.586217124346064,4.019265085559785,-0.04331181451346566,0.9893388320815085
60.41936251835273,4.020271230157272,-0.042305669915978505,0.9895864937559175
60.41936251835273,4.021186452366249,-0.041390447707001954,0.9898117749583385
60.251069510583584,4.022086664397846,-0.04049023567540466,0.9900333614178048
60.08421490459025,4.023050349910235,-0.03952655016301598,0.9902705718229473
59.916641097709004,4.024029046336804,-0.038547853736446314,0.9905114771524075
59.74906729082775,4.025086227158349,-0.0374906729149016,0.9907717013518622
59.58149348394651,4.026189726445961,-0.036387173627289826,0.9910433268040701
59.413200476177366,4.027205305822621,-0.035371594250629634,0.9912933108416996
59.24059226308081,4.028159985375943,-0.034416914697307455,0.991528304437342
59.07373765708747,4.029184142628367,-0.03339275744488379,0.9917803999121145
59.07373765708747,4.030230601473609,-0.03234629859964144,0.9920379849058222
58.904725448430426,4.031194286985997,-0.03138261308725365,0.9922751953109644
58.737870842437076,4.032169552114901,-0.03040734795834954,0.9925152560292948
58.57029703555583,4.033167977213645,-0.029408922859605724,0.992761017555366
58.402723228674596,4.034210147121006,-0.028366752952244667,0.9930175468305023
58.230115015578036,4.035232159536087,-0.027344740537163403,0.9932691143553073
58.06254120869679,4.0362670387648105,-0.02630986130844004,0.9935238490358261
57.89496740181554,4.037424147933932,-0.025152752139318224,0.9938086705167686
57.7266743940464,4.038536225097307,-0.024040674975943865,0.9940824074061194
57.7266743940464,4.039506772468223,-0.02307012760502758,0.9943213068521579
57.55910058716516,4.040566097390306,-0.022010802682944863,0.9945820588202163
57.39152678028392,4.041670454318133,-0.020906445755117353,0.9948538953798658
57.22467217429057,4.042771380685099,-0.019805519388151893,0.9951248875097491
57.056379166521424,4.043754794869659,-0.018822105203591732,0.9953669541115019
56.88880535964018,4.044737779497307,-0.01783912057594339,0.9956089149781702
56.721231552758944,4.0456637244193905,-0.01691317565386008,0.9958368355677021
56.5536577458777,4.046615401495153,-0.01596149857809781,0.996071090105935
56.38608393899646,4.047610394559426,-0.014966505513824835,0.9963160068395124
56.38608393899646,4.048692450631239,-0.013884449442011615,0.9965823540615905
56.21851013211522,4.049760782249193,-0.012816117824058004,0.9968453230205127
56.05093632523397,4.0507206076438065,-0.011856292429444082,0.9970815832608042
55.88264331746482,4.051660705103052,-0.010916194970198134,0.9973129874858488
55.71506951058358,4.05270973686894,-0.009867163204310359,0.997571205801881
55.54677650281444,4.0538016565400365,-0.008775243533214017,0.9978399809409009
55.379921896821095,4.054851546682945,-0.007725353390305223,0.9980984105457386
55.21234808993986,4.055790357681867,-0.006786542391383321,0.9983294981096208
55.044055082170715,4.0567699117486535,-0.005806988324597029,0.9985706145465229
55.044055082170715,4.057707864370556,-0.004869035702694369,0.9988014908215999
54.877200476177364,4.058588347729983,-0.003988552343267671,0.999018221084456
54.70890746840822,4.059427230381329,-0.0031496696919219858,0.9992247113668506
54.54133366152698,4.06039306073106,-0.0021838393421909075,0.9994624497219606
54.37375985464573,4.061243094178816,-0.0013338058944345477,0.9996716847638231
54.2061860477645,4.062107280163734,-0.00046961990951643884,0.9998844034411981
54.03789303999535,4.0629821881249555,0.00040528805170492177,1.0000997613243205
53.871038434002,4.063894837413286,0.001317937340035158,1.0003244092044168
53.70274542623286,4.064895835432675,0.002318935359424401,1.0005708040528125
53.535171619351615,4.065781465370198,0.003204565296947237,1.0007888011416817
53.535171619351615,4.066593757490844,0.004016857417593833,1.0009887461865699
53.36759781247037,4.067331425334291,0.004754525261040143,1.0011703225263144
53.200024005589135,4.06807981515404,0.005502915080789705,1.0013545380718063
53.03245019870789,4.068850077009695,0.006273176936444358,1.0015441374011482
52.86487639182664,4.069643498835189,0.007066598761938714,1.0017394375382314
52.6973025849454,4.070449357917416,0.007872457844165126,1.0019377990959442
52.52972877806416,4.071217904492639,0.00864100441938831,1.002126976210403
52.36143577029502,4.071983449327109,0.009406549253858643,1.0023154144488167
52.18954675808636,4.072780730533573,0.010203830460322472,1.0025116645693866
52.18954675808636,4.073628191060682,0.011051290987431628,1.0027202662889243
52.02197295120511,4.074442198461759,0.011865298388508805,1.0029206335486953
51.853679943435964,4.075253204122083,0.012676304048832243,1.003120261932421
51.68610613655472,4.0759771475116695,0.013400247438418944,1.0032984600090098
51.518532329673484,4.076677932405028,0.014101032331777397,1.003470957640586
51.35023932190434,4.077568280100539,0.01499138002728806,1.003690116001747
51.183384715911,4.078513095317773,0.015936195244522722,1.0039226814990838
51.01581090902976,4.078777711954039,0.016200811880788812,1.0039878166688971
50.847517901260616,4.078803015287613,0.016226115214362125,1.003994045063878
50.847517901260616,4.079702798499103,0.017125898425851993,1.0042155259696237
50.67562888905195,4.080872773745063,0.0182958736718124,1.0045035144249166
50.508055082170706,4.081898646277918,0.019321746204667534,1.004756032114572
50.34048127528947,4.082900073117416,0.020323173044165088,1.0050025325166887
50.172907468408226,4.08366861969264,0.02109171961938916,1.0051917096311478
50.00461446063908,4.084279769394614,0.02170286932136367,1.0053421436332621
49.83704065375783,4.084869045587075,0.022292145513824302,1.0054871934887983
49.66946684687659,4.0854540328416515,0.022877132768400976,1.0056311876257624
49.501893039995345,4.08597383133501,0.023396931261759235,1.0057591356021685
49.501893039995345,4.086657889296949,0.024080989223698168,1.005927515913179
49.33431923311411,4.087398559617954,0.0248216595447035,1.0061098313103332
49.166026225344964,4.087193127524596,0.02461622745134573,1.0060592643676238
48.999171619351614,4.0878321534807895,0.02525525340753898,1.0062165600870432
48.83159781247037,4.088875610585279,0.026298710512028478,1.0064734062047058
48.664024005589134,4.089735936452424,0.027159036379173607,1.0066851747172303
48.49573099781998,4.090411417275405,0.027834517202154352,1.0068514437724618
48.32815719093875,4.091000264647756,0.028423364574505783,1.006996388074277
48.1605833840575,4.091719919836266,0.029143019763015587,1.007173530613658
48.1605833840575,4.092524062901258,0.029947162828007023,1.007371469775124
47.99300957717626,4.093150651600719,0.030573751527468218,1.0075257040739136
47.82471656940711,4.093729205816877,0.031152305743626485,1.0076681147237028
47.65786196341377,4.094411119678276,0.03183421960502564,1.0078359672661092
47.48956895564462,4.094973377256732,0.03239647718348149,1.0079743665117815
47.322714349651285,4.095464440382047,0.03288754030879648,1.0080952413007132
47.15442134188214,4.096003967547577,0.03342706747432622,1.0082280454737296
46.9868475350009,4.096521621203591,0.033944721130340305,1.0083554655001676
46.81423932190433,4.0969573599037705,0.03438045983051996,1.0084627222268456
46.646665515023095,4.097344635300538,0.03476773522728749,1.0085580497508024
46.646665515023095,4.097784234118492,0.03520733404524101,1.0086662566423312
46.47909170814185,4.098249136270018,0.03567223619676785,1.0087806919288407
46.31151790126061,4.0987329087166975,0.036156008643446924,1.0088997721231554
46.14394409437937,4.099210677681867,0.03663377760861675,1.009017374565379
45.97565108661022,4.099717180541472,0.03714028046822104,1.0091420498323493
45.80879648061688,4.100218537559785,0.037641637486534485,1.009265458454671
45.64050347284773,4.100728042896948,0.0381511428236978,1.0093908727790506
45.46861446063908,4.101178362954399,0.03860146288114841,1.0095017186949624
45.30104065375784,4.101592657701976,0.03901575762872511,1.0096036970101467
45.30104065375784,4.102065708909156,0.03948880883590533,1.009720138180078
45.12771323977337,4.102517744247038,0.039940844173787404,1.009831406310873
44.96085863378003,4.102988221796769,0.04041132172351869,1.0099472139771164
44.79328482689879,4.103469421322802,0.04089252124955145,1.0100656608491063
44.62499181912964,4.103854552619031,0.041277652545780086,1.0101604606044592
44.457418012248404,4.104223386540754,0.041646486467503685,1.0102512487743316
44.28984420536716,4.1046689895770205,0.04209208950376997,1.0103609335993151
44.121551197598016,4.105110732495512,0.0425338324222615,1.0104696682594474
43.954696591604666,4.105382210990307,0.04280531091705608,1.0105364924701572
43.954696591604666,4.105639965768043,0.04306306569479279,1.010599938599074
43.78712278472343,4.105987355737164,0.04341045566391344,1.0106854483574528
43.619548977842186,4.106309442372711,0.043732542299460775,1.0107647297208509
43.45125597007304,4.106643107887972,0.044066207814721814,1.0108468612160737
43.284401364079706,4.1071028634614,0.04452596338814985,1.0109600296765697
43.116108356310555,4.107617086556553,0.04504018648330277,1.011086605273242
42.948534549429304,4.107962761245243,0.045385861171992836,1.0111716928167378
42.78096074254807,4.108143746908438,0.045566846835187746,1.0112162422905437
42.613386935666824,4.108452537910234,0.045875637836983785,1.0112922509445068
42.613386935666824,4.108812794692999,0.04623589461974831,1.0113809278586
42.44509392789768,4.109142172007182,0.04656527193393156,1.011462003816615
42.278239321904344,4.109404644542908,0.04682774446965787,1.0115266112178243
42.10994631413519,4.10962594445386,0.04704904438060975,1.0115810840109294
41.94309170814185,4.109830947727109,0.04725404765385832,1.0116315453999176
41.774798700372706,4.110056536575943,0.04747963650269238,1.0116870739115944
41.60722489349146,4.110299280439498,0.04772238036624721,1.0117468251161934
41.43965108661022,4.110571617311311,0.04799471723806015,1.0118138606157079
41.27207727972898,4.110861966838061,0.04828506676481048,1.0118853299155863
41.27207727972898,4.111082409108798,0.04850550903554751,1.0119395916012501
41.10450347284774,4.111277548045961,0.04870064797271034,1.011987624891933
40.93692966596649,4.111446096452424,0.048869196379173196,1.0120291129451093
40.769355859085245,4.111650670905567,0.04907377083231612,1.0120794687803771
40.6010628513161,4.112310283174147,0.04973338310089659,1.0122418318038484
40.43348904443486,4.112553027037702,0.04997612696445142,1.0123015830084472
40.26591523755362,4.11250113317343,0.049924233100179016,1.01228880937596
40.09762222978448,4.112395200607541,0.04981830053429004,1.0122627341610178
39.93004842290323,4.11246510712675,0.04988820705349983,1.0122799415938688
39.76319381690988,4.112649952907721,0.05007305283447039,1.012325441232526
39.76319381690988,4.112842947744345,0.05026604767109433,1.012372946754605
39.59562001002865,4.1129763284811505,0.050399428407899904,1.0124057783144957
39.4280462031474,4.1130599587174155,0.05048305864416491,1.0124263638291389
39.25975319537826,4.113183475854938,0.05060657578168737,1.0124567674720877
39.0871449822817,4.113481544880431,0.050904644807180155,1.0125301369203035
38.92029037628836,4.113678827918133,0.051101927844882766,1.0125786979795905
38.751997368519206,4.113746161516697,0.051169261443446246,1.0125952720901168
38.58442356163797,4.113788191781688,0.0512112917084373,1.0126056178056626
38.416849754756726,4.113840514466069,0.05126361439281801,1.0126184969918708
38.416849754756726,4.113887261752245,0.051310361678994276,1.0126300037983451
38.24927594787548,4.114005202754758,0.051428302681507,1.0126590348801963
38.081702140994246,4.114093122665709,0.05151622259245858,1.0126806762947749
37.91340913322509,4.114082829509516,0.05150592943626542,1.012678142642749
37.745835326343844,4.114155309686176,0.051578409612925036,1.0126959835792881
37.57898072035051,4.11426467354973,0.05168777347647957,1.0127229034053602
37.410687712581364,4.114259526971634,0.05168262689838343,1.0127216365793474
37.24311390570012,4.1142766819863565,0.05169978191310598,1.0127258592722697
37.075540098818884,4.114397624729624,0.05182072465637333,1.0127556292301665
37.075540098818884,4.114441799095154,0.05186489902190328,1.0127665027143162
36.90796629193763,4.114495837796768,0.05191893772351719,1.0127798042967706
36.735358078841074,4.114491548858887,0.051914648785636786,1.0127787485781994
36.56706507107193,4.114534865584201,0.05195796551095011,1.0127894109549074
36.400210465078594,4.114479540422262,0.051902640349011264,1.0127757927112901
36.23263665819735,4.114320856351886,0.05174395627863504,1.0127367327564192
36.0650628513161,4.114192622193178,0.051615722119927376,1.0127051680225416
35.896769843546956,4.11411971319641,0.05154281312315945,1.0126872215322817
35.72919603666571,4.114129577532496,0.05155267745924519,1.0126896496305868
35.72919603666571,4.114181471396769,0.05160457132351848,1.0127024232630741
35.56162222978447,4.114015067090844,0.05143816701759363,1.0126614629785018
35.39404842290323,4.113798484201078,0.051221584127827846,1.0126081512763252
35.22647461602199,4.113723002283662,0.051146102210411826,1.01258957146374
35.05890080914074,4.113656097505207,0.05107919743195666,1.0125731029069347
34.88629259604418,4.1136376560301615,0.05106075595691095,1.01256856355285
34.71871878916294,4.113622645115979,0.051045745042728186,1.0125648686285318
34.54539137517848,4.113560458095512,0.05098355802226173,1.0125495613440185
34.37853676918514,4.113492266856733,0.05091536678348252,1.0125327761260505
34.37853676918514,4.113488835559067,0.05091193548581607,1.0125319315149206
34.21096296230389,4.113512852432317,0.05093595235906623,1.0125378432487389
34.042669954534745,4.113379042875405,0.050802142802154115,1.0125049061351277
33.87581534854141,4.113232367241652,0.050655467168401636,1.0124688020471657
33.707522340772265,4.11305266803878,0.050475767965528995,1.0124245692345217
33.54066773477892,4.112852811343627,0.05027591127037656,1.0123753746715465
33.37237472700978,4.112736157538242,0.05015925746499139,1.0123466604322215
33.20480092012853,4.112695413733573,0.050118513660322606,1.0123366313778377
33.03722711324729,4.112781189543986,0.0502042894707353,1.0123577450238124
33.03722711324729,4.112745592317415,0.050168692244164426,1.012348982795442
32.86965330636605,4.112585621786716,0.05000872171346504,1.0123096061794088
32.7020794994848,4.1124754002829444,0.049898500209693886,1.0122824752458948
32.53450569260357,4.112280690165888,0.04970379009263759,1.0122345475089325
32.366212684834416,4.11210956883878,0.04953266876552931,1.0121924261334319
32.19863887795318,4.1118831216129275,0.0493062215396769,1.01213668633295
32.03106507107193,4.111647668428007,0.04907076835475621,1.0120787297229676
31.863491264190685,4.111401493266786,0.048824593193535826,1.012018133907239
31.695917457309445,4.111233373680432,0.04865647360718128,1.0119767514077835
31.695917457309445,4.111148456247038,0.04857155617378783,1.0119558490506142
31.523309244212886,4.110898850524955,0.04832195045170451,1.011894408805119
31.355735437331646,4.110653961824058,0.04807706175080728,1.0118341296505526
31.188161630450395,4.110383769052783,0.047806868979532346,1.0117676219196419
31.02058782356915,4.110250817872891,0.047673917799640364,1.011734896094836
30.85301401668791,4.110249531412569,0.047672631339318094,1.0117345794336738
30.68544020980667,4.110210932445242,0.04763403237199171,1.0117250783292577
30.517147202037524,4.11008184064632,0.0475049405730692,1.0116933024879389
30.349573395156284,4.109807788494075,0.04723088842082479,1.011625844773541
30.349573395156284,4.109501570412927,0.046924670339676844,1.0115504694419029
30.176965182059718,4.109172621918852,0.04659572184560101,1.0114694990376085
30.01011057606638,4.10888699015009,0.046310090076839394,1.0113991910100224
29.841817568297234,4.108559328853141,0.04598242877989023,1.0113185374482538
29.674243761415994,4.108314868972353,0.0457379688991022,1.0112583638474086
29.50666995453475,4.108133024932137,0.04555612485888627,1.011213603084797
29.3390961476535,4.107871410773429,0.045294510700178314,1.0111492069723926
29.17152234077226,4.107601218002154,0.04502431792890338,1.0110826992414819
28.9981949267878,4.10737605797343,0.04479915790017941,1.0110272762835262
28.83134032079446,4.107157759803232,0.04458085972998127,1.0109735423664663
28.83134032079446,4.10685668830018,0.04427978822692946,1.0108994338608412
28.66376651391322,4.106607511398205,0.04403061132495445,1.0108380991690669
28.49619270703197,4.106432529953323,0.0438556298800723,1.0107950276287156
28.32861890015073,4.106300006856733,0.04372310678348246,1.0107624071762664
28.160325892381582,4.106175632815799,0.04359873274254866,1.0107317926072397
27.992752085500342,4.105876705413285,0.04329980534003486,1.010658211870218
27.8251782786191,4.105189645710594,0.042612745637343075,1.0104890926831624
27.656885270849955,4.10498978901544,0.04241288894218975,1.010439898120187
27.489311463968715,4.104863270137163,0.04228637006391267,1.0104087556011925
27.489311463968715,4.104698153028367,0.04212125295511626,1.0103681121591463
27.32173765708747,4.104453693147576,0.04187679307432557,1.0103079385583005
27.15416385020622,4.104212664564453,0.04163576449120221,1.0102486095685848
26.98227483799757,4.103958341084381,0.04138144101113017,1.0101860080507976
26.81470103111633,4.103677426336804,0.04110052626355376,1.0101168611141398
26.647127224235085,4.103416669818313,0.040839769745062426,1.0100526761091775
26.47883421646594,4.103248121411849,0.040671221338598684,1.010011188056001
26.309822007808894,4.1030632756308805,0.040486375557629906,1.0099656884173442
26.13937139737604,4.102744620292999,0.040167720219748126,1.0098872516650759
26.13937139737604,4.102374071090844,0.03979717101759306,1.0097960412803202
25.969639987831084,4.101979504278636,0.03940260420538522,1.0096989189803829
25.80350458272565,4.101636832067505,0.03905993199425417,1.0096145704942963
25.635930775844407,4.101270571803232,0.03869367172998128,1.0095244158281123
25.468356968963157,4.100968642659964,0.03839174258671374,1.0094500962150457
25.300783162081917,4.100734047115261,0.038157147042010564,1.0093923507125053
25.133209355200677,4.100380652927829,0.03780375285457804,1.009305363020672
24.96491634743153,4.100111317796768,0.037534417723517066,1.0092390663972024
24.793027335222877,4.100330903164094,0.037754003090843646,1.0092931171567885
24.793027335222877,4.100589944402155,0.0380130443289044,1.009356879946868
24.625453528341627,4.10010016700036,0.037523266927109056,1.0092363216377351
24.457879721460387,4.099477438418672,0.03690053834542173,1.0090830375037962
24.28958671369124,4.09895463818456,0.03637773811130973,1.008954350651345
24.12201290681,4.098490164853143,0.035913264779892096,1.0088400209185566
23.954439099928756,4.098137628305926,0.03556072823267531,1.008753244334165
23.786865293047516,4.097865720254219,0.03528882018096802,1.0086863143883704
23.618572285278372,4.097603677275404,0.035026777202153525,1.0086218127222457
23.45099847839712,4.097269153383125,0.03469225330987413,1.008539469938218
23.45099847839712,4.096789240317415,0.03421234024416453,1.0084213397273902
23.283424671515878,4.096467154418671,0.0338902543454207,1.0083420585453557
23.11657006552254,4.09624242247325,0.03366552239999976,1.0082867409597571
22.948277057753398,4.0958392785220825,0.03326237844883195,1.00818750740404
22.780703250872154,4.095476020735368,0.0328991206621172,1.0080980917952653
22.608095037775588,4.095162511975584,0.032585611902333333,1.0080209218690102
22.440521230894348,4.094894035221544,0.032317135148293374,1.007954836534346
22.272947424013104,4.094618695872172,0.03204179579892141,1.0078870619774223
22.10465441624396,4.094369518970198,0.03179261889694729,1.0078257272856481
22.10465441624396,4.094149075962658,0.03157217588940764,1.007771465418621
21.937799810250624,4.093829134164452,0.031252234091201814,1.0076927120051902
21.769506802481477,4.0935988275576305,0.03102192748437993,1.0076360222212213
21.601932995600226,4.093414410596768,0.030837510523517686,1.007590628136285
21.43507838960689,4.093113339830521,0.030536439757270273,1.0075165198120237
21.26750458272565,4.092825992044524,0.03024909197127368,1.0074457893881905
21.099211574956502,4.092444292045962,0.029867391972711488,1.0073518342439678
20.931637768075262,4.091979389894435,0.029402489821184652,1.0072373989574583
20.76406396119402,4.091531642757631,0.028954742684380363,1.0071271863638713
20.76406396119402,4.091131071727109,0.028554171653858873,1.0070285861304789
20.596490154312768,4.09073393273106,0.02815703265780911,1.0069308306895806
20.428916347431528,4.090292618632676,0.027715718559425007,1.006822201583169
20.261342540550288,4.0898534486348295,0.027276548561578906,1.0067141002453608
20.093768733669044,4.089524071320647,0.02694717124739654,1.006633024287346
19.926194926787804,4.089201985421904,0.0266250853486536,1.0065537431053118
19.757901919018657,4.088849877694795,0.026272977621544236,1.0064670720746407
19.590328112137417,4.088553952769839,0.025977052696588565,1.0063942303950284
19.422754305256166,4.088296626812209,0.025719726738958393,1.006330889819832
19.255180498374926,4.088106205633035,0.025529305559784277,1.0062840178014412
19.255180498374926,4.087864319409695,0.025287419336444295,1.0062244777042837
19.082572285278367,4.0875791164610416,0.025002216387790988,1.0061542752304184
18.914998478397127,4.087210282539319,0.024633382466068277,1.0060634870605463
18.747424671515887,4.0867663955202875,0.02418949544703697,1.0059542246318096
18.579850864634636,4.086406138737522,0.023829238664271557,1.0058655477177163
18.412277057753393,4.08607761980036,0.02350071972710932,1.0057846830485069
18.24398404998425,4.085764968680791,0.023188068607540302,1.0057077242296932
18.07712944399091,4.085365684110593,0.022788784037342857,1.0056094406574634
17.908836436221765,4.0850157212208265,0.022438821147575894,1.00552329757676
17.908836436221765,4.084714649717774,0.022137749644523197,1.0054491890711346
17.741262629340525,4.084355680132137,0.021778780058886227,1.0053608289995677
17.572969621571378,4.083890777980611,0.02131387790736028,1.0052463937130582
17.405395814690127,4.0835120797228015,0.02093517964955094,1.0051531774448808
17.237822007808887,4.083265046921365,0.02068814684811482,1.0050923705217105
17.070967401815548,4.08304246055009,0.020465560476839784,1.0050375810674428
16.902674394046404,4.0828001447698385,0.020223244696587983,1.0049779352352008
16.735100587165164,4.08255997382693,0.01998307375367947,1.0049188173529267
16.567526780283913,4.082293213090126,0.019716313016875375,1.0048531544145096
16.567526780283913,4.081998574625493,0.019421674552242862,1.0047806293960595
16.39995297340267,4.081684208225495,0.01910730815224415,1.0047032483623632
16.227344760306114,4.081333386958708,0.018756486885457058,1.0046168939928544
16.059770953424874,4.080990285927469,0.01841338585421859,1.004532439953047
15.892197146543632,4.0807260981113105,0.01814919803805992,1.0044674103369546
15.723904138774486,4.0804383215052065,0.017861421431955904,1.0043965743594008
15.55704953278114,4.080115806786355,0.01753890671310465,1.0043171876236456
15.389475725899898,4.079834892775583,0.017257992702332636,1.0042480408683516
15.221901919018656,4.079568560122083,0.016991660048832458,1.0041824833022917
15.221901919018656,4.079230605668941,0.016653705595690127,1.0040992960884974
15.054328112137414,4.07888064204237,0.016303741969119656,1.0040131528264304
14.88603510436827,4.078646904137882,0.016070004064631327,1.0039556184313314
14.718461297487028,4.078471922692998,0.0158950226197474,1.0039125468909798
14.550887490605787,4.078232180570199,0.015655280496948087,1.0038535345624267
14.382594482836643,4.077830323079354,0.01525342300610344,1.003754617667872
14.215020675955401,4.077479073729265,0.014902173656014206,1.0036681579260065
14.04744686907416,4.077194299600718,0.014617399527467434,1.0035980610058615
13.880592263080803,4.077009453819748,0.014432553746497767,1.0035525613672045
13.713018456199562,4.076869640044524,0.014292739971273782,1.0035181463201388
13.713018456199562,4.076746552463914,0.014169652390663146,1.0034878484122745
13.544006247542512,4.076258491079354,0.013681591006103666,1.0033677124993885
13.377151641549174,4.075914960491203,0.01333806041795249,1.0032831527244965
13.209577834667934,4.075767856037343,0.013190955964092588,1.003246943082814
13.042004027786692,4.075507528338958,0.012930628265707789,1.003182863631572
12.87443022090545,4.0751322613788155,0.012555361305564894,1.0030904919745245
12.706137213136305,4.074861639787433,0.012284739714182535,1.0030238786898928
12.53352900003974,4.074601312089048,0.012024412015797736,1.002959799238651
12.365955193158499,4.074261641618671,0.01168474154542043,1.0028761896286098
12.365955193158499,4.073940413360144,0.011363513286893223,1.002797119554017
12.194066180949836,4.073631621621545,0.011054721548294566,1.0027211107186906
12.026492374068594,4.07333827035404,0.010761370280789606,1.0026489025427667
11.85819936629945,4.072991738025135,0.010414837951884692,1.0025636038918295
11.691344760306112,4.072792310886895,0.010215410813644077,1.0025145150639387
11.52377095342487,4.07259931605027,0.01002241597701925,1.0024670095418597
11.355477945655725,4.072369009443448,0.009792109370197366,1.0024103197578909
11.187904138774483,4.072081233574148,0.009504333500897744,1.0023394839617008
11.020330331893241,4.071741991923878,0.00916509185062786,1.0022559799053805
11.020330331893241,4.071435345022621,0.008858444949370714,1.0021804990200212
10.852756525012001,4.07123334422693,0.008656444153679388,1.0021307766884422
10.684463517242856,4.071101679507361,0.008524779434110563,1.0020983675247985
10.516889710361614,4.0708370621342915,0.008260162061040965,1.0020332321736216
10.350035104368276,4.070537706648475,0.007960806575224133,1.0019595460642432
10.177426891271711,4.070144427033393,0.007567526960142068,1.0018627406068314
10.00985308439047,4.0698918180969486,0.007314918023697992,1.001800561122564
9.842279277509228,4.069758438096949,0.007181538023698586,1.0017677297440373
9.674705470627986,4.069609617625853,0.0070327175526028185,1.0017310977061076
9.674705470627986,4.069450933555476,0.006874033482225705,1.0016920377512366
9.50641246285884,4.06928024031167,0.006703340238419564,1.0016500217480926
9.33452345065018,4.069089390312389,0.006512490239138025,1.0016030441759811
9.166230442881034,4.06889510901544,0.006318208942189152,1.0015552219927395
8.998656635999792,4.068683244620467,0.00610634454721648,1.0015030717442188
8.83108282911855,4.068399756952244,0.005822856878993754,1.0014332914852366
8.66350902223731,4.068145433472172,0.005568533398921716,1.0013706899674493
8.495935215356068,4.068090537130343,0.005513637057092069,1.0013571772775531
8.323327002259502,4.068000473118851,0.005423573045600705,1.0013350080943706
8.323327002259502,4.0678546551253145,0.005277755052063959,1.0012991151138502
8.155033994490356,4.067597329167684,0.005020429094433787,1.0012357745386538
7.988179388497019,4.067394899551886,0.004817999478635038,1.001185946653354
7.820605581615777,4.067297544124955,0.004720644051704248,1.0011619826941907
7.653031774734536,4.0670916832114905,0.004514783138239942,1.0011113101977611
7.484738766965391,4.066865236722442,0.004288336649191038,1.0010555705786428
7.317164960084131,4.066665380027289,0.004088479954038604,1.0010063760156676
7.14959115320289,4.0664097693500905,0.003832869276839901,1.0009434576553544
6.982017346321649,4.066157590707361,0.0035806906341102618,1.0008813840875346
6.982017346321649,4.065972744189587,0.0033958441163361996,1.0008358842675138
6.814443539440407,4.0658959758118485,0.0033190757385979097,1.0008169877937665
6.646869732559166,4.065816633039856,0.003239732966605402,1.0007974576349674
6.47857672479002,4.065493689500897,0.0029167894276467266,1.0007179653454914
6.311722118796682,4.06514587071167,0.002568970638419543,1.0006323500333922
6.143429111027538,4.064961882570915,0.0023849824976647227,1.0005870615021766
5.975855304146297,4.064868816081868,0.002291916008617001,1.0005641532615852
5.808281497265055,4.064823784076123,0.002246884002872207,1.0005530686699942
5.640707690383813,4.064809631538958,0.0022327314657077935,1.0005495850344808
5.640707690383813,4.064795049444883,0.0022181493716324496,1.0005459956638834
5.473133883502572,4.064774034312388,0.00219713423913781,1.0005408228061106
5.304840875733409,4.064764169976302,0.002187269903051181,1.0005383947078053
5.137986269740071,4.064657808590305,0.0020809085170547803,1.0005122139391422
4.969693261970926,4.064550160743986,0.001973260670735222,1.0004857165093168
4.802119455089684,4.064426644343268,0.0018497442700171618,1.0004553130477318
4.634545648208443,4.064206630892639,0.0016297308193884419,1.000401156915789
4.466971841327202,4.064040226586715,0.0014633265134644802,1.0003601966312166
4.29939803444596,4.064017496173788,0.0014405961005374834,1.0003546015585605
4.131105026676815,4.063887117914543,0.0013102178412927046,1.0003225090560794
4.131105026676815,4.0637082763518855,0.0011313762786349102,1.0002784873508768
3.963531219795574,4.063688118859605,0.0011112187863542289,1.0002735256005453
3.795957412914332,4.063741299921006,0.001164399847755071,1.0002866160755588
3.6283836060330907,4.063734438062478,0.001157537989227464,1.0002849270346628
3.4564945938244285,4.0636053462635555,0.0010284461903049547,1.000253151193344
3.2882015860552833,4.063503701898743,0.0009268018254928734,1.0002281315156092
3.120627779174042,4.063421358122802,0.0008444580495510223,1.0002078626621285
2.9530539722928006,4.063254096176661,0.0006771961034104379,1.0001666912701144
2.785480165411559,4.063146448330342,0.0005695482570917676,1.0001401938402892
2.785480165411559,4.063199199834829,0.0006222997615781267,1.0001531785802176
2.6179063585303175,4.063311136619031,0.0007342365457807531,1.0001807317286149
2.449613350761173,4.063268677533932,0.0006917774606813865,1.0001702804593482
2.2827587447678166,4.063160172047397,0.0005832719741460934,1.0001435719220813
2.115184937886575,4.0631057045256735,0.0005288044524229818,1.0001301647859056
1.9418575239021238,4.063037513286894,0.00046061321364376795,1.0001133795679376
1.7750029179087858,4.062986048242729,0.0004091481694787902,1.0001007114891711
1.606709910139641,4.062833797210772,0.00025689713752186094,1.0000632350214755
1.4398553041462847,4.062738586621186,0.00016168654793524695,1.0000397990122802
1.4398553041462847,4.06278833638492,0.00021143631166964383,1.0000520448761636
1.2715622963771398,4.0628406590693,0.00026375899604946795,1.0000649240623716
1.1039884894958982,4.062847520927828,0.00027062085457707497,1.0000666131032676
0.9364146826146569,4.062821359217236,0.00024445914398540936,1.0000601734194818
0.7681216748455119,4.062813210898384,0.00023631082513375645,1.0000581677174232
0.601267068852174,4.062764747594974,0.00018784752172340546,1.0000462385147024
0.432974061083029,4.062655384468223,7.848439497237791e-05,1.0000193188699937
0.26540025420178753,4.062611210102693,3.4310029442430334e-05,1.000008445385844
0.09782644732054606,4.062576900073251,0.0,1.0
0.09782644732054606,4.062504419896588,-7.248017666228179e-05,0.9999821590634602
-0.0697473595606954,4.062474827625135,-0.00010207244811599736,0.9999748749499082
-0.23732116644193685,4.062545162964453,-3.173710879789127e-05,0.99999218793648
-0.4048949733231783,4.062605634704489,2.8734631238869213e-05,1.0000070730061106
-0.5724687802044379,4.062669965825495,9.306575224421465e-05,1.0000229080592278
-0.7400425870856794,4.062758314556553,0.00018141448330233345,1.0000446550275268
-0.9076163939669208,4.062718429128904,0.00014152905565367746,1.0000348372619485
-1.0759094017360658,4.062642089571275,6.518949802458707e-05,1.0000160463419223
-1.2434832086173073,4.062605634704489,2.8734631238869213e-05,1.0000070730061106
-1.2434832086173073,4.062634798155836,5.78980825851616e-05,1.0000142515659418
-1.4110570154985487,4.0627312952057455,0.0001543951324949333,1.0000380042362995
-1.5786308223797902,4.062766463612209,0.00018956353895838163,1.000046660910949
-1.7462046292610316,4.062760030573789,0.0001831305005381978,1.0000450774237737
-1.9188128423575976,4.062763889954758,0.00018698988150767093,1.0000460274072607
-2.086386649238839,4.062778043228726,0.00020114315547559158,1.0000495112241377
-2.2539604561200806,4.062940158596769,0.0003632585235182617,1.0000894157901385
-2.4222534638892252,4.063115140041652,0.0005382399684012995,1.00013248733049
-2.589827270770467,4.063180329539677,0.0006034294664267748,1.0001485336724127
-2.756681876763805,4.0632631021357275,0.0006862020624769372,1.0001689080796143
-2.756681876763805,4.063323145055655,0.0007462449824044981,1.0001836875955237
-2.9292900898603706,4.063347591485818,0.0007706914125673592,1.0001897050644268
-3.0968638967416124,4.063492122282226,0.0009152222089756634,1.0002252812024208
-3.264437703622854,4.063591621809695,0.0010147217364444572,1.0002497729301878
-3.4327307113919985,4.0636713926649914,0.001094492591740881,1.0002694084613442
-3.6003045182732403,4.063646089331418,0.0010691892581675688,1.0002631800663633
-3.7678783251544816,4.063652522369838,0.0010756222965877527,1.0002647635535387
-3.9404865382510477,4.063629791956912,0.001052891883661644,1.0002591684808828
-3.9404865382510477,4.063692836617595,0.00111593654434472,1.0002746868728378
-4.108060345132289,4.063839083431239,0.0012621833579880004,1.0003106854070787
-4.275634152013531,4.064065530657093,0.0014886305838421876,1.000366425207561
-4.4439271597826755,4.0642152087684025,0.0016383086951519132,1.000403268352932
-4.611500966663916,4.0642731068509885,0.001696206777737963,1.000417519918874
-4.778355572657254,4.064270962013644,0.0016940619403937873,1.000416991968906
-4.945929379538496,4.064369603900897,0.0017927038276468465,1.0004412725892313
-5.114222387307641,4.064525715050629,0.0019488149773785324,1.000479699221778
-5.281796194188883,4.064671533044165,0.0020946329709143896,1.0005155922022981
-5.449370001070142,4.064809631538958,0.0022327314657077935,1.0005495850344808
-5.449370001070142,4.064894120152245,0.0023172200789947084,1.0005703818379297
-5.616943807951384,4.065020638293717,0.002443738220466507,1.0006015241755601
-5.784517614832625,4.065156592687972,0.0025796926147210186,1.0006349892391389
-5.952091421713867,4.065299408203949,0.002722508130698742,1.00067014316225
-6.124699634810415,4.065494975961221,0.0029180758879707724,1.000718282006654
-6.292273441691674,4.065654089588511,0.003077189515260592,1.0007574476966097
-6.459847248572916,4.06573686218456,0.0031599621113098664,1.0007778221038113
-6.627421055454157,4.065878820797128,0.0033019207238771386,1.0008127651008447
-6.7957140632233015,4.066005767758708,0.0034288676854572486,1.000844012992196
-6.7957140632233015,4.066181178760503,0.003604278687252105,1.0008871902676322
-6.9625686692166395,4.066420491326392,0.0038435912531413763,1.0009460968611013
-7.130861676985785,4.066546152564453,0.003969252491202724,1.000977028272654
-7.298435483867026,4.066610054865351,0.004033154792100646,1.0009927577720505
-7.466728491636172,4.066695401855655,0.004118501782404138,1.001013765864304
-7.638617503844833,4.06680862510018,0.004231725026929034,1.0010416356738632
-7.806191310726075,4.066923134805028,0.004346234731777088,1.0010698221445848
-7.97448431849522,4.0671534414118495,0.004576541338598972,1.0011265119285537
-8.141338924488558,4.067336571912389,0.004759671839138058,1.0011715893523276
-8.141338924488558,4.067481103445602,0.004904203372351645,1.0012071656716857
-8.3089127313698,4.067605477486536,0.00502857741328544,1.0012377802407124
-8.477924940026847,4.0679185574262124,0.005341657352961882,1.0013148446132467
-8.644060345132283,4.068301115064991,0.005724214991740695,1.0014090108649112
-8.812353352901427,4.068583316272891,0.006006416199640263,1.0014784744627312
-8.979927159782669,4.068778884030161,0.006201983956910517,1.0015266133071348
-9.14750096666391,4.068905402171635,0.006328502098384092,1.0015577556447657
-9.315793974433054,4.069131849397487,0.006554949324236503,1.0016134954452476
-9.483367781314314,4.069369446682945,0.0067925466096943055,1.0016719798238334
-9.483367781314314,4.069516979956912,0.006940079883661632,1.0017082950192369
-9.655256793522959,4.06976916007325,0.007192259999999173,1.0017703689497839
-9.8228306004042,4.070081381635908,0.007504481562657261,1.0018472220335133
-9.990404407285443,4.070315548360503,0.007738648287252126,1.0019048619823325
-10.157978214166702,4.070580594553681,0.008003694480430035,1.0019701028872305
-10.325552021047944,4.0707946037859974,0.008217703712746882,1.002022781085719
-10.493125827929184,4.070896676234111,0.008319776160860215,1.00204790613581
-10.66141883569833,4.070991458003591,0.008414557930340294,1.002071236591285
-10.834027048794876,4.071289527029085,0.008712626955834857,1.0021446060395012
-10.834027048794876,4.071643778856733,0.009066878783482224,1.0022318048387757
-11.001600855676118,4.07189338531562,0.009316485242369055,1.0022932452656346
-11.169174662557378,4.072061076081868,0.009484176008617062,1.0023345222113693
-11.33674846943862,4.072183734842371,0.009606834769120276,1.002364714565513
-11.504322276319861,4.072284949650269,0.009708049577018762,1.0023896285081628
-11.672615284089007,4.072376300122083,0.009799400048832396,1.0024121143525075
-11.840189090970247,4.072601460887613,0.010024560814362538,1.0024675374918273
-12.007043696963585,4.072888807936804,0.010311907863553849,1.0025382677342964
-12.17533670473273,4.073269650295153,0.010692750221902081,1.0026320117710779
-12.17533670473273,4.073635481739318,0.011058581666067546,1.0027220608835412
-12.342191310726069,4.073937410882586,0.01136051080933509,1.002796380496608
-12.510484318495214,4.074175437724955,0.01159853765170471,1.0028549706102783
-12.678058125376454,4.074412606190306,0.01183570611705509,1.0029133494351434
-12.845631932257696,4.074696522678636,0.012119622605385239,1.0029832352478465
-13.013205739138938,4.074937551261759,0.012360651188508598,1.003042564237562
-13.180779546020197,4.0751888730010775,0.012611972927826898,1.003104426879304
-13.349072553789343,4.07543461934219,0.01285771926893986,1.003164917141312
-13.520961565997986,4.075651630315261,0.013074730242010446,1.0032183342158458
-13.520961565997986,4.075826612496948,0.01324971242369788,1.0032614059375613
-13.688535372879228,4.0760118870980255,0.01343498702477497,1.003307011129939
-13.856828380648373,4.076253773321365,0.013676873248114063,1.0033665512270962
-14.024402187529615,4.0765243941759435,0.013947494102692914,1.0034331643303642
-14.191975994410875,4.07679329975009,0.014216399676839409,1.0034993552187488
-14.360269002180019,4.076973857329982,0.014396957256731291,1.0035437993201979
-14.527123608173357,4.077135543141114,0.01455864306786303,1.0035835981511145
-14.694697415054598,4.077432325706283,0.01485542563303266,1.0036566509381681
-14.86227122193584,4.077702518477559,0.015125618404308483,1.0037231586690791
-15.029845028817082,4.0779096658513465,0.015332765778095947,1.003774147826671
-15.029845028817082,4.078112095467146,0.015535195393895584,1.0038239757119714
-15.197418835698324,4.078444474522082,0.01586757444883169,1.0039057905460314
-15.365711843467468,4.078774280656374,0.016197380583123255,1.0039869720577674
-15.53328565034871,4.079101942690126,0.01652504261687504,1.0040676258008991
-15.70301705989366,4.079312949444883,0.016736049371632866,1.0041195649419783
-15.873467670326518,4.0795299611547575,0.01695306108150696,1.0041729821978758
-16.04104147720776,4.079906943395333,0.01733004332208221,1.0042657760698068
-16.208615284089,4.080287356933573,0.017710456860322132,1.0043594145528674
-16.37618909097024,4.0805545472272895,0.017977647154038934,1.004425183226369
-16.37618909097024,4.080907941414722,0.018331041341471455,1.0045121709182023
-16.548797304066806,4.081190571442729,0.018613671369478446,1.0045817400697432
-16.78685279796248,4.081498504804309,0.01892160473105875,1.0046575376162645
-16.78685279796248,4.081708225098743,0.01913132502549253,1.0047091600961813
-16.78685279796248,4.081736959729983,0.019160059656732287,1.004716233102292
-16.78685279796248,4.081787567133932,0.01921066706068153,1.0047286900736168
-16.78685279796248,4.081786709493717,0.019209809420466684,1.0047284789661755
-16.78685279796248,4.081793571352245,0.01921667127899429,1.0047301680070715
-16.78685279796248,4.081825737281149,0.019248837207898717,1.004738085624312
-16.78685279796248,4.081773843416877,0.019196943343626316,1.0047253119918247
-16.78685279796248,4.081726667310592,0.01914976723734174,1.0047136996316295
-16.78685279796248,4.081714658137164,0.0191377580639136,1.0047107435833569
-16.78685279796248,4.081745966425853,0.019169066352602293,1.0047184500931556
-16.78685279796248,4.081700076779893,0.019123176706642653,1.004707154394123
-16.78685279796248,4.081663193092998,0.019086293019747735,1.00469807550459
-16.78685279796248,4.081670913328547,0.01909401325529636,1.0046999758342918
-16.78685279796248,4.081668768491204,0.019091868417953073,1.004699447884324
-16.78685279796248,4.081643893977738,0.019066993904487184,1.004693325043064
-16.78685279796248,4.081617732267146,0.01904083219389552,1.0046868853592783
-16.78685279796248,4.081667053210772,0.019090153137521604,1.0046990256694408
-16.78685279796248,4.081781134095511,0.019204234022260458,1.0047271065864414
-16.78685279796248,4.081958689197846,0.019381789124595095,1.0047708116304814
-16.78685279796248,4.082014014359785,0.01943711428653483,1.0047844298740989
-16.78685279796248,4.081978417870018,0.019401517796767465,1.004775667827092
-16.78685279796248,4.082016158460324,0.01943925838707372,1.0047849576427028
-16.78685279796248,4.0820470379289056,0.01947013785565499,1.004792558598781
