Angle (degree),rho (mOhm cm),Delta rho (mOhm cm),rho/rho(theta=0)
103.26736607142857,8.712463355806104,-0.03074101568402199,0.9964840103950604
103.26736607142857,8.71245563409695,-0.03074873739317674,0.9964831272281085
103.26736607142857,8.71235613604309,-0.030848235447036743,0.9964717471837182
103.26736607142857,8.712066218283663,-0.03113815320646296,0.9964385879726204
103.26736607142857,8.711750563949732,-0.03145380754039451,0.9964024851525879
103.26736607142857,8.71171625097307,-0.03148812051705541,0.9963985606215804
103.10391964285714,8.711964141414722,-0.03124023007540444,0.996426912977435
103.10391964285714,8.712139987131058,-0.031064384359067887,0.9964470252507922
102.9303482142857,8.712151134980251,-0.031053236509874793,0.9964483002809436
102.76183928571427,8.712042198463196,-0.031162173026929807,0.9964358407166435
102.59333035714285,8.71207050648474,-0.03113386500538695,0.9964390784336566
102.4240982142857,8.71215542318133,-0.03104894830879701,0.99644879074198
102.25558928571428,8.712231763475765,-0.03097260801436086,0.9964575221282307
102.08708035714285,8.71225835474327,-0.030946016746856486,0.9964605634922861
101.91857142857143,8.71212197226571,-0.03108239922441669,0.9964449648088096
101.7500625,8.711921259403951,-0.03128311208617518,0.9964220083670715
101.7500625,8.71195127681149,-0.03125309467863602,0.996425441594326
101.58083035714286,8.711963286721723,-0.031241084768403482,0.9964268152223144
101.41304464285714,8.712000171145425,-0.031204200344701505,0.9964310338614008
101.24453571428572,8.71195299356553,-0.03125137792459576,0.9964256379472839
101.07602678571426,8.711787448373432,-0.031416923116694306,0.9964067037916741
100.90679464285712,8.711710246017953,-0.03149412547217345,0.9963978738075859
100.7382857142857,8.711710246017953,-0.03149412547217345,0.9963978738075859
100.56905357142855,8.711395453745062,-0.03180891774506378,0.9963618695853906
100.40126785714284,8.711084087612209,-0.032120283877917544,0.9963262572263946
100.40126785714284,8.711350854980253,-0.031853516509873,0.9963567686220693
100.2320357142857,8.711992449436268,-0.031211922053858032,0.9964301506944486
100.06424999999999,8.712377584416517,-0.030826787073609196,0.9964742003316165
99.89574107142856,8.71277215049192,-0.03043222099820575,0.996519328645978
99.72216964285712,8.712996021113106,-0.030208350377019855,0.996544933745856
99.5536607142857,8.713067211145422,-0.030137160344704483,0.9965530760732328
99.38515178571427,8.713188157572713,-0.03001621391741338,0.9965669092655216
99.21591964285713,8.712844195217235,-0.030360176272891337,0.9965275687284756
99.0474107142857,8.712601455037703,-0.0306029164524233,0.9964998054314945
98.87890178571428,8.712506245184919,-0.030698126305207296,0.9964889158481406
98.87890178571428,8.712616898456016,-0.030587473034110246,0.9965015717653988
98.70966964285714,8.712367291260325,-0.030837080229801472,0.996473023056586
98.54116071428571,8.711808889378815,-0.03139548211131071,0.9964091560968557
98.37265178571428,8.711977013385997,-0.03122735810412891,0.9964283852032608
98.20486607142857,8.71229008890485,-0.030914282585277064,0.9964641930724984
98.03057142857142,8.71210739090844,-0.03109698058168675,0.9964432970727428
97.8627857142857,8.712032767368045,-0.031171604122080865,0.9964347620394503
97.69427678571428,8.712129693974864,-0.03107467751526194,0.9964458479757615
97.52576785714285,8.712000171145425,-0.031204200344701505,0.9964310338614008
97.52576785714285,8.711899811030522,-0.0313045604596045,0.9964195552191731
97.35653571428571,8.711863788667863,-0.031340582822263485,0.9964154351779241
97.18296428571428,8.712089376043089,-0.03111499544703733,0.9964412366307601
97.01445535714285,8.712445340940754,-0.030759030549372568,0.9964819499530776
96.84160714285713,8.712551706010773,-0.030652665479353303,0.9964941154092994
96.67237499999999,8.712626329551167,-0.03057804193895919,0.9965026504425919
96.50386607142856,8.712553422764813,-0.030650948725313043,0.9964943117622573
96.33535714285713,8.712652066125674,-0.03055230536445208,0.9965055940515268
96.33535714285713,8.712725827605029,-0.03047854388509741,0.9965140304869823
96.16684821428571,8.712512250140035,-0.03069212135009103,0.9964896026621347
95.99833928571428,8.712150280287254,-0.03105409120287206,0.996448202525823
95.82476785714285,8.711916109141832,-0.03128826234829418,0.9964214193081979
95.65625892857142,8.711997599698384,-0.031206771791742582,0.9964307397533219
95.48702678571428,8.712112533802514,-0.0310918376876117,0.9964438852888998
95.31851785714285,8.712186302649911,-0.031018068840214852,0.9964523225670718
95.15000892857142,8.712253204481149,-0.030951167008977265,0.9964599744334122
94.9815,8.712295239166968,-0.03090913232315806,0.996464782131372
94.9815,8.71218286914183,-0.03102150234829537,0.9964519298611559
94.81299107142857,8.712113395863556,-0.031090975626570483,0.9964439838867369
94.64448214285714,8.712192307605028,-0.031012063885098584,0.996453009381066
94.47597321428572,8.712314108725316,-0.030890262764810217,0.9964669403284753
94.30746428571427,8.712428188136446,-0.030776183353680153,0.9964799881089323
94.13895535714285,8.71239044901975,-0.030813922470375843,0.9964756717147257
93.97044642857142,8.712369000646321,-0.030835370843805165,0.9964732185668274
93.80121428571427,8.712296955921007,-0.03090741556911958,0.9964649784843298
93.63198214285713,8.71225578329623,-0.030948588193895787,0.9964602693842074
93.46419642857141,8.712050774865352,-0.031153596624774238,0.9964368216387164
93.46419642857141,8.711756568904848,-0.03144780258527824,0.996403171966582
93.29568749999999,8.711778009910233,-0.03142636157989287,0.9964056242717638
93.12717857142856,8.711827758937163,-0.03137661255296287,0.9964113142939589
92.95866964285713,8.711757423597843,-0.03144694789228275,0.9964032697217023
92.7901607142857,8.711660496991025,-0.031543874499101676,0.9963921837853911
92.62165178571428,8.711602171561939,-0.03160219992818725,0.9963855128411231
92.45241964285714,8.711684516811491,-0.03151985467863483,0.996394931041368
92.28463392857141,8.711720539174147,-0.0314838323159794,0.9963990510826166
92.11540178571427,8.71168623356553,-0.031518137924596346,0.9963951273943257
92.11540178571427,8.711512111971276,-0.03169225951885046,0.996375212316643
91.94689285714284,8.711379155633752,-0.0318252158563741,0.9963600054963658
91.77838392857142,8.711359431382407,-0.03184494010771921,0.996357749544142
91.60987499999999,8.71139974194614,-0.031804629543985996,0.9963623600464271
91.44136607142856,8.711597028667864,-0.031607342822262297,0.9963849246249662
91.27285714285713,8.711681945364454,-0.031522426125672354,0.9963946369332894
91.103625,8.71151897161939,-0.03168539987073693,0.9963759968857577
90.93511607142857,8.711313970556553,-0.031890400933573204,0.9963525499829832
90.76226785714285,8.711275369378816,-0.03192900211131011,0.9963481349909394
90.76226785714285,8.711508678463197,-0.031695693026929206,0.9963748196107273
90.59375892857142,8.711778009910233,-0.03142636157989287,0.9964056242717638
90.42452678571428,8.711923830850989,-0.031280540639137655,0.9964223024751501
90.25601785714285,8.712093664244167,-0.031110707245959546,0.9964417270917966
90.08750892857142,8.712230046721723,-0.030974324768402894,0.9964573257752725
89.919,8.712278941055656,-0.030925430434470158,0.9964629180423471
89.75049107142857,8.712384444064632,-0.030819927425493887,0.9964749849007314
89.58198214285714,8.712532836452425,-0.030671535037701148,0.9964919572121962
89.4076875,8.712630617752245,-0.030573753737881404,0.9965031409036283
89.4076875,8.712643482355476,-0.030560889134649827,0.9965046122867375
89.23990178571428,8.712586873680433,-0.03061749780969336,0.9964981376954276
89.07139285714285,8.71248909238061,-0.030715279109516658,0.996486954003995
88.90288392857143,8.712595450082585,-0.030608921407541345,0.9964991186175001
88.73365178571429,8.712636622707361,-0.030567748782765136,0.9965038277176226
88.56441964285715,8.712648632617595,-0.030555738872530824,0.996505201345611
88.39663392857143,8.712601455037703,-0.0306029164524233,0.9964998054314945
88.22812499999998,8.712387877572711,-0.030816493917415144,0.9964753776066471
88.05961607142855,8.712326973328548,-0.03087739816157864,0.9964684117115844
87.89110714285712,8.712591161881509,-0.030613209608617353,0.9964986281564638
87.89110714285712,8.712672645070018,-0.03053172642010793,0.9965079477588713
87.7225982142857,8.712725827605029,-0.03047854388509741,0.9965140304869823
87.55336607142856,8.712880224947936,-0.030324146542190178,0.996531689612441
87.38485714285713,8.712893951612209,-0.030310419877917383,0.9965332595933873
87.2163482142857,8.712767000229801,-0.030437371260324753,0.9965187395871044
87.04783928571428,8.712577435217236,-0.03062693627289015,0.9964970581755176
86.87933035714285,8.712340699992819,-0.03086367149730762,0.9964699816925305
86.71082142857142,8.712161428136445,-0.03104294335368074,0.9964494775559741
86.5423125,8.712050774865352,-0.031153596624774238,0.9964368216387164
86.5423125,8.712032767368045,-0.031171604122080865,0.9964347620394503
86.37380357142855,8.712145984718134,-0.03105838677199202,0.9964477112220701
86.20457142857143,8.712250633034111,-0.03095373845601479,0.9964596803253337
86.03533928571427,8.712534553206465,-0.030669818283660888,0.9964921535651541
85.86755357142856,8.712865643590664,-0.030338727899462015,0.996530021876374
85.69904464285713,8.71307493285458,-0.03012943863554618,0.9965539592401852
85.5305357142857,8.713165854506284,-0.030038516983841745,0.9965643583625025
85.36202678571428,8.713175292969481,-0.03002907852064496,0.9965654378824126
85.19351785714285,8.713136691791743,-0.030067679698383643,0.9965610228903686
85.19351785714285,8.713225896689409,-0.02997847480071769,0.9965712256597282
85.02500892857142,8.713402597098744,-0.029801774391382096,0.9965914356882061
84.85577678571428,8.713447203231599,-0.029757168258527145,0.9965965374942442
84.68726785714286,8.713575864,-0.02962850749012702,0.996611253010768
84.51875892857143,8.713561282642729,-0.02964308884739708,0.9966095852747012
84.35025,8.713370000876122,-0.029834370614004513,0.9965877075101562
84.18174107142855,8.713149556394972,-0.030054815095153842,0.9965624942734775
84.01323214285712,8.713080937809696,-0.030123433680429912,0.9965546460541793
83.8447232142857,8.713220753795333,-0.02998361769479274,0.9965706374435712
83.8447232142857,8.71326964076122,-0.029934730728905734,0.9965762288679288
83.67115178571429,8.713340838161582,-0.029863533328544634,0.9965843720380226
83.49758035714285,8.713501240459607,-0.02970313103051936,0.9966027179774757
83.32907142857142,8.713560420581688,-0.0296439509084383,0.996609486676864
83.15983928571428,8.713576718692998,-0.02962765279712798,0.9966113507658888
82.99133035714286,8.713689943411131,-0.02951442807899518,0.9966243007912252
82.82282142857143,8.713738837745064,-0.029465533745062444,0.9966298930582997
82.6543125,8.713725111080791,-0.02947926040933524,0.9966283230773535
82.48580357142855,8.71382460913465,-0.029379762355477013,0.9966397031217434
82.48580357142855,8.713983294678636,-0.02922107681149022,0.9966578527082388
82.31729464285715,8.71406306848115,-0.029141303008975328,0.9966669768004052
82.14878571428571,8.714105950491922,-0.02909842099820459,0.9966718814107687
81.97955357142857,8.714181436093359,-0.02902293539676748,0.9966805150418987
81.81176785714284,8.714226896919213,-0.028977474570913486,0.9966857146030575
81.63819642857142,8.714250916739678,-0.028953454750448415,0.9966884618590343
81.46968749999999,8.714338404883305,-0.028865966606820948,0.9966984682754361
81.29611607142857,8.714385582463196,-0.028818789026930247,0.9967038641895525
81.12688392857142,8.714527969895872,-0.028676401594253775,0.996720149687023
81.12688392857142,8.714675500222622,-0.02852887126750403,0.9967370234006503
80.95837499999999,8.714591438219031,-0.02861293327109493,0.9967274088474477
80.78986607142856,8.714690943640933,-0.028513427849192752,0.9967387897345543
80.62208035714285,8.714789587001796,-0.028414784488330014,0.996750072023824
80.45357142857142,8.714827326118492,-0.028377045371634324,0.9967543884180305
80.27927678571427,8.714667778513466,-0.028536592976660557,0.9967361402336982
80.11076785714285,8.71470895113824,-0.028495420351886125,0.9967408493338205
79.94225892857142,8.714828180811491,-0.028376190678635282,0.9967544861731513
79.77374999999999,8.7149182477702,-0.028286123719926337,0.9967647875403483
79.77374999999999,8.714961991842012,-0.02824237964811438,0.996769790748549
79.60017857142856,8.714895090010772,-0.028309281479353743,0.9967621388822083
79.43239285714286,8.714787008186715,-0.02841736330341149,0.9967497770730288
79.2631607142857,8.714723539863558,-0.02848083162656856,0.9967425179126044
79.09465178571428,8.714762995734292,-0.028441375755834386,0.9967470306597687
78.92108035714284,8.714808456560144,-0.02839591492998217,0.9967522302209273
78.75257142857141,8.714885651547577,-0.028318719942548753,0.9967610593622985
78.58406249999999,8.714991154556554,-0.028213216933572483,0.9967731262206828
78.41555357142856,8.715275074728906,-0.027929296761220357,0.9968055994605031
78.41555357142856,8.715466349127468,-0.027738022362658654,0.996827476382331
78.24704464285713,8.715657630894077,-0.027546740596049446,0.9968493541468761
78.0785357142857,8.715927824402158,-0.02727654708796834,0.9968802574057503
77.90930357142857,8.715957841809695,-0.027246529680430953,0.9968836906330044
77.74079464285714,8.71583518599641,-0.027369185493716586,0.9968696619304745
77.5672232142857,8.71593125054219,-0.027273120947935325,0.996880649268949
77.39365178571427,8.716026460394973,-0.027177911095153107,0.9968915388523029
77.22586607142856,8.716081359684024,-0.027123011806102326,0.9968978179333717
77.05735714285713,8.716054768416518,-0.027149603073608475,0.9968947765693161
77.05735714285713,8.715926107648116,-0.027278263842010375,0.9968800610527921
76.8888482142857,8.715943260452423,-0.02726111103770279,0.9968820228969374
76.71455357142855,8.716113093845602,-0.02709127764452468,0.9969014475135839
76.54676785714284,8.71625462658528,-0.026949744904845474,0.9969176352559339
76.3775357142857,8.716263202987433,-0.026941168502693458,0.9969186161780064
76.20902678571427,8.716115672660683,-0.027088698829443203,0.996901742464379
76.04051785714285,8.715819742578097,-0.02738462891202964,0.9968678955965703
75.87200892857142,8.715820604639138,-0.027383766850988422,0.9968679941944075
75.70349999999999,8.715842045644525,-0.027362325845601276,0.9968704464995896
75.70349999999999,8.715842045644525,-0.027362325845601276,0.9968704464995896
75.53499107142856,8.715525536617594,-0.027678834872531866,0.9968342459244363
75.36648214285714,8.71541660010054,-0.02778777138958688,0.9968217863601362
75.19725,8.715372856028727,-0.027831515461398837,0.9968167831519354
75.02874107142857,8.715324823755836,-0.027879547734290355,0.9968112894826981
74.86023214285714,8.715447479569121,-0.027756891921004723,0.996825318185228
74.6917232142857,8.715579573845604,-0.027624797644522303,0.9968404264076679
74.52321428571427,8.715773427059245,-0.0274309444308809,0.9968625982802909
74.35470535714285,8.716012741098746,-0.027191630391380173,0.9968899697140734
74.35470535714285,8.716143118621186,-0.02706125286893979,0.9969048815835552
74.18619642857142,8.716157699978455,-0.027046671511671505,0.9969065493196219
74.0176875,8.716269207942549,-0.02693516354757719,0.9969193029920006
73.84917857142857,8.71642017177738,-0.026784199712746926,0.9969365694115437
73.68066964285714,8.71658571696948,-0.0266186545206466,0.9969555035671539
73.5114375,8.716694653486535,-0.026509718003591587,0.9969679631314539
73.34292857142857,8.716601160387793,-0.026603211102333546,0.996957269901058
73.17441964285713,8.716543689651708,-0.0266606818384183,0.996950696711911
73.00084821428571,8.71677099378097,-0.026433377709155437,0.9969766945177045
73.00084821428571,8.716972561335727,-0.026231810154399682,0.9969997487145632
72.83161607142857,8.716998297910234,-0.026206073579892575,0.997002692323498
72.66310714285714,8.717024027116697,-0.02618034437342942,0.9970056350897163
72.49532142857143,8.716933967526034,-0.026270403964092637,0.9969953345652361
72.32681249999999,8.71683789561221,-0.026366475877916074,0.9969843463840452
72.15758035714285,8.717054906585279,-0.026149464904847264,0.9970091669148081
71.98907142857142,8.717329388294436,-0.02587498319569015,0.9970405606347184
71.82056249999998,8.71742546020826,-0.025778911281866712,0.9970515488159093
71.65205357142855,8.717550687468583,-0.025653684021543555,0.9970658716265177
71.65205357142855,8.717781425105924,-0.02542294638420195,0.9970922621382269
71.47848214285715,8.717965839856374,-0.025238531633752004,0.9971133544909404
71.3099732142857,8.718135680617594,-0.025068690872531718,0.9971327799503034
71.14146428571428,8.718248043274686,-0.024956328215440138,0.9971456313778027
70.97295535714285,8.718320950061042,-0.024883421429084507,0.9971539700581374
70.8037232142857,8.718327817077201,-0.024876554412925245,0.997154755469969
70.630875,8.718388713953322,-0.024815657536803926,0.9971617205223152
70.46236607142856,8.718404157371635,-0.02480021411849087,0.9971634868562195
70.29385714285714,8.718417021974865,-0.02478734951526107,0.9971649582393284
70.124625,8.718525096430879,-0.024679275059247274,0.9971773192057912
70.124625,8.718737819202873,-0.024466552287252696,0.9972016492755181
69.95611607142855,8.718810733357273,-0.024393638132853113,0.9972099887985696
69.78760714285713,8.718732676308797,-0.024471695181329522,0.9972010610593609
69.6190982142857,8.71864604285817,-0.024558328631956172,0.99719115239808
69.45058928571427,8.718539677788153,-0.02466469370197366,0.9971789869418585
69.27701785714285,8.718536251648114,-0.024668119842012004,0.997178595078659
69.10344642857142,8.718677777019751,-0.024526594470374974,0.9971947819782926
68.93493749999999,8.718922241321367,-0.024282130168758798,0.9972227424709483
68.93493749999999,8.719072343095153,-0.024132028394973304,0.9972399102926539
68.76642857142856,8.719210442326752,-0.023993929163374617,0.997255705329088
68.59791964285714,8.719339965156195,-0.023864406333931498,0.9972705194434492
68.42941071428571,8.719262762800719,-0.02394160868940709,0.9972616894593616
68.26090178571428,8.7191006511167,-0.024103720373426896,0.9972431480096674
68.09239285714284,8.719219880789948,-0.02398449070017783,0.997256784848998
67.92388392857141,8.71942917005386,-0.023775201436265547,0.9972807222128088
67.75537499999999,8.71946262096948,-0.023741750520645866,0.9972845481459792
67.58686607142856,8.719464337723519,-0.023740033766607382,0.9972847444989369
67.41763392857142,8.71951065324237,-0.023693718247756124,0.9972900418152163
67.41763392857142,8.719484924035907,-0.023719447454219278,0.9972870990489981
67.24912499999999,8.719491783684022,-0.02371258780610397,0.997287883618113
67.08061607142857,8.71964103076481,-0.02356334072531574,0.9973049536846981
66.90776785714284,8.719897504976663,-0.023306866513463476,0.9973342878053426
66.7385357142857,8.720224307159786,-0.02298006433034061,0.9973716656555263
66.57002678571428,8.720380421256731,-0.022823950233394896,0.9973895211339426
66.40079464285714,8.72034782503411,-0.022856546456015536,0.9973857929558931
66.23300892857142,8.720340103324956,-0.022864268165170287,0.9973849097889412
66.06377678571428,8.720270622678637,-0.022933748811489352,0.9973769629718057
66.06377678571428,8.720141107217236,-0.023063264272890294,0.9973621497001608
65.89020535714285,8.720073343324955,-0.023131028165170875,0.997354399235983
65.72241964285713,8.720091358190306,-0.023113013299820295,0.9973564596779657
65.5539107142857,8.720127380552963,-0.02307699093716309,0.9973605797192145
65.38540178571428,8.720122237658886,-0.023082133831239915,0.9973599915030573
65.21689285714285,8.720036458901257,-0.0231679125888693,0.9973501805968971
65.04766071428571,8.720077631526033,-0.02312673996409309,0.9973548896970195
64.87915178571428,8.720362406391382,-0.0228419650987437,0.9973874606919602
64.71064285714284,8.720759543913823,-0.02244482757630273,0.9974328831144001
64.71064285714284,8.721111220610412,-0.022093150879713974,0.9974731059756815
64.54213392857142,8.721349679956912,-0.021854691533214066,0.997500379654343
64.37290178571428,8.721413155648115,-0.02179121584201127,0.9975076396574843
64.20439285714284,8.721260475059246,-0.021943896430880017,0.9974901768849834
64.03588392857141,8.721281061371634,-0.021923310118491912,0.9974925314350446
63.86737499999999,8.721456899719929,-0.021747471770197535,0.9975126428656853
63.69886607142856,8.721604430046678,-0.02159994144344779,0.9975295165793127
63.530357142857135,8.721821441019747,-0.02138293047037898,0.9975543371100755
63.360401785714274,8.721950109156195,-0.02125426233393135,0.9975690534693165
63.360401785714274,8.721877195001797,-0.021327176488329158,0.9975607139462652
63.19333928571428,8.721939815999999,-0.02126455549012718,0.9975678761942857
63.024830357142854,8.722064188567327,-0.02114018292279951,0.9975821012497736
62.85632142857143,8.722145671755836,-0.021058699734290087,0.9975914208521811
62.68781249999999,8.722182556179535,-0.021021815310591663,0.9975956394912671
62.519303571428566,8.722095068035909,-0.021109303454217354,0.9975856330748655
62.35007142857142,8.722191132581688,-0.02101323890843787,0.9975966204133397
62.17722321428571,8.722562540897668,-0.020641830592458277,0.9976391000695618
62.00799107142857,8.72275724880431,-0.020447122685816055,0.9976613696973057
62.00799107142857,8.722760682312387,-0.02044368917773909,0.9976617624032212
61.83948214285714,8.722883338125675,-0.02032103336445168,0.9976757911057513
61.6709732142857,8.722846461070018,-0.020357910420107928,0.9976715733093817
61.50174107142856,8.722538528445243,-0.020665843044882948,0.9976363536563013
61.333232142857135,8.722315505149014,-0.020888866341111978,0.9976108454688276
61.165446428571414,8.72233952496948,-0.020864846520646907,0.9976135927248043
60.996214285714274,8.72264231470018,-0.020562056789946936,0.9976482241617277
60.82770535714285,8.722833589098745,-0.02037078239138168,0.9976701010835561
60.65919642857142,8.722987986441652,-0.02021638504847445,0.9976877602090148
60.49068749999999,8.723151822247758,-0.020052549242368656,0.9977064988543839
60.49068749999999,8.723244453285457,-0.01995991820466969,0.9977170934869423
60.31711607142856,8.723389419533214,-0.01981495195691174,0.997733673935208
60.14860714285713,8.723465759827649,-0.019738611662477368,0.9977424053214584
59.980098214285704,8.723687913694793,-0.01951645779533351,0.9977678140683783
59.81158928571428,8.72389291475763,-0.019311456732495458,0.997791260971153
59.642357142857136,8.723856892394974,-0.019347479095152664,0.9977871409299043
59.47457142857142,8.72388348366248,-0.019320887827646516,0.9977901822939599
59.30533928571428,8.723975260007181,-0.019229111482944816,0.9978006791713977
59.13755357142857,8.724061038764813,-0.019143332725313655,0.9978104900775583
59.13755357142857,8.724224867202873,-0.01897950428725359,0.9978292278802103
58.96904464285714,8.724283192631958,-0.01892117885816802,0.9978358988244783
58.79981249999999,8.724290914341115,-0.018913457149011492,0.9978367819914304
58.63130357142856,8.724408427260324,-0.018795944229802686,0.9978502224778032
58.46279464285713,8.72466146059605,-0.01854291089407667,0.9978791630498148
58.2942857142857,8.724766963605028,-0.018437407885098622,0.9978912299081995
58.12577678571427,8.724746384660683,-0.018457986829442774,0.9978888762008549
57.957267857142845,8.724784123777379,-0.018420247712747084,0.9978931925950614
57.788035714285705,8.724858747317775,-0.018345624172351194,0.9979017276283542
57.788035714285705,8.72488533858528,-0.01831903290484682,0.9979047689924095
57.61952678571428,8.725006277644525,-0.01819809384560145,0.9979186013419814
57.45101785714285,8.725110071267505,-0.018094300222621484,0.9979304726901245
57.282508928571424,8.725158103540394,-0.018046267949731742,0.9979359663593617
57.114,8.725322794039498,-0.017881577450628683,0.9979548027598512
56.94042857142856,8.725610140351886,-0.01759423113823999,0.9979876678628706
56.771919642857135,8.725738801120288,-0.01746557036983809,0.9980023833793946
56.60341071428571,8.725795409795332,-0.017408961694794556,0.9980088579707045
56.43490178571428,8.725915501529624,-0.017288869960502495,0.9980225934078725
56.43490178571428,8.725912922714542,-0.017291448775583973,0.9980222984570774
56.26494642857142,8.72575081103052,-0.017453560459605555,0.998003757007383
56.09716071428571,8.725523506901258,-0.017680864588868417,0.9979777592015895
55.929374999999986,8.725475474628368,-0.01772889686175816,0.9979722655323523
55.760142857142846,8.725555241062837,-0.017649130427288995,0.9979813887818019
55.59163392857142,8.72570019994255,-0.017504171547576775,0.9979979683873507
55.42312499999999,8.72588376,-0.01732061149012587,0.9980189629849435
55.25389285714285,8.726207990736087,-0.016996380754038753,0.9980560467270488
55.08610714285714,8.726599130671454,-0.016605240818671874,0.9981007831782112
55.08610714285714,8.726880472028727,-0.01632389946139945,0.9981329614672364
54.91687499999999,8.726982541529622,-0.016221829960503698,0.9981446356197048
54.74908928571428,8.727009994858168,-0.016194376631958107,0.9981477755815974
54.579857142857136,8.726985120344706,-0.016219251145420444,0.9981449305705002
54.41134821428571,8.7270880445386,-0.01611632695152565,0.9981567024780894
54.24283928571428,8.727329075332136,-0.015875296157989993,0.9981842702648291
54.073607142857135,8.727311060466787,-0.015893311023338796,0.9981822098228467
53.905821428571414,8.727329075332136,-0.015875296157989993,0.9981842702648291
53.73731249999999,8.72767389238061,-0.015530479109516548,0.9982237085569956
53.56880357142856,8.727842871080792,-0.015361500409333928,0.9982430354185218
53.56880357142856,8.727824001522443,-0.01538036996768355,0.9982408772214183
53.39957142857142,8.728068458456017,-0.01513591303410955,0.9982688368713575
53.23106249999999,8.728292329077199,-0.014912042412927207,0.9982944419712351
53.062553571428566,8.72837982458887,-0.014824546901255786,0.9983044492303536
52.889705357142844,8.72841070405745,-0.014793667432675406,0.9983079810554453
52.720473214285704,8.728472462994615,-0.014731908495511092,0.9983150447056288
52.55196428571428,8.728537648071816,-0.014666723418310212,0.9983225002190117
52.38345535714285,8.72851020211131,-0.014694169378815403,0.9983193610998354
52.21494642857142,8.728663737393179,-0.014540634096947613,0.9983369216274571
52.21494642857142,8.728805270132856,-0.014399101357270183,0.9983531093698069
52.046437499999996,8.728990546944345,-0.014213824545780795,0.9983743003203575
51.87792857142856,8.729190397745064,-0.014013973745061747,0.9983971581642586
51.708696428571415,8.729243580280071,-0.01396079121005478,0.9984032408923691
51.54091071428571,8.72923414918492,-0.013970222305205837,0.998402162215176
51.37167857142856,8.729236720631956,-0.013967650858170089,0.9984024563232542
51.203169642857134,8.72924529703411,-0.013959074456016296,0.9984034372453269
51.0295982142857,8.729303622463197,-0.013900749026928949,0.9984101081895951
50.86108928571427,8.729446871956913,-0.013757499533213036,0.9984264922849025
50.86108928571427,8.729639863109515,-0.013564508380611073,0.9984485655596886
50.692580357142845,8.729760809536806,-0.013443561953319971,0.9984623987519774
50.523348214285704,8.729846580926392,-0.01335779056373454,0.9984722088154211
50.35556249999999,8.730028424229802,-0.013175947260323895,0.998493007060056
50.187053571428564,8.730156230305209,-0.013048141184917483,0.9985076248214596
50.01854464285713,8.730210267533216,-0.012994103956909697,0.9985138053046911
49.8500357142857,8.730377529479354,-0.012826842010772666,0.9985329358132587
49.68080357142856,8.730653727942551,-0.012550643547575291,0.998564525886127
49.512294642857135,8.730706048416517,-0.01249832307360954,0.9985705100164004
49.512294642857135,8.73070347696948,-0.012500894520647066,0.9985702159083218
49.34378571428571,8.730605695669661,-0.012598675820465033,0.9985590322168899
49.17527678571428,8.730633141630163,-0.012571229859963395,0.9985621713360658
49.001705357142846,8.730878460624776,-0.012325910865349954,0.998590229583842
48.832473214285706,8.731130639267505,-0.012073732222621203,0.9986190724007331
48.66396428571428,8.731368236552964,-0.011836134937162512,0.9986462474815575
48.496178571428565,8.73154150345422,-0.01166286803590566,0.9986660648041197
48.32766964285714,8.731481461271096,-0.011722910219029714,0.9986591975068939
48.1584375,8.731486604165172,-0.011717767324954664,0.9986597857230509
48.1584375,8.731594678621187,-0.011609692868939092,0.998672146689514
47.98992857142856,8.731713053601437,-0.011491317888689068,0.9986856857737239
47.82141964285713,8.731972953953322,-0.01123141753680379,0.9987154117575672
47.6529107142857,8.731954939087972,-0.011249432402154369,0.9987133513155844
47.484401785714276,8.731821128057453,-0.011383243432673495,0.9986980467401869
47.315169642857136,8.731888037256734,-0.011316334233391956,0.998705699449244
47.14738392857142,8.732052720387792,-0.011151651102334625,0.9987245350070166
46.97887499999999,8.731984956495513,-0.01121941499461343,0.9987167845428391
46.80530357142856,8.731967803691203,-0.011236567798922792,0.9987148226986935
46.80530357142856,8.73214622085458,-0.011058150635546937,0.9987352290801293
46.63679464285713,8.732424990764812,-0.010779380725313814,0.9987671132610758
46.468285714285706,8.732802396667864,-0.010401974822261906,0.9988102788885753
46.29977678571428,8.73301426474686,-0.01019010674326637,0.9988345112031815
46.13054464285714,8.733016836193897,-0.010187535296228845,0.99883480531126
45.962035714285705,8.732958510764812,-0.010245860725314415,0.998828134366992
45.79352678571428,8.732807546929983,-0.010396824560142903,0.998810867947449
45.62429464285713,8.73285986740395,-0.010344504086175377,0.9988168520777225
45.45144642857142,8.733119767755836,-0.010084603734290098,0.9988465780615658
45.45144642857142,8.73316007831957,-0.010044293170556884,0.9988511885638509
45.282937499999996,8.733119767755836,-0.010084603734290098,0.9988465780615658
45.10936607142856,8.733175521737884,-0.010028849752242053,0.9988529548977553
44.94085714285713,8.73306058026571,-0.010143791224416887,0.9988398085194606
44.77234821428571,8.73294564616158,-0.010258725328545992,0.9988266629838829
44.603116071428566,8.733185814894076,-0.010018556596049777,0.9988541321727857
44.430267857142844,8.733522910233393,-0.00968146125673286,0.998892687298
44.256696428571416,8.733768229228009,-0.009436142262117642,0.9989207455457765
44.08818749999999,8.733940634068224,-0.009263737421902007,0.9989404642705014
44.08818749999999,8.733959510994616,-0.00924486049551021,0.9989426233103214
43.91895535714285,8.73390032350449,-0.009304047985636998,0.9989358537682161
43.751169642857135,8.733896889996409,-0.009307481493717518,0.9989354610623002
43.5826607142857,8.73401611966966,-0.009188251820466675,0.9989490979016311
43.414151785714274,8.734119905924597,-0.009084465565528888,0.9989609684070577
43.24564285714285,8.734148213946142,-0.009056157543984256,0.9989642061240711
43.07641071428571,8.73408473825494,-0.009119633235187052,0.9989569461209297
42.90790178571428,8.734071873651708,-0.00913249783841863,0.9989554747378206
42.73939285714285,8.734466439727111,-0.008737931763015183,0.9990006030521821
42.73939285714285,8.73480268037343,-0.008401691116695531,0.9990390604222759
42.570883928571426,8.735061718664273,-0.008142652825853247,0.9990686878082817
42.402374999999985,8.735072873881508,-0.008131497608617977,0.9990699636811495
42.23386607142856,8.734844707691202,-0.008359663798923833,0.9990438672775186
42.06535714285713,8.734584807339319,-0.008619564150807335,0.9990141412936756
41.896848214285704,8.734474161436268,-0.008730210053858656,0.9990014862191342
41.727616071428564,8.73454363471454,-0.00866073677558532,0.999009432193553
41.55910714285714,8.734611398606823,-0.008592972883302963,0.999017182657731
41.389874999999996,8.73476665064273,-0.00843772084739669,0.9990349395383105
41.222089285714276,8.735044565859965,-0.008159805630160832,0.9990667259641364
41.222089285714276,8.73512262290844,-0.008081748581686199,0.9990756537033448
41.052857142857135,8.735128627863556,-0.008075743626569931,0.999076340517339
40.88507142857142,8.735002531174148,-0.00820184031597826,0.9990619182661767
40.716562499999995,8.735068578312386,-0.008135793177739714,0.9990694723773964
40.54805357142857,8.735116617953324,-0.008087753536802467,0.9990749668893506
40.37882142857143,8.735110612998204,-0.008093758491922287,0.999074280075356
40.210312499999986,8.735040277658888,-0.008164093831238617,0.9990662355030999
40.04180357142856,8.734972513766609,-0.008231857723517422,0.9990584850389224
39.87329464285713,8.735044565859965,-0.008159805630160832,0.9990667259641364
39.87329464285713,8.735231552057451,-0.007972819432675138,0.9990881124249282
39.70406249999999,8.7352495669228,-0.007954804567326335,0.9990901728669107
39.53627678571428,8.735344776775584,-0.00785959471454234,0.9991010624502646
39.367767857142844,8.735440848689407,-0.007763522800718903,0.9991120506314557
39.19925892857142,8.735420262377021,-0.007784109113105231,0.9991096960813947
39.03002678571428,8.735344776775584,-0.00785959471454234,0.9991010624502646
38.86151785714285,8.735458001493717,-0.007746369996409541,0.9991140124756012
38.69300892857142,8.735757357716336,-0.00744701377379009,0.9991482512066088
38.524499999999996,8.736090164854579,-0.007114206635547404,0.999186315870787
38.524499999999996,8.736330333587075,-0.006874037903051189,0.9992137850596898
38.35599107142857,8.736479588035907,-0.006724783454219008,0.9992308559689915
38.18748214285713,8.736746348035906,-0.006458023454220196,0.9992613665219495
38.0189732142857,8.73682525977738,-0.006379111712746521,0.9992703920162787
37.850464285714274,8.736977085673251,-0.006227285816875039,0.9992877570336591
37.681232142857134,8.737128904201077,-0.006075467289049286,0.9993051212083226
37.51272321428571,8.737185520244166,-0.006018851245960022,0.9993115966423493
37.34421428571428,8.737031977594256,-0.0061723938958699875,0.9992940352720111
37.170642857142845,8.736847562843808,-0.006356808646318157,0.9992729429192978
37.170642857142845,8.736764362901257,-0.006440008588869617,0.9992634269639322
37.00213392857142,8.736805528157989,-0.0063988433321373606,0.999268135221338
36.83362499999999,8.736886164021545,-0.0063182074685812495,0.9992773579113415
36.665116071428564,8.736857856,-0.006346515490125881,0.9992741201943283
36.49588392857142,8.73695735405386,-0.006247017436265878,0.9992855002387184
36.3280982142857,8.736945344143626,-0.00625902734650019,0.9992841266107299
36.15886607142856,8.736959070807899,-0.006245300682227395,0.9992856965916761
35.99108035714285,8.736964213701976,-0.006240157788150569,0.9992862848078333
35.82184821428571,8.736830410039499,-0.006373961450627519,0.9992709810751523
35.82184821428571,8.736627980423698,-0.0065763910664280445,0.999247828280456
35.64827678571428,8.73657308113465,-0.006631290355477049,0.9992415491993873
35.47542857142856,8.736717185321366,-0.006487186168760317,0.9992580310498158
35.30691964285713,8.736736054879714,-0.006468316610412472,0.9992601892469191
35.13768749999999,8.736844129335728,-0.0063602421543986765,0.9992725502133819
34.969178571428564,8.736964213701976,-0.006240157788150569,0.9992862848078333
34.799946428571424,8.737018250929983,-0.006186120560142783,0.9992924652910649
34.63216071428571,8.737165788624775,-0.006038582865350861,0.9993093398474087
34.463651785714276,8.737230973701976,-0.005973397788149981,0.9993167953607915
34.463651785714276,8.737043132811491,-0.006161238678634717,0.9992953111448789
34.29441964285713,8.73675921263914,-0.006445158850986843,0.9992628379050588
34.12663392857142,8.736666574233395,-0.006537797256731537,0.9992522424297835
33.958124999999995,8.736742059834832,-0.006462311655294428,0.9992608760609135
33.78961607142857,8.736930762786356,-0.00627360870377025,0.999282458874663
33.61532142857143,8.737132337709157,-0.006072033780968766,0.9993055139142385
33.447535714285706,8.737246417120287,-0.005957954369838703,0.9993185616946956
33.27830357142856,8.737522615583485,-0.005681755906641328,0.9993501517675638
33.10979464285713,8.737872575526033,-0.005331795964092834,0.9993901782758872
32.941285714285705,8.738074150448833,-0.005130221041293126,0.9994132333154625
32.941285714285705,8.738207099418313,-0.004997272071813441,0.9994284392930229
32.77277678571428,8.738173648502693,-0.005030722987433123,0.9994246133598527
32.60426785714285,8.738194234815083,-0.005010136675043242,0.9994269679099141
32.43575892857142,8.73832718378456,-0.004877187705565333,0.9994421738874744
32.26724999999999,8.738461856876123,-0.004742514614003213,0.9994575770607093
32.09874107142856,8.73851074384201,-0.004693627648116205,0.999463168485067
31.929508928571423,8.738575074226214,-0.004629297263912591,0.9994705262433293
31.760999999999996,8.738586229443449,-0.00461814204667732,0.9994718021161971
31.59249107142857,8.73857936242729,-0.0046250090628365825,0.9994710167043656
31.59249107142857,8.738622251806104,-0.00458211968402189,0.9994759221574457
31.42398214285713,8.738768927439857,-0.00443544405026941,0.9994926981159525
31.254749999999987,8.738854706197488,-0.0043496652926382495,0.999502509022113
31.08624107142856,8.738803240416518,-0.004401131073608511,0.99949662264696
30.91845535714285,8.73872947156912,-0.00447489992100536,0.999488185368788
30.749223214285706,8.738813533572712,-0.0043908379174144585,0.9994977999219906
30.58071428571428,8.738886440359067,-0.0043179311310588275,0.9995061386023254
30.412205357142852,8.738946482542191,-0.004257888947934774,0.999513005899551
30.24369642857142,8.739156633867148,-0.004047737622977721,0.9995370418611995
30.24369642857142,8.739317036165172,-0.003887335324954222,0.9995553878006523
30.07518749999999,8.739455990089768,-0.0037483814003582694,0.999571280592207
29.906678571428564,8.73957093156194,-0.003633439928186988,0.9995844269705012
29.73744642857142,8.7397073140395,-0.0034970574506267837,0.9996000256539777
29.568937499999993,8.73981967669659,-0.0033846947935369798,0.9996128770814767
29.401151785714273,8.740040975870738,-0.0031633956193886092,0.9996381880732762
29.231919642857132,8.740017818111312,-0.0031865533788142386,0.9996355394151365
29.063410714285705,8.73985227291921,-0.0033520985709163398,0.9996166052595262
28.89490178571428,8.739739048201077,-0.003465323289049138,0.9996036552341898
28.725669642857135,8.739931184660684,-0.0032731868294426647,0.9996256307538555
28.725669642857135,8.740160205543985,-0.0030441659461413195,0.9996518249126066
28.552821428571423,8.740395231382408,-0.0028091401077183775,0.9996787058853527
28.38431249999999,8.740559059820466,-0.0026453116696600887,0.9996974436880046
28.215080357142845,8.740541044955119,-0.0026633265350071156,0.9996953832460223
28.042232142857134,8.740531613859964,-0.002672757630161726,0.9996943045688287
27.872999999999994,8.740506739346499,-0.002697632143627615,0.999691459557731
27.70521428571428,8.74054019026212,-0.002664181228006157,0.9996952854909016
27.531642857142845,8.74050416053142,-0.00270021095870554,0.9996911646069363
27.531642857142845,8.740514453687613,-0.002689917802513264,0.9996923418819667
27.362410714285705,8.740607092093358,-0.0025972793967685703,0.9997029373572419
27.193901785714278,8.740709168962297,-0.002495202527828866,0.9997146123524271
27.02539285714285,8.740690292035907,-0.002514079454218887,0.9997124533126074
26.856883928571424,8.740771782592459,-0.002432588897667287,0.9997217737577313
26.688374999999997,8.740998232028725,-0.0022061394614016905,0.9997476738084042
26.51986607142856,8.741179213271096,-0.0020251582190304873,0.9997683734552021
26.34701785714285,8.74122467409695,-0.001979697393176494,0.9997735730163609
26.177785714285708,8.741192077874327,-0.00201229361579891,0.9997698448383111
26.177785714285708,8.741102018283664,-0.0021023532064621264,0.9997595443138311
26.00927678571428,8.741258987073609,-0.0019453844165173706,0.9997774975473682
25.840767857142854,8.74138764784201,-0.0018167236481154703,0.9997922130638923
25.672258928571416,8.741418527310595,-0.0017858441795315372,0.9997957448889843
25.503026785714276,8.741479431554758,-0.0017249399353680417,0.999802710784047
25.33451785714285,8.74154204518492,-0.001662326305206463,0.9998098721893512
25.166732142857136,8.741539473737882,-0.0016648977522439878,0.9998095780812727
24.99822321428571,8.741544616631957,-0.001659754858168938,0.9998101662974297
24.828991071428568,8.7415737793465,-0.001630592143627041,0.9998135017695635
24.66048214285713,8.741614951971275,-0.001589419518850832,0.999818210869686
24.66048214285713,8.74162867863555,-0.0015756928545762605,0.9998197808506325
24.491973214285704,8.741688720818672,-0.001515650671453983,0.9998266481478579
24.323464285714277,8.741912591439856,-0.001291780050269864,0.9998522532477357
24.154232142857133,8.742116737809695,-0.001087633680430855,0.9998756023953898
23.986446428571423,8.742212809723519,-0.0009915617666074183,0.9998865905765807
23.817937499999996,8.74237663816158,-0.0008277333285455768,0.9999053283792331
23.648705357142852,8.742589360933575,-0.0006150105565509989,0.9999296584489599
23.480196428571418,8.742775492438062,-0.00042887905206434596,0.999950947154631
23.31168749999999,8.742742041522444,-0.0004623299676822512,0.9999471212214609
23.31168749999999,8.742721455210054,-0.00048291628007213205,0.9999447666713994
23.143178571428564,8.742756622879712,-0.0004477486104139672,0.9999487889575275
22.974669642857137,8.742871564351887,-0.0003328071382391329,0.9999619353358221
22.80616071428571,8.742925601579893,-0.00027876991023312314,0.9999681158190534
22.637651785714283,8.742794361996408,-0.00041000949371827744,0.9999531053517341
22.469142857142845,8.742748901170557,-0.0004554703195687182,0.9999479057905756
22.299910714285705,8.742854404179536,-0.0003499673105906709,0.9999599726489602
22.131401785714278,8.742989931964095,-0.0002144395260312848,0.9999754735773156
21.96289285714285,8.743060267303411,-0.00014410418671495506,0.9999835181495716
21.96289285714285,8.743055124409336,-0.00014924708079000482,0.9999829299334148
21.793660714285707,8.743111733084381,-9.263840574469384e-05,0.9999894045247247
21.625874999999997,8.743372488129264,0.0001681166391378497,1.0000192282636886
21.45736607142856,8.743558619633754,0.00035424814362805535,1.00004051696936
21.288857142857132,8.743510587360863,0.000306215870736537,1.0000350233001227
21.120348214285706,8.743562915202876,0.0003585437127497926,1.000041008273113
20.95183928571428,8.743612656861762,0.00040828537163584144,1.0000466974525914
20.782607142857138,8.743470276797128,0.000265905307001546,1.0000304127978374
20.61409821428571,8.743351901816878,0.00014753032675152156,1.0000168737136275
20.61409821428571,8.743482279339318,0.00027790784919190514,1.0000317855831093
20.440526785714276,8.743613518922801,0.0004091474326752831,1.0000467960504285
20.27201785714285,8.743654691547578,0.00045032005745149206,1.000051505150551
20.103508928571422,8.743702723820466,0.0004983523303394577,1.0000569988197878
19.934999999999995,8.743816803231601,0.0006124317414748504,1.0000700466002455
19.761428571428567,8.743926601809695,0.0007222303195693058,1.0000826047623825
19.592919642857133,8.743996937149014,0.0007925656588874119,1.0000906493346389
19.42368749999999,8.743883712430879,0.0006793409407528372,1.0000776993093021
19.255178571428562,8.743982355791744,0.0007779843016173515,1.000088981598572
19.255178571428562,8.743999508596053,0.0007951371059267132,1.0000909434427177
19.087392857142852,8.743968629127467,0.0007642576373410037,1.0000874116176253
18.91309821428571,8.743953185709158,0.0007488142190315017,1.0000856452837215
18.74531249999999,8.743985781931778,0.0007814104416521417,1.000089373461771
18.576080357142846,8.744093001694793,0.0008886302046668959,1.0001016366731132
18.408294642857136,8.744224241278278,0.0010198697881520502,1.0001166471404326
18.239062499999992,8.744329744287253,0.0011253727971265448,1.0001287139988166
18.070553571428565,8.744490139217236,0.0012857677271096435,1.0001470590955535
17.90132142857142,8.744675416028727,0.0014710445386008075,1.0001682500461042
17.90132142857142,8.744683137737882,0.0014787662477555585,1.000169133213056
17.7335357142857,8.744755189831238,0.0015508183411121479,1.00017737413827
17.565026785714274,8.744697719095154,0.0014933476050273953,1.000170800949123
17.396517857142847,8.744348613845602,0.001144242355476166,1.0001308721959201
17.227285714285706,8.744116159454219,0.0009117879640925253,1.000104285331253
17.059499999999993,8.744160765587075,0.0009563940969492535,1.0001093871372913
16.890267857142852,8.744286854908438,0.0010824834183118526,1.0001238085457367
16.721758928571425,8.744324594025137,0.001120222535011095,1.0001281249399436
16.553249999999988,8.744362340509875,0.0011579690197489612,1.0001324421768665
16.38474107142856,8.744337465996411,0.0011330945062848485,1.000129597165769
16.38474107142856,8.74433660393537,0.0011322324452436305,1.0001294985679319
16.216232142857134,8.744341754197487,0.0011373827073608567,1.0001300876268053
16.047723214285707,8.744380348007184,0.0011759765170573644,1.0001345017761327
15.878491071428567,8.744643681867146,0.0014393103770196092,1.0001646204658916
15.710705357142855,8.744864126348295,0.001659754858168938,1.0001898337025703
15.541473214285713,8.74483838977379,0.0016340182836636075,1.0001868900936357
15.372964285714286,8.744507299389587,0.0013029278994611815,1.0001490217824154
15.204455357142859,8.744278278506284,0.00107390701615806,1.000122827623664
15.035223214285715,8.74421909101616,0.0010147195260330477,1.000116058081559
15.035223214285715,8.74431945113106,0.001115079640934269,1.0001275367237863
14.867437499999985,8.744509870836625,0.0013054993464987064,1.000149315890494
14.698928571428558,8.744744896675046,0.001540525184919872,1.0001761968632397
14.530419642857131,8.744830668064633,0.00162629657450708,1.0001860069266835
14.36118749999999,8.744569913019749,0.0013655415296227602,1.0001561831877195
14.192678571428562,8.74431773437702,0.0011133628868940093,1.0001273403708284
14.024169642857135,8.744124743224418,0.000920371734292047,1.0001052670960424
13.851321428571415,8.744020949601436,0.0008165781113103066,1.0000933957478992
13.682089285714273,8.743962624172351,0.000758252682224736,1.0000867248036311
13.682089285714273,8.743984065177738,0.0007796936876118821,1.0000891771088132
13.513580357142846,8.744092147001796,0.0008877755116696306,1.0001015389179926
13.34507142857142,8.744073277443448,0.0008689059533217858,1.0000993807208893
13.176562499999992,8.743991786886895,0.0007874153967684094,1.0000900602757652
13.00733035714285,8.74411787620826,0.0009135047181345612,1.000104481684211
12.839544642857138,8.744297148064632,0.0010927765745059048,1.0001249858207673
12.671035714285711,8.744340892136446,0.0011365206463196387,1.000129989028968
12.497464285714276,8.744361478448834,0.0011571069587077432,1.0001323435790292
12.32895535714285,8.744290288416517,0.0010859169263905954,1.0001242012516522
12.32895535714285,8.744235389127468,0.0010310176373415914,1.0001179221705836
12.159723214285707,8.744080137091562,0.0008757656014353188,1.0001001652900041
11.99121428571428,8.744093856387792,0.0008894848976659375,1.000101734428234
11.822705357142853,8.744105011605027,0.0009006401149012078,1.0001030103011017
11.654196428571426,8.744026099863556,0.000821728373429309,1.0000939848067727
11.484964285714284,8.744127314671454,0.0009229431813277955,1.0001055612041208
11.317178571428572,8.744544183813288,0.0013398123231613823,1.0001532404215014
11.148669642857127,8.744766337680431,0.0015619661903052418,1.0001786491684215
10.979437499999985,8.744847828236983,0.0016434567468568417,1.0001879696135454
10.811651785714274,8.744729453256733,0.0015250817666068173,1.0001744305293354
10.811651785714274,8.74440007962657,0.001195708136444651,1.000136758571073
10.642419642857131,8.744176201637345,0.0009718301472183555,1.0001111526284787
10.473910714285704,8.744039819159784,0.0008354476696581514,1.0000955539450025
10.305401785714277,8.74405097437702,0.0008466028868934217,1.0000968298178703
10.13689285714285,8.744157332078995,0.0009529605888687342,1.0001089944313752
9.967660714285707,8.744350330599643,0.0011459591095164257,1.0001310685488782
9.79915178571428,8.744405222520646,0.0012008510305197007,1.00013734678723
9.63136607142857,8.744424954140037,0.0012205826499105399,1.0001396035821708
9.46141071428571,8.744353756739677,0.0011493852495512158,1.0001314604120772
9.46141071428571,8.744195078563736,0.000990707073610153,1.0001133116682988
9.293624999999999,8.744090430247757,0.0008860587576311474,1.000101342565035
9.125116071428572,8.744095573141832,0.0008912016517061971,1.0001019307811918
8.956607142857127,8.744149617737882,0.0009452462477561596,1.0001081121071398
8.7880982142857,8.744114450068222,0.0009100785780962184,1.0001040898210116
8.619589285714273,8.744213086061043,0.00100871457091678,1.0001153712675648
8.450357142857131,8.74441723243088,0.0012128609407540125,1.0001387204152186
8.281848214285704,8.744515021098744,0.0013106496086177089,1.0001499049493674
8.113339285714277,8.744482424876123,0.0012780533859970689,1.000146176771318
8.113339285714277,8.744231955619389,0.0010275841292628485,1.0001175294646678
7.940491071428557,8.744043252667865,0.0008388811777386707,1.0000959466509183
7.77198214285713,8.744070698628368,0.0008663271382420845,1.0000990857700944
7.602749999999988,8.74418220659246,0.0009778351023346232,1.000111839442473
7.434241071428561,8.744339175382407,0.0011348038922811554,1.0001297926760104
7.265732142857134,8.744360623755837,0.001156252265710478,1.0001322458239088
7.097223214285707,8.744322877271097,0.0011185057809708354,1.0001279285869855
6.92871428571428,8.744280849953322,0.0010764784631955848,1.0001231217317423
6.760205357142853,8.744314300868941,0.0011099293788152664,1.0001269476649126
6.760205357142853,8.744328882226212,0.0011245107360853268,1.0001286154009796
6.591696428571426,8.744374343052064,0.001169971561937544,1.0001338149621382
6.422464285714284,8.744611085644523,0.0014067141543971928,1.0001608922878418
6.253955357142857,8.744730315317774,0.0015259438276480353,1.0001745291271726
6.081107142857137,8.744680566290846,0.00147619480071981,1.0001688391049777
5.911874999999995,8.744542467059246,0.0013380955691193464,1.0001530440685433
5.743366071428568,8.7444506833465,0.0012463118563736941,1.0001425463483888
5.574857142857141,8.744331461041295,0.0011270895511685808,1.000128910351775
5.406348214285714,8.74418735685458,0.0009829853644536257,1.0001124285013465
5.406348214285714,8.744112733314184,0.0009083618240577351,1.000103893468054
5.237839285714287,8.744015806707361,0.0008114352172352568,1.0000928075317421
5.069330357142841,8.743954047770199,0.0007496762800727197,1.0000857438815587
4.9008214285714145,8.743978922283663,0.0007745507935368323,1.000088588892656
4.727249999999998,8.744004651490126,0.0008002799999999866,1.0000915316588743
4.558741071428571,8.743949759569121,0.0007453880789949352,1.0000852534205222
4.389508928571429,8.744002934736088,0.0007985632459615033,1.0000913353059167
4.221723214285698,8.74391888010054,0.0007145086104145548,1.0000817215954307
4.052491071428556,8.743798795734293,0.0005944242441664471,1.0000679870009792
4.052491071428556,8.743800512488331,0.0005961409982049304,1.000068183353937
3.8839821428571293,8.743724172193897,0.0005198007037705565,1.0000594519676864
3.7154732142857023,8.743493434556553,0.0002890630664271754,1.0000330614559771
3.5469642857142754,8.743308157745064,0.0001037862549377877,1.0000118705054266
3.377732142857133,8.74313231939677,-7.205209335658935e-05,0.999991759074786
3.2099464285714214,8.743104873436266,-9.949805386000321e-05,0.9999886199556098
3.0414374999999945,8.743261842226213,5.747073608652897e-05,1.0000065731891472
2.8722053571428523,8.74336562848115,0.00016125699102431668,1.0000184436945738
2.7036964285714253,8.743209514384203,5.14289407682611e-06,1.0000005882161571
2.5351874999999984,8.743078282168762,-0.00012608932136437545,0.9999855785915545
2.5351874999999984,8.743149472201079,-5.489928904722774e-05,0.9999937209189315
2.3666785714285714,8.74336391172711,0.00015954023698405706,1.000018247341616
2.1981696428571444,8.743384498039497,0.0001801265493703852,1.0000206018916769
2.029660714285699,8.743361340280073,0.00015696878994653218,1.0000179532335374
1.861151785714272,8.743437680574505,0.00023330908437912967,1.0000266846197876
1.6926428571428451,8.743493434556553,0.0002890630664271754,1.0000330614559771
1.5226874999999873,8.743533745120288,0.00032937363016216636,1.0000376719582624
1.3549017857142758,8.743309019806105,0.0001046483159790057,1.0000119691032638
1.1863928571428488,8.743027671080792,-0.0001767004093338187,0.9999797899715224
1.1863928571428488,8.742953909601434,-0.000250461888692044,0.9999713535360664
1.0171607142857064,8.742995074858168,-0.0002092966319580114,0.9999760617934723
0.8493749999999949,8.743055124409336,-0.00014924708079000482,0.9999829299334148
0.6801428571428525,8.742906732021543,-0.00029763946858274437,0.99996595762195
0.5116339285714255,8.742907586714542,-0.00029678477558370275,0.9999660553770707
0.3431249999999985,8.743037109543987,-0.00016726194613880807,0.9999808694914322
0.17533928571428703,8.743161482111313,-4.288937881291588e-05,0.99999509454692
0.006107142857144611,8.743204371490126,0.0,1.0
-0.1624017857143006,8.74323096275763,2.659126750437224e-05,1.0000030413640555
-0.1624017857143006,8.743192361579894,-1.2009910232535503e-05,0.9999986263720116
-0.3309107142857276,8.743192361579894,-1.2009910232535503e-05,0.9999986263720116
-0.49941964285715457,8.743182923116699,-2.144837342754613e-05,0.9999975468521017
-0.668651785714297,8.74323267951167,2.8308021544631856e-05,1.0000032377170134
-0.8364375000000085,8.743228391310593,2.4019820466847364e-05,1.000002747255977
-1.0049464285714353,8.743224957802514,2.058631238810449e-05,1.0000023545500611
-1.1734553571428623,8.743035392789947,-0.0001689787001790677,0.9999806731384743
-1.3426875000000047,8.74296162394255,-0.00024274754757591666,0.9999722358603023
-1.5111964285714317,8.743034538096948,-0.0001698333931781093,0.9999805753833535
-1.6797053571428586,8.743009663583482,-0.00019470790664399829,0.9999777303722559
-1.6797053571428586,8.742957335741474,-0.0002470357486519248,0.999971745399266
-1.8482142857142856,8.742843256330342,-0.00036111515978376474,0.9999586976188088
-2.017446428571428,8.742866414089768,-0.0003379574003581354,0.9999613462769485
-2.1852321428571577,8.742993365472172,-0.00021100601795431828,0.9999758662832311
-2.3544642857143003,8.74284411102334,-0.0003602604667864995,0.9999587953739294
-2.5229732142857273,8.742777209192102,-0.00042716229802408634,0.999951143507589
-2.6914821428571543,8.742839822822264,-0.0003645486678625076,0.9999583049128932
-2.8607142857142964,8.742825241464992,-0.00037913002513434435,0.999956637176826
-3.028500000000008,8.742675139691203,-0.0005292317989233908,0.99993946935512
-3.028500000000008,8.742665701228008,-0.0005386702621184014,0.9999383898352102
-3.197008928571435,8.74280294576661,-0.00040142572351697936,0.9999540871165238
-3.3662410714285773,8.742914453730702,-0.00028991775942444065,0.9999668407889023
-3.5347500000000043,8.743013951784562,-0.00019041970556443744,0.9999782208332925
-3.7032589285714312,8.74287670724596,-0.0003276642441658595,0.9999625235519789
-3.871767857142858,8.74276519928187,-0.00043917220825662184,0.9999497698796006
-4.040276785714285,8.742755768186717,-0.0004486033034094561,0.9999486912024071
-4.208785714285731,8.742772920991024,-0.00043145049910187083,0.9999506530465525
-4.377294642857158,8.74286212588869,-0.00034224560143591987,0.9999608558159121
-4.377294642857158,8.74282695821903,-0.0003774132710958611,0.9999568335297838
-4.545803571428585,8.742627962111312,-0.0005764093788140912,0.9999340734410037
-4.715035714285727,8.742573924883304,-0.0006304466068218773,0.9999278929577722
-4.882821428571439,8.742542183353683,-0.0006621881364434756,0.9999242625348433
-5.051330357142866,8.742355197156193,-0.0008491743339327229,0.9999028760740512
-5.224901785714301,8.742136469429086,-0.0010679020610400158,0.9998778591903305
-5.394133928571443,8.741889433680432,-0.001314937809693717,0.9998496045895963
-5.56264285714287,8.741804516983843,-0.0013998545062836598,0.9998398922812729
-5.731151785714297,8.741801083475764,-0.0014032880143624027,0.9998394995753572
-5.899660714285724,8.741743620107721,-0.001460751382404979,0.9998329272289267
-5.899660714285724,8.741692154326753,-0.0015122171633734638,0.9998270408537738
-6.068169642857151,8.741632966836626,-0.0015714046535002524,0.9998202713116687
-6.237401785714293,8.741550621587075,-0.001653749903050894,0.999810853111424
-6.40591071428572,8.741547188078995,-0.0016571834111314132,0.9998104604055081
-6.574419642857147,8.74162267368043,-0.001581697809696081,0.9998190940366379
-6.742928571428574,8.741564348251346,-0.0016400232387798752,0.9998124230923702
-6.910714285714286,8.741531752028726,-0.0016726194614005152,0.9998086949143206
-7.079946428571428,8.74162782394255,-0.0015765475475770785,0.9998196830955115
-7.248455357142873,8.741763344359066,-0.0014410271310598688,0.9998351831811505
-7.248455357142873,8.741716166779176,-0.0014882047109505692,0.9998297872670341
-7.4169642857143,8.741695580466786,-0.00150879102334045,0.9998274327169727
-7.585473214285727,8.741602087368046,-0.0016022841220806328,0.9998167394865771
-7.759044642857144,8.741557481235189,-0.001646890254937361,0.9998116376805388
-7.927553571428571,8.741388509903052,-0.0018158615870742523,0.9997923116617294
-8.096785714285714,8.741103735037703,-0.002100636452423643,0.9997597406667887
-8.269633928571434,8.740948483001796,-0.0022558884883299157,0.9997419837862094
-8.43814285714286,8.740981071856373,-0.0022232996337532285,0.9997457111215422
-8.607375000000003,8.741038542592461,-0.002165828897664923,0.9997522843106896
-8.607375000000003,8.740996515274688,-0.0022078562154383974,0.9997474774554467
-8.775160714285715,8.740998232028725,-0.0022061394614016905,0.9997476738084042
-8.943669642857142,8.741116599640934,-0.002087771849192066,0.9997612120498979
-9.112901785714302,8.741019673034112,-0.0021846984560145444,0.9997501261135862
-9.281410714285729,8.740799228552964,-0.002405142937162097,0.9997249128769076
-9.449919642857155,8.740659419935369,-0.002544951554757091,0.9997089223302322
-9.623491071428573,8.740641405070019,-0.0025629664201076707,0.9997068618882494
-9.792,8.740609670908439,-0.0025947005816870927,0.9997032323080371
-9.960508928571445,8.740386654980252,-0.0028177165098739465,0.9996777249632798
-9.960508928571445,8.740300021529624,-0.0029043499605023726,0.9996678163019987
-10.129017857142872,8.740253698642729,-0.002950672847397584,0.9996625181430027
-10.297526785714298,8.740300876222621,-0.0029034952675051073,0.9996679140571193
-10.466035714285725,8.740342903540396,-0.0028614679497298567,0.9996727209123625
-10.634544642857152,8.740302592976661,-0.0029017785134648477,0.9996681104100772
-10.80305357142858,8.740221102420108,-0.002983269070018224,0.9996587899649532
-10.972285714285722,8.740191939705566,-0.003012431784560121,0.9996554544928192
-11.140794642857148,8.740095013098745,-0.003109358391380823,0.9996443685565077
-11.309303571428575,8.739960347375225,-0.0032440241149007676,0.9996289662259893
-11.309303571428575,8.739873713924597,-0.0033306575655291937,0.9996190575647083
-11.477812500000002,8.73972189539677,-0.0034824760933567234,0.9996016933900445
-11.64632142857143,8.73945427333573,-0.0037500981543967526,0.9995710842392492
-11.815553571428572,8.739429398822264,-0.0037749726678626416,0.9995682392281516
-11.984062499999999,8.739343620064632,-0.0038607514254938025,0.999558428321991
-12.151848214285728,8.739193518290845,-0.0040108531992810725,0.9995412605002852
-12.321080357142872,8.739201232631958,-0.004003138858168498,0.9995421428245207
-12.489589285714299,8.739303309500897,-0.0039010619892287934,0.9995538178197059
-12.658098214285726,8.739281006434473,-0.003923365055653605,0.999551266916687
-12.658098214285726,8.739191801536803,-0.0040125699533231085,0.9995410641473271
-12.827330357142868,8.739112027734292,-0.004092343755834449,0.9995319400551611
-12.99511607142858,8.738898450269302,-0.004305921220824516,0.999507512230314
-13.168687500000015,8.7387329050772,-0.004471466412926617,0.9994885780747037
-13.337196428571442,8.738621397113107,-0.0045829743770191556,0.9994758244023252
-13.505705357142869,8.738646271626571,-0.004558099863555043,0.9994786694134226
-13.674214285714296,8.738713173457809,-0.004491198032317456,0.999486321279763
-13.842723214285723,8.738894162068222,-0.0043102094219040765,0.9995070217692773
-14.011955357142865,8.738913031626572,-0.004291339863554455,0.9995091799663808
-14.011955357142865,8.73878608761221,-0.004418283877916096,0.9994946608028147
-14.180464285714292,8.738440408502694,-0.004763962987432535,0.9994551239128109
-14.348973214285719,8.738137618771994,-0.005066752718132506,0.9994204924758874
-14.517482142857146,8.738251705551168,-0.004952665938958489,0.9994335410990611
-14.686714285714288,8.738498733931777,-0.004705637558348741,0.9994617948570786
-14.8545,8.738474721479355,-0.0047296500107716355,0.9994590484438184
-15.023732142857142,8.738506455640934,-0.0046979158491922135,0.9994626780240308
-15.196580357142862,8.738614537464992,-0.004589834025134465,0.9994750398332103
-15.365812500000004,8.738545911511672,-0.004658459978454488,0.9994671907711954
-15.534321428571431,8.738321178829443,-0.0048831926606833775,0.99944148707348
-15.534321428571431,8.738152207497306,-0.005052163992820269,0.9994221610546707
-15.707169642857151,8.738053564136447,-0.005150807353679454,0.9994108787654015
-15.876401785714293,8.738055280890485,-0.005149090599640971,0.9994110751183592
-16.044187500000003,8.738036411332137,-0.005167960157988816,0.999408916921256
-16.26476785714287,8.737789375583484,-0.005414995906642517,0.9993806623205218
-16.26476785714287,8.737457423138242,-0.0057469483518843845,0.9993426954114645
-16.26476785714287,8.737246417120287,-0.005957954369838703,0.9993185616946956
-16.26476785714287,8.737119473105928,-0.006084898384198567,0.9993040425311296
-16.26476785714287,8.736915326736087,-0.006289044754039352,0.9992806933834755
-16.26476785714287,8.73680810697307,-0.006396264517055883,0.9992684301721332
-16.26476785714287,8.736911893228008,-0.006292478262118095,0.9992803006775598
-16.26476785714287,8.737085160129265,-0.006119211360861243,0.999300118000122
-16.26476785714287,8.737194951339319,-0.006009420150807188,0.9993126753195427
-16.26476785714287,8.737197522786357,-0.006006848703769663,0.9993129694276212
-16.26476785714287,8.73717779853501,-0.006026572955116549,0.9993107134753972
-16.26476785714287,8.737322757414722,-0.005881614075404329,0.999327293080946
-16.26476785714287,8.737474583310593,-0.0057297881795328465,0.9993446580983264
-16.26476785714287,8.73751060567325,-0.00569376581687564,0.9993487781395752
-16.26476785714287,8.737335622017952,-0.005868749472174528,0.9993287644640549
-16.26476785714287,8.737200101601436,-0.0060042698886899615,0.9993132643784162
-16.26476785714287,8.73726099847756,-0.005943373012566866,0.9993202294307626
-16.26476785714287,8.737263569924597,-0.005940801565529341,0.999320523538841
-16.26476785714287,8.737333905263917,-0.005870466226209459,0.9993285681110976
-16.26476785714287,8.737583512459606,-0.005620859030520009,0.99935711681991
-16.26476785714287,8.737871720833034,-0.005332650657091875,0.9993900805207664
-16.26476785714287,8.737720756998206,-0.005483614491920363,0.9993728141012235
-16.26476785714287,8.737550061543987,-0.005654309946139691,0.9993532908867397
-16.26476785714287,8.737596377062836,-0.005607994427290208,0.9993585882030189
-16.26476785714287,8.73754577334291,-0.005658598147215699,0.9993528004257035
-16.26476785714287,8.73741110761939,-0.005793263870735643,0.9993373980951851
-16.26476785714287,8.737452280244165,-0.005752091245961211,0.9993421071953072
-16.26476785714287,8.737489164667863,-0.005715206822262786,0.9993463258343933
-16.26476785714287,8.737468578355477,-0.005735793134649114,0.9993439712843323
-16.26476785714287,8.737456568445243,-0.005747803044883426,0.9993425976563437
-16.26476785714287,8.737568076409337,-0.005636295080789111,0.9993553513287224
-16.26476785714287,8.737780799181332,-0.005423572308794533,0.9993796813984493
-16.26476785714287,8.737822826499103,-0.005381544991022835,0.9993844882536921
-16.26476785714287,8.737737055109516,-0.005467316380610043,0.9993746781902482
-16.26476785714287,8.7374925908079,-0.00571178068222622,0.9993467176975925
-16.26476785714287,8.737301316409335,-0.005903055080791475,0.9993248407757641
-16.26476785714287,8.73727644189587,-0.005927929594255588,0.9993219957646666
-16.26476785714287,8.73719151783124,-0.0060128536588859305,0.999312282613627
-16.26476785714287,8.73730989281149,-0.005894478678635906,0.9993258216978369
-16.26476785714287,8.737515748567326,-0.00568862292280059,0.9993493663557322
