Angle (degree),rho (mOhm cm),Delta rho (mOhm cm),rho/rho(theta=0)
103.26736607142857,5.054516903698385,-0.09466206162010771,0.981616086320229
103.26736607142857,5.054531485055656,-0.09464748026283676,0.9816189181031927
103.26736607142857,5.054548640070377,-0.09463032524811599,0.9816222497051502
103.26736607142857,5.054632699863555,-0.09454626545493738,0.9816385745976709
103.26736607142857,5.054688453845602,-0.09449051147289111,0.9816494023398065
103.26736607142857,5.054697460541473,-0.09448150477701933,0.9816511514916485
103.26736607142857,5.054646424317415,-0.09453254100107777,0.981641239965092
103.10319642857142,5.054648997238061,-0.09452996808043146,0.9816417396409945
102.9303482142857,5.0545949585364465,-0.09458400678204626,0.9816312450161273
102.76183928571427,5.054635273521006,-0.09454369179748667,0.981639074416665
102.59333035714285,5.054549927267504,-0.09462903805098843,0.9816224996861931
102.4240982142857,5.054343208713824,-0.09483575660466848,0.9815823537609742
102.25558928571428,5.054108184349013,-0.09507078096947996,0.9815367106853705
102.08780357142857,5.05383756275763,-0.09534140256086232,0.9814841544248083
101.91857142857143,5.0537204793953325,-0.0954584859231602,0.9814614161663235
101.91857142857143,5.0537080421386005,-0.09547092317989225,0.9814590007799453
101.7500625,5.053652716976662,-0.0955262483418311,0.9814482563171267
101.58155357142857,5.0534837397500905,-0.09569522556840226,0.9814154399734515
101.41232142857143,5.053253433143268,-0.09592553217522504,0.981370713113427
101.24453571428572,5.053114048188151,-0.0960649171303416,0.981343643758088
101.07530357142858,5.052975092053142,-0.09620387326535074,0.981316657682066
100.90679464285712,5.052833562997487,-0.0963454023210053,0.9812891719301416
100.7382857142857,5.052711333057092,-0.09646763226140109,0.9812654341767602
100.56977678571427,5.052703613558348,-0.09647535176014443,0.9812639350059612
100.40126785714284,5.052719052555836,-0.09645991276265686,0.9812669333475593
100.40126785714284,5.0526710188093364,-0.09650794650915628,0.9812576049193141
100.23275892857141,5.052562083765889,-0.0966168815526034,0.9812364491109453
100.06424999999999,5.052458296037343,-0.09672066928114997,0.9812162929405644
99.89501785714285,5.052366087188511,-0.09681287812998196,0.9811983854548365
99.72723214285713,5.0523369237371645,-0.09684204158132825,0.9811927217458175
99.55799999999999,5.0523334931763015,-0.09684547214219119,0.9811920555112807
99.38949107142857,5.052259725802514,-0.09691923951597836,0.9811777294654618
99.22170535714285,5.052138783059247,-0.09704018225924571,0.9811542416931233
99.05247321428571,5.052033708133573,-0.09714525718491984,0.9811338355416996
99.05247321428571,5.051947933059965,-0.09723103225852814,0.9811171775319109
98.87890178571428,5.051880599461401,-0.09729836585709162,0.981104100962031
98.71111607142856,5.051869877485099,-0.09730908783339398,0.9811020186929209
98.54188392857142,5.0518634444466795,-0.09731552087181328,0.9811007693600733
98.373375,5.051869877485099,-0.09730908783339398,0.9811020186929209
98.20486607142857,5.051798683768762,-0.09738028154973044,0.981088192466096
98.03635714285713,5.051693180022981,-0.097485785295512,0.9810677030353552
97.86712499999999,5.051539642530701,-0.09763932278779208,0.9810378851763695
97.69861607142856,5.051501043563375,-0.09767792175511758,0.9810303890361916
97.69861607142856,5.051525060436625,-0.09765390488186743,0.9810350532503141
97.53083035714285,5.051667876689407,-0.09751108862908531,0.9810627889832814
97.3615982142857,5.051725345951884,-0.09745361936660846,0.9810739498426851
97.19308928571428,5.0517875329723525,-0.09739143234614023,0.9810860269176688
97.02458035714285,5.051701329078636,-0.09747763623985684,0.9810692856285628
96.85607142857143,5.051570521262478,-0.09760844405601432,0.9810438820026569
96.6875625,5.051443574300898,-0.09773539101759443,0.9810192281767878
96.51833035714286,5.051638283681149,-0.09754068163734342,0.9810570418518537
96.35054464285714,5.051550364507003,-0.09762860081148972,0.9810399674454797
96.35054464285714,5.0512733098772,-0.09790565544129315,0.9809861618520697
96.17625,5.050919915689767,-0.09825904962872567,0.9809175306800298
96.00340178571427,5.050588394275045,-0.09859057104344782,0.9808531473255271
95.83416964285713,5.050471739732855,-0.09870722558563738,0.9808304923463596
95.66638392857142,5.0503688096445245,-0.09881015567396823,0.9808105027346129
95.497875,5.050417272211132,-0.0987616931073605,0.9808199144421752
95.32864285714285,5.050497901443448,-0.09868106387504483,0.9808355731001591
95.16013392857143,5.050618844186715,-0.09856012113177748,0.9808590608724975
94.991625,5.0508410024746855,-0.09833796284380725,0.9809022052824057
94.991625,5.05110604793106,-0.09807291738743285,0.9809536786256629
94.82311607142857,5.051162230733214,-0.09801673458527915,0.9809645896471154
94.65460714285715,5.050975669671813,-0.0982032956466794,0.9809283584221654
94.48609821428572,5.050757800321724,-0.09842116499676834,0.9808860469485196
94.31758928571429,5.050703761620108,-0.09847520369838492,0.9808755523236521
94.14908035714284,5.050743218227649,-0.09843574709084368,0.9808832150224642
93.98057142857141,5.050813125483663,-0.0983658398348295,0.9808967914113381
93.81206249999998,5.05089546999641,-0.09828349532208236,0.9809127831865904
93.64210714285713,5.050771953595691,-0.09840701172280131,0.9808887955952577
93.4735982142857,5.050608980587433,-0.09856998473105971,0.9808571453051131
93.4735982142857,5.050442576281509,-0.09873638903698367,0.9808248286373406
93.30581249999999,5.050401403656733,-0.09877756166175988,0.9808168326781684
93.13224107142855,5.050427565367325,-0.09875139995116733,0.980821913431968
92.96373214285713,5.050413841650269,-0.09876512366822343,0.9808192482076383
92.7952232142857,5.050304906606823,-0.09887405871166965,0.9807980923992697
92.62671428571427,5.050236715368044,-0.09894224995044887,0.9807848492707557
92.45241964285714,5.050333641238061,-0.09884532408043167,0.9808036728289715
92.28391071428571,5.050348223332136,-0.09883074198635633,0.9808065047550268
92.28391071428571,5.0502208468136445,-0.09895811850484826,0.9807817675067491
92.11540178571427,5.050097330412926,-0.09908163490556632,0.9807577799154165
91.94689285714284,5.05010504991167,-0.09907391540682298,0.9807592790862154
91.77910714285713,5.050326350559426,-0.0988526147590667,0.9808022569374898
91.60987499999999,5.05024186194614,-0.09893710337235273,0.9807858487656521
91.44136607142856,5.050266736459606,-0.09891222885888684,0.9807906795384089
91.27285714285713,5.050266736459606,-0.09891222885888684,0.9807906795384089
91.10434821428571,5.050258588140754,-0.0989203771777385,0.9807890970882928
90.93511607142857,5.050090039734291,-0.09908892558420135,0.9807563640239347
90.76733035714285,5.050127351504489,-0.0990516138140034,0.9807636101830699
90.76733035714285,5.050166379291922,-0.09901258602657048,0.9807711896025648
90.59882142857143,5.050168952949372,-0.09901001236912066,0.9807716894215588
90.4303125,5.0502628770786355,-0.0989160882398572,0.9807899300245551
90.26108035714284,5.050218273892999,-0.09896069142549369,0.9807812678308467
90.09257142857142,5.05000855286176,-0.09917041245673275,0.9807405388073167
89.92406249999999,5.04989189831957,-0.09928706699892231,0.9807178838281491
89.75555357142856,5.049986251268941,-0.09919271404955143,0.9807362077104624
89.58704464285714,5.050136358200358,-0.09904260711813428,0.9807653593349114
89.41853571428571,5.0502723118578094,-0.09890665346068328,0.9807917623126223
89.41853571428571,5.050340074276482,-0.0988388910420106,0.9808049221618195
89.24930357142856,5.050328924216877,-0.09885004110161599,0.9808027567564839
89.08079464285713,5.050331497137524,-0.09884746818096879,0.9808032564323864
88.9122857142857,5.050331068317415,-0.09884789700107799,0.9808031731530691
88.74377678571427,5.050424134069659,-0.09875483124883377,0.9808212470543398
88.57526785714285,5.050416843391023,-0.09876212192746969,0.9808198311628579
88.40675892857142,5.050397115455656,-0.09878184986283678,0.9808159998849978
88.23825,5.050419417048474,-0.09875954827001898,0.980820330981852
88.06974107142855,5.050443005101616,-0.09873596021687714,0.9808249119166573
88.06974107142855,5.050419417048474,-0.09875954827001898,0.980820330981852
87.90050892857141,5.050514627638061,-0.09866433768043148,0.9808388214227997
87.7327232142857,5.050606406929982,-0.09857255838851042,0.9808566454861191
87.56421428571427,5.050525349614363,-0.09865361570413,0.9808409036919097
87.39498214285713,5.0505120539806105,-0.09866691133788219,0.9808383216038056
87.2264732142857,5.050610695867864,-0.09856826945062913,0.9808574784223814
87.05796428571428,5.0507290656904855,-0.09844989962800721,0.9808804665188176
86.88945535714285,5.050885605660324,-0.09829335965816899,0.9809108674761143
86.72022321428571,5.051103903830521,-0.09807506148797174,0.9809532622290774
86.5524375,5.051335496897667,-0.09784346842082581,0.9809982389270532
86.5524375,5.05149375288474,-0.09768521243375261,0.9810289731447098
86.38320535714286,5.051449578519211,-0.09772938679928167,0.9810203942303185
86.21469642857143,5.051338070555118,-0.0978408947633751,0.9809987387460471
86.0461875,5.051380100083303,-0.09779886523518933,0.9810069011207615
85.87767857142856,5.051483888548654,-0.09769507676983835,0.981027057434234
85.70916964285713,5.051600114270737,-0.09757885104775532,0.9810496291340848
85.5406607142857,5.0516412861587074,-0.09753767915978528,0.9810576249501648
85.37215178571428,5.051846289431957,-0.09733267588653582,0.9810974377581154
85.20291964285713,5.052128489903053,-0.09705047541543976,0.9811522427033303
85.20291964285713,5.052176094829443,-0.09700287048904954,0.9811614878522581
85.03513392857143,5.052176094829443,-0.09700287048904954,0.9811614878522581
84.86590178571427,5.0522914629113105,-0.09688750240718225,0.9811838929934746
84.69739285714284,5.0523725209637345,-0.09680644435475827,0.9811996349307757
84.5281607142857,5.052458296037343,-0.09672066928114997,0.9812162929405644
84.35965178571428,5.052661583293358,-0.0965173820251346,0.9812557724881553
84.19114285714285,5.052761082820826,-0.0964178824976667,0.9812750958653652
84.01829464285713,5.052739638868223,-0.09643932645026965,0.9812709313271452
83.8497857142857,5.052761082820826,-0.0964178824976667,0.9812750958653652
83.8497857142857,5.05284857391167,-0.09633039140682254,0.981292087135514
83.68127678571427,5.052930488867505,-0.09624847645098811,0.9813079954883575
83.51276785714285,5.052948072702335,-0.09623089261615814,0.9813114103696324
83.34425892857142,5.053001682583843,-0.09617728273464987,0.9813218217151827
83.17502678571428,5.053174519928187,-0.09600444539030573,0.981355387715803
83.00651785714284,5.053236278128546,-0.0959426871899467,0.9813673815114693
82.83800892857141,5.053320766741831,-0.09585819857666156,0.9813837896833069
82.66949999999999,5.053449000900539,-0.0957299644179539,0.9814086934902189
82.50026785714284,5.053654432257092,-0.09552453306140052,0.981448589434395
82.33248214285713,5.053954217299821,-0.09522474801867187,0.9815068094039762
82.33248214285713,5.053947355441294,-0.09523160987719859,0.9815054767918115
82.1639732142857,5.053844853436265,-0.09533411188222729,0.9814855703162901
81.99546428571428,5.053865010928546,-0.09531395438994661,0.9814894850165591
81.82623214285714,5.053947784261402,-0.09523118105709116,0.9815055600711285
81.65772321428571,5.054099177653143,-0.09507978766534997,0.9815349615335289
81.48921428571428,5.054291742932856,-0.09488722238563696,0.9815723588120095
81.32070535714284,5.054657575113825,-0.09452139020466799,0.9816434055135193
81.14713392857142,5.054973227974147,-0.09420573734434612,0.9817047071040151
80.97790178571428,5.055121619625135,-0.09405734569335777,0.9817335256111962
80.97790178571428,5.0552481377666085,-0.0939308275518842,0.9817580961577484
80.81011607142857,5.055384949801078,-0.09379401551741484,0.9817846658371849
80.64088392857143,5.055414542072532,-0.09376442324596113,0.9817904128255209
80.4730982142857,5.055363934668582,-0.09381503064991037,0.9817805845782819
80.30458928571427,5.055555213487971,-0.0936237518305214,0.9818177320188112
80.13535714285713,5.055831409740755,-0.0933475555777381,0.9818713709104954
79.9668482142857,5.05607029422334,-0.09310867109515275,0.9819177636430445
79.79833928571428,5.05623755616948,-0.09294140914901305,0.9819502468694513
79.62476785714286,5.0563370556969485,-0.09284190962154426,0.9819695702466613
79.62476785714286,5.056503459266068,-0.0926755060524247,0.9820018867713423
79.45553571428572,5.056585374958708,-0.09259359035978498,0.9820177952672776
79.28774999999999,5.056647133159066,-0.09253183215942684,0.9820297890629437
79.11924107142856,5.056885588821545,-0.09229337649694802,0.9820760985161759
78.95073214285713,5.057116324248474,-0.09206264107001871,0.9821209086555172
78.7815,5.057285301475045,-0.09189366384344755,0.9821537249991924
78.61299107142855,5.057356924011491,-0.09182204130700189,0.9821676345053347
78.44448214285713,5.057275437138959,-0.09190352817953329,0.9821518092887166
78.2759732142857,5.057238554188869,-0.09194041112962381,0.9821446464088985
78.2759732142857,5.05747357855368,-0.09170538676481232,0.9821902894845023
78.10746428571427,5.0578226838032325,-0.09135628151526021,0.98225808772028
77.93895535714285,5.058092447017594,-0.09108651830089887,0.9823104772791161
77.7697232142857,5.058450987783124,-0.09072797753536843,0.9823801079460526
77.60193749999999,5.058601523534651,-0.09057744178384208,0.9824093428498188
77.43270535714285,5.058707027280432,-0.09047193803806053,0.9824298322805596
77.26419642857142,5.0588069556280075,-0.0903720096904852,0.9824492389370865
77.09641071428571,5.058787226955835,-0.09039173836265757,0.9824454075161346
76.92717857142857,5.05894076518492,-0.09023820013357309,0.982475225518212
76.92717857142857,5.0591586345350095,-0.09002033078348326,0.9825175369918581
76.75866964285714,5.059299305950449,-0.08987965936804354,0.9825448561851483
76.58509821428571,5.059518461760862,-0.08966050355763056,0.9825874174967456
76.41658928571428,5.05974147768905,-0.08943748762944281,0.9826307284652883
76.24735714285713,5.059896301641652,-0.08928266367684046,0.982660796162225
76.0788482142857,5.059964493617236,-0.08921447170125685,0.9826740394338307
75.9110625,5.060020247599282,-0.08915871771921058,0.9826848671759663
75.74255357142856,5.060242833970557,-0.08893613134793554,0.9827280947221001
75.57404464285713,5.060470567656733,-0.08870839766175997,0.982772321906222
75.57404464285713,5.060795656033034,-0.0883833092854589,0.9828354559278768
75.4055357142857,5.061110880073249,-0.08806808524524357,0.9828966742390558
75.23702678571428,5.061236541311311,-0.08794242400718133,0.9829210783700656
75.06779464285714,5.061329607800359,-0.08784935751813361,0.9829391524144278
74.89494642857142,5.0615895066786365,-0.08758945863985623,0.9829896262627884
74.72571428571428,5.061714309539677,-0.0874646557788159,0.9830138636920719
74.55720535714285,5.06171859847756,-0.08746036684093283,0.9830146966283346
74.38869642857142,5.0619712066772,-0.08720775864129315,0.983063754585213
74.2201875,5.062242685908797,-0.08693627940969595,0.9831164774044091
74.05095535714285,5.062594364078995,-0.08658460123949752,0.9831847753160893
74.05095535714285,5.062955478501975,-0.08622348681651815,0.9832549058020195
73.87810714285713,5.0632046554039505,-0.08597430991454225,0.9833032973812701
73.70887499999999,5.063467127939677,-0.08571183737881594,0.9833542710486245
73.54036607142856,5.063734747053501,-0.08544421826499171,0.9834062442108755
73.37185714285714,5.064029814338242,-0.08514915098025089,0.9834635479648776
73.20334821428571,5.064263552242729,-0.08491541307576345,0.98350894120253
73.0355625,5.064356189174866,-0.08482277614362665,0.9835269318244836
72.86633035714286,5.064455259882227,-0.08472370543626617,0.9835461719223764
72.69782142857143,5.064618232890485,-0.08456073242800777,0.983577822212521
72.69782142857143,5.064824522624058,-0.08435444269443515,0.9836178848584227
72.5293125,5.065093428198205,-0.08408553712028777,0.9836701078586251
72.35574107142857,5.065339174539318,-0.0838397907791748,0.9837178332033388
72.18723214285714,5.065434813949014,-0.08374415136947899,0.9837364069236038
72.01872321428571,5.0655064364854585,-0.08367252883303422,0.9837503164297459
71.85021428571429,5.065780488637703,-0.08339847668078981,0.9838035389248446
71.68098214285713,5.06620293170413,-0.08297603361436234,0.9838855797840326
71.51319642857142,5.066523302322443,-0.08265566299604998,0.9839477975901081
71.34396428571428,5.066732594533573,-0.08244637078492012,0.9839884433343209
71.34396428571428,5.067000642467505,-0.08217832285098758,0.9840404997758891
71.17545535714285,5.067283700578815,-0.08189526473967756,0.9840954712797378
71.00694642857141,5.067529018099821,-0.08164994721867203,0.9841431133451347
70.83843749999998,5.0677224410197494,-0.08145652429874328,0.9841806771822496
70.66992857142856,5.067928301933215,-0.08125066338527809,0.9842206565488344
70.50141964285713,5.068122583230162,-0.08105638208833099,0.9842583870876748
70.33074107142856,5.068460537683304,-0.08071842763518866,0.9843240197750253
70.15861607142857,5.068845240159425,-0.08033372515906745,0.9843987311957609
69.99083035714284,5.069141593904488,-0.08003737141400435,0.984456284787714
69.99083035714284,5.069366325113107,-0.07981264020538603,0.9844999288735249
69.81725892857142,5.069503565967684,-0.07967539935080836,0.9845265818322786
69.64874999999999,5.0696549593594264,-0.07952400595906628,0.984555983294679
69.47951785714285,5.069968896939318,-0.07921006837917499,0.9846169517679066
69.31173214285714,5.07040806620036,-0.0787708991181324,0.9847022409497356
69.14249999999998,5.070719430859605,-0.07845953445888743,0.9847627097470607
68.97399107142856,5.070890552186715,-0.07828841313177737,0.9847959424873214
68.80548214285713,5.0710488081737894,-0.07813015714470328,0.9848266767049783
68.63624999999999,5.071364032214005,-0.07781493310448795,0.9848878950161573
68.63624999999999,5.0717062756050275,-0.07747268971346521,0.9849543606397698
68.46340178571428,5.071975609999282,-0.07720335531921041,0.9850066669192891
68.29489285714284,5.07221406566176,-0.07696489965673248,0.9850529763725212
68.12638392857141,5.072463242563735,-0.07671572275475746,0.9851013679517716
67.95787499999999,5.072694836367685,-0.07648412895080803,0.9851463447928388
67.78936607142856,5.072962025924596,-0.07621693939389651,0.9851982345326811
67.62013392857142,5.073192762088331,-0.07598620323016192,0.9852430448151142
67.4523482142857,5.0735375784,-0.07564138691849287,0.9853100101146292
67.28311607142857,5.073875962410055,-0.07530300290843783,0.9853757262243884
67.28311607142857,5.074138434208978,-0.07504053110951503,0.9854266997486514
67.11460714285714,5.074345152762657,-0.07483381255583588,0.98546684567387
66.94609821428571,5.074550156035907,-0.07462880928258553,0.9855066584818208
66.77758928571428,5.074981605798206,-0.07419735952028716,0.9855904484928506
66.60908035714284,5.075387323406822,-0.07379164191167042,0.9856692411724893
66.44057142857142,5.075889108508439,-0.07328985681005395,0.9857666907086184
66.27133928571428,5.0763227031080795,-0.07285626221041319,0.9858508972593252
66.10355357142856,5.07652298862334,-0.07265597669515245,0.9858897938516964
65.93432142857141,5.076777312103412,-0.07240165321508041,0.9859391849258434
65.93432142857141,5.076952722368402,-0.07222624295009084,0.985973250602366
65.76364285714284,5.077148290125673,-0.0720306751928197,0.9860112309791578
65.59296428571427,5.077423628738242,-0.07175533658025035,0.9860647033122081
65.42445535714285,5.077872663072173,-0.0713063022463194,0.9861519083476041
65.25016071428571,5.078262082569479,-0.07091688274901387,0.9862275358408275
65.08165178571429,5.078556721034111,-0.07062224428438135,0.9862847563155123
64.91314285714286,5.078951715929623,-0.0702272493888696,0.9863614665829495
64.74463392857142,5.07935957763878,-0.06981938767971307,0.9864406756591738
64.57612499999999,5.079567582652784,-0.06961138266570899,0.9864810714223441
64.57612499999999,5.079712114185997,-0.0694668511324954,0.9865091402725796
64.40761607142855,5.079978875659606,-0.06920008965888691,0.9865609468761964
64.23910714285712,5.08040646530413,-0.06877250001436241,0.986643987230281
64.0705982142857,5.0807118257450625,-0.0684671395734302,0.9867032899740754
63.902089285714275,5.080801460936446,-0.06837750438204715,0.9867206976408096
63.732857142857135,5.081124834032316,-0.06805413128617666,0.9867834985451963
63.56434821428571,5.081541272880431,-0.06763769243806195,0.9868643733508535
63.39077678571427,5.081963715946859,-0.06721524937163359,0.9869464142100417
63.22299107142856,5.0823445583052065,-0.06683440701328625,0.9870203759738321
63.22299107142856,5.0827331208991025,-0.06644584441939028,0.9870958370515133
63.05375892857142,5.08301961030808,-0.06615935501041292,0.9871514749329905
62.88524999999999,5.0832928048201085,-0.06588616049838425,0.987204530869455
62.716741071428565,5.0836590650843805,-0.06551990023411225,0.9872756607071901
62.54823214285714,5.084034760864632,-0.06514420445386104,0.9873486229760842
62.37899999999999,5.08440745490413,-0.06477151041436269,0.9874210022897589
62.210491071428564,5.084765566849552,-0.06441339846894056,0.9874905496773783
62.04198214285714,5.085090655225854,-0.0640883100926386,0.9875536836990333
61.8734732142857,5.085402019148295,-0.06377694617019802,0.9876141523532668
61.8734732142857,5.085815456255656,-0.06336350906283705,0.9876944442037047
61.704964285714276,5.086168850443088,-0.06301011487540453,0.9877630753757445
61.53645535714285,5.086410308583124,-0.06276865673536847,0.9878099679272876
61.36288392857142,5.086673209938959,-0.06250575537953384,0.9878610248739592
61.194374999999994,5.086963558728905,-0.06221540658958791,0.9879174122692899
61.02586607142857,5.087329819729983,-0.061849145588509735,0.9879885422501169
60.85735714285713,5.087681498636984,-0.06149746668150868,0.9880568403048883
60.68812499999999,5.0879538347719935,-0.06122513054649925,0.9881097295396273
60.52033928571427,5.088265628251347,-0.06091333706714597,0.9881702816162696
60.52033928571427,5.088574848073249,-0.060604117245243394,0.9882303338739179
60.351830357142845,5.088908514325315,-0.06027045099317796,0.9882951337680977
60.182598214285704,5.089256333114543,-0.05992263220394989,0.988362682165924
60.01408928571428,5.089625595856374,-0.059553369462118866,0.9884343951019703
59.84558035714285,5.090031741548295,-0.05914722377019732,0.9885132709178348
59.6763482142857,5.090563548478277,-0.05861541684021532,0.9886165508647087
59.50349999999999,5.091014298092639,-0.05816466722585378,0.9887040890173728
59.33426785714284,5.091365119359427,-0.0578138459590658,0.9887722205135105
59.165758928571414,5.091683774697308,-0.05749519062118491,0.9888341052023177
58.99797321428571,5.091943244755476,-0.057235720563016734,0.988884495771361
58.99797321428571,5.092099784725315,-0.057079180593177625,0.988914896728658
58.82874107142856,5.092354537025495,-0.056824428292998164,0.988964371082122
58.66023214285713,5.092650890770557,-0.05652807454793596,0.9890219246740748
58.49244642857143,5.092951533453501,-0.05622743186499157,0.9890803112022901
58.32321428571428,5.093399709410414,-0.05577925590807897,0.9891673495359606
58.15470535714285,5.093904925809695,-0.055274039508797834,0.9892654654497178
57.98113392857142,5.0943651109400365,-0.054813854378456206,0.9893548360335411
57.81262499999999,5.094769541351527,-0.05440942396696613,0.9894333787321372
57.81262499999999,5.095200991113824,-0.053977974204668655,0.9895171687431669
57.639776785714275,5.0956007037673245,-0.05357826155116818,0.9895947952261833
57.47126785714285,5.096002561258169,-0.053176404060323534,0.9896728382488771
57.3020357142857,5.0963267919942545,-0.052852173324238194,0.9897358057118978
57.133526785714274,5.096602130606823,-0.05257683471166974,0.989789278044948
56.96501785714285,5.097029720988151,-0.05214924433034174,0.9898723185421239
56.79650892857142,5.097498053700539,-0.05168091161795374,0.9899632714329716
56.62799999999999,5.0979149221055655,-0.05126404321292721,0.9900442296610376
56.45949107142856,5.0982979085644535,-0.0508810567540392,0.9901186078214137
56.29098214285713,5.098669744226931,-0.05050922109156186,0.9901908204333625
56.29098214285713,5.0990527314226215,-0.05012623389587123,0.9902651987368299
56.122473214285705,5.099455875373788,-0.04972308994470431,0.9903434915974747
55.953241071428565,5.099824709295512,-0.049354256022980714,0.9904151212542041
55.78473214285714,5.100147224014363,-0.04903174130412946,0.990477755456865
55.61622321428571,5.100353513747936,-0.048825451570556844,0.9905178181027668
55.447714285714284,5.100594113510952,-0.04858485180754091,0.9905645439525841
55.27920535714284,5.100855728406463,-0.048323236912029444,0.9906153510613045
55.1099732142857,5.1012580147174145,-0.04792095060107826,0.9906934773633151
54.937124999999995,5.101748220202514,-0.047430745115979,0.9907886780717
54.937124999999995,5.102155653091562,-0.04702331222693079,0.9908678038686072
54.76861607142857,5.102545502145782,-0.046633463172710776,0.9909435147842397
54.60010714285714,5.1029027564509875,-0.046276208867505275,0.9910128956132246
54.430874999999986,5.1032977513465,-0.04588121397199263,0.9910896058806621
54.26236607142856,5.103730058749013,-0.04544890656947942,0.9911735624503258
54.09385714285713,5.104034132729622,-0.045144832588870365,0.9912326153561691
53.925348214285705,5.104330486474687,-0.044848478843805495,0.9912901689481225
53.75683928571428,5.104653001193538,-0.04452596412495513,0.9913528031507832
53.58833035714285,5.104947210838061,-0.04423175448043182,0.9914099403461507
53.58833035714285,5.105210541014004,-0.043968424304488885,0.9914610805721394
53.41982142857142,5.105554499685458,-0.04362446563303468,0.9915278793130204
53.25131249999999,5.10593920216158,-0.04323976315691258,0.9916025907337563
53.08280357142856,5.106330337676122,-0.042848627642370296,0.9916785514873399
52.91357142857142,5.10672061555045,-0.04245834976804286,0.9917543456822895
52.744339285714275,5.107035839590664,-0.04214312572782841,0.9918155639934683
52.57655357142857,5.107280299471455,-0.04189866584703772,0.991863039500231
52.40804464285714,5.107598096432316,-0.04158086888617696,0.9919247574873123
52.2395357142857,5.107939482183124,-0.04123948313536907,0.9919910565522909
52.2395357142857,5.10830788728474,-0.040871078033752894,0.9920626029297032
52.07030357142856,5.108665141589946,-0.040513823728546505,0.9921319837586883
51.90251785714285,5.1090614236825855,-0.040117541635907195,0.9922089440071684
51.73328571428571,5.1094907286075415,-0.03968823671095123,0.9922923174785213
51.56477678571428,5.109811528782765,-0.03936743653572794,0.9923546187070053
51.39626785714285,5.110025966835189,-0.03915299848330367,0.9923962638030233
51.22775892857142,5.110263135300539,-0.03891583001795329,0.9924423232752124
51.05924999999999,5.110453127659606,-0.0387258376588866,0.9924792208777907
50.890017857142844,5.110821103941114,-0.03835786137737873,0.9925506839758859
50.72223214285714,5.111210524175225,-0.03796844114326792,0.9926263116122009
50.72223214285714,5.1114768560919215,-0.037702109226571245,0.9926780347934092
50.55227678571428,5.111611952109156,-0.037567013209336864,0.9927042712124857
50.38449107142856,5.111840543435548,-0.03733842188294467,0.992748664955242
50.21598214285713,5.1115742115188505,-0.03760475379964223,0.9926969417740337
50.04674999999999,5.110137045979175,-0.039041919339317666,0.9924178360079775
49.878964285714275,5.111168493910234,-0.03801047140825897,0.9926181490943949
49.70539285714285,5.1126378253788145,-0.036541139939678224,0.9929035016677813
49.53688392857142,5.113446257381688,-0.03573270793680461,0.9930605037856566
49.368374999999986,5.113830531037702,-0.03534843428079082,0.9931351319270753
49.368374999999986,5.114156905874327,-0.0350220594441657,0.9931985157866814
49.19986607142856,5.11465997817307,-0.034518987145422564,0.9932962153038533
49.03135714285713,5.115096145693357,-0.034082819625135485,0.9933809215304624
48.86212499999999,5.115454686458887,-0.03372427885960594,0.9934505521973988
48.693616071428565,5.115749324186715,-0.03342964113177782,0.9935077725289919
48.52510714285714,5.115957758757631,-0.033221206560861916,0.9935482517145707
48.3515357142857,5.116135741943268,-0.03304322337522514,0.993582817066996
48.183026785714276,5.116442817664633,-0.03273614765385968,0.9936424529280592
48.01451785714285,5.116853253031239,-0.03232571228725334,0.9937221618232774
48.01451785714285,5.117282986776303,-0.03189597854218995,0.9938056185739473
47.84600892857142,5.117674122290844,-0.031504843027648555,0.9938815793275307
47.677499999999995,5.117821655564812,-0.03135730975368034,0.9939102311329859
47.508267857142854,5.117841813057091,-0.031337152261401435,0.9939141458332545
47.340482142857134,5.1180386672746865,-0.031140298043806247,0.9939523760479978
47.16618749999999,5.118354320871814,-0.030824644446679095,0.9940136777815854
46.99840178571428,5.1187433115490135,-0.03043565376947921,0.9940892219954921
46.82989285714285,5.119143882579533,-0.030035082738959495,0.9941670151802343
46.66066071428571,5.119620793167685,-0.029558172150808026,0.9942596339436068
46.66066071428571,5.120005495643806,-0.029173469674686814,0.9943343453643425
46.492151785714285,5.120244808209695,-0.028934157108797542,0.9943808212331171
46.32364285714284,5.120516287441292,-0.028662677877200338,0.9944335440523133
46.155133928571416,5.1207718973816885,-0.028407067936804253,0.9944831849644117
45.98662499999999,5.121056242690126,-0.02812272262836668,0.9945384064493032
45.81739285714285,5.121332010859605,-0.027846954458887296,0.9945919622047619
45.649607142857135,5.121599200416517,-0.02757976490197578,0.9946438519446041
45.4810982142857,5.121875397406104,-0.02730356791238897,0.9946974909793799
45.312589285714274,5.122149449558349,-0.027029515760143674,0.9947507134744787
45.312589285714274,5.122418783952603,-0.026760181365889757,0.9948030197539979
45.143357142857134,5.1226748227131065,-0.02650414260538625,0.9948527439454132
44.969785714285706,5.123009346605386,-0.026169618713106857,0.994917710398227
44.80127678571428,5.123430503211491,-0.025748462107001657,0.9949995014194639
44.63276785714285,5.123813061587074,-0.02536590373141845,0.9950737964436143
44.45919642857142,5.1240969773386,-0.025081987979892695,0.9951289345060973
44.29068749999999,5.1242226385766605,-0.024956326741832235,0.9951533386371066
44.12217857142856,5.124471386658528,-0.024707578659964646,0.99520164693704
43.953669642857136,5.124814917246678,-0.02436404807181436,0.9952683625416956
43.953669642857136,5.124979605535368,-0.024199359783124486,0.9953003459491084
43.78516071428571,5.1251618783956925,-0.024017086922800246,0.995335744380888
43.616651785714275,5.1254183459763025,-0.023760619342190203,0.9953855518516201
43.44814285714285,5.12571169798061,-0.023467267337882625,0.9954425224883534
43.2789107142857,5.125941146947217,-0.023237818371275587,0.9954870827897437
43.110401785714274,5.126185606828008,-0.022993358490484894,0.9955345582965065
42.94189285714285,5.126454941222263,-0.02272402409623009,0.9955868645760257
42.768321428571426,5.1268529385953325,-0.022326026723160197,0.9956641579417741
42.59474999999999,5.127168162635548,-0.022010802682944863,0.9957253762529531
42.59474999999999,5.127363730392818,-0.02181523492567461,0.9957633566297447
42.42696428571428,5.127567876025853,-0.021611089292639996,0.9958030028790613
42.25845535714285,5.12780761741185,-0.021371347906642413,0.9958495620271531
42.08994642857142,5.128062370448833,-0.021116594869659444,0.9958990365237085
41.92071428571428,5.128267802542191,-0.020911162776301673,0.9959389326109763
41.74786607142856,5.128411046878277,-0.020767918440215638,0.995966751480169
41.57429464285713,5.128619909532496,-0.020559055785996705,0.9960073138019733
41.405785714285706,5.128944569088691,-0.020234396229802165,0.9960703645443113
41.236553571428566,5.129289386137163,-0.01988957918132961,0.9961373299869177
41.236553571428566,5.129658220058887,-0.01952074525960601,0.9962089596436471
41.06804464285714,5.12998287961508,-0.019196085703412358,0.9962720103859849
40.899535714285705,5.130256502947217,-0.018922462371275373,0.9963251496017667
40.73030357142856,5.1302916706168755,-0.018887294701617208,0.9963319793643162
40.56251785714285,5.130467509701975,-0.018711455616517547,0.9963661283201564
40.394008928571424,5.130671655335009,-0.01850730998348382,0.9964057745694728
40.2255,5.130769438845243,-0.018409526473250004,0.9964247646863229
40.05626785714285,5.130808466632676,-0.018370498685817083,0.9964323441058179
39.88848214285713,5.131052497693358,-0.0181264676251347,0.9964797363332635
39.88848214285713,5.131328693946141,-0.0178502713723514,0.9965333752249477
39.71924999999999,5.131667077956195,-0.01751188736229814,0.9965990913347066
39.55074107142856,5.132080943883663,-0.017098021434829747,0.9966794664644615
39.38150892857142,5.132475509959066,-0.0167034553594263,0.9967560934525815
39.21372321428571,5.132716109722082,-0.016462855596410364,0.9968028193023988
39.04449107142857,5.1328687895741485,-0.016310175744344235,0.9968324706027507
38.87598214285714,5.1329558518448835,-0.016223113473609274,0.9968493785935821
38.70819642857142,5.133105529956194,-0.01607343536229866,0.9968784469387142
38.53896428571428,5.133235908215441,-0.015943057103052105,0.9969037671422116
38.53896428571428,5.133355564498385,-0.015823400820107913,0.9969270050765988
38.37045535714285,5.133425471754399,-0.015753493564093723,0.9969405814654727
38.19760714285714,5.13359273370054,-0.015586231617953139,0.9969730646918796
38.028375,5.133853919039138,-0.015325046279354382,0.9970237883781912
37.85986607142856,5.134178578595333,-0.015000386723159842,0.9970868391205292
37.691357142857136,5.134462066263556,-0.014716899054937116,0.9971418940467868
37.52284821428571,5.134733545495153,-0.014445419823339911,0.997194616865983
37.34927678571428,5.134850628120647,-0.014328337197845542,0.9972173549813763
37.180767857142854,5.134921393016876,-0.014257572301616506,0.9972310979288842
37.180767857142854,5.13517357239641,-0.014005392922082471,0.9972800726064459
37.01225892857142,5.135368711333573,-0.01381025398491964,0.9973179697039205
36.84374999999999,5.1354223212150805,-0.013756644103412263,0.9973283810494706
36.675241071428566,5.13566163378097,-0.013517331537522992,0.9973748569182452
36.50600892857142,5.136077644545781,-0.013101320772711311,0.9974556485876771
36.33822321428571,5.136346978940036,-0.012831986378456506,0.9975079548671965
36.168991071428565,5.136492796933573,-0.01268616838491976,0.9975362735553832
36.00048214285713,5.1366531962843816,-0.012525769034111178,0.9975674240265339
35.8319732142857,5.136806305693358,-0.012372659625135007,0.997597158749294
35.66346428571428,5.136929393273968,-0.01224957204452437,0.9976210630613095
35.66346428571428,5.1370563402355485,-0.01212262508294426,0.9976457168871786
35.493508928571416,5.1371764260754045,-0.01200253924308825,0.9976690382439746
35.32644642857142,5.137409734422981,-0.01176923089551174,0.9977143480592184
35.15721428571428,5.137675638256374,-0.011503327062118984,0.9977659881042011
34.988705357142855,5.137842471382407,-0.011336493936085823,0.9977983880512911
34.81585714285713,5.138005015570557,-0.01117394974793573,0.9978299550621185
34.64662499999999,5.138219882443088,-0.010959082875404924,0.9978716834374532
34.478116071428566,5.138587001084381,-0.010591964234111906,0.9979429799769143
34.30888392857142,5.138663340642011,-0.010515624676481927,0.9979578055555443
34.30888392857142,5.138699795508797,-0.010479169809695321,0.9979648852991367
34.14109821428571,5.138822025449193,-0.01035693986929953,0.9979886230525182
33.96824999999999,5.138937822351167,-0.0102411429673257,0.9980111114730517
33.79901785714285,5.139090502203232,-0.01008846311526046,0.9980407627734034
33.63050892857142,5.139401437305566,-0.009777528012926417,0.9981011481483201
33.456937499999995,5.139581994885458,-0.009596970433034535,0.998136213462831
33.28842857142856,5.139625739694075,-0.009553225624417294,0.9981447089548137
33.119919642857134,5.139700364708079,-0.009478600610413501,0.998159201559267
33.119919642857134,5.139748398454579,-0.00943056686391408,0.9981685299875122
32.95141071428571,5.13998342281939,-0.009195542499102594,0.9982141730631159
32.78217857142856,5.140230884440934,-0.00894808087755905,0.998262231525098
32.61439285714285,5.140230884440934,-0.00894808087755905,0.998262231525098
32.445160714285706,5.140320090812209,-0.00885887450628342,0.9982795559125152
32.27665178571428,5.140644321548295,-0.00853464377019808,0.9983425233755359
32.108142857142845,5.140934671075045,-0.008244294243447747,0.9983989109139582
31.939633928571418,5.14110750841939,-0.008071456899102714,0.9984324769145787
31.77112499999999,5.14134296160431,-0.007836003714182915,0.9984782032694997
31.602616071428564,5.141468622105566,-0.007710343212926851,0.9985026072574175
31.602616071428564,5.141389280070377,-0.007789685248115852,0.9984871985804762
31.42904464285714,5.141276485645961,-0.007902479672531548,0.9984652932582538
31.2605357142857,5.141350252282944,-0.007828713035548773,0.9984796191609813
31.092026785714275,5.141511938830879,-0.007667026487613526,0.9985110196131746
30.922794642857134,5.141645319567685,-0.007533645750807949,0.9985369229149832
30.75500892857142,5.141840458504848,-0.007338506813645118,0.9985748200124578
30.58071428571428,5.142101644580251,-0.007077320738241966,0.998625543841861
30.41292857142856,5.14244217195404,-0.006736793364452431,0.998691676205114
30.24441964285713,5.142589705964812,-0.00658925935368071,0.9987203281536606
30.24441964285713,5.142747103574866,-0.0064318617436267544,0.9987508956695916
30.07518749999999,5.142781413604309,-0.006397551714183436,0.9987575588735071
29.906678571428564,5.142876624193896,-0.006302341124596822,0.9987760493144547
29.73744642857142,5.142979125462119,-0.006199839856373401,0.9987959556468844
29.56966071428571,5.143037453101616,-0.006141512216876421,0.998807283208014
29.401151785714273,5.1430387395619395,-0.006140225756553264,0.9988075330459653
29.232642857142846,5.1430739072315985,-0.006105058086894211,0.9988143628085149
29.063410714285705,5.14321414982693,-0.005964815491562803,0.998841598722488
28.895624999999992,5.143367259235907,-0.005811706082585744,0.9988713334452484
28.895624999999992,5.143383985430521,-0.0057949798879715075,0.9988745817678891
28.72639285714285,5.143411862421544,-0.005767102896948373,0.9988799956389568
28.557883928571425,5.143545243158349,-0.005633722160143684,0.9989058989407653
28.389374999999998,5.1436108607396775,-0.005568104578815181,0.9989186422502853
28.22086607142856,5.1437219398836636,-0.005457025434829177,0.9989402144552395
28.052357142857133,5.143853605340036,-0.005325359978456845,0.9989657846397795
27.883848214285706,5.143930802537882,-0.005248162780611132,0.9989807767770437
27.71533928571428,5.144026013127468,-0.005152952191024518,0.9989992672179911
27.54610714285714,5.144105355899462,-0.005073609419031122,0.999014676038024
27.54610714285714,5.144344668465351,-0.004834296853141851,0.9990611519067987
27.37759821428571,5.144574975072173,-0.004603990246319967,0.9991058787668229
27.209089285714274,5.144704066871096,-0.004474898447396569,0.9991309491323691
27.03985714285713,5.1448284416488335,-0.0043505236696592675,0.9991551034254273
26.87207142857142,5.144895775247397,-0.004283190071095788,0.9991681799953072
26.703562499999993,5.144983694421544,-0.0041952708969486,0.9991852544016813
26.535053571428566,5.144984123241652,-0.004194842076840288,0.9991853376809985
26.36654464285714,5.145028727164093,-0.0041502381543994105,0.9991940000177985
26.19731249999999,5.145015860350449,-0.004163104968043285,0.9991915012090116
26.028080357142844,5.144932658197487,-0.004246307121006154,0.999175342875125
26.028080357142844,5.14492107858097,-0.004257886737522476,0.999173094047381
25.860294642857134,5.144928369259605,-0.004250596058887446,0.9991745099388627
25.691785714285707,5.1450107137723515,-0.0041682515461411995,0.9991905017141148
25.52327678571428,5.145055745778097,-0.004123219540395517,0.9991992471871406
25.354767857142853,5.145174544420827,-0.004004420897666172,0.9992223185628938
25.18553571428571,5.145301063299104,-0.00387790201938909,0.9992468892525376
25.017026785714275,5.145441305894435,-0.003737659424057682,0.9992741251665106
24.84851785714285,5.145548524920646,-0.003630440397846435,0.9992949477145194
24.68000892857142,5.145537802944345,-0.0036411623741479104,0.9992928654454094
24.68000892857142,5.1456167161594255,-0.003562249159067221,0.9993081908430334
24.511499999999995,5.145744092677917,-0.0034348726405752927,0.9993329280913111
24.342991071428568,5.145914357101617,-0.0032646082168756863,0.9993659944160295
24.17448214285714,5.146115500257093,-0.0030634650614000947,0.9994050575670348
24.005973214285703,5.146327364652064,-0.002851600666428311,0.9994462028440583
23.836741071428563,5.146450023412568,-0.0027289419059250974,0.9994700238767568
23.668232142857136,5.146588550727469,-0.0025904145910233822,0.9994969266734618
23.495383928571425,5.146755812673608,-0.002423152644884574,0.9995294098998684
23.32615178571428,5.146994697156194,-0.0021842681622983307,0.9995758026324176
23.32615178571428,5.147015282731778,-0.0021636825867146214,0.999579800468912
23.15836607142856,5.146905061964812,-0.0022739033536804953,0.9995583949656837
22.989857142857133,5.146762245712029,-0.002416719606463502,0.9995306592327163
22.820624999999993,5.146712067128187,-0.002466898190305322,0.9995209142647943
22.647053571428565,5.146677757098743,-0.002501208219749529,0.9995142510608787
22.478544642857138,5.146682046036625,-0.002496919281867349,0.9995150839971411
22.310035714285704,5.1467755413457805,-0.002403423972712204,0.9995332413208202
22.136464285714275,5.146840301286895,-0.0023386640315976592,0.9995458180717063
21.96795535714285,5.146866462997487,-0.0023125023210059936,0.9995508988255056
21.96795535714285,5.146942802555117,-0.002236162763376015,0.9995657244041356
21.795107142857137,5.147148663468583,-0.0020303018499099323,0.9996057037707206
21.625874999999997,5.147359670960144,-0.0018192943583485999,0.9996466826322017
21.45736607142856,5.147430435856374,-0.0017485294621186753,0.9996604255797098
21.28813392857142,5.147427433378815,-0.0017515319396776974,0.9996598424813985
21.120348214285706,5.147275182346858,-0.0019037829716346266,0.999630274460364
20.951116071428565,5.147134510931418,-0.002044454387074346,0.9996029552670738
20.78333035714285,5.147042730902694,-0.00213623441579891,0.9995851310606628
20.614821428571425,5.1470650324955125,-0.0021139328229802246,0.9995894621575171
20.614821428571425,5.147167104943627,-0.0020118603748660036,0.9996092852106294
20.445589285714274,5.1472738951497305,-0.0019050701687621796,0.9996300244793211
20.277080357142847,5.1474857602815085,-0.0016932050369842244,0.9996711698994367
20.10857142857142,5.147746517536805,-0.0014324477816876069,0.999721810449523
19.940062499999993,5.147815995235907,-0.0013629700825861235,0.999735303415988
19.771553571428566,5.1477014855310586,-0.0014774797874341772,0.9997130649764971
19.60304464285714,5.147576682670018,-0.0016022826484745067,0.9996888275472136
19.4345357142857,5.147519641490844,-0.001659323827648329,0.9996777498240351
19.266026785714274,5.147520071047756,-0.0016588942707365106,0.9996778332464438
19.266026785714274,5.14758740464632,-0.0015915606721730313,0.9996909098163236
19.096794642857134,5.147584402168762,-0.0015945631497311652,0.9996903267180125
18.92900892857142,5.147646589189229,-0.0015323761292638238,0.9997024037929959
18.75977678571428,5.147724644764094,-0.001454320554398869,0.9997175626319857
18.591267857142853,5.147708347389587,-0.001470617928905682,0.999714397588662
18.422758928571415,5.147660742463196,-0.0015182228552967914,0.9997051524397341
18.25424999999999,5.147722500663555,-0.0014564646549377613,0.9997171462354003
18.085017857142848,5.147909061724956,-0.0012699035935366254,0.9997533774603505
17.917232142857134,5.148011562993179,-0.001167402325314093,0.99977328379278
17.748723214285707,5.147957096208259,-0.0012218691102336976,0.9997627060316872
17.748723214285707,5.1479875461199285,-0.0011914191985642475,0.9997686195786574
17.579491071428567,5.148173678361221,-0.001005286957271423,0.9998047675242903
17.41098214285714,5.148201555352244,-0.0009774099662482882,0.999810181395358
17.242473214285702,5.1481972671511675,-0.0009816981673251846,0.9998093486021874
17.073964285714275,5.148251305115979,-0.0009276602025138914,0.9998198430839631
16.904732142857135,5.148382541752245,-0.0007964235662480945,0.9998453299891862
16.736223214285708,5.148535650424416,-0.0006433148940763189,0.9998750645688547
16.568437499999995,5.148584542547936,-0.0005944227705567684,0.9998845596988257
16.399928571428568,5.148575107031957,-0.0006038582865359743,0.9998827272676667
16.399928571428568,5.1486059857637345,-0.0005729795547582128,0.9998887240939541
16.230696428571417,5.148584113727828,-0.0005948515906650798,0.9998844764195085
16.06218749999999,5.148516350572352,-0.0006626147461403775,0.99987131642722
15.893678571428572,5.148485900660683,-0.0006930646578098276,0.9998654028802498
15.725169642857127,5.148525786088331,-0.0006531792301620598,0.9998731488583789
15.5566607142857,5.148478609982047,-0.000700355336445746,0.999863986988768
15.388151785714273,5.148476893964812,-0.0007020713536807222,0.9998636537284081
15.219642857142846,5.148476893964812,-0.0007020713536807222,0.9998636537284081
15.050410714285704,5.1484288602183135,-0.0007501051001792547,0.999854325300163
15.050410714285704,5.148471318566608,-0.0007076467518851715,0.9998625709541945
14.881901785714277,5.14844687287325,-0.0007320924452427491,0.9998578234607549
14.71339285714285,5.148456308389228,-0.0007226569292644314,0.9998596558919137
14.544883928571423,5.148612419538959,-0.0005665457795336337,0.9998899735698935
14.37565178571428,5.148777965467864,-0.00040099985062891363,0.9999221235359405
14.207142857142854,5.148830717709156,-0.0003482476093363829,0.9999323683228565
14.034294642857134,5.148920781720647,-0.00025818359784590683,0.9999498592689078
13.865785714285707,5.149081609891563,-9.735542692990151e-05,0.9999810930193754
13.696553571428565,5.149134790952963,-4.417436552994758e-05,0.9999914210856085
13.696553571428565,5.149008700894793,-0.00017026442369960648,0.9999669336752818
13.528767857142853,5.148933647797487,-0.00024531752100553916,0.9999523579346032
13.35953571428571,5.148974390865351,-0.00020457445314203682,0.9999602704713664
13.191026785714284,5.149012561012568,-0.0001664043059248499,0.9999676833322272
13.022517857142857,5.149076892870378,-0.00010207244811510918,0.9999801769468876
12.85400892857143,5.149064026056733,-0.00011493926175987212,0.9999776781381005
12.685499999999983,5.149067028534291,-0.00011193678420173825,0.9999782612364115
12.516991071428556,5.149207271129624,2.8305811131446035e-05,1.000005497150385
12.34848214285713,5.149290044462478,0.00011107914398511554,1.0000215722049541
12.179249999999987,5.149377963636626,0.00019899831813319224,1.0000386466113285
12.179249999999987,5.149372817058528,0.00019385174003527794,1.0000376471164318
12.01074107142856,5.149260880274327,8.191495583442787e-05,1.0000159083528435
11.841508928571418,5.149093190244884,-8.577507360829628e-05,0.9999833419902112
11.673723214285706,5.149074748033035,-0.00010421728545750852,0.9999797604072107
11.50521428571428,5.149105198681509,-7.376663698366315e-05,0.9999856740972725
11.336705357142852,5.14908203871167,-9.692660682247833e-05,0.9999811762986924
11.16747321428571,5.149073461572711,-0.00010550374578155441,0.9999795105692593
10.998964285714283,5.149091903047756,-8.706227073673745e-05,0.9999830920091682
10.831178571428572,5.149077321690485,-0.000101643628007686,0.9999802602262046
10.831178571428572,5.1491004809235195,-7.848439497326609e-05,0.999984757881693
10.66194642857143,5.149041724463914,-0.0001372408545785575,0.9999733470412462
10.493437499999985,5.148969244287254,-0.00020972103123906294,0.99995927097647
10.324928571428558,5.149094476705207,-8.448861328602675e-05,0.9999835918281623
10.15641964285713,5.149200409271096,2.1443952602950844e-05,1.00000416453822
9.987910714285704,5.149121924876122,-5.704044237031525e-05,0.9999889224199131
9.819401785714277,5.149015992310233,-0.00016297300825929284,0.9999683497098553
9.65089285714285,5.148928930039498,-0.0002500352789951421,0.9999514417190237
9.482383928571423,5.148929787679713,-0.0002491776387794076,0.9999516082776579
9.482383928571423,5.149034862605387,-0.00014410271310616452,0.9999720144290815
9.308812499999988,5.1491798229587085,8.576402157345342e-07,1.0000001665586342
9.14030357142856,5.149221852486895,4.288716840239459e-05,1.0000083289333486
8.971794642857134,5.1491395087109515,-3.945660754123281e-05,0.9999923373011879
8.802562499999992,5.149110774079713,-6.819123878010203e-05,0.9999867568714859
8.634053571428565,5.14905802183842,-0.00012094348007263278,0.9999765120845697
8.465544642857138,5.148988972959426,-0.00018999235906669298,0.9999631023974217
8.29703571428571,5.148917779243089,-0.0002611860754040407,0.9999492761705967
8.128526785714284,5.14892850121939,-0.0002504640991025653,0.9999513584397067
8.128526785714284,5.1490035550535005,-0.00017541026499223733,0.9999659343234769
7.960017857142857,5.14915752136589,-2.1443952602950844e-05,0.99999583546178
7.79150892857143,5.149145941749371,-3.302356912193716e-05,0.9999935866340354
7.622276785714287,5.148941796116337,-0.00023716920215566262,0.999953940384719
7.453767857142842,5.148808844936446,-0.0003701203820467569,0.9999281205053194
7.284535714285699,5.1487333622822264,-0.0004456030362662844,0.9999134613422319
7.116749999999988,5.148696479332138,-0.00048248598635503015,0.9999062984624142
6.948241071428561,5.1487209250254935,-0.0004580402929992289,0.9999110459558535
6.779732142857134,5.148822568653501,-0.0003563966649915429,0.9999307857296489
6.611223214285707,5.14894222567325,-0.000236739645242956,0.9999540238071278
6.611223214285707,5.149046871042011,-0.00013209427648153138,0.9999743465361427
6.441991071428564,5.149000981396051,-0.00017798392244205985,0.9999654345044829
6.273482142857137,5.148827286411491,-0.00035167890700193993,0.9999317019452284
6.10497321428571,5.148868887119569,-0.00031007819892359123,0.9999397810406256
5.936464285714283,5.14894222567325,-0.000236739645242956,0.9999540238071278
5.767955357142856,5.148865456558707,-0.0003135087597856412,0.999939114806089
5.594383928571421,5.14879726531993,-0.0003816999985630787,0.9999258716775754
5.425874999999994,5.14881827971562,-0.00036068560287283447,0.9999299527933866
5.257366071428567,5.148933647797487,-0.00024531752100553916,0.9999523579346032
5.257366071428567,5.148972246764811,-0.00020671855368181724,0.9999598540747808
5.08885714285714,5.148910488564454,-0.0002684767540390709,0.9999478602791149
4.915285714285705,5.148863311721365,-0.00031565359712804053,0.9999386982664121
4.746776785714278,5.148811417857092,-0.0003675474614004415,0.9999286201812219
4.573205357142843,5.148874033697666,-0.0003049316208265651,0.9999407805355222
4.404696428571416,5.149090616587434,-8.834873105900698e-05,0.9999828421712171
4.236187499999989,5.149289186085459,0.0001102207669658739,1.0000214055032284
4.067678571428562,5.149282753047038,0.00010378772854569007,1.0000201561703808
3.8991696428571356,5.149171245082944,-7.720235548624999e-06,0.9999985006861093
3.8991696428571356,5.149175962840935,-3.002477558133876e-06,0.9999994169016889
3.7306607142857087,5.149231288002873,5.23226843807123e-05,1.0000101613645074
3.561428571428566,5.149219279566249,4.031424775607917e-05,1.0000078292574461
3.392919642857139,5.149198264433753,1.9299115260551503e-05,1.000003747998543
3.224410714285712,5.149251445495152,7.248017665961726e-05,1.0000140760647762
3.050839285714277,5.149252303135368,7.333781687535179e-05,1.0000142426234102
2.88233035714285,5.149194833872891,1.5868554398501544e-05,1.0000030817640064
2.713821428571423,5.149085041189229,-9.392412926345628e-05,0.9999817593970036
2.545312499999996,5.1489872576789955,-0.00019170763949727387,0.9999627692801535
2.545312499999996,5.149008272074686,-0.00017069324380702966,0.9999668503959648
2.376803571428569,5.149077321690485,-0.000101643628007686,0.9999802602262046
2.208294642857142,5.149166098504848,-1.2866813644762942e-05,0.9999975011912129
2.039785714285715,5.149237292221185,5.832690269258478e-05,1.000011327418038
1.8712767857142703,5.149248443017594,6.947769910148338e-05,1.000013492966465
1.7020446428571279,5.149237721041293,5.875572280000796e-05,1.000011410697355
1.528473214285711,5.149247585377379,6.862005888663703e-05,1.000013326407831
1.359964285714284,5.149230001542549,5.103622405666641e-05,1.0000099115265562
1.191455357142857,5.149187542457451,8.577138958187902e-06,1.000001665729433
1.191455357142857,5.149175962840935,-3.002477558133876e-06,0.9999994169016889
1.0178839285714218,5.149126642634112,-5.23226843807123e-05,0.9999898386354925
0.8493749999999949,5.1490953343454215,-8.363097307118039e-05,0.9999837583867963
0.6808660714285679,5.1491129181802515,-6.604713824120978e-05,0.9999871732680713
0.512357142857141,5.1491180647583485,-6.090056014418366e-05,0.9999881727629678
0.343848214285714,5.14912707145422,-5.189386427240095e-05,0.9999899219148097
0.17533928571428703,5.149123640156553,-5.532516193973436e-05,0.9999892555371813
0.006830357142841795,5.149178965318493,0.0,1.0
-0.1624017857143006,5.1491643832244165,-1.458209407623201e-05,0.9999971680739446
-0.1624017857143006,5.149148085849911,-3.087946858215673e-05,0.999994003030621
-0.3309107142857276,5.14911334700036,-6.561831813289842e-05,0.9999872565473884
-0.49941964285715457,5.149043440481149,-0.00013552483734358134,0.999973680301606
-0.6679285714285815,5.149091474227649,-8.749109084416062e-05,0.9999830087298512
-0.8364375000000085,5.149195262692999,1.6297374505924722e-05,1.0000031650433236
-1.0049464285714353,5.149165240864632,-1.3724453860497476e-05,0.9999973346325787
-1.1734553571428623,5.149075605673249,-0.00010335964524355035,0.9999799269658445
-1.3419642857142893,5.149039580363375,-0.00013938495511744975,0.9999729306446608
-1.5111964285714317,5.149029716027289,-0.00014924929120407882,0.9999710149341848
-1.5111964285714317,5.149031860864632,-0.0001471044538607913,0.9999714314738618
-1.6797053571428586,5.14905802183842,-0.00012094348007263278,0.9999765120845697
-1.8482142857142856,5.149039151543267,-0.0001398137752257611,0.9999728473653436
-2.0167232142857126,5.149031002487612,-0.0001479628308809211,0.999971264772136
-2.1852321428571577,5.149065742073969,-0.00011322324452400778,0.9999780113984605
-2.3537410714285847,5.149130930835189,-4.803448330381599e-05,0.9999906714286633
-2.5229732142857273,5.149161810303771,-1.7155014721659256e-05,0.9999966683980422
-2.6914821428571543,5.149084612369121,-9.435294937176764e-05,0.9999816761176865
-2.859991071428581,5.148978250983124,-0.00020071433536905658,0.9999610201283116
-2.859991071428581,5.149015563490126,-0.00016340182836671602,0.9999682664305383
-3.028500000000008,5.149088901307002,-9.006401149047605e-05,0.9999825090539488
-3.197008928571435,5.14910219620395,-7.67691145426852e-05,0.9999850909989613
-3.365517857142862,5.149064026056733,-0.00011493926175987212,0.9999776781381005
-3.534026785714289,5.148984255201436,-0.00019471011705629593,0.9999621861818423
-3.7075982142857242,5.148852589745063,-0.00032637557342951595,0.9999366159973021
-3.876107142857151,5.148930645319929,-0.00024831999856367304,0.9999517748362922
-4.044616071428578,5.149055020097667,-0.0001239452208254832,0.9999759291293505
-4.213125000000005,5.149005699154039,-0.00017326616445334508,0.9999663507200623
-4.213125000000005,5.148913061485099,-0.00026590383339364365,0.9999483599550172
-4.38669642857144,5.148739795320647,-0.00043916999784610056,0.9999147106750796
-4.555205357142867,5.148653162606823,-0.0005258027116701314,0.9998978861066566
-4.723714285714294,5.148674177739319,-0.0005047875791737155,0.9999019673655599
-4.892946428571436,5.148782254405745,-0.00039671091274762205,0.9999229564722028
-5.060732142857148,5.148880896292998,-0.0002980690254945628,0.9999421132907785
-5.229241071428575,5.148853019301975,-0.0003259460165176975,0.9999366994197108
-5.398473214285717,5.148693905674687,-0.00048505964380574085,0.9999057986434201
-5.566982142857144,5.148537365704848,-0.0006415996136448499,0.9998753976861231
-5.735491071428571,5.14856095375799,-0.0006180115605030068,0.9998799786209286
-5.735491071428571,5.148613705999282,-0.000565259319210476,0.9998902234078447
-5.903999999999998,5.148546801220826,-0.0006321640976665321,0.9998772301172819
-6.073232142857159,5.148445157592819,-0.00073380772567333,0.9998574903434867
-6.241017857142871,5.148386829953322,-0.00079213536517031,0.999846162782357
-6.410250000000013,5.148377395174148,-0.0008015701443451206,0.9998443304942897
-6.57875892857144,5.148379110454578,-0.0007998548639145397,0.9998446636115579
-6.747267857142867,5.148299339599283,-0.0008796257192100754,0.9998291716552998
-6.916500000000009,5.14828604396553,-0.0008929213529631497,0.9998265895671956
-7.084285714285721,5.14833279198851,-0.0008461733299824914,0.9998356683005811
-7.084285714285721,5.148367530838062,-0.0008114344804308615,0.9998424147838139
-7.253517857142863,5.148259025351527,-0.0009199399669661545,0.9998213423978537
-7.42202678571429,5.148192119836266,-0.000986845482226606,0.9998083489641992
-7.589812500000002,5.148231147623699,-0.0009478176947936845,0.9998159283836943
-7.758321428571429,5.1483353649091566,-0.000843600409336176,0.9998361679764836
-7.927553571428571,5.148448588153681,-0.0007303771648121682,0.9998581565780231
-8.096785714285714,5.148465743168403,-0.0007132221500896208,0.999861488179981
-8.264571428571443,5.148353806384201,-0.000825158934291359,0.9998397494163925
-8.43308035714287,5.148239725499462,-0.0009392398190311013,0.9998175942562189
-8.43308035714287,5.148154808066068,-0.0010241572524245512,0.9998011028050642
-8.601589285714297,5.148171105440575,-0.0010078598779177383,0.9998042678483878
-8.770098214285724,5.148244014437344,-0.0009349508811489216,0.9998184271924814
-8.939330357142866,5.148196408774147,-0.0009825565443453144,0.9998091819004615
-9.112178571428586,5.148148803847757,-0.0010301614707355355,0.9997999367515338
-9.281410714285729,5.148146659010413,-0.0010323063080797112,0.9997995202118566
-9.44919642857144,5.148161669924596,-0.0010172953938969442,0.9998024354172289
-9.618428571428582,5.148115780278636,-0.0010631850398565845,0.9997935233855694
-9.786214285714294,5.148013707830522,-0.0011652574879708055,0.999773700332457
-9.786214285714294,5.14791635240359,-0.0012626129149024834,0.999754793351832
-9.955446428571436,5.1479043439669665,-0.0012746213515262284,0.999752461244771
-10.124678571428579,5.1479360810757635,-0.0012428842427292253,0.9997586247727841
-10.293187500000005,5.147960955589229,-0.0012180097292633363,0.9997634555455409
-10.460973214285717,5.147965673347217,-0.0012132919712755097,0.9997643717611201
-10.63020535714286,5.147947231872173,-0.0012317334463194385,0.9997607903212112
-10.80305357142858,5.147853736563016,-0.0013252287554763598,0.9997426329975317
-10.972285714285722,5.147783830043807,-0.0013951352746861545,0.9997290567517496
-11.140794642857148,5.1477911207224425,-0.0013878445960502361,0.9997304726432314
-11.140794642857148,5.147880755913825,-0.0012982094046680714,0.9997478803099655
-11.30858035714286,5.147889761872891,-0.0012892034456015722,0.9997496293187157
-11.477089285714287,5.147848161164812,-0.001330804153680809,0.9997415502233182
-11.645598214285714,5.147828003672532,-0.0013509616459606022,0.9997376355230494
-11.815553571428572,5.147840012845962,-0.0013389524725306856,0.9997399677732025
-11.983339285714301,5.147906917624417,-0.0012720476940755177,0.9997529610637651
-12.151848214285728,5.147844301047038,-0.0013346642714546775,0.9997408005663729
-12.320357142857155,5.147725931224416,-0.0014530340940765996,0.9997178124699369
-12.488866071428582,5.147735795560503,-0.0014431697579899705,0.9997197281804128
-12.658821428571441,5.147738798038061,-0.0014401672804318366,0.9997203112787238
-12.658821428571441,5.147672322079712,-0.0015066432387804696,0.9997074012674781
-12.826607142857153,5.147559526918493,-0.001619438399999673,0.9996854958021644
-12.99511607142858,5.147445446033752,-0.0017335192847403036,0.9996633406419905
-13.164348214285722,5.147395696270018,-0.0017832690484747005,0.9996536789533854
-13.332133928571434,5.147472036564453,-0.0017069287540394384,0.9996685046751072
-13.501366071428576,5.147528219366607,-0.001650745951885746,0.9996794156965597
-13.669875000000003,5.147483187360862,-0.0016957779576305398,0.9996706702235343
-13.837660714285715,5.147374681874327,-0.0018042834441658329,0.999649597837574
-14.006169642857142,5.147336940547218,-0.0018420247712747084,0.9996422682560304
-14.006169642857142,5.147340800664991,-0.0018381646535017282,0.9996430179129756
-14.174678571428586,5.147390978512029,-0.0017879868064634152,0.9996527627378061
-14.348250000000004,5.1473635303411145,-0.0018154349773782386,0.9996474321460556
-14.517482142857146,5.147257598512029,-0.001921366806463709,0.9996268595790893
-14.685991071428573,5.147228434323878,-0.0019505309946143967,0.9996211957269786
-14.8545,5.147229721521006,-0.0019492437974868437,0.9996214457080215
-15.023008928571445,5.147215568247038,-0.0019633970714547644,0.9996186970612831
-15.191517857142872,5.147205275090844,-0.0019736902276488166,0.9996166980714901
-15.360750000000014,5.147250735916697,-0.0019282294017957113,0.9996255268238329
-15.360750000000014,5.147271751049193,-0.0019072142692992955,0.999629608082736
-15.528535714285725,5.147258456152244,-0.0019205091662488627,0.9996270261377233
-15.697044642857152,5.147197984412208,-0.001980980906284735,0.9996152821800083
-15.86555357142858,5.1469886929378825,-0.002190272380610203,0.9995746365788871
-16.03478571428572,5.146817570873967,-0.002361394444525544,0.9995414036955347
-16.26476785714287,5.146746805977738,-0.0024321593407545805,0.9995276607480268
-16.26476785714287,5.14665459786571,-0.0025243674527830606,0.9995097534053904
-16.26476785714287,5.146597128603233,-0.002581836715259911,0.9994985925459866
-16.26476785714287,5.146576971110952,-0.002601994207540592,0.9994946778457175
-16.26476785714287,5.146591124384919,-0.0025878409335735597,0.9994974264924557
-16.26476785714287,5.146647736007182,-0.0025312293113106676,0.9995084207932255
-16.26476785714287,5.1467150696057455,-0.0024638957127471883,0.9995214973631054
-16.26476785714287,5.146752381375943,-0.002426583942550131,0.9995287435222403
-16.26476785714287,5.1467575279540405,-0.002421437364452217,0.999529743017137
-16.26476785714287,5.146849307982766,-0.0023296573357267647,0.9995475672235481
-16.26476785714287,5.146863031699822,-0.0023159336186706625,0.9995502324478778
-16.26476785714287,5.146839014826571,-0.002339950491921705,0.999545568233755
-16.26476785714287,5.146914067923879,-0.002264897394613996,0.9995601439744338
-16.26476785714287,5.146886619752963,-0.0022923455655297076,0.999554813382683
-16.26476785714287,5.146720216183843,-0.002458749134650162,0.9995224968580019
-16.26476785714287,5.146565391494435,-0.002613573824057802,0.9994924290179733
-16.26476785714287,5.146474898662837,-0.0027040666556557014,0.9994748547926051
-16.26476785714287,5.146451739429803,-0.0027272258886901213,0.9994703571371166
-16.26476785714287,5.146471038545062,-0.002707926773430458,0.9994741051356596
-16.26476785714287,5.146488193559786,-0.0026907717587070223,0.9994774367376177
-16.26476785714287,5.146498915536086,-0.002680049782406435,0.9994795190067276
-16.26476785714287,5.146536228043088,-0.0026427372754049827,0.9994867653089542
-16.26476785714287,5.146525506066787,-0.00265345925170557,0.9994846830398443
-16.26476785714287,5.1464487369522445,-0.002730228366248255,0.9994697740388055
-16.26476785714287,5.146492053677559,-0.002686911640934042,0.9994781863945629
-16.26476785714287,5.146523790786355,-0.002655174532137927,0.9994843499225757
-16.26476785714287,5.146525506066787,-0.00265345925170557,0.9994846830398443
-16.26476785714287,5.146473183382406,-0.0027057819360871704,0.9994745216753367
-16.26476785714287,5.1463556712,-0.00282329411849247,0.9994517001375348
-16.26476785714287,5.146367679636625,-0.0028112856818678367,0.9994540322445962
-16.26476785714287,5.146426864179533,-0.0027521011389595174,0.9994655262212683
-16.26476785714287,5.146441017453501,-0.0027379478649915967,0.9994682748680066
-16.26476785714287,5.146438443796051,-0.0027405215224414192,0.9994677750490127
-16.26476785714287,5.14647875878061,-0.002700206537882721,0.9994756044495502
-16.26476785714287,5.146540087424058,-0.0026388778944346214,0.999487514822808
-16.26476785714287,5.146693625653142,-0.0024853396653510273,0.9995173328248852
-16.26476785714287,5.146794411640934,-0.002384553677559076,0.9995369060400464
-16.26476785714287,5.1468990577465,-0.002279907571992368,0.9995572289121532
-16.26476785714287,5.14700370311526,-0.0021752622032327196,0.9995775516411677
-16.26476785714287,5.147092480666427,-0.0020864846520654012,0.9995947927492677
-16.26476785714287,5.14707661211203,-0.0021023532064630146,0.9995917109852613
-16.26476785714287,5.146990408218312,-0.0021885571001805104,0.9995749696961552
-16.26476785714287,5.14690720606535,-0.0022717592531424913,0.9995588113622689
-16.26476785714287,5.1469290788380615,-0.002249886480431229,0.9995630591798061
-16.26476785714287,5.1469693930858185,-0.0022095722326742617,0.9995708884372525
-16.26476785714287,5.146908921345781,-0.0022700439727119104,0.9995591444795371
-16.26476785714287,5.146838586006464,-0.0023403793120291283,0.999545484954438
-16.26476785714287,5.146749808455297,-0.0024291568631955585,0.9995282438463381
-16.26476785714287,5.146618572555836,-0.00256039276265696,0.9995027570842067
-16.26476785714287,5.146628436155117,-0.0025505291633756144,0.9995046726515908
-16.26476785714287,5.14677597016589,-0.0024029951526030047,0.9995333246001377
-16.26476785714287,5.146845019044883,-0.0023339462736098326,0.9995467342872855
-16.26476785714287,5.146820573351527,-0.002358391966965634,0.9995419867938461
-16.26476785714287,5.146817570873967,-0.002361394444525544,0.9995414036955347
-16.26476785714287,5.1467665346499105,-0.0024124306685822106,0.9995314921689786
-16.26476785714287,5.146774254148654,-0.002404711169838869,0.9995329913397776
-16.26476785714287,5.146946662672891,-0.0022323026456021466,0.9995664740610809
-16.26476785714287,5.147016569928905,-0.0021623953895879566,0.9995800504499548
-16.26476785714287,5.1469415160947944,-0.0022374492236982846,0.9995654745661846
-16.26476785714287,5.146802559959784,-0.002376405358708311,0.9995384884901624
-16.26476785714287,5.146725791582047,-0.002453173736445713,0.9995235796322154
-16.26476785714287,5.146707778190306,-0.002471187128186614,0.999520081328532
-16.26476785714287,5.1467180713465,-0.0024608939719925615,0.999522080318325
-16.26476785714287,5.146725791582047,-0.002453173736445713,0.9995235796322154
-16.26476785714287,5.146683761317056,-0.0024952040014367682,0.9995154171144094
-16.26476785714287,5.146715498425854,-0.002463466892638877,0.9995215806424226
-16.26476785714287,5.146772967688331,-0.0024059976301620267,0.9995327415018264
-16.26476785714287,5.146892623971275,-0.002286341347217835,0.9995559794362135
-16.26476785714287,5.146923074619749,-0.0022558906987439897,0.9995618931262754
-16.26476785714287,5.14690720606535,-0.0022717592531424913,0.9995588113622689
-16.26476785714287,5.1469097789859966,-0.002269186332496176,0.9995593110381713
-16.26476785714287,5.146855741021185,-0.002323224297307469,0.9995488165563956
-16.26476785714287,5.146929507658169,-0.002249457660323806,0.9995631424591231
-16.26476785714287,5.146970679546141,-0.002208285772351992,0.9995711382752036
-16.26476785714287,5.146974539663914,-0.002204425654579012,0.9995718879321487
-16.26476785714287,5.146977542141473,-0.00220142317701999,0.99957247103046
-16.26476785714287,5.146866462997487,-0.0023125023210059936,0.9995508988255056
-16.26476785714287,5.146759672791383,-0.0024192925271098176,0.9995301595568139
-16.26476785714287,5.146752381375943,-0.002426583942550131,0.9995287435222403
-16.26476785714287,5.146795269281149,-0.0023836960373433413,0.9995370725986806
-16.26476785714287,5.1468900510506295,-0.0022889142678632624,0.9995554797603113
-16.26476785714287,5.146929936478277,-0.0022490288402154945,0.9995632257384404
-16.26476785714287,5.146923074619749,-0.0022558906987439897,0.9995618931262754
-16.26476785714287,5.14696253122729,-0.002216434091202757,0.9995695558250877
-16.26476785714287,5.146933367775944,-0.0022455975425490493,0.9995638921160687
-16.26476785714287,5.146723217924596,-0.0024557473938964236,0.9995230798132213
-16.26476785714287,5.146596270226213,-0.0025826950922800407,0.9994984258442607
-16.26476785714287,5.146597986243448,-0.0025809790750450645,0.9994987591046206
-16.26476785714287,5.146576971110952,-0.002601994207540592,0.9994946778457175
-16.26476785714287,5.146522503589227,-0.00265646172926548,0.9994840999415329
-16.26476785714287,5.146447879312029,-0.0027310860064639897,0.9994696074801713
-16.26476785714287,5.1463582441206475,-0.002820721197845266,0.9994521998134375
-16.26476785714287,5.146369394917056,-0.0028095704014363676,0.9994543653618645
-16.26476785714287,5.146414426922801,-0.0027645383956915737,0.99946311083489
-16.26476785714287,5.146474041022622,-0.0027049242958705477,0.999474688233971
-16.26476785714287,5.1465915532050275,-0.0025874121134652484,0.9994975097717729
-16.26476785714287,5.146794840461041,-0.0023841248574516527,0.9995369893193634
-16.26476785714287,5.1468900510506295,-0.0022889142678632624,0.9995554797603113
