Angle (degree),rho (mOhm cm),Delta rho (mOhm cm),rho/rho(theta=0)
103.65622995718611,3.3857774795763023,-0.47271095279353625,0.8774880471772718
103.65622995718611,3.3857957062728903,-0.47269272609694823,0.8774927709692197
103.65622995718611,3.3858997080430875,-0.47258872432675103,0.8775197249881367
103.65622995718611,3.386034804797127,-0.47245362757271137,0.8775547378581784
103.65622995718611,3.386004247680431,-0.47248418468940745,0.8775468184054621
103.65622995718611,3.386051156326751,-0.4724372760430877,0.8775589756652653
103.65622995718611,3.3858734409694793,-0.47261499140035923,0.8775129173809433
103.46932271449235,3.38580830378456,-0.4726801285852784,0.8774960358518001
103.46932271449235,3.3857423653249556,-0.47274606704488287,0.8774789466572205
103.27171153278967,3.385409716599641,-0.47307871577019744,0.8773927344704677
103.0806873904771,3.3840850253429084,-0.47440340702693007,0.8770494157642046
102.88801648831699,3.3805087301149017,-0.4779797022549368,0.8761225514517437
102.69616896608066,3.373927619816876,-0.48456081255296235,0.8744169326807206
102.50432144384432,3.3645730178456015,-0.49391541452423704,0.8719925112692692
102.31247392160797,3.3535240864739677,-0.5049643458958708,0.8691289724598895
102.12062639937162,3.341562987684022,-0.5169254446858167,0.8660290282720047
101.92877887713529,3.329082143450629,-0.5294062889192097,0.8627943822565629
101.92877887713529,3.3155103443913827,-0.5429780879784558,0.8592769947362613
101.73693135489894,3.3011923007181334,-0.5572961316517051,0.8555662038594164
101.54426045273884,3.285961822535009,-0.5725266098348296,0.8516189383822539
101.3524129305025,3.2697776285385998,-0.5887108038312387,0.8474244994769469
101.16056540826617,3.252587989540395,-0.6059004428294434,0.8429694805493284
100.96871788602982,3.2341430809874328,-0.6243453513824058,0.8381891348579371
100.77604698386972,3.215370349777379,-0.6431180825924594,0.8333238277463323
100.57843580216705,3.1958151876517062,-0.6626732447181323,0.8282557389161004
100.38741165985446,3.1753987860215442,-0.6830896463482943,0.8229644436360929
100.38741165985446,3.15418011870377,-0.7043083136660684,0.8174652260824609
100.19556413761813,3.1322395986786358,-0.7262488336912027,0.811778926794618
100.00289323545803,3.1088258881723516,-0.7496625441974869,0.8057108224276694
99.81186909314546,3.084201403723519,-0.7742870286463197,0.7993289231734818
99.61919819098536,3.058628836330341,-0.7998595960394974,0.7927013103553007
99.42735066874901,3.032030447612208,-0.8264579847576305,0.7858078366066191
99.23550314651267,3.004722269515261,-0.8537661628545776,0.7787304075626826
99.04365562427634,2.977027565719928,-0.8814608666499106,0.7715528030989773
98.85180810204,2.950264060998205,-0.9082243713716336,0.7646165364259463
98.85180810204,2.92460598378097,-0.9338824485888684,0.7579667621252169
98.65996057980364,2.899008219522442,-0.9594802128473967,0.7513326190644829
98.46811305756731,2.872752932940754,-0.9857354994290843,0.744528066701069
98.2754421554072,2.8452823171238784,-1.0132061152459602,0.7374085388604726
98.08359463317086,2.8177749789802515,-1.040713453389587,0.7302794937367758
97.89174711093452,2.7903871910197493,-1.0681012413500892,0.7231814322962544
97.69989958869819,2.762879852876122,-1.0956085794937165,0.7160523871725575
97.50805206646184,2.7358236397486535,-1.122664792621185,0.709040259599364
97.3162045442255,2.7077346369694797,-1.1507537954003588,0.7017604651224575
97.3162045442255,2.679192902940754,-1.1792955294290843,0.6943633368093902
97.12353364206541,2.6498574777845607,-1.2086309545852778,0.6867605084815686
96.93250949975283,2.6203204813895873,-1.2381679509802512,0.679105439168109
96.7406619775165,2.59100060464632,-1.2674878277235186,0.6715066405045453
96.54881445528015,2.561225581777379,-1.2972628505924595,0.6637898821441598
96.35614355312005,2.531543035217235,-1.3269453971526035,0.6560970907621436
96.16429603088369,2.5017623831633755,-1.356726049206463,0.6483788734923904
95.97244850864735,2.4721983147360866,-1.3862901176337519,0.6407167879515169
95.77483732694469,2.4428210759353677,-1.4156673564344708,0.633103122829635
95.58298980470836,2.4131615802980253,-1.4453268520718132,0.6254163055287144
95.58298980470836,2.383952139468582,-1.4745362929012567,0.617846128413656
95.39114228247202,2.3547445738061046,-1.503743858563734,0.6102764372834591
95.19929476023566,2.32605407161939,-1.5324343607504485,0.6028407528983454
95.001683578533,2.298235798373429,-1.5602526339964093,0.5956311230825382
94.80983605629666,2.27097560097307,-1.5875128313967686,0.5885661291404374
94.61798853406033,2.2433538058061044,-1.615134626563734,0.5814074203219167
94.42614101182399,2.2158731399784566,-1.642615292391382,0.5742852878316116
94.23429348958763,2.1883851005816877,-1.6701033317881508,0.5671612443418956
94.04162258742753,2.1603716883985635,-1.698116743971275,0.5599010405926469
94.04162258742753,2.133496139687612,-1.7249922926822263,0.5529357356080614
93.8497750651912,2.1072577388186713,-1.7512306935511672,0.5461355594953587
93.65792754295487,2.0809941429263916,-1.777494289443447,0.5393288536174953
93.46608002071851,2.0544742938635547,-1.8040141385062838,0.5324557349007577
93.27423249848218,2.028055766445242,-1.8304326659245964,0.5256088755978553
93.08238497624583,2.0019708234937164,-1.8565176088761222,0.5188484709967445
92.89053745400949,1.976398924750449,-1.8820895076193895,0.5122210314717901
92.6978665518494,1.9518864861328549,-1.9066019462369836,0.5058681710065486
92.50601902961306,1.9276209193249552,-1.9308675130448834,0.4995792920236988
92.50601902961306,1.9045602264991024,-1.9539282058707361,0.49360267884212466
92.31417150737671,1.882747028100539,-1.9757414042692996,0.4879493773534984
92.12232398514037,1.8624365070915623,-1.9960519252782762,0.48268552303205314
91.93047646290402,1.8420872541220827,-2.0164011782477558,0.477411630593044
91.73286528120137,1.821678626145781,-2.0368098062240576,0.4721223500019481
91.54101775896503,1.8027221484667866,-2.055766283903052,0.46720942152976097
91.34917023672868,1.7854222065479353,-2.0730662258219033,0.46272581552132575
91.15649933456858,1.7701083650359066,-2.088380067333932,0.4587569448662897
90.965475192256,1.7561127828473968,-2.1023756495224415,0.4551297259607988
90.965475192256,1.7437687775418316,-2.114719654828007,0.4519305443325715
90.77362767001966,1.73310167934614,-2.1253867530236983,0.4491659647873271
90.58178014778332,1.7242431001141831,-2.1342453322556554,0.44687009701754454
90.38993262554698,1.7169551472861762,-2.1415332850836624,0.4449812866826822
90.19726172338687,1.7105182463536805,-2.147970186016158,0.4433130424867181
90.00541420115053,1.7057487368876125,-2.152739695482226,0.4420769342153921
89.8135666789142,1.7033219657967686,-2.15516646657307,0.44144799074870056
89.62171915667786,1.7025175541666069,-2.155970878203232,0.44123951231361874
89.42987163444151,1.7032178291913824,-2.1552706031784563,0.441421001784703
89.42987163444151,1.706189407571634,-2.1522990247982046,0.4421911423286845
89.23802411220518,1.7117614522114901,-2.1467269801583484,0.44363524271605664
89.04535321004508,1.7198288881852786,-2.13865954418456,0.4457260707994347
88.85350568780873,1.7299641794509877,-2.128524252918851,0.4483528225555581
88.66165816557239,1.7421334175375225,-2.1163550148323163,0.4515067099650535
88.46981064333605,1.7563103340818675,-2.102178098287971,0.4551809250865532
88.27713974117594,1.7724876918236985,-2.0860007405461403,0.4593735922476402
88.08611559886337,1.7890854824456015,-2.0694029499242372,0.4636752225136946
87.8885044171607,1.8073550875701976,-2.051133344799641,0.4684101350175984
87.8885044171607,1.8261195089170557,-2.0323689234527826,0.4732732884715361
87.69665689492436,1.8462503034614004,-2.012238128908438,0.47849056329228257
87.50480937268802,1.867223038394973,-1.9912653939748655,0.4839260428333451
87.31213847052791,1.8894750295475766,-1.969013402822262,0.4896930657343148
87.12111432821534,1.9130588165924596,-1.945429615777379,0.49580524864175407
86.92844342605524,1.9383294305278276,-1.920159001842011,0.5023546045302845
86.7365959038189,1.9644744156624776,-1.894014016707361,0.5091305701947952
86.54474838158255,1.9914594627037703,-1.8670289696660682,0.5161242537354555
86.35290085934622,2.019292343095153,-1.8391960892746857,0.5233376692683065
86.16105333710988,2.0480054946463198,-1.8104829377235188,0.5307792236631014
86.16105333710988,2.0777821255906646,-1.780706306779174,0.538496398786536
85.96920581487353,2.107717442078995,-1.7507709902908437,0.5462547002595157
85.7773582926372,2.1383512895763017,-1.7201371427935368,0.5541940392090151
85.58551077040084,2.169171699608618,-1.6893167327612204,0.5621817293556944
85.39283986824074,2.201848876761221,-1.6566395556086175,0.5706506356969615
85.20099234600441,2.235594759091562,-1.6228936732782766,0.57939651712743
85.00914482376807,2.2692051449515263,-1.5892832874183123,0.5881072820938346
84.81729730153174,2.3033145020574515,-1.555173930312387,0.5969473648629763
84.61968611982907,2.3378916009587076,-1.520596831411131,0.6059086717341282
84.61968611982907,2.373018468236984,-1.4854699641328546,0.6150124614419289
84.42207493812639,2.4079145444596053,-1.4505738879102332,0.6240564372978287
84.23022741589006,2.4424870880682232,-1.4160013443016153,0.6330165635790377
84.03837989365371,2.476952411913824,-1.3815360204560143,0.6419489018378394
83.84653237141737,2.511820611145422,-1.3466678212244165,0.6509856528461045
83.65468484918104,2.546012527174147,-1.3124759051956914,0.6598471323161169
83.46201394702094,2.580816663113106,-1.2776717692567323,0.6688672801146637
83.27098980470835,2.615248480782765,-1.2432399515870736,0.6777909346164632
83.07831890254825,2.6510451989622976,-1.207443233407541,0.6870683288103203
83.07831890254825,2.6866256024488333,-1.1718628299210052,0.6962896609745022
82.8864713803119,2.721620051256733,-1.1368683811131057,0.7053591319399513
82.69462385807557,2.7573443968330342,-1.1011440355368043,0.7146177694096404
82.4970126763729,2.7912792547324954,-1.0672091776373431,0.7234126274205581
82.30598853406032,2.822705719464991,-1.0357827129048474,0.7315573880653876
82.11331763190022,2.851646845637343,-1.0068415867324956,0.7390580263800077
81.92147010966387,2.880125857357271,-0.9783625750125675,0.7464388990245933
81.72962258742754,2.908211911077199,-0.9502765212926394,0.753717929197214
81.5377750651912,2.935608813307002,-0.9228796190628366,0.7608183527724056
81.5377750651912,2.9625216203698383,-0.8959668120000002,0.7677933139611078
81.34592754295485,2.9887900404883307,-0.8696983918815078,0.7746012701281187
81.15408002071851,3.014379228344704,-0.8441092040251346,0.7812331904525907
80.96140911855841,3.039038022086176,-0.8194504102836624,0.7876239816066092
80.76956159632208,3.063541884301616,-0.7949465480682227,0.7939746193355889
80.57771407408573,3.0879497851238784,-0.7705386472459601,0.8003003868608972
80.38586655184939,3.1112570808258533,-0.7472313515439852,0.806340911825659
80.19401902961306,3.134135770093357,-0.7243526622764813,0.8122703553547801
80.00217150737672,3.156750162129264,-0.7017382702405746,0.8181313012749982
80.00217150737672,3.179373935526032,-0.6791144968438063,0.8239946785516985
79.81032398514037,3.2018293767684023,-0.6566590556014362,0.829814429377951
79.61847646290403,3.2234056207432675,-0.635082811626571,0.8354063196616841
79.42580556074392,3.244300753605027,-0.6141876787648117,0.8408216871632332
79.2339580385076,3.2639837752244167,-0.5945046571454218,0.8459229131910903
79.04211051627125,3.2826281109156197,-0.5758603214542188,0.850754944184054
78.8502629940349,3.3001171613967686,-0.5583712709730699,0.8552875612406269
78.65265181233224,3.3178924861400363,-0.5405959462298022,0.8598943716677739
78.45998091017213,3.335039773626571,-0.5234486587432676,0.8643384144029242
78.45998091017213,3.3511963577235186,-0.5072920746463199,0.8685256976824091
78.26895676785956,3.3672556412854577,-0.4912327910843808,0.8726877636943773
78.07710924562322,3.3832487156122086,-0.4752397167576299,0.8768326703351698
77.88526172338688,3.3971279646894073,-0.46136046768043126,0.8804297393222793
77.69341420115053,3.409280719174147,-0.4492077131956913,0.8835793546956954
77.49580301944786,3.420556687583483,-0.43793174478635555,0.8865017344324697
77.30395549721153,3.431370541540395,-0.4271178908294435,0.8893043484992094
77.11210797497519,3.441676444448833,-0.4168119879210055,0.8919753174781441
76.92026045273884,3.451441695091562,-0.40704673727827645,0.8945061662324919
76.92026045273884,3.461292186624776,-0.3971962457450626,0.8970591067701843
76.72758955057874,3.47094003302693,-0.3875483993429083,0.8995595280028141
76.53491864841864,3.4804431323806106,-0.37804529998922787,0.9020224353097162
76.34389450610607,3.4896232351454217,-0.3688651972244168,0.9044016319629435
76.15204698386972,3.498429947590664,-0.36005848477917457,0.9066840574773912
75.96019946163338,3.507135605482944,-0.3513528268868944,0.908940292799816
75.76835193939705,3.515273001210054,-0.3432154311597846,0.9110492522718319
75.5765044171607,3.523162185985637,-0.3353262463842017,0.9130938831976105
75.38383351500059,3.5311698470520647,-0.3273185853177738,0.9151692194871404
75.19198599276426,3.539128188280072,-0.3193602440897667,0.9172317736109891
75.19198599276426,3.5469838650377024,-0.31150456733213616,0.919267720302374
75.00013847052792,3.555134396143627,-0.3033540362262115,0.9213800840553784
74.80335066874902,3.563000528154398,-0.29548790421544036,0.9234187404226698
74.61067976658892,3.5702498831202876,-0.28823854924955095,0.9252975473940923
74.41883224435257,3.5766811550520643,-0.2818072773177742,0.9269643327284277
74.22698472211623,3.582821326653501,-0.27566710571633735,0.9285556739256503
74.03513719987988,3.5889617671885103,-0.2695266651813282,0.9301470848220768
73.84328967764355,3.5946677013285457,-0.2638207310412928,0.9316258851968989
73.65144215540721,3.6002733858743268,-0.25821504649551175,0.9330787039999187
73.65144215540721,3.605834305874327,-0.25265412649551156,0.9345199212272008
73.4587712532471,3.6109071114398574,-0.24758132092998109,0.9358346343990671
73.26692373101076,3.615566855299821,-0.2429215770700175,0.937042294844767
73.07507620877442,3.619965521763017,-0.23852291060682163,0.9381822921624456
72.88322868653809,3.6245582532710956,-0.23393017909874292,0.9393725850941412
72.69138116430175,3.629312350448833,-0.22917608192100536,0.9406046989804637
72.4995336420654,3.6339460924847393,-0.2245423398850992,0.9418056205633905
72.30768611982907,3.6386390735870737,-0.2198493587827648,0.9430218950668887
72.11583859759273,3.6433280354219035,-0.21516039694793498,0.9442371279014601
72.11583859759273,3.647856167612208,-0.21063226475763042,0.9454106787024207
71.92399107535638,3.652356155719928,-0.2061322766499103,0.9465769354339346
71.73214355312004,3.6565725478491924,-0.20191588452064613,0.9476696929225645
71.53947265095994,3.6605182122872533,-0.19797022008258525,0.9486922862274867
71.3476251287236,3.6644177711956916,-0.19407066117414695,0.9497029304154345
71.15577760648725,3.6681953705709156,-0.1902930617989229,0.9506819664917209
70.96393008425092,3.6719965568940753,-0.18649187547576318,0.9516671155701193
70.77125918209082,3.6757296588150807,-0.18275877355475778,0.9526346192924804
70.5744713803119,3.679639672976661,-0.17884875939317757,0.953647973156335
70.5744713803119,3.683605172186715,-0.1748832601831234,0.9546757070162545
70.38262385807558,3.6873063778491924,-0.17118205452064617,0.9556349442220543
70.18995295591547,3.6909561177307006,-0.16753231463913787,0.9565808431007161
69.99810543367911,3.694180463644525,-0.16430796872531372,0.9574164931150518
69.80625791144278,3.6970684123411135,-0.16142002002872502,0.958164959450304
69.61441038920644,3.700116114947936,-0.1583723174219025,0.9589548290223506
69.4225628669701,3.703462693012568,-0.1550257393572707,0.9598221578023352
69.22989196481001,3.707104659608618,-0.1513837727612204,0.9607660420875638
69.03804444257366,3.710346429102334,-0.14814200326750449,0.9616062077510189
68.8470203002611,3.713227943655297,-0.14526048871454167,0.962353006556683
68.8470203002611,3.7162794002800723,-0.1422090320897662,0.9631438490532358
68.65434939810099,3.719315310333932,-0.1391731220359067,0.9639306623629222
68.46250187586465,3.7223303135655295,-0.13615811880430906,0.9647120572755786
68.27147773355206,3.7251464238420113,-0.13334200852782718,0.9654419053302876
68.07880683139196,3.728127383030521,-0.1303610493393177,0.9662144770875336
67.88695930915561,3.7312943687289044,-0.1271940636409341,0.9670352611209428
67.69511178691927,3.7344192700071814,-0.12406916236265708,0.9678451381836967
67.50326426468293,3.7372863100394973,-0.12120212233034122,0.9685881856445271
67.3114167424466,3.740102689249551,-0.11838574312028749,0.9693181033984398
67.3114167424466,3.742965977105925,-0.11552245526391358,0.9700601784121559
67.1187458402865,3.7460064424524244,-0.1124819899174141,0.9708481723117856
66.92689831805015,3.749064600312388,-0.10942383205745054,0.9716407515597387
66.73505079581382,3.7521908425745063,-0.10629758979533221,0.9724509761637291
66.54320327357748,3.7554784505062835,-0.10300998186355503,0.9733030217223465
66.35135575134113,3.7586580337163378,-0.09983039865350074,0.9741270706383365
66.1595082291048,3.76165990156912,-0.0968285308007184,0.9749050612700043
65.9668373269447,3.7646164688509876,-0.09387196351885096,0.9756713114049183
65.77581318463211,3.7674355281867142,-0.09105290418312428,0.9764019237639128
65.77581318463211,3.7702049987504487,-0.08828343361938984,0.9771196842580224
65.58314228247201,3.772790588746858,-0.0856978436229805,0.9777897886374262
65.39211814015943,3.775532716502693,-0.08295571586714567,0.9785004627275259
65.19944723799932,3.778291466563735,-0.08019696580610347,0.9792154448013085
65.00265943622043,3.780919942254937,-0.07756849011490141,0.9798966638168046
64.80998853406032,3.7833543529012563,-0.0751340794685822,0.9805275872182839
64.61814101182398,3.78573756670018,-0.07275086566965872,0.9811452419918294
64.42629348958764,3.7881928860107723,-0.07029554635906621,0.9817815842677305
64.23444596735129,3.790780618265709,-0.0677078141041294,0.9824522438538078
64.23444596735129,3.793461097605028,-0.06502733476481071,0.9831469405948506
64.04259844511495,3.7962785488653497,-0.06220988350448886,0.9838771361907958
63.85075092287862,3.798974305842011,-0.05951412652782739,0.9845757924195008
63.658080020718515,3.8015901840215442,-0.05689824834829427,0.9852537465524166
63.46705587840594,3.8040873188186715,-0.05440111355116706,0.9859009260997694
63.2752083561696,3.8065396872280073,-0.05194874514183123,0.9865365035939929
63.0825374540095,3.8092333001041294,-0.0492551322657091,0.9872346041386323
62.88574965223059,3.811818354075404,-0.0466700782944347,0.9879045695970196
62.693078750070484,3.814280105687612,-0.044208326682226406,0.988542578925117
62.693078750070484,3.816743734308797,-0.04174469806104142,0.9891810747154677
62.50123122783415,3.819130164258528,-0.03935826811131049,0.9897995630151113
62.3093837055978,3.821390075698384,-0.03709835667145445,0.9903852616583668
62.117536183361466,3.8237151224811496,-0.034773309888688875,0.9909878413533738
61.92568866112513,3.8260267667935373,-0.03246166557630126,0.9915869475455797
61.733017758965026,3.828276491913824,-0.030211940456014386,0.9921700062121325
61.54117023672869,3.830864226010772,-0.027624206359066594,0.9928406662756015
61.350146094416104,3.8332616453967683,-0.025226786973070237,0.9934620026947765
61.157475192256,3.8353119433788154,-0.023176488991023092,0.993993376059757
60.965627670019664,3.837332756294435,-0.021155676075403473,0.994517107814054
60.965627670019664,3.8393977977307,-0.019090634639138404,0.9950523022230721
60.77378014778331,3.841319164168762,-0.01716926820107645,0.9955502605483953
60.581932625546976,3.84335364664632,-0.015134785723518451,0.9960775350273052
60.38926172338687,3.84563446675045,-0.012853965619388674,0.9966686525449828
60.19247392160797,3.847644824412927,-0.010843607956911416,0.9971896746233728
60.00062639937163,3.8492764333464984,-0.009211999023340134,0.9976125368302109
59.80877887713528,3.8518092165780966,-0.00667921579174191,0.9982689553412398
59.61116769543263,3.8542854427109514,-0.004202989658887102,0.9989107160141709
59.418496793272524,3.8560856527324954,-0.0024027796373431443,0.9993772743706614
59.418496793272524,3.8580206887324953,-0.0004677436373432542,0.9998787754205976
59.22747265095994,3.860169361141832,0.0016809287719934396,1.0004356443725195
59.0356251287236,3.862395497472173,0.003907065102334517,1.0010125895595687
58.842954226563485,3.865215361766607,0.006726929396768444,1.0017434105387837
58.65110670432715,3.867599111590664,0.009110679220825535,1.0023612042333454
58.458435802167045,3.8696102742118494,0.011121841842010927,1.002882434931956
58.267411659854474,3.8717736882333935,0.013285255863555001,1.0034431244505235
58.07556413761813,3.874094177881509,0.015605745511670488,1.0040445230781956
57.88371661538179,3.876669045533214,0.01818061316337527,1.00471184855988
57.88371661538179,3.879310122420108,0.02082169005026957,1.0053963334127403
57.691869093145456,3.8813703377881508,0.022881905418312254,1.0059302770552194
57.50002157090912,3.8830335740466784,0.024545141676839854,1.006361336079415
57.30735066874902,3.8848573710161576,0.026368938646319062,1.0068340074380173
57.11550314651268,3.8866018270556553,0.02811339468581675,1.0072861160992388
56.92365562427633,3.88821199129982,0.029723558929981575,1.0077034205106392
56.73180810203999,3.889823761777379,0.03133532940754069,1.008121141207697
56.53996057980365,3.891615126463196,0.03312669409335767,1.0085854071287215
56.3481130575673,3.893334652728905,0.03484622035906648,1.0090310547692025
56.3481130575673,3.8951246764308802,0.03663624406104171,1.0094949731489904
56.15626553533097,3.896919257267505,0.03843082489766658,1.009960072596113
55.96441801309462,3.8987414461615795,0.040253013791740955,1.0104323271916662
55.77174711093453,3.9004982307791742,0.04200979840933572,1.010887631036264
55.57989958869818,3.901926927490126,0.043438495120287524,1.011257904716228
55.388052066461846,3.9031862144703773,0.04469778210053876,1.0115842726715358
55.19044088475917,3.9048631221328547,0.046374689763016175,1.0120188748977363
54.99859336252283,3.906806738219031,0.04831830584919228,1.012522599638718
54.806745840286496,3.9086098954578103,0.05012146308797183,1.0129899218221028
54.806745840286496,3.9102283690125677,0.051739936642729134,1.0134093797479524
54.61489831805015,3.9120553821328543,0.05356694976301579,1.0138828846326529
54.423050795813815,3.913591296764811,0.055102864394972695,1.0142809458576318
54.23037989365371,3.914915720929982,0.05642728856014356,1.014624195342083
54.03935575134114,3.9164604808976655,0.057972048527827,1.0150245490025278
53.8475082291048,3.918182956222621,0.0596945238527824,1.0154709609472947
53.6548373269447,3.919808131012567,0.06131969864272868,1.015892155624545
53.46298980470835,3.9214708312459603,0.06298239887612178,1.0163230757277244
53.27114228247201,3.9230533855906646,0.06456495322082612,1.0167332245133027
53.07929476023566,3.924482349393178,0.06599391702333968,1.017103567415079
53.07929476023566,3.9258335784991023,0.06734514612926379,1.0174537639051313
52.887447237999325,3.9271896318312387,0.06870119946140019,1.0178052106843314
52.69559971576298,3.928554263407541,0.0700658310377027,1.018158880677185
52.502928813602885,3.929911926657092,0.07142349428725359,1.0185107446968258
52.31108129136654,3.9313076513752243,0.0728192190053858,1.0188724730634118
52.12005714905397,3.9325816818096953,0.07409324943985673,1.0192026620627574
51.92738624689387,3.9338297122621193,0.07534127989228079,1.0195261126767217
51.73553872465753,3.9353243474326756,0.07683591506283705,1.0199134755512653
51.543691202421186,3.9368272919138243,0.07833885954398578,1.0203029919402586
51.543691202421186,3.9380104559569125,0.07952202358707394,1.0206096312016757
51.35184368018485,3.9391713703518856,0.08068293798204706,1.020910504047434
51.1599961579485,3.940251602833035,0.08176317046319648,1.021190466654575
50.9673252557884,3.9414698811274693,0.0829814487576308,1.0215062064360434
50.77547773355206,3.9427830469228007,0.08429461455296217,1.0218465381017585
50.583630211315715,3.9444334185780967,0.08594498620825819,1.0222742630215615
50.39178268907937,3.9457095931131065,0.08722116074326802,1.0226050077049726
50.19499488730047,3.9465330363985633,0.08804460402872483,1.0228184185522227
50.00232398514037,3.9474773690089773,0.08898893663913876,1.0230631601464937
50.00232398514037,3.9486881411095154,0.09019970873967686,1.023376954556341
49.81047646290403,3.949354775859965,0.09086634349012668,1.0235497255162995
49.61862894066768,3.950033473938959,0.09154504156912058,1.0237256229152136
49.42678141843134,3.9512766801651704,0.0927882477953319,1.0240478232400305
49.234110516271244,3.9524917404667863,0.09400330809694779,1.0243627290180088
49.043086373958666,3.953339039633753,0.09485060726391437,1.024582322566575
48.85123885172233,3.9539820855942547,0.09549365322441616,1.0247489800470297
48.658567949562226,3.954813571098743,0.09632513872890458,1.0249644751869174
48.46672042732589,3.9565896563052063,0.0981012239353678,1.0254247811428878
48.46672042732589,3.957422480951527,0.0989340485816883,1.0256406233466209
48.274872905089545,3.9577352930628362,0.09924686069299771,1.025721694500984
48.08220200292945,3.9580129890807907,0.09952455671095217,1.0257936646579047
47.89117786061687,3.9585734779605026,0.10008504559066411,1.0259389259148803
47.69933033838052,3.9592980107935367,0.1008095784236982,1.0261267022541731
47.50748281614418,3.9599464188473967,0.10145798647755822,1.0262947494221835
47.31481191398408,3.9605136089622985,0.10202517659246002,1.0264417474305598
47.122964391747736,3.961039517773788,0.1025510854039493,1.0265780466111087
46.93111686951139,3.9615863352495513,0.10309790287971277,1.0267197646660797
46.73926934727506,3.962402274183124,0.10391384181328567,1.026931230619101
46.73926934727506,3.9630841865709154,0.10459575420107692,1.0271079610667215
46.54742182503872,3.9636127773500904,0.10512434498025192,1.0272449553297445
46.354750922878615,3.96411349113824,0.10562505876840156,1.0273747247451324
46.16372678056604,3.964755733982047,0.10626730161220843,1.0275411740827587
45.971055878405934,3.9655349487468587,0.10704651637702023,1.027743122275288
45.780031736093356,3.9660592494829445,0.10757081711310601,1.0278790046927877
45.58736083393325,3.966476601231598,0.10798816886175944,1.0279871692644766
45.39551331169691,3.967066037310593,0.1085776049407543,1.028139932733728
45.20366578946057,3.9676573522405745,0.10916891987073596,1.028293183142624
45.20366578946057,3.9682693050592457,0.10978087268940717,1.028451782249346
45.01099488730047,3.9687421418563735,0.11025370948653501,1.0285743268171
44.8199707449879,3.9691637799640933,0.11067534759425479,1.0286836022795276
44.627299842827796,3.969499911931778,0.11101147956193946,1.0287707172141909
44.43627570051521,3.969903592276481,0.11141515990664264,1.0288753385838747
44.244428178278866,3.9705704959605033,0.11208206359066475,1.0290481792430373
44.05175727611877,3.971189953131059,0.11270152076122031,1.0292087232439882
43.85990975388243,3.9714933838815085,0.11300495151167,1.0292873630418697
43.66806223164609,3.971442187034111,0.11295375466427249,1.0292740944139354
43.66806223164609,3.971564953368044,0.11307652099820542,1.0293059116232093
43.47539132948599,3.9719890045098745,0.11350057214003595,1.0294158124689063
43.28354380724965,3.9723506004344697,0.11386216806463123,1.0295095268679342
43.092519664937065,3.9724004581400365,0.11391202577019799,1.0295224484320236
42.89984876277696,3.972337735831239,0.11384930346140054,1.0295061927635418
42.708001240540625,3.972678692025135,0.11419025965529661,1.0295945579873522
42.51615371830429,3.9732949330448837,0.11480650067504516,1.0297542684622052
42.324306196067944,3.9738245958743272,0.11533616350448872,1.0298915405672606
42.1324586738316,3.9739208262010774,0.11543239383123893,1.0299164804701362
41.940611151595256,3.973660550078995,0.11517211770915647,1.0298490250075518
41.940611151595256,3.973645272441652,0.1151568400718137,1.0298450655198896
41.74876362935892,3.973810390287254,0.1153219579174154,1.0298878589216311
41.55691610712258,3.9737626766822256,0.11527424431238709,1.0298754930416072
41.36424520496248,3.973603724046679,0.11511529167684031,1.02983429747025
41.17239768272614,3.9737626766822256,0.11527424431238709,1.0298754930416072
40.974786501023466,3.975002397824057,0.11651396545421866,1.030196790141122
40.78376235871089,3.975097287166966,0.11660885479712757,1.030221382502761
40.59191483647455,3.9746544733034113,0.11616604093357275,1.030106618944099
40.39924393431445,3.9742475749658888,0.11575914259605025,1.0300011635709252
40.39924393431445,3.974035014290844,0.11554658192100531,1.029946074465756
40.20739641207811,3.974017590710952,0.11552915834111355,1.0299415588166365
40.015548889841774,3.9738229877989233,0.11533455542908477,1.0298911238042114
39.82370136760542,3.973745522035907,0.11525708966606851,1.029871047091692
39.631853845369086,3.9738245958743272,0.11533616350448872,1.0298915405672606
39.43918294320898,3.9740031161903056,0.11551468382046703,1.0299378074718029
39.24733542097265,3.97376776984201,0.11527933747217167,1.0298768130299585
39.0554878987363,3.9734764024201086,0.11498797005027006,1.0298012996710335
38.863640376499966,3.973295201978456,0.11480676960861746,1.0297543381614092
38.863640376499966,3.973256602642729,0.11476817027289066,1.0297443344160555
38.67096947433986,3.972984802901257,0.11449637053141837,1.029673892390315
38.47994533202728,3.9725556567576303,0.11406722438779182,1.0295626710788746
38.28809780979094,3.9723259414362664,0.11383750906642787,1.02950313602379
38.09542690763084,3.9722021030520653,0.11371367068222682,1.0294710409724839
37.9035793853945,3.9720340361472175,0.11354560377737899,1.0294274832664565
37.71255524308192,3.971615345256733,0.11312691288689436,1.0293189716309226
37.52070772084558,3.9714362907576306,0.11294785838779209,1.0292725662827558
37.328036818685476,3.97121407794614,0.11272564557630149,1.0292149756445081
37.328036818685476,3.9711406332926398,0.11265220092280126,1.0291959410783076
37.13618929644913,3.970732395813286,0.11224396344344756,1.0290901386412887
36.944341774212795,3.97005343064273,0.11156499827289146,1.0289141720205623
36.75249425197646,3.9694578293536806,0.11096939698384212,1.0287598107209268
36.559823349816355,3.969035386287253,0.11054695391741465,1.0286503266382785
36.36797582758002,3.9685502190700173,0.11006178670017874,1.0285245864097563
36.17695168526743,3.9684277216696593,0.10993928929982077,1.0284928388996872
35.98428078310733,3.968400647795332,0.10991221542549345,1.0284858221948814
35.79243326087099,3.9681757567001794,0.1096873243303409,1.028427537428944
35.600585738634656,3.967698362768403,0.1092099303985643,1.0283038117938554
35.600585738634656,3.967093647210054,0.10860521484021568,1.02814708835955
35.40873821639831,3.9666497594542194,0.10816132708438086,1.0280320464814636
35.21606731423821,3.9663908243159787,0.10790239194614015,1.0279649385601157
35.02421979200187,3.9661230456840215,0.107634613314183,1.027895538680694
34.83319564968929,3.9658528540179545,0.10736442164811599,1.027825513418003
34.640524747529184,3.965598744947936,0.10711031257809767,1.027759656263194
34.44867722529285,3.964729196132854,0.10624076376301561,1.027534296298969
34.25682970305651,3.9644246951741473,0.10593626280430879,1.027455379136447
34.064982180820174,3.9640614893321366,0.10557305696229813,1.027361247496978
34.064982180820174,3.9633937825314183,0.10490535016157976,1.027188198694987
33.87313465858382,3.9627582409228013,0.10426980855296275,1.0270234861087613
33.681287136347486,3.9616126041651705,0.10312417179533195,1.026726572750665
33.48943961411114,3.9607315317307004,0.10224309936086184,1.0264982262232845
33.297592091874805,3.9605953629263917,0.10210693055655318,1.02646293551121
33.1049211897147,3.9604339972567324,0.10194556488689388,1.026421114556583
32.913073667478365,3.9600908969622988,0.10160246459246025,1.0263321936487075
32.72122614524203,3.959558285073609,0.10106985270377056,1.026194157239366
32.52937862300568,3.9590846451597845,0.10059621278994602,1.0260714045287835
32.52937862300568,3.9585959947001794,0.1001075623303409,1.0259447615523511
32.33753110076934,3.958211346010772,0.09972291364093344,1.025845072594836
32.145683578533,3.957516029310592,0.09902759694075369,1.0256648681670226
31.948072396830334,3.956850466610413,0.09836203424057466,1.0254923750490972
31.755401494670235,3.954008354509874,0.09551992214003535,1.0247557881316152
31.563553972433894,3.952711271310592,0.09422283894075356,1.0244196245737824
31.371706450197546,3.9535470450161583,0.09505861264631976,1.0246362310818011
31.180682307884968,3.9539895917881505,0.09550115941831194,1.0247509254186506
30.98801140572487,3.953801959044884,0.09531352667504533,1.0247022968568302
30.79616388348853,3.953364503590665,0.09487607122082631,1.02458892203094
30.79616388348853,3.9528747810807903,0.09438634871095175,1.024462001212475
30.60431636125219,3.9523644169982046,0.0938759846283661,1.0243297307414003
30.41246883901584,3.9517586293895874,0.09327019701974892,1.0241727294650624
30.21979793685574,3.950908381163375,0.09241994879353665,1.02395237161221
30.0279504146194,3.9501717868438067,0.09168335447396814,1.0237614693113535
29.836926272306826,3.9496909078276485,0.09120247545781002,1.0236368404509624
29.644255370146723,3.9489194663482947,0.0904310339784562,1.0234369068518665
29.452407847910386,3.9481249721041296,0.08963653973429109,1.0232309986942834
29.259736945750284,3.9477360352136452,0.08924760284380673,1.0231301983686374
29.259736945750284,3.9473342318779183,0.0888457995080798,1.0230260634612067
29.0687128034377,3.946662235034111,0.08817380266427266,1.0228519028136926
28.876865281201358,3.9456380254685817,0.08714959309874315,1.0225864596010248
28.68419437904126,3.9448896349120286,0.08640120254219008,1.0223925000830243
28.49317023672868,3.9443243218061044,0.08583588943626586,1.0222459885369013
28.301322714492343,3.9437941229515268,0.08530569058168824,1.0221085775108296
28.10865181233224,3.9431685005709163,0.08468006820107776,1.0219464356794943
27.916804290095893,3.9423378200251347,0.08384938765529615,1.021731149159827
27.719193108393227,3.9423391610089764,0.0838507286391379,1.0217314967010638
27.719193108393227,3.9415127686642726,0.08302433629443406,1.0215173215495275
27.52816896608065,3.9403976890233396,0.08190925665350113,1.0212283276441478
27.33549806392055,3.939411809859964,0.08092337749012568,1.0209728184776294
27.14365054168421,3.93850634367684,0.08001791130700164,1.0207381498505246
26.951803019447862,3.937597930276482,0.07910949790664334,1.020502717396526
26.75913211728776,3.9367267752280077,0.07823834285816922,1.020276941146644
26.56234431550886,3.9359009189084384,0.07741248653859989,1.0200629049161238
26.37049679327252,3.9351058886391392,0.07661745626930072,1.0198568578375244
26.178649271036182,3.9344464911490125,0.07595805877917394,1.0196859625499826
26.178649271036182,3.9338538370772005,0.07536540470736197,1.0195323650772419
25.98597836887608,3.932964455332136,0.0744760229622976,1.019301865035411
25.79413084663973,3.932120103382406,0.07363167101256751,1.0190830353137392
25.60228332440339,3.931104203127469,0.07261577075763048,1.018819745615521
25.410435802167054,3.930282636850987,0.0717942044811486,1.0186068212305235
25.218588279930714,3.9292718279138246,0.07078339554398605,1.018344851043265
25.026740757694377,3.9283845884272894,0.06989615605745092,1.0181149062081085
24.834069855534274,3.9275721364201073,0.06908370405026876,1.017904343957781
24.642222333297926,3.926762900563735,0.06827446819389626,1.0176946152335522
24.642222333297926,3.925939724369839,0.06745129200000033,1.017481273608114
24.450374811061586,3.9253208032244165,0.06683237085457794,1.0173208685281792
24.25935066874901,3.924516122660682,0.06602769029084365,1.0171123203938932
24.06667976658891,3.923575542226212,0.06508710985637345,1.0168685512467373
23.87483224435257,3.922808926815081,0.06432049444524246,1.0166698684141804
23.68298472211623,3.9223221515224416,0.06383371915260305,1.0165437114226095
23.491137199879883,3.9217721178958707,0.06328368552603214,1.0164011598415403
23.29846629771978,3.920728874833034,0.06224044246319549,1.016130783739312
23.107442155407206,3.9197432627612208,0.06125483039138224,1.0158753437946062
22.914771253247103,3.918623358894076,0.060134926524237464,1.0155850996000793
22.914771253247103,3.917794555357271,0.05930612298743254,1.015370299542665
22.722100351087004,3.917350936535009,0.05886250416517047,1.0152553273637828
22.531076208774426,3.9166470415906645,0.05815860922082594,1.0150728997223157
22.33922868653808,3.9157817846606826,0.05729335229084409,1.0148486520810056
22.147381164301738,3.915160717572711,0.05667228520287226,1.0146876908396132
21.9555336420654,3.9143627382441655,0.05587430587432696,1.014480879456728
21.76368611982906,3.913553233454219,0.05506480108438039,1.0142710810332947
21.571838597592723,3.91310881151526,0.054620379145421616,1.0141559007115837
21.379991075356383,3.912115424315979,0.05362699194614029,1.013898445696053
21.379991075356383,3.911334334384201,0.052845902014362345,1.0136960115186622
21.188143553120035,3.9106620704488333,0.05217363807899478,1.0135217816493363
20.995472650959933,3.909878565640934,0.05139013327109554,1.0133187216112844
20.803625128723596,3.9093009221149018,0.05081248974506325,1.0131690144043932
20.611777606487255,3.908784127572711,0.05029569520287236,1.013035077358514
20.419930084250918,3.908372137917415,0.04988370554757626,1.0129283024743807
20.227259182090815,3.9076663678061045,0.04917793543626603,1.0127453888480524
20.0304713803119,3.906872409587074,0.04838397721723542,1.0125396196114858
19.837800478151802,3.9059835620251344,0.0474951296552959,1.0123092580132798
19.837800478151802,3.9050432505242374,0.04655481815439888,1.012065558565328
19.646776335839224,3.9039638230017957,0.04547539063195716,1.0117858045784076
19.454928813602887,3.9033341776696586,0.044845745299820106,1.0116226201233618
19.263081291366547,3.902942291719928,0.04445385935008961,1.0115210554934297
19.07123376913021,3.902300317809695,0.04381188543985637,1.0113546758550078
18.878562866970096,3.9015135968509873,0.04302516448114879,1.0111507822908576
18.68671534473376,3.9009367582836623,0.04244832591382375,1.0110012837041868
18.49486782249742,3.900269587508079,0.04178115513824032,1.0108283738232122
18.303020300261082,3.8996991812423705,0.041210748872531955,1.010680542288738
18.303020300261082,3.8989272037378813,0.04043877136804275,1.0104804697686254
18.11117277802474,3.8981155548473976,0.03962712247755906,1.0102701156611271
17.919325255788404,3.8973631431813285,0.038874710811489965,1.0100751139968076
17.727477733552057,3.896761107748654,0.038272675378815624,1.0099190851675843
17.534806831391954,3.8961826611059247,0.03769422873608619,1.0097691698178644
17.342959309155614,3.8953707451238784,0.03688231275403986,1.0095587464885536
17.151111786919277,3.894396122488331,0.035907690118492486,1.009306154663379
16.959264264682936,3.8935364929012564,0.035048060531417846,1.0090833654540443
16.7674167424466,3.8928872817307,0.03439884936086157,1.0089151101432055
16.574745840286496,3.892289534499102,0.03380110212926368,1.008760192682113
16.574745840286496,3.8916470227217235,0.03315859035188495,1.0085936736452827
16.38289831805015,3.890928924032316,0.032440491662477644,1.0084075648355781
16.191874175737574,3.8904070344883306,0.03191860211849207,1.008272307323956
15.999203273577471,3.889732090427289,0.031243658057450663,1.0080973828495479
15.807355751341133,3.8888995328725313,0.0304111005026928,1.0078816098676275
15.615508229104794,3.8884406345709164,0.02995220220107786,1.0077626777236912
15.423660706868455,3.8881961757953323,0.02970774342549376,1.0076993216245689
15.230989804708354,3.8877474638132856,0.029259031443447103,1.0075830294573351
15.039142282472005,3.887417764147217,0.028929331777378664,1.0074975815748684
15.039142282472005,3.8869307217630165,0.028442289393177944,1.0073713553614851
14.848118140159428,3.8862796335834826,0.02779120121364409,1.007202613588393
14.655447237999327,3.8855521516912033,0.027063719321364754,1.0070140729448145
14.463599715762989,3.8850216857450626,0.026533253375224053,1.00687659269693
14.270928813602888,3.8844041018994613,0.025915669529622765,1.0067165342034485
14.079081291366549,3.8837101261831246,0.025221693813286095,1.0065366773168722
13.888057149053962,3.883128194456014,0.024639762086175576,1.00638585874185
13.696209626817623,3.8826561626175944,0.02416773024775587,1.0062635227943166
13.503538724657522,3.8821045209156204,0.0236160885457819,1.0061205544501988
13.503538724657522,3.8815389388761226,0.02305050650628404,1.0059739732048716
13.312514582344946,3.8812995732603235,0.02281114089048497,1.0059119370941005
13.120667060108607,3.8809095624775583,0.022421130107719733,1.0058108584490297
12.927996157948506,3.879593716556553,0.021105284186714535,1.0054698321782325
12.736148635712157,3.8787335509443444,0.020245118574505838,1.0052469040478818
12.544301113475818,3.8788812452100547,0.020392812840216212,1.005285181800504
12.35245359123948,3.8792540995044886,0.020765667134650112,1.0053818140182673
12.16060606900314,3.8784770288402153,0.019988596470376763,1.0051804215098035
11.962994887300475,3.877215595917415,0.01872716354757653,1.0048534973930385
11.771147365064127,3.87623319999641,0.017744767626571623,1.0045988909744308
11.771147365064127,3.8756475160933577,0.017159083723519153,1.004447099952294
11.579299842827789,3.8750795228617596,0.01659109049192109,1.0042998938010892
11.38745232059145,3.8743914434219033,0.01590301105206482,1.0041215650456927
11.194781418431349,3.873776810477559,0.015288378107720657,1.003962271333889
10.997170236728683,3.873253043924596,0.0147646115547575,1.003826527360013
10.806146094416096,3.8729380877127473,0.014449655342908763,1.0037449005215844
10.613475192255995,3.872638142046679,0.014149709676840594,1.0036671639490053
10.421627670019657,3.8719433632136453,0.013454930843806778,1.0034870989196003
10.229780147783318,3.8715085897271098,0.013020157357271245,1.0033744191761835
10.229780147783318,3.871149136061042,0.012660703691203423,1.0032812599838292
10.03793262554698,3.870759932078995,0.01227149970915642,1.0031803904363708
9.84608510331064,3.8704428299245963,0.0119543975547578,1.0030982074364845
9.654237581074291,3.870158163737881,0.011669731368042502,1.0030244308289593
9.455803019447863,3.8698220317701977,0.011333599400359162,1.0029373158942965
9.264778877135287,3.869460435845602,0.010972003475763437,1.0028436014952686
9.072931354898948,3.869106077181329,0.010617644811490301,1.0027517627686573
8.88108383266261,3.868716335332137,0.010227902962298696,1.002650753822791
8.68923631042626,3.8682311681149018,0.009742735745063236,1.002525013594269
8.68923631042626,3.8676819376050267,0.009193505235188137,1.0023826701560283
8.496565408266159,3.8673401764524247,0.008851744082586155,1.002294096311998
8.30471788602982,3.867227329346499,0.008738896976660637,1.0022648498576145
8.11204698386972,3.866973220276482,0.008484787906643643,1.0021989927028063
7.920199461633381,3.8667027596768406,0.008214327307002112,1.0021288977409106
7.729175319320804,3.8665253114111313,0.0080368790412928,1.0020829086784009
7.536504417160703,3.866164787536804,0.007676355166965632,1.0019894721214055
7.345480274848116,3.865854655551167,0.007366223181328291,1.001909095572124
7.153632752611777,3.865751189806105,0.007262757436266476,1.0018822804742233
7.153632752611777,3.865301136840216,0.0068127044703776285,1.0017656407657527
6.961785230375439,3.864763700725314,0.006275268355475649,1.0016263540672639
6.769114328215338,3.8642726372315988,0.005784204861760234,1.0014990857075623
6.577266805978999,3.863757181831238,0.005268749461399658,1.0013654957255278
6.38541928374266,3.8635223715080795,0.005033939138241017,1.0013046402047003
6.193571761506312,3.8635647230197487,0.00507629064991022,1.0013156163971684
6.00090085934621,3.8635548056337523,0.005066373263913793,1.0013130461196698
5.809053337109871,3.862992708678636,0.004504276308797461,1.001167368099645
5.617205814873532,3.8624823464380613,0.003993914068222804,1.0010350981059621
5.617205814873532,3.862669712089766,0.004181279719927655,1.0010836574459703
5.425358292637194,3.8624206943375223,0.003932261967683814,1.0010191198021212
5.227747110934529,3.8620076326319572,0.0035192002621187157,1.0009120670759553
5.03589958869818,3.861645231748654,0.0031567993788153004,1.0008181440567068
4.844052066461841,3.861188746481149,0.0027003141113106643,1.0006998372960398
4.652204544225502,3.860955546075404,0.0024671137055656267,1.000639399015653
4.4603570219891635,3.861032475813286,0.0025440434434473858,1.0006593368071561
4.268509499752825,3.860948575906643,0.002460143536804349,1.0006375925650484
4.076661977516486,3.860664445745063,0.0021760133752244393,1.0005639548785399
4.076661977516486,3.8605304210412923,0.002041988671453776,1.000529219850531
3.8848144552801367,3.86069044572711,0.0022020133572713263,1.0005706932639211
3.692966933043798,3.860257549249552,0.0017691168797133727,1.000458499982758
3.49453237141737,3.8600345333213646,0.0015461009515260749,1.0004007012016818
3.303508229104794,3.859860034114901,0.0013716017450624562,1.000355476443458
3.1116607068684554,3.8599326756517063,0.001444243281867763,1.0003743028668304
2.918989804708344,3.860064554412927,0.0015761220430885459,1.000408481733382
2.727142282472005,3.859908550836625,0.0014201184667865796,1.0003680504663104
2.5352947602356664,3.859842879468582,0.0013544470987434387,1.0003510304935426
2.3434472379993276,3.8595705418599637,0.001082109490125216,1.000280449069394
2.3434472379993276,3.859541861752245,0.001053429382406268,1.000273016078931
2.1507763358392267,3.8594668071813287,0.0009783748114902124,1.0002535642722892
1.9597521935266502,3.8594472395008976,0.000958807131059114,1.0002484929391042
1.767904671290301,3.8595319425242374,0.0010435101543988523,1.0002704453240405
1.5702934895876357,3.8598753117522446,0.0013868793824061143,1.0003594359311203
1.3776225874275345,3.859506478567326,0.0010180461974873545,1.0002638458596758
1.1857750651911958,3.859082427425494,0.000593995055655494,1.000153945013978
0.9947509228786195,3.858779801633752,0.00029136926391348794,1.000075513836317
0.8020800207185184,3.858817863102334,0.00032943073249569466,1.0000853781832626
0.8020800207185184,3.8587744395403956,0.0002860071705570455,1.0000741241487618
0.6094091185584172,3.8586304992926386,0.00014206692280005484,1.000036819320646
0.41838497624583054,3.858591899956912,0.00010346758707369119,1.0000268155752925
0.22653745400949185,3.858545794427289,5.7362057450660586e-05,1.0000148664583182
0.03386655184939069,3.8584884323698385,0.0,1.0
-0.16292124992951232,3.8583514604488336,-0.00013697192100492472,0.9999645011450972
-0.3547687721658614,3.858572868301616,8.443593177753783e-05,1.000021883163124
-0.5466162944022002,3.8584924534793545,4.021109516028076e-06,1.0000010421463188
-0.7384638166385389,3.858633982535009,0.00014555016517059371,1.0000377220685566
-0.7384638166385389,3.858359502667864,-0.00012892970197464493,0.9999665854377343
-0.93113471879864,3.8583217064488333,-0.00016672592100519523,0.9999567898352094
-1.1229822410349788,3.8584535870520646,-3.4845317773868345e-05,0.9999909691791528
-1.3148297632713175,3.8586125396876123,0.0001241073177737917,1.0000321647505102
-1.5066772855076664,3.85865703529982,0.00016860292998144288,1.0000436966270436
-1.6985248077440052,3.8586146837881508,0.00012625141831223985,1.0000327204345756
-1.8903723299803439,3.858658643375225,0.0001702110053862782,1.000044113390093
-2.083043232140445,3.8587647910879714,0.00027635871813291857,1.0000716235704672
-2.2740673744530215,3.8590963659210056,0.0006079335511670614,1.0001575574377952
-2.2740673744530215,3.859505675450628,0.0010172430807893207,1.0002636377168468
-2.4659148966893603,3.8596705243626572,0.0011820919928187124,1.0003063614193843
-2.6577624189256985,3.860025687985638,0.0015372556157995376,1.000398408766216
-2.8504333210858,3.8604060466319576,0.0019176142621191161,1.0004969858782087
-3.0422808433221387,3.8605582980323163,0.002069865662477799,1.0005364446981655
-3.2341283655584774,3.860435264606822,0.0019468322369835533,1.0005045582670797
-3.426799267718599,3.86030794113824,0.0018195087684014233,1.0004715599904712
-3.6178234100311757,3.860508709260323,0.0020202768904846735,1.0005235928332805
-3.8104943121912767,3.860616465048474,0.002128032678635705,1.000551519776704
-3.8104943121912767,3.8604872664129264,0.0019988340430878715,1.000518035515234
-4.001518454503853,3.8607271680538604,0.0022387356840218864,1.0005802105470216
-4.194189356663954,3.8609587622262125,0.002470329856373965,1.0006402325417512
-4.386036878900293,3.861174004868941,0.0026855724991023955,1.000696016729394
-4.5778844011366315,3.8614608151561938,0.0029723827863552543,1.0007703490209843
-4.76973192337297,3.8618395675691204,0.003351135199281874,1.0008685098473196
-4.962402825533071,3.8619805605996405,0.0034921282298019385,1.000905050848541
-5.153426967845648,3.862108954276482,0.0036205219066434147,1.0009383264897906
-5.345274490081986,3.862037386631957,0.003548954262118542,1.0009197783858428
-5.345274490081986,3.862128790890485,0.0036403585206463696,1.0009434675221796
-5.543709051708425,3.8623048981723516,0.003816465802513047,1.0009891090434524
-5.735556573944764,3.8624043446499106,0.0039159122800720425,1.0010148824724263
-5.926580716257339,3.862526037091562,0.004037604721723653,1.0010464213622752
-6.119251618417441,3.862911490739677,0.004423058369838362,1.001146318940011
-6.31109914065378,3.86328407794255,0.004795645572711393,1.0012428819359622
-6.5029466628901185,3.8635974242369833,0.005108991867144752,1.0013240915339499
-6.694794185126457,3.8638258022585283,0.005337369888689825,1.0013832800025817
-6.886641707362816,3.8641013541759426,0.005612921806104065,1.0014546944754366
-7.078489229599155,3.86446643518492,0.005978002815081318,1.001549312099767
-7.078489229599155,3.864838486362657,0.006350053992818516,1.0016457361747015
-7.270336751835494,3.865412108779174,0.006923676409335666,1.0017944012352742
-7.463007653995595,3.8659291722549374,0.007440739885098857,1.0019284079803574
-7.654031796308171,3.86651593005027,0.008027497680431317,1.0020804773219187
-7.846702698468272,3.866905671899461,0.008417239529622478,1.0021814862677851
-8.038550220704611,3.867114480398564,0.008626048028725464,1.00223560292584
-8.23039774294095,3.867474201156194,0.008985768786355486,1.0023288313400065
-8.422245265177288,3.867897449181329,0.009409016811490645,1.0024385240428755
-8.619856446879965,3.8682662823662484,0.009777849996409849,1.0025341141143203
-8.619856446879965,3.8684898343195693,0.01000140194973076,1.0025920518164124
-8.812527349040066,3.868697303676841,0.010208871307002543,1.0026458214106222
-9.004374871276404,3.8689969804093356,0.010508548039497079,1.002723488283997
-9.196222393512743,3.869437652014363,0.010949219644524444,1.0028376966359853
-9.38724653582532,3.8697938876876123,0.011305455317773827,1.0029300218248498
-9.579094058061658,3.869908342868941,0.011419910499102404,1.0029596850422817
-9.771764960221759,3.870400747346499,0.011912314976660454,1.0030873009432204
-9.963612482458098,3.870899048100539,0.01241061573070068,1.0032164449753393
-10.155460004694437,3.871130373339318,0.01264194096947957,1.0032763972708647
-10.155460004694437,3.8713957407791746,0.012907308409336071,1.003345172244409
-10.347307526930797,3.871786018653501,0.013297586283662621,1.0034463201112918
-10.539155049167135,3.872243308879713,0.013754876509874503,1.0035648354921791
-10.70218427407183,3.8725378924524243,0.014049460082585785,1.0036411823772027
-10.70218427407183,3.872881797705565,0.01439336533572666,1.0037303119052987
-10.70218427407183,3.873274755705566,0.014786323335727491,1.0038321543772637
-10.70218427407183,3.873737675116697,0.01524924274685846,1.0039521286675188
-10.70218427407183,3.8741968405098755,0.015708408140036934,1.0040711300332676
-10.70218427407183,3.8743386384991023,0.0158502061292638,1.0041078796547094
-10.70218427407183,3.874124200815081,0.015635768445242615,1.004052304087287
-10.70218427407183,3.8738840283985634,0.015395596028724867,1.0039900588789037
-10.70218427407183,3.8738939476265712,0.015405515256732727,1.0039926296337944
-10.70218427407183,3.8737357981077194,0.01524736573788088,1.0039516422052654
-10.70218427407183,3.873646001924596,0.015157569554757444,1.0039283698319779
-10.70218427407183,3.873692910570916,0.01520447820107762,1.0039405270917812
-10.70218427407183,3.873723200596051,0.015234768226212392,1.0039483773226852
-10.70218427407183,3.873733117982047,0.015244685612208375,1.0039509476001838
-10.70218427407183,3.8738561514075402,0.015367719037701733,1.0039828340312693
-10.70218427407183,3.8739480916912035,0.01545965932136495,1.0040066620886225
-10.70218427407183,3.8738534712818673,0.015365038912028783,1.0039821394261876
-10.70218427407183,3.873921555684022,0.015433123314183561,1.0039997847822248
-10.70218427407183,3.8740965909156193,0.015608158545780793,1.0040451484614648
-10.70218427407183,3.8743493608438064,0.015860928473967917,1.0041106585524286
-10.70218427407183,3.8745707668545775,0.016082334484738947,1.0041680400930635
-10.70218427407183,3.874598643845602,0.016110211475763414,1.0041752649406983
-10.70218427407183,3.87457317988869,0.016084747518851472,1.0041686654763333
-10.70218427407183,3.874423341522442,0.015934909152603538,1.0041298320396457
-10.70218427407183,3.8742788634075405,0.015790431037701946,1.0040923878131218
-10.70218427407183,3.874190139274686,0.015701706904847512,1.004069393281867
-10.70218427407183,3.874202469694794,0.015714037324955576,1.0040725889426352
-10.70218427407183,3.8741140144955115,0.015625582125673,1.0040496641105843
-10.70218427407183,3.873913246373429,0.015424814003590637,1.0039976312677752
-10.70218427407183,3.873906009113106,0.015417576743267603,1.0039957555953585
-10.70218427407183,3.8738475750053856,0.015359142635547052,1.0039806112950074
-10.70218427407183,3.873929597903052,0.015441165533213397,1.004001869074862
-10.70218427407183,3.874147520671454,0.015659088301615665,1.0040583478675866
-10.70218427407183,3.8741609231418312,0.01567249077199273,1.0040618213703876
-10.70218427407183,3.873878399213645,0.015389966843806668,1.0039885999695364
-10.70218427407183,3.8735366380610414,0.01504820569120291,1.0039000261255056
-10.70218427407183,3.8730495956768403,0.014561163307001745,1.0037737999121221
-10.70218427407183,3.872482674495512,0.013994242125673573,1.0036268716029502
-10.70218427407183,3.872180584728905,0.013692152359066512,1.0035485793463055
-10.70218427407183,3.8720087656481157,0.013520333278277175,1.0035040491931637
-10.70218427407183,3.871818183845601,0.013329751475762652,1.003454656327057
-10.70218427407183,3.871646900789946,0.013158468420107372,1.0034102650949315
-10.70218427407183,3.8713552662764816,0.012866833906643116,1.003334682514194
-10.70218427407183,3.8709944734685826,0.012506041098744092,1.0032411762579947
-10.70218427407183,3.8707341991885102,0.012245766818671733,1.0031737212728018
-10.70218427407183,3.8706095558456015,0.012121123475762996,1.0031414176012752
-10.70218427407183,3.8704339845888693,0.01194555221903082,1.0030959150010186
-10.70218427407183,3.870200784183124,0.011712351813285338,1.0030354767206318
-10.70218427407183,3.8700490688078992,0.011560636438060712,1.002996156821691
-10.70218427407183,3.869894673307002,0.011406240937163581,1.0029561423176687
-10.70218427407183,3.8695995518671453,0.01111111949730681,1.0028796560342368
-10.70218427407183,3.869488043903052,0.010999611533213383,1.0028507566436988
-10.70218427407183,3.869451857601437,0.010963425231598656,1.002841378281615
-10.70218427407183,3.869215708136445,0.010727275766606592,1.002780175696942
-10.70218427407183,3.8690323635942554,0.01054393122441688,1.0027326585032525
-10.70218427407183,3.868819801077199,0.010331368707360511,1.0026775689206913
-10.70218427407183,3.8685740013177736,0.010085568947935108,1.0026138652803323
-10.70218427407183,3.868203022190306,0.009714589820467356,1.0025177190474304
-10.70218427407183,3.8680277198671464,0.009539287497307924,1.002472286146378
-10.70218427407183,3.867930686423698,0.009442254053859678,1.0024471381006734
-10.70218427407183,3.867667999109515,0.00917956673967657,1.0023790577322111
-10.70218427407183,3.867615194186714,0.00912676181687555,1.002365372341228
-10.70218427407183,3.867561584305207,0.009073151935368617,1.0023514783300247
-10.70218427407183,3.8674029006032313,0.008914468233392814,1.0023103524578711
-10.70218427407183,3.8673326721005394,0.00884423973070092,1.0022921514177687
-10.70218427407183,3.867074272987433,0.008585840617594265,1.0022251824174373
-10.70218427407183,3.866935960082585,0.008447527712746705,1.0021893360212974
-10.70218427407183,3.866826865152604,0.00833843278276536,1.002161062014029
-10.70218427407183,3.866685336096948,0.008196903727109461,1.002124382091791
-10.70218427407183,3.866343843877918,0.007855411508079335,1.0020358779469645
-10.70218427407183,3.865942574725315,0.0074541423554763675,1.0019318814831584
-10.70218427407183,3.8657069612854578,0.007218528915619249,1.001870817819502
-10.70218427407183,3.865467862761221,0.00697943039138238,1.0018088509305432
-10.70218427407183,3.8653737783770197,0.006885346007181159,1.0017844671891247
-10.70218427407183,3.8654332845350092,0.006944852165170712,1.0017998893315083
-10.70218427407183,3.865297920689408,0.00680948831956929,1.0017648072396546
-10.70218427407183,3.8650657904919212,0.00657735812208271,1.0017046463239085
-10.70218427407183,3.8650684706175946,0.006580038247756104,1.0017053409289904
-10.70218427407183,3.8651413810879713,0.006652948718132823,1.0017242370515664
-10.70218427407183,3.8648607341687615,0.006372301798923008,1.0016515021129684
-10.70218427407183,3.8641707795619387,0.005682347192100146,1.0014726873727104
-10.70218427407183,3.8638233892244167,0.005334956854578188,1.001382654619312
-10.70218427407183,3.863511649163375,0.005023216793536456,1.001301861306981
-10.70218427407183,3.8630047701651704,0.004516337795331893,1.0011704940612087
-10.70218427407183,3.862893800068223,0.004405367698384399,1.0011417340690791
-10.70218427407183,3.862741815759425,0.004253383389586585,1.0011023444709342
-10.70218427407183,3.8624643868330337,0.003975954463195208,1.0010304435358262
-10.70218427407183,3.862256917475763,0.003768485105924313,1.0009766739416166
-10.70218427407183,3.8620454270089764,0.0035569946391378338,1.0009218622010883
-10.70218427407183,3.861827237149013,0.0033388047791746978,1.0008653141865516
-10.70218427407183,3.861660511228007,0.0031720788581686143,1.0008221040217609
-10.70218427407183,3.861081795651706,0.0025933632818673225,1.000672118972837
-10.70218427407183,3.860665784886895,0.00217735251705653,1.000564301942385
-10.70218427407183,3.8602870343159785,0.0017986019461400105,1.0004661415934413
-10.70218427407183,3.860105297849192,0.0016168654793533577,1.0004190411628007
-10.70218427407183,3.8602639815511677,0.0017755491813291613,1.0004601670349542
-10.70218427407183,3.8601940219820468,0.001705589612208236,1.0004420356940555
-10.70218427407183,3.860024615935368,0.0015361835655296474,1.0003981309241832
-10.70218427407183,3.859405424014363,0.000916991644524412,1.0002376556676524
-10.70218427407183,3.8591027982226214,0.0006143658527828499,1.0001592244899917
-10.70218427407183,3.8586664166606828,0.0001779842908442575,1.0000461279835262
-10.70218427407183,3.858322778499103,-0.00016565387073530502,0.9999570676772424
-10.70218427407183,3.858179910301616,-0.00030852206822240547,0.9999200406911593
-10.70218427407183,3.8579676167181334,-0.0005208156517051421,0.9998650208078024
-10.70218427407183,3.85774728091562,-0.0007411514542186026,0.9998079166318082
-10.70218427407183,3.8575371314326756,-0.0009513009371628911,0.9997534524325168
-10.70218427407183,3.8574516234506286,-0.001036808919209875,0.9997312914273601
-10.70218427407183,3.8572993720502695,-0.001189060319569002,0.999691832607403
-10.70218427407183,3.8567131521220825,-0.0017752802477559726,0.9995399026642499
-10.70218427407183,3.856040083228007,-0.002448349141831674,0.9993654641747033
-10.70218427407183,3.8557170866391384,-0.0027713457307001477,0.999281753521029
-10.70218427407183,3.8555382973895873,-0.0029501349802512067,0.9992354169172825
-10.70218427407183,3.855334313116696,-0.003154119253142351,0.9991825505483749
-10.70218427407183,3.854880240883304,-0.003608191486534462,0.9990648691709778
-10.70218427407183,3.854407404086176,-0.004081028283662302,0.998942324603224
-10.70218427407183,3.8541567801005385,-0.00433165226929999,0.9988773706737175
-10.70218427407183,3.8539865690951527,-0.0045018632746858245,0.9988332572836247
-10.70218427407183,3.8538439679892282,-0.00464446438061028,0.9987962995193541
-10.70218427407183,3.8536142508258537,-0.004874181543984779,0.9987367639868778
-10.70218427407183,3.853259356136445,-0.005229076233393304,0.99864478633925
-10.70218427407183,3.8530320501651714,-0.005456382204667154,0.9985858757126516
-10.70218427407183,3.8527468479533216,-0.005741584416516954,0.99851196018411
-10.70218427407183,3.852417417220826,-0.0060710151490126485,0.9984265820008474
-10.70218427407183,3.8522863415763013,-0.006202090793537174,0.9983926112771244
-10.70218427407183,3.8520949548150805,-0.006393477554758054,0.9983430097907975
-10.70218427407183,3.8516494608258527,-0.006838971543985828,0.9982275516270538
-10.70218427407183,3.851333432563734,-0.007154999806104456,0.998145646946592
-10.70218427407183,3.8512428314219025,-0.007245600947936026,0.9981221659530839
-10.70218427407183,3.8512321090771993,-0.007256323292639255,0.998119387055365
-10.70218427407183,3.850969959630162,-0.0075184727396764295,0.998051446085311
-10.70218427407183,3.850520173755835,-0.00796825861400352,0.9979348755986527
-10.70218427407183,3.8502282703087976,-0.008260162061040965,0.9978592233187109
-10.70218427407183,3.849712278883304,-0.00877615348653471,0.9977254944156605
-10.70218427407183,3.8492909078671462,-0.00919752450269229,0.997616288175045
-10.70218427407183,3.849100593156194,-0.009387839213644611,0.9975669645307506
-10.70218427407183,3.8487840288689403,-0.009704403500898184,0.9974849209292723
-10.70218427407183,3.8484591552710947,-0.010029277098743794,0.9974007238133448
-10.70218427407183,3.848294573450628,-0.010193858919210541,0.9973580693326196
-10.70218427407183,3.8478115503339323,-0.010676882035906221,0.9972328847881634
-10.70218427407183,3.847419397292639,-0.011069035077199363,0.997131250936419
-10.70218427407183,3.8470127678886894,-0.011475664481149117,0.9970258652624492
-10.70218427407183,3.846714968165171,-0.011773464204667405,0.9969486848513276
-10.70218427407183,3.846558426721723,-0.011930005648115305,0.9969081141858477
-10.70218427407183,3.8461676146642736,-0.012320817705564924,0.9968068278753404
-10.70218427407183,3.845566649439857,-0.012921782929981696,0.9966510764107578
-10.70218427407183,3.8450024102262117,-0.013486022143626819,0.9965048431840591
-10.70218427407183,3.8444722113716345,-0.014016220998203988,0.9963674321579875
-10.70218427407183,3.8442414221579897,-0.01424701021184882,0.9963076187834783
-10.70218427407183,3.844053251547577,-0.014435180822261362,0.9962588508232496
-10.70218427407183,3.843904754165171,-0.01458367820466755,0.9962203649277989
-10.70218427407183,3.843843102064632,-0.014645330305206539,0.9962043866239579
-10.70218427407183,3.843780646847397,-0.014707785522441341,0.9961882001772886
-10.70218427407183,3.843469444653501,-0.015018987716337584,0.9961075462633658
-10.70218427407183,3.842877593698384,-0.01561083867145463,0.9959541569334531
-10.70218427407183,3.842373932692998,-0.01611449967684031,0.995823623691171
-10.70218427407183,3.8418555282333933,-0.016632904136445248,0.995689269404851
-10.70218427407183,3.8414577441651705,-0.01703068820466802,0.9955861761663471
