Angle (degree),rho (mOhm cm),Delta rho (mOhm cm),rho/rho(theta=0)
106.58330785224689,6.865683748154893,-0.12485798737945508,0.9821390112378878
106.58330785224689,6.865681674684913,-0.12486006084943568,0.9821387146271159
106.58330785224689,6.8656360512200365,-0.12490568431431193,0.9821321881708551
106.58330785224689,6.865441810072418,-0.12509992546193072,0.9821044018911979
106.58330785224689,6.8652890454497175,-0.1252526900846309,0.9820825488462581
106.58330785224689,6.86519503626843,-0.12534669926591846,0.9820691007924671
106.58330785224689,6.865249644769887,-0.12529209076446168,0.9820769125620727
106.58330785224689,6.865282131508008,-0.12525960402634073,0.9820815598039246
106.58330785224689,6.86535056551777,-0.12519117001657865,0.982091349318436
106.41986142367546,6.865439045445776,-0.1251026900885721,0.9821040064101685
106.25135249510403,6.865448724014125,-0.12509301152022356,0.9821053909335309
106.08212035224689,6.865300795112934,-0.12524094042141432,0.9820842296406316
105.91361142367546,6.865154942056832,-0.12538679347751636,0.9820633652982644
105.74510249510404,6.8650367400173415,-0.1255049955170069,0.9820464564457088
105.57659356653261,6.864912315192804,-0.12562942034154467,0.9820286574210773
105.40736142367547,6.864664156700389,-0.12587757883395945,0.9819931582420719
105.23957570938974,6.864451945479613,-0.12608979005473575,0.9819628013357254
105.23957570938974,6.864086964885919,-0.12645477064842936,0.9819105907049186
105.07106678081831,6.8636618489125985,-0.12687988662174998,0.9818497776822083
104.90255785224689,6.863443414906776,-0.12709832062757265,0.9818185306037862
104.73332570938973,6.863350094507041,-0.1271916410273075,0.9818051810804924
104.5648167808183,6.863104703016373,-0.12743703251797545,0.9817700777222762
104.39630785224688,6.862736266639379,-0.12780546889496947,0.9817173727401829
104.22779892367545,6.862510921066959,-0.1280308144673894,0.9816851369591884
104.05928999510402,6.862134190810047,-0.12840754472430138,0.9816312455340078
103.89005785224688,6.86165308164684,-0.12888865388750848,0.9815624226614168
103.72154892367546,6.861160913977078,-0.1293808215572705,0.9814920178647097
103.72154892367546,6.860878884058113,-0.12966285147623502,0.9814516733635775
103.55231678081832,6.860627963314166,-0.1299137722201822,0.981415779043303
103.3845310665326,6.860285104483805,-0.13025663105054353,0.9813667329402495
103.21602213796116,6.859763903484111,-0.13077783205023774,0.9812921749132163
103.04751320938973,6.859190167452941,-0.13135156808140724,0.9812101017273496
102.8782810665326,6.858720810328063,-0.1318209252062852,0.9811429599888929
102.71049535224688,6.858357905579457,-0.13218382995489186,0.981091046308618
102.54198642367545,6.858057212055565,-0.1324845234787837,0.9810480319707787
102.37275428081831,6.857760667846743,-0.13278106768760534,0.9810056111942438
102.37275428081831,6.857240849160366,-0.1333008863739824,0.9809312509077248
102.2049685665326,6.856638773331034,-0.13390296220331432,0.9808451237015497
102.03573642367546,6.856170107362816,-0.13437162817153236,0.9807780808333503
101.86722749510403,6.855719413842864,-0.13482232169148478,0.9807136089316003
101.6987185665326,6.855193372371442,-0.13534836316290644,0.9806383584730061
101.52948642367546,6.854763418301502,-0.1357783172328464,0.9805768533584948
101.36170070938975,6.85445650436767,-0.13608523116667826,0.9805329491883398
101.19319178081832,6.8542601897500735,-0.13628154578427498,0.9805048662979111
101.02395963796116,6.853917330919711,-0.1366244046146372,0.9804558201948573
101.02395963796116,6.853382995568372,-0.13715873996597683,0.9803793832931759
100.85545070938973,6.85281133300718,-0.1377304025271684,0.9802976067180807
100.6869417808183,6.852353036763967,-0.13818869877038154,0.9802320472435004
100.51843285224687,6.852064095278404,-0.13847764025594422,0.9801907140397955
100.34992392367545,6.851796582024403,-0.13874515350994532,0.9801524461538259
100.18141499510402,6.851407410947613,-0.13913432458673558,0.9800967750640144
100.00784356653259,6.850837821856404,-0.13970391367794477,0.9800152950996914
99.83861142367545,6.850405100784716,-0.14013663474963245,0.9799533941643909
99.67082570938973,6.85011201235919,-0.14042972317515812,0.9799114677391417
99.5023167808183,6.849892196040047,-0.14064953949430148,0.979880022920205
99.5023167808183,6.849791964073714,-0.1407497714606345,0.9798656846943385
99.33380785224688,6.849431132795088,-0.14111060273926057,0.9798140676248356
99.16529892367545,6.848933433496938,-0.14160830203741082,0.97974287152631
98.99606678081831,6.848484124665412,-0.1420576108689362,0.9796785977048348
98.82755785224688,6.848047945435319,-0.14249379009902974,0.9796162020784878
98.65904892367546,6.847711309390004,-0.1428304261443447,0.9795680461475098
98.48981678081832,6.847452090015923,-0.14308964551842518,0.9795309647046277
98.3220310665326,6.84719149070363,-0.14335024483071823,0.9794936858609913
98.15352213796116,6.84695715771952,-0.14358457781482858,0.9794601644268914
98.15352213796116,6.846549320662699,-0.14399241487164982,0.9794018231606133
97.98501320938973,6.846120057749418,-0.14442167778493076,0.9793404169163592
97.81650428081831,6.845656921034477,-0.14488481449987134,0.9792741650102177
97.64293285224689,6.8453368727490025,-0.14520486278534595,0.9792283819654147
97.47442392367546,6.844823276847675,-0.1457184586866731,0.9791549118509719
97.30519178081832,6.844206684353376,-0.146335051180972,0.9790667080296337
97.13595963796118,6.84388248912794,-0.1466592464064087,0.9790203317632867
96.96817392367545,6.843747694578395,-0.14679404095595316,0.9790010493450358
96.79966499510402,6.8435596762158255,-0.14698205931852293,0.9789741532374546
96.79966499510402,6.843342624523322,-0.14719911101102667,0.9789431038995471
96.6311560665326,6.843072346642681,-0.14746938889166739,0.9789044405325483
96.46192392367546,6.842608518771081,-0.14793321676326787,0.9788380897561496
96.29413820938974,6.8418467643773395,-0.14869497115700891,0.9787291204627014
96.1249060665326,6.841530863031823,-0.14901087250252587,0.9786839306394419
95.95639713796118,6.841486624255373,-0.14905511127897508,0.9786776022634558
95.78788820938975,6.841297912361032,-0.14924382317331641,0.9786506069458566
95.61937928081832,6.840960585159059,-0.14958115037528952,0.9786023521446217
95.4508703522469,6.840563117827243,-0.14997861770710585,0.9785454942719627
95.4508703522469,6.840188461040311,-0.15035327449403724,0.9784918994575541
95.28163820938975,6.839815877723358,-0.15072585781099068,0.978438601253917
95.11312928081833,6.839529700864432,-0.15101203466991642,0.9783976635312409
94.94462035224687,6.839246291007256,-0.15129544452709265,0.9783571216293543
94.77683463796116,6.8391184103994185,-0.15142332513492995,0.9783388282534364
94.60760249510402,6.839019560746404,-0.15152217478794405,0.9783246877680845
94.43475428081832,6.838986380476514,-0.1515553550578348,0.9783199413162147
94.26552213796118,6.839051358702978,-0.15149037683137045,0.9783292364794399
94.09701320938976,6.838940759386744,-0.1516009761476047,0.9783134151997139
94.09701320938976,6.838568867226451,-0.15197286830789736,0.9782602158663343
93.9285042808183,6.838176237991254,-0.15236549754309436,0.9782040500854763
93.7549328522469,6.8381195560198185,-0.15242217951452997,0.9781959417050989
93.58642392367547,6.838220479142811,-0.15232125639153704,0.9782103788012226
93.41791499510404,6.838320708734037,-0.15222102680031124,0.978224716687329
93.24940606653259,6.8380580359517635,-0.1524836995825849,0.9781871412329206
93.08017392367545,6.837735223039648,-0.1528065124947,0.9781409627070884
92.91166499510402,6.837836146162641,-0.15270558937170708,0.9781553998032122
92.7438792808183,6.837702733926417,-0.15283900160793173,0.9781363151254759
92.7438792808183,6.837451119650703,-0.15309061588364514,0.9781003215951842
92.57537035224688,6.837370935977723,-0.1531707995566256,0.9780888512862992
92.40179892367547,6.83726379244479,-0.15327794308955855,0.9780735243578598
92.23328999510402,6.837023236675635,-0.1535184988587135,0.9780391127516845
92.06405785224688,6.8367591815800415,-0.15378255395430696,0.9780013395567615
91.89554892367545,6.8365594111791435,-0.15398232435520498,0.9779727623150462
91.72703999510402,6.836427383631347,-0.1541143519030017,0.9779538757175846
91.5585310665326,6.836322313568395,-0.15421942196595317,0.9779388453999174
91.38929892367545,6.836323695881715,-0.15421803965263337,0.9779390431404319
91.38929892367545,6.836392129891478,-0.1541496056428704,0.9779488326549434
91.22078999510403,6.83630987037341,-0.15423186516093867,0.9779370653955263
91.0522810665326,6.836298809491743,-0.15424292604260526,0.9779354831316496
90.88449535224689,6.836410102339742,-0.15413163319460654,0.9779514036213925
90.71526320938975,6.836367243501505,-0.15417449203284317,0.9779452726461609
90.54675428081832,6.836299500648402,-0.15424223488594624,0.9779355820019068
90.37824535224689,6.836231069013748,-0.15431066652060021,0.9779257928271556
90.20973642367547,6.835981528208014,-0.1545602073263348,0.9778900959076356
90.04122749510402,6.8356511101975315,-0.15489062533681697,0.9778428294692132
89.8727185665326,6.835800421412041,-0.1547413141223073,0.9778641885026269
89.8727185665326,6.8359898220879325,-0.15455191344641594,0.977891282350723
89.70420963796117,6.83592207923483,-0.15461965629951813,0.9778815917064689
89.53570070938974,6.836066549977614,-0.15447518555673412,0.9779022583083218
89.3664685665326,6.836143971399061,-0.15439776413528783,0.9779133334759376
89.19795963796118,6.836063094194313,-0.15447864134003542,0.9779017639570351
89.02945070938975,6.835928993176538,-0.15461274235781008,0.9778825807488021
88.86094178081832,6.835817011546987,-0.15472472398736148,0.9778665617285619
88.6924328522469,6.835805950665319,-0.15473578486902984,0.977864979464685
88.52392392367547,6.835922772766598,-0.1546189627677501,0.9778816909164865
88.52392392367547,6.836085907114306,-0.15445582842004235,0.9779050273550458
88.35541499510404,6.836242127520307,-0.15429960801404174,0.9779273747512721
88.18618285224687,6.83649443295268,-0.15404730258166843,0.977963467151821
88.01767392367546,6.836642359478762,-0.15389937605558668,0.97798462810496
87.84916499510402,6.836713558115165,-0.1538281774191832,0.9779948131005007
87.68065606653259,6.836676922061974,-0.15386481347237435,0.9779895722973445
87.51214713796116,6.83668798294364,-0.15385375259070866,0.9779911545612211
87.34363820938974,6.836706646548566,-0.15383508898578224,0.9779938243979279
87.17512928081831,6.836760563893362,-0.15378117164098626,0.9780015372972762
87.17512928081831,6.836938214906034,-0.15360352062831417,0.9780269503509984
87.00662035224688,6.83707577170711,-0.1534659638272382,0.9780466279105181
86.83232570938974,6.837165633948437,-0.15337610158591186,0.9780594827427651
86.66453999510402,6.837505036995499,-0.15303669853884916,0.9781080344945324
86.49530785224688,6.837755268957894,-0.15278646657645467,0.9781438302843097
86.32679892367545,6.837912874052323,-0.15262886148202526,0.978166375760811
86.15756678081831,6.837989601942004,-0.15255213359234432,0.9781773517184097
85.9897810665326,6.83795780398543,-0.1525839315489188,0.978172803007054
85.82127213796117,6.838081537653308,-0.15246019788104004,0.9781905031614283
85.65276320938975,6.838281999210868,-0.15225973632348033,0.9782191792734012
85.65276320938975,6.8384029682521055,-0.15213876728224296,0.9782364839467461
85.48425428081832,6.838566102599812,-0.1519756329345361,0.9782598203853053
85.31574535224689,6.838890988981909,-0.15165074655243949,0.9783062955219096
85.14723642367547,6.839239377065548,-0.1513023584688007,0.9783561325870211
84.97800428081831,6.839300899508711,-0.15124083602563765,0.9783649333989597
84.80949535224688,6.839625094734147,-0.15091664080020184,0.9784113096653065
84.64098642367546,6.839946525332944,-0.15059521020140476,0.9784572904506244
84.47247749510403,6.840177400158644,-0.1503643353757047,0.9784903171936773
84.3039685665326,6.8404642681742285,-0.15007746736011995,0.9785313537866106
84.3039685665326,6.840780860676406,-0.1497608748579422,0.9785766424801275
84.13545963796118,6.841051138557047,-0.1494905969773015,0.9786153058471262
83.96695070938975,6.841425104187319,-0.14911663134702913,0.9786688017912777
83.7977185665326,6.841701602477897,-0.14884013305645105,0.9787083549905916
83.62920963796117,6.841839850435632,-0.14870188509871607,0.9787281314203684
83.46070070938974,6.841949758595204,-0.1485919769391444,0.9787438538298369
83.29219178081831,6.842872576241782,-0.1476691592925663,0.9788758632908329
83.12368285224687,6.8440760367437905,-0.14646569879055793,0.9790480188329264
82.95445070938975,6.843826495938056,-0.1467152395962925,0.9790123219134064
82.95445070938975,6.843511979280966,-0.14702975625338244,0.9789673301704215
82.7859417808183,6.843594929955694,-0.14694680557865425,0.9789791963000959
82.61743285224688,6.8439218898077705,-0.14661984572657794,0.979025968047472
82.44892392367545,6.8446760414782535,-0.14586569405609495,0.9791338497680903
82.28041499510402,6.845072817653411,-0.14546891788093763,0.979190608770492
82.1068435665326,6.8450755822800495,-0.1454661532542989,0.9791910042515211
81.93833463796118,6.845208992141167,-0.14533274339318147,0.9792100885894972
81.76982570938975,6.845433648932037,-0.14510808660231156,0.979242225839995
81.60131678081831,6.8456811138926845,-0.1448606216416639,0.979277625808983
81.60131678081831,6.84607581659786,-0.14446591893648808,0.9793340882006127
81.43280785224688,6.846485035968002,-0.14405669956634615,0.9793926272074056
81.26357570938974,6.846976512481105,-0.14356522305324315,0.9794629331338555
81.09578999510403,6.84738365838127,-0.14315807715307827,0.9795211755298768
80.92655785224689,6.847738266874849,-0.14280346865949944,0.979571902427304
80.75804892367546,6.847983660740624,-0.1425580747937243,0.9796070061252803
80.58953999510403,6.848175137261604,-0.14236659827274423,0.9796343969239085
80.4159685665326,6.848457855962122,-0.14208387957222612,0.9796748399555381
80.24745963796117,6.848700485201259,-0.1418412503330897,0.9797095481724855
80.24745963796117,6.848912696422032,-0.14162903911231606,0.9797399050788315
80.07895070938974,6.849381362390252,-0.14116037314409624,0.9798069479470312
79.91044178081832,6.849870074276715,-0.14067166125763375,0.9798768583924518
79.74193285224689,6.850398189218117,-0.1401435463162315,0.979952405461818
79.57342392367546,6.850865472873015,-0.13967626266133326,0.9800192505895029
79.40491499510404,6.851003029674091,-0.1395387058602573,0.9800389281490226
79.23568285224688,6.851137824223636,-0.13940391131071284,0.9800582105672735
79.06789713796117,6.851153029670152,-0.13938870586419672,0.9800603857129333
78.89866499510403,6.851295426942955,-0.1392463085913933,0.9800807557040142
78.73015606653259,6.851941743923845,-0.13859999161050318,0.9801732116259357
78.73015606653259,6.85250303676003,-0.1380386987743183,0.9802535048074115
78.56164713796116,6.85288460748867,-0.13765712804567887,0.9803080886641532
78.39313820938973,6.853411337741643,-0.13713039779270542,0.9803834376532445
78.22390606653259,6.853938067994618,-0.1366036675397302,0.9804587866423362
78.05612035224688,6.854446134642664,-0.13609560089168404,0.9805314657947205
77.88688820938974,6.854703278171656,-0.1358384573626923,0.9805682502870704
77.71910249510402,6.854941066939065,-0.1356006685952833,0.9806022660724565
77.54987035224688,6.855418720318973,-0.13512301521537573,0.9806705945937612
77.38136142367546,6.8559668788035095,-0.1345748567308389,0.9807490089005881
77.38136142367546,6.85642379510851,-0.13411794042583836,0.9808143709744139
77.21285249510403,6.856773565505468,-0.13376817002888064,0.98086440578004
77.0443435665326,6.857025870937845,-0.13351586459650377,0.9809004981805894
76.87583463796118,6.857386011059809,-0.13315572447453938,0.9809520163798349
76.70660249510404,6.857866426691246,-0.13267530884310208,0.9810207400424081
76.5380935665326,6.858459517484001,-0.13208221805034714,0.9811055819352388
76.37030785224688,6.858912975630594,-0.13162875990375422,0.981170449318018
76.20179892367545,6.8594106749287445,-0.13113106060560398,0.9812416454165436
76.03256678081831,6.859749386819146,-0.13079234871520207,0.9812900982980535
76.03256678081831,6.860129572859357,-0.13041216267499145,0.9813444840745204
75.86405785224689,6.860798009228475,-0.1297437263058736,0.9814401041844354
75.69554892367546,6.861390408864568,-0.12915132666978035,0.9815248472070086
75.52631678081832,6.86185285204774,-0.12868888348660867,0.9815909999031324
75.3585310665326,6.8623208268593,-0.12822090867504876,0.9816579439010749
75.19002213796118,6.862762535342673,-0.1277792001916751,0.9817211304894802
75.02151320938974,6.863175901652775,-0.12736583388157374,0.9817802627178167
74.85155785224688,6.863614843134402,-0.12692689239994603,0.9818430534854329
74.68377213796117,6.864071757064292,-0.12646997847005625,0.9819084152194981
74.51526320938973,6.864595031533967,-0.12594670400038144,0.9819832698573032
74.51526320938973,6.865061624032205,-0.1254801115021431,0.9820500161147309
74.3467542808183,6.86535056551777,-0.12519117001657865,0.982091349318436
74.17752213796116,6.865794347471123,-0.12474738806322527,0.9821548325176133
74.00973642367545,6.866488359011765,-0.12405337652258375,0.9822541111668077
73.83616499510403,6.867232834489011,-0.12330890104533765,0.9823606087038242
73.66765606653259,6.867730531412051,-0.12281120412229729,0.9824318044625894
73.49842392367545,6.868251041255087,-0.1222906942792612,0.9825062636193654
73.32485249510404,6.868863486809427,-0.12167824872492172,0.9825938742191601
73.32485249510404,6.869319018426,-0.1212227171083482,0.9826590382127113
73.1563435665326,6.869827085074047,-0.12071465046030116,0.9827317173650958
72.98349535224689,6.870266028930783,-0.12027570660356535,0.9827945084724723
72.81498642367546,6.8706399921859465,-0.11990174334840198,0.9828480040768633
72.64647749510404,6.870976630606367,-0.11956510492798156,0.9828961603476012
72.47796856653261,6.871349213923321,-0.11919252161102722,0.9829494585512383
72.30873642367546,6.871950598595996,-0.11859113693835255,0.9830354868871565
72.14022749510403,6.872594150950249,-0.11794758458409937,0.9831275473280493
71.9717185665326,6.873064199231784,-0.11747753630256419,0.983194787936763
71.80248642367546,6.87366696621778,-0.11687476931656882,0.9832810140131958
71.80248642367546,6.8740913934095484,-0.11645034212479999,0.9833417285054091
71.63470070938973,6.874709368217168,-0.11583236731718038,0.9834301300672621
71.46112928081831,6.876930346703701,-0.11361138883064736,0.9837478419943997
71.29262035224689,6.877561455862968,-0.11298027967138058,0.9838381224309013
71.12338820938974,6.87723795179419,-0.11330378374015826,0.9837918450348115
70.95560249510402,6.877040254863272,-0.11350148067107657,0.9837635644038679
70.78709356653259,6.877208918464259,-0.11333281707008958,0.9837876918044856
70.61786142367545,6.877615373207762,-0.11292636232658637,0.9838458353302494
70.45007570938974,6.878122748699151,-0.11241898683519747,0.9839184156123768
70.45007570938974,6.878790493911606,-0.11175124162274219,0.9840139368520342
70.2808435665326,6.879566073813654,-0.11097566172069406,0.9841248838903883
70.11088820938974,6.8802773666459025,-0.11026436888844593,0.9842266346357751
69.93876320938973,6.88097621865827,-0.10956551687607874,0.9843266057165305
69.7702542808183,6.881375068303406,-0.1091666672309426,0.9843836613297041
69.60174535224688,6.88204834276914,-0.10849339276520809,0.9844799735314197
69.43251320938974,6.882785904304679,-0.10775583122966914,0.9845854820261033
69.26472749510403,6.883520010056919,-0.10702172547742972,0.9846904961695006
69.09549535224689,6.884100657654687,-0.10644107787966117,0.98477355805794
69.09549535224689,6.8847366049105725,-0.10580513062377594,0.9848645305862425
68.92698642367546,6.885473475289451,-0.1050682602448978,0.9849699402106686
68.75920070938975,6.886387305524343,-0.10415443001000568,0.9851006640185599
68.59069178081832,6.887110350394915,-0.10343138513943373,0.9852040958980802
68.42145963796116,6.887581089833112,-0.10296064570123686,0.9852714353770514
68.25295070938974,6.888120954437733,-0.10242078109661534,0.9853486632407915
68.08444178081831,6.888662892512332,-0.10187884302201677,0.9854261877153031
67.91593285224688,6.889224876505176,-0.10131685902917287,0.985506579767036
67.74236142367546,6.890009443818911,-0.10053229171543787,0.9856188124584949
67.74236142367546,6.89078018324923,-0.09976155228511807,0.9857290670652877
67.57312928081832,6.891402307371919,-0.09913942816242916,0.9858180621884448
67.4002810665326,6.8920140617696,-0.09852767376474869,0.9859055739179823
67.23177213796117,6.892704617526942,-0.09783711800740669,0.9860043582158904
67.06253999510403,6.893459460354085,-0.0970822751802638,0.9861123388067659
66.89475428081832,6.89424540760603,-0.09629632792831799,0.986224768898979
66.72552213796118,6.895103938182808,-0.09543779735154079,0.9863475820670077
66.55701320938974,6.895923756861306,-0.09461797867304256,0.9864648574813479
66.38850428081831,6.896834131312898,-0.09370760422145086,0.9865950869379527
66.38850428081831,6.897837132632455,-0.0927046029018932,0.9867385667078337
66.21493285224689,6.898732988043974,-0.09180874749037482,0.9868667192095153
66.04642392367546,6.899408338354798,-0.09113339717955071,0.9869633283617633
65.87791499510404,6.900135530165329,-0.09040620536901933,0.9870673534628274
65.7094060665326,6.900847514154234,-0.08969422138011485,0.9871692030784709
65.54089713796117,6.901588531473071,-0.08895320406127727,0.9872752059244407
65.37238820938974,6.90240420321161,-0.08813753232273847,0.9873918881172374
65.2031560665326,6.903086465089034,-0.08745527044531443,0.9874894859720583
65.03464713796116,6.903113424948986,-0.08742831058536282,0.9874933425916125
65.03464713796116,6.903743151794931,-0.08679858373941762,0.9875834252875992
64.86179892367545,6.9048989177371904,-0.08564281779715799,0.9877487581024202
64.69328999510402,6.9060968489859205,-0.08444488654842797,0.9879201226824558
64.52405785224688,6.907120587380382,-0.08342114815396684,0.988066568899815
64.35627213796117,6.90809731999665,-0.08244441553769821,0.9882062909203995
64.18776320938974,6.909042254656345,-0.08149948087800318,0.9883414642296283
64.01853106653259,6.910207699166949,-0.08033403636739944,0.9885081815678111
63.85002213796117,6.910936273290802,-0.07960546224354648,0.9886124044093899
63.68151320938974,6.911643421558198,-0.07889831397615055,0.9887135622729932
63.68151320938974,6.91244250316179,-0.07809923237255845,0.9888278712398548
63.513004280818315,6.913379143941565,-0.07716259159278316,0.9889618581059962
63.34449535224689,6.914389056827723,-0.07615267870662557,0.9891063265784501
63.17526320938975,6.915336756114058,-0.07520497942029003,0.9892418953687083
63.007477495104034,6.916109571389467,-0.07443216414488152,0.9893524469260333
62.838245352246894,6.916959805711216,-0.07358192982313216,0.9894740733112142
62.66973642367545,6.917781700234802,-0.07276003529954611,0.9895916456760866
62.501227495104025,6.918679629116299,-0.0718621064180498,0.9897200947885397
62.331995352246885,6.919625948464423,-0.07091578706992507,0.9898554661780438
62.331995352246885,6.920533555914268,-0.07000817962008021,0.9899852998138593
62.16348642367546,6.9216008419285195,-0.06894089360582889,0.9901379755369476
61.99063820938975,6.922692323176086,-0.06784941235826203,0.9902941123985614
61.82212928081831,6.923643480620829,-0.06689825491351975,0.990430175879866
61.65289713796117,6.9244142200511485,-0.06612751548319995,0.9905404304866589
61.48438820938974,6.92571653020617,-0.06482520532817837,0.9907267265141042
61.31660249510402,6.927593267549024,-0.06294846798532472,0.990995194597674
61.14303106653261,6.928514700507171,-0.06202703502717721,0.9911270059783949
60.974522137961166,6.9290884365383425,-0.061453298996005934,0.9912090791642618
60.974522137961166,6.929904799433541,-0.060636936100807226,0.9913258602273158
60.80601320938974,6.930907109596441,-0.05963462593790769,0.9914692411269398
60.6367810665326,6.931959187789067,-0.05858254774528149,0.9916197413646077
60.46827213796117,6.932932464622034,-0.05760927091231416,0.9917589690339056
60.299763209389745,6.933894682948444,-0.05664705258590441,0.991896614779087
60.13125428081831,6.935074641748908,-0.055467093785440014,0.992065408392673
59.962745352246884,6.936326490342432,-0.05421524519191667,0.9922444858720563
59.79423642367546,6.937516127711245,-0.053025607823103726,0.9924146640090047
59.62500428081832,6.93852742291072,-0.0520143126236281,0.9925593302219728
59.62500428081832,6.939332036142701,-0.05120969939164777,0.9926744304906531
59.45649535224689,6.940231349712628,-0.05031038582172087,0.9928030776833814
59.28798642367546,6.94129932688354,-0.049242408650808756,0.9929558522767271
59.119477495104036,6.942341037726266,-0.048200697808082005,0.9931048694605358
58.950968566532595,6.94325970368267,-0.047282031851678674,0.9932362850204678
58.78245963796117,6.9442986498987604,-0.04624308563558799,0.993384906723248
58.61395070938974,6.945398425026245,-0.04514331050810316,0.993542230027949
58.445441780818314,6.9465203195419525,-0.04402141599239595,0.9937027175206428
58.27620963796117,6.947631155551103,-0.042910579983245434,0.9938616230892203
58.107700709389746,6.94860719701071,-0.04193453852363849,0.9940012462395472
58.107700709389746,6.949598446291943,-0.040943289242405534,0.9941430448752945
57.93919178081831,6.9507611238008,-0.03978061173354863,0.9943093663926881
57.770682852246885,6.951938317974624,-0.03860341755972474,0.9944777645252447
57.60217392367546,6.953007679833966,-0.03753405570038204,0.9946307371988656
57.42860249510403,6.954000311428517,-0.036541424105831055,0.9947727335751272
57.2600935665326,6.955053771934463,-0.03548796359988504,0.9949234315533098
57.09158463796117,6.956172901823534,-0.03436883371081478,0.9950835235649748
56.92307570938974,6.957303092594269,-0.03323864294007972,0.9952451978405162
56.753843566532595,6.95830056228544,-0.03224117324890852,0.9953878863085789
56.753843566532595,6.9593782180247,-0.03116351750964874,0.9955420454252868
56.58605785224689,6.96037361424589,-0.03016812128845814,0.9956844372825775
56.41682570938974,6.961300576457321,-0.029241159077027845,0.9958170396253571
56.248316780818314,6.962264868253708,-0.02827686728064016,0.9959549819813102
56.07980785224689,6.963474551540765,-0.027067183993583654,0.9961280276954795
55.91129892367545,6.964764418500799,-0.025777317033549352,0.9963125437185336
55.74206678081831,6.966000370491148,-0.02454136504320026,0.996489347182
55.5742810665326,6.967163048000007,-0.02337868753434158,0.9966556686993938
55.40504892367546,6.968325725508866,-0.022216010025482014,0.9968219902167877
55.40504892367546,6.969526423759342,-0.02101531177500604,0.9969937506176122
55.237263209389745,6.97057711963865,-0.019964615895698756,0.9971440531147658
55.068031066532605,6.971485420620262,-0.01905631491408677,0.9972739859605988
54.900245352246884,6.972386116503509,-0.018155619030839176,0.9974028308938419
54.731013209389744,6.973325519534815,-0.01721621599953327,0.9975372129012521
54.56250428081832,6.9743057103094905,-0.016236025224857897,0.997677429612883
54.39399535224689,6.975289354492356,-0.015252381041992003,0.9978181403360399
54.22476320938974,6.976304799006902,-0.014236936527446176,0.9979634001103124
54.056977495104036,6.977338213594602,-0.013203521939746388,0.9981112305112735
53.888468566532595,6.978330154032493,-0.012211581501855306,0.9982531280172778
53.888468566532595,6.979573017589441,-0.01096871794490717,0.998430920183317
53.71995963796117,6.980846985571191,-0.009694749963157001,0.9986131618506937
53.55072749510403,6.9819384668187565,-0.008603268715591916,0.9987692987123072
53.3822185665326,6.982950453174893,-0.007591282359455498,0.9989140637955328
53.21370963796117,6.984047463675738,-0.00649427185861029,0.9990709916192048
53.04447749510403,6.985188712953032,-0.005353022581316758,0.9992342478188627
52.87669178081831,6.986290561550495,-0.004251173983853107,0.9993918677343354
52.708182852246885,6.987264529540122,-0.0032772059942267617,0.9995311942738904
52.53967392367546,6.988405778817415,-0.0021359567169332294,0.9996944504735483
52.53967392367546,6.989356936262159,-0.0011847992721891742,0.9998305139548532
52.36610249510403,6.990252102892126,-0.00028963264222259255,0.9999585679260378
52.19687035224689,6.9913788355044515,0.0008370999701030613,1.0001197475105323
52.02908463796117,6.992540130699991,0.001998395165642819,1.0002858712874119
51.86057570938974,6.99380788064691,0.003266145112561958,1.0004672234622332
51.691343566532595,6.994886225167722,0.004344489633373527,1.000621481109438
51.52283463796117,6.995909963562186,0.0053682280278373185,1.0007679273267978
51.35432570938974,6.996789922370526,0.006248186836177894,1.000893805812562
51.185816780818314,6.997709281858698,0.007167546324349239,1.0010253205825115
51.185816780818314,6.998647996108452,0.008106260574103352,1.0011596040594246
51.01730785224689,6.999467814786951,0.00892607925260247,1.0012768794737652
50.84879892367545,7.000438326993277,0.009896591458928405,1.0014157116620335
50.67956678081831,7.001491787499224,0.010950051964875307,1.0015664096402164
50.5117810665326,7.00261990479998,0.012078169265631544,1.0017277873049861
50.341825709389745,7.003615301021171,0.013073565486822147,1.0018701791622768
50.17403999510403,7.004362538749948,0.013820803215599753,1.0019770718405623
50.005531066532605,7.005137427495336,0.014595691960987978,1.002087920008659
49.83702213796117,7.005877062500855,0.015335326966506635,1.0021937251141144
49.83702213796117,7.006607712469793,0.01606597693544476,1.002298244906225
49.66778999510402,7.007470389986529,0.016928654452180503,1.002421651295797
49.499281066532596,7.008368318868028,0.01782658333367948,1.0025501004082507
49.33077213796117,7.009313947059491,0.018772211525142524,1.0026853729274972
49.16226320938974,7.01027892763743,0.019737192103082002,1.0028234138139471
48.98941499510403,7.011127088489201,0.02058535295485253,1.0029447435883565
48.82018285224688,7.012006356140882,0.021464620606533202,1.0030705232038633
48.64733463796117,7.012876636380876,0.022334900846527894,1.0031950171662656
48.47810249510403,7.013823646885659,0.023281911351310747,1.0033304874260265
48.47810249510403,7.01481627848021,0.024274542945861732,1.0034724838022882
48.31031678081832,7.015772274021571,0.025230538487222454,1.0036092393753935
48.14108463796118,7.016728269562933,0.02618653402858495,1.0037459949484993
47.97257570938974,7.017562604906397,0.027020869372048395,1.0038653469780026
47.80406678081831,7.018413530384808,0.02787179485045943,1.003987072233441
47.63555785224688,7.019368143612849,0.028826408078500343,1.004123630066032
47.46632570938974,7.0202017877996505,0.029660052265302106,1.0042428832252777
47.29853999510403,7.0210769085113744,0.030535172977026015,1.0043680696192414
47.12930785224689,7.021927833989781,0.03138609845543261,1.0044897948746792
47.12930785224689,7.022840279536244,0.03229854400189591,1.0046203206022954
46.960798923675455,7.023636596513198,0.03309486097884928,1.0047342340881282
46.79228999510403,7.024166093767921,0.03362435823357224,1.0048099788980092
46.6237810665326,7.024705958372539,0.034164222838190206,1.0048872067617487
46.455272137961174,7.025932231794541,0.03539049626019253,1.0050626257018531
46.28676320938975,7.0268806222375355,0.03633888670318708,1.0051982933623684
46.11825428081832,7.027559428331658,0.03701769279730982,1.0052953968659026
45.94974535224688,7.028160121847671,0.037618386313322816,1.0053813263315632
45.78123642367545,7.028767038148735,0.038225302614386614,1.0054681459693002
45.61200428081831,7.029446533024409,0.03890479749006026,1.0055653480033313
45.61200428081831,7.030259442511416,0.03971770697706756,1.0056816350548592
45.443495352246885,7.031027417315097,0.04048568178074863,1.005791494180623
45.27498642367546,7.0317940098054565,0.041252274271108114,1.005901155565872
45.10575428081832,7.032587564530879,0.042045828996530865,1.0060146739104359
44.937968566532604,7.033208303965139,0.042666568430790974,1.006103470953318
44.768736423675456,7.0337447127864605,0.043202977252112085,1.0061802044657715
44.60022749510403,7.0343295073241885,0.04378777178984006,1.0062638595757547
44.4317185665326,7.035024212396598,0.0444824768622496,1.0063632374349667
44.263209637961175,7.035785966790342,0.045244231255993306,1.0064722067284153
44.263209637961175,7.036482742957618,0.04594100742327001,1.0065718808586384
44.09470070938975,7.037053023205492,0.04651128767114354,1.006653459693219
43.92619178081832,7.0376571725048045,0.04711543697045606,1.0067398835101662
43.756959637961174,7.038359480300471,0.04781774476612277,1.006840348942208
43.58917392367545,7.038951879936569,0.04841014440222047,1.0069250919647819
43.420664995104026,7.039437827196391,0.04889609166204245,1.006994606929173
43.2521560665326,7.039921009829575,0.049379274295226594,1.0070637264125357
43.08292392367546,7.0403316115130385,0.04978987597869011,1.0071224631598432
42.91441499510403,7.040628155721861,0.05008642018751264,1.0071648839363783
42.91441499510403,7.041011797545371,0.050470062011022776,1.0072197640641316
42.74156678081831,7.0416166403764535,0.051074904842105084,1.0073062870910965
42.57233463796117,7.042358348851952,0.051816613317603455,1.0074123888073236
42.40382570938974,7.042820792035124,0.052279056500775134,1.0074785415034475
42.235316780818316,7.043233467188566,0.05269173165421748,1.0075375748615267
42.06680785224689,7.043593607310533,0.053051871776184534,1.0075890930607725
41.898298923675455,7.04398139844911,0.05343966291476132,1.0076445667498295
41.72906678081831,7.045120574256425,0.05457883872207692,1.0078075263387158
41.5612810665326,7.046087630679452,0.05554589514510333,1.007945864175698
41.39132570938974,7.046382792574957,0.05584105704060871,1.0079880872117188
41.39132570938974,7.046605373520738,0.056063637986389914,1.0080199275116843
41.223539995104026,7.046774730653493,0.056232995119144924,1.0080441541223195
41.0550310665326,7.0490496264848215,0.05850789095047304,1.0083695789488052
40.882182852246885,7.051075672667076,0.06053393713272737,1.0086594057260285
40.71295070938974,7.050268985965117,0.05972725043076821,1.0085440088465765
40.539379280818316,7.04871851731768,0.058176781783331855,1.0083222136401258
40.3715935665326,7.04690675820129,0.056365022666941655,1.008063040719781
40.203084637961176,7.047267589479914,0.05672585394556595,1.0081146577892837
40.203084637961176,7.048314138419264,0.057772402884915586,1.0082643670648939
40.02878999510403,7.048567135008298,0.05802539947394969,1.0083005583357
39.861004280818314,7.048501465625175,0.057959730090826334,1.0082911643022179
39.69177213796117,7.048169667676481,0.057627932142132465,1.0082437004630411
39.52326320938975,7.048484875490229,0.05794313995588052,1.008288791076283
39.35475428081832,7.049405617291721,0.05886388175737256,1.008420503586747
39.18624535224688,7.050372673714748,0.05983093818039986,1.0085588414237292
39.01773642367545,7.050898021654402,0.060356286120053504,1.008633992672306
38.849227495104024,7.051170373005022,0.06062863747067393,1.0086729526500766
38.849227495104024,7.051362540682661,0.060820805148313006,1.008700442318962
38.679995352246884,7.05159480019679,0.06105306466244187,1.0087336671422897
38.50714713796118,7.051823601552512,0.06128186601816399,1.008766397274571
38.33863820938975,7.052133282488092,0.06159154695374358,1.0088106972655153
38.17012928081831,7.052458860026846,0.06191712449249742,1.0088572712723765
38.00162035224688,7.0529461895999885,0.0624044540656401,1.0089269839772825
37.83238820938974,7.053528910667739,0.06298717513339014,1.0090103424764942
37.663879280818314,7.053810249430045,0.06326851389569654,1.0090505881073695
37.494647137961174,7.053850341266533,0.06330860573218455,1.0090563232618115
37.494647137961174,7.054015549084221,0.06347381354987292,1.009079956311143
37.32179892367545,7.054266472203277,0.0637247366689282,1.0091158509711775
37.153289995104025,7.054516013009011,0.06397427747466278,1.0091515478906976
36.9847810665326,7.054866474562631,0.06432473902828217,1.0092016815665812
36.81554892367546,7.055215553802931,0.06467381826858265,1.0092516175019501
36.647763209389744,7.0555210854234405,0.06497934988909204,1.00929532393159
36.478531066532604,7.055706341534483,0.06516460600013474,1.009321824897903
36.31002213796118,7.055677308204551,0.06513557267020254,1.009317671667577
36.14151320938974,7.055862561940482,0.06532082640613357,1.0093441722941292
35.972281066532595,7.056086527574693,0.06554479204034447,1.0093762106743698
35.972281066532595,7.056171549344294,0.06562981380994515,1.009388373075056
35.80449535224689,7.056143900702788,0.06560216516843997,1.0093844179250044
35.63598642367546,7.056186757165918,0.06564502163156938,1.009390548560476
35.467477495104035,7.056170167030973,0.06562843149662445,1.0093881753345413
35.298968566532594,7.056277310563903,0.06573557502955474,1.0094035022629801
35.12973642367545,7.056443209538251,0.065901474003903,1.0094272341825687
34.961227495104026,7.056614640140986,0.06607290460663773,1.0094517574039756
34.7927185665326,7.056684456464068,0.06614272092971962,1.0094617446590015
34.61914713796117,7.056585606811054,0.06604387127670552,1.0094476041736495
34.61914713796117,7.056380307156877,0.06583857162252826,1.0094182359698758
34.450638209389744,7.056344362260346,0.0658026267259979,1.009413094036977
34.28212928081831,7.056536529937985,0.06599479440363698,1.0094405837058624
34.11362035224688,7.056529615996278,0.06598788046192983,1.0094395946635295
33.94438820938974,7.056449432323298,0.06590769678894937,1.0094281243546444
33.77660249510403,7.056439062598293,0.06589732706394447,1.0094266409610253
33.60737035224689,7.056429386405053,0.06588765087070492,1.0094252567774231
33.439584637961175,7.05690841972317,0.06636668418882152,1.0094937826994819
33.27107570938974,7.057123397945695,0.06658166241134644,1.0095245354266178
33.27107570938974,7.056798511563597,0.06625677602924895,1.0094780602900133
33.10112035224688,7.0564584173598774,0.06591668182552901,1.0094294096679892
32.93333463796117,7.056239983354054,0.06569824781970546,1.009398162589567
32.759763209389746,7.056049200364843,0.0655074648304943,1.0093708710009563
32.59125428081832,7.055933760576885,0.06539202504253616,1.0093543572896697
32.42274535224689,7.0559434391452305,0.06540170361088204,1.0093557418130317
32.25351320938974,7.056029152071488,0.06548741653713996,1.0093680030839747
32.085727495104024,7.055962102750155,0.06542036721580669,1.0093584116497383
31.912156066532603,7.055633760584762,0.06509202505041323,1.009311442161848
31.912156066532603,7.055269471147727,0.06472773561337863,1.0092593304012984
31.743647137961176,7.055147813324937,0.06460607779058858,1.0092419271974564
31.574414995104032,7.055259103797828,0.06471736826347918,1.0092578473474392
31.40662928081831,7.0553648650174425,0.0648231294830941,1.0092729765353643
31.238120352246884,7.055290901754399,0.064749166220051,1.0092623960587943
31.069611423675457,7.055144355166531,0.06460261963218272,1.00924143250641
30.900379280818314,7.0548443551744064,0.06430261964005801,1.009198517378588
30.731870352246887,7.054553340218863,0.06401160468451472,1.0091568875641113
30.558298923675462,7.054317624921433,0.06377588938708456,1.0091231683894968
30.558298923675462,7.054015549084221,0.06347381354987292,1.009079956311143
30.389789995104024,7.053833059974928,0.06329132444057972,1.0090538511656195
30.221281066532597,7.053595271207521,0.06305353567317251,1.0090198353802335
30.052048923675457,7.053356097751685,0.0628143622173365,1.0089856215145727
29.884263209389744,7.053228217143848,0.06268648160949919,1.008967328138655
29.715754280818317,7.053170844015751,0.0626291084814028,1.0089591208880202
29.54218285224688,7.052915773956737,0.06237403842238898,1.008922633006442
29.373673923675454,7.052503098803295,0.061961363268946634,1.0088635996483626
29.205164995104028,7.052192729086166,0.06165099355181791,1.0088192011269217
29.205164995104028,7.051968072295295,0.06142633676094622,1.0087870638764238
29.0366560665326,7.051825675022491,0.06128393948814281,1.0087666938853428
28.868147137961174,7.051590653256832,0.06104891772248333,1.0087330739207463
28.698914995104033,7.051321066532851,0.06077933099850252,1.0086945094240047
28.530406066532596,7.051097100898641,0.06055536536429251,1.0086624710437644
28.36189713796117,7.050937422334234,0.06039568679988516,1.0086396289564916
28.188325709389744,7.050743874718381,0.06020213918403261,1.0086119418868515
28.014754280818316,7.050345025073245,0.059803289538896465,1.0085548862736782
27.846968566532595,7.05017566794049,0.059633932406141454,1.008530659663043
27.846968566532595,7.049987649577918,0.059445914043569914,1.0085037635554615
27.677736423675455,7.049718754010598,0.0591770184762499,1.0084652979289774
27.504164995104027,7.049586032931034,0.05904429739668515,1.0084463121214986
27.3356560665326,7.049581194834413,0.059039459300064934,1.0084456200296974
27.167147137961173,7.049224510495748,0.058682774961399176,1.0083945961817384
26.998638209389746,7.048599624121529,0.05805788858718053,1.0083052059173125
26.830129280818312,7.048038331285345,0.057496595750996526,1.008224912735837
26.661620352246885,7.047584181982092,0.0570424464477437,1.0081599464828006
26.49238820938974,7.047246161248351,0.05670442571400258,1.008111592471548
26.49238820938974,7.046882565343085,0.05634082980873689,1.008059579921016
26.32460249510403,7.046456755837998,0.05591502030364914,1.0079986676882882
26.156093566532604,7.046133942925882,0.055592207391533144,1.007952489162456
25.98686142367546,7.045842236813676,0.055300501279327285,1.0079107604777213
25.818352495104026,7.0455885490679835,0.05504681353363505,1.007874470336658
25.649120352246882,7.045256059962627,0.054714324428278616,1.0078269076272235
25.481334637961172,7.046728416031955,0.056186680497607,1.0080375287958012
25.31210249510403,7.046719430995378,0.05617769546102913,1.0080362434824566
25.1435935665326,7.045051449090002,0.05450971355565315,1.007797637953947
25.1435935665326,7.043626096423761,0.05308436088941271,1.0075937406423845
24.97580785224689,7.043302592354986,0.05276085682063769,1.007547463246295
24.806575709389747,7.0435528243173815,0.05301108878303307,1.0075832590360725
24.638066780818313,7.04293899644972,0.052397260915372,1.0074954506957632
24.469557852246886,7.042071480836366,0.051529745302017815,1.0073713522143901
24.300325709389742,7.041359496847461,0.05081776131311244,1.0072695025987464
24.132539995104032,7.041006959448753,0.050465223914404334,1.0072190719723308
23.964031066532606,7.040413177499338,0.049871441964989494,1.0071341312092428
23.79479892367546,7.039784141810052,0.04924240627570331,1.007044147383513
23.79479892367546,7.039414325494847,0.04887258996049848,1.0069912450006655
23.62701320938974,7.039316858155153,0.04877512262080419,1.0069773022558282
23.457781066532597,7.039161328905813,0.048619593371464376,1.0069550537298593
23.28927213796117,7.0389014183750716,0.04835968284072312,1.0069178734167197
23.120763209389743,7.038704412600812,0.04816267706646382,1.0068896916560333
22.952254280818316,7.038391278257043,0.047849542722694594,1.006844897653563
22.78374535224689,7.038034593918376,0.04749285838402795,1.006793873805604
22.614513209389738,7.037975838476961,0.04743410294261263,1.0067854688144546
22.441664995104027,7.037979294260261,0.047437558725912155,1.0067859631657412
22.2731560665326,7.037656481348145,0.047114745813796155,1.0067397846399089
22.2731560665326,7.037468462985572,0.046926727451223726,1.0067128885323273
22.099584637961176,7.036847032394653,0.0463052968603046,1.006623992619188
21.931075709389738,7.035829514410129,0.04528777887578084,1.006478436234144
21.76256678081831,7.035195640624224,0.04465390508987532,1.0063877603166134
21.594057852246884,7.034876974652066,0.04433523911771786,1.0063421750123245
21.425548923675457,7.03459218248157,0.04405044694722182,1.0063014353699233
21.256316780818317,7.034356464809032,0.04381472927468355,1.0062677158555486
21.08780785224689,7.033972131828863,0.043430396294514395,1.0062127368575384
20.918575709389746,7.0335601478320795,0.04301841229773107,1.006153802369716
20.918575709389746,7.033105307372168,0.042563571837819225,1.0060887372464224
20.750789995104025,7.03251429004939,0.04197255451504134,1.0060041919643632
20.581557852246885,7.03202074006631,0.041479004531961294,1.005933589427142
20.41377213796117,7.0314165907669945,0.04087485523264611,1.0058471656101946
20.24453999510403,7.0307474632412195,0.04020572770687103,1.0057514466300226
20.076754280818317,7.030049993542171,0.03950825800782276,1.0056516732897816
19.907522137961177,7.029558517029069,0.039016781494720654,1.0055813673633318
19.73901320938974,7.0292861656784495,0.038744430144101116,1.0055424073855614
19.5697810665326,7.02905667079096,0.03851493525661187,1.0055095780432628
19.5697810665326,7.028623949719272,0.0380822141849233,1.005447677107962
19.401995352246885,7.028049522531442,0.037507786997093895,1.005365505051838
19.23348642367545,7.02751726065008,0.03697552511573132,1.005289364760928
19.064977495104024,7.02708592426682,0.03654418873247156,1.0052276619059022
18.896468566532597,7.026627625648501,0.036085890114152974,1.005162102091562
18.72795963796117,7.026032461385766,0.03549072585141744,1.0050769635879593
18.559450709389743,7.02544075290633,0.03489901737198142,1.004992319435643
18.3902185665326,7.024911949183376,0.03437021364902737,1.0049166738357795
18.221709637961172,7.024444665528478,0.03390292999412914,1.0048498287080947
18.221709637961172,7.024117705676404,0.03357597014205549,1.0048030569607191
18.048138209389737,7.023662174059832,0.03312043852548374,1.0047378929671682
17.875289995104037,7.023126456395171,0.032584720860822536,1.0046612583249719
17.706057852246893,7.022675762875219,0.03213402734087101,1.004596786423222
17.537548923675466,7.022299032618306,0.03175729708395725,1.0045428949980413
17.36903999510402,7.021891889093251,0.03135015355890225,1.0044846529417804
17.199807852246877,7.021452254079857,0.030910518545508303,1.0044217629641468
17.026959637961177,7.021044419398142,0.0305026838637934,1.0043634220376287
16.85845070938975,7.020587505468251,0.030045769933902733,1.0042980603035634
16.85845070938975,7.020014460593739,0.02947272505939047,1.0042160859879534
16.684879280818315,7.019569987483724,0.029028251949375417,1.0041525039185188
16.51130785224688,7.019216067771697,0.028674332237348388,1.0041018755515887
16.34352213796117,7.0189257439728125,0.028384008438464114,1.0040603446073688
16.174289995104026,7.018598784120739,0.028057048586390465,1.0040135728599933
16.0057810665326,7.018110072234275,0.0275683366999262,1.0039436624145723
15.837272137961172,7.017541176674833,0.026999441140484137,1.003862281660267
15.668763209389745,7.017043477376681,0.026501741842333004,1.0037910855617411
15.500254280818318,7.016652230454804,0.026110494920455807,1.0037351175213975
15.500254280818318,7.016315594409491,0.025773858875142608,1.00368696159042
15.331745352246891,7.01608540836534,0.02554367283099168,1.0036540333778636
15.162513209389749,7.015692087973484,0.02515035243913566,1.0035977687267486
14.994004280818322,7.015056140717599,0.02451440518325043,1.003506796198446
14.825495352246895,7.014513511486339,0.023971775951990182,1.003429172853677
14.65698642367545,7.014087010824591,0.02354527529024253,1.003368161750692
14.488477495104023,7.013659130224632,0.023117394690283177,1.0033069532469527
14.319245352246881,7.0131849326280244,0.022643197093676015,1.0032391190769345
14.145673923675464,7.012839309171024,0.02229757363667595,1.003189677492852
14.145673923675464,7.012535159863834,0.021993424329485478,1.0031461688037264
13.977164995104037,7.012064420425637,0.021522684891288613,1.0030788293247552
13.804316780818317,7.011617876220753,0.02107614068640462,1.0030149509843094
13.63580785224689,7.011412574191465,0.020870838657116586,1.002985582440775
13.467298923675463,7.0112466752171185,0.020704939682770096,1.0029618505211868
13.298789995104036,7.011018562642948,0.02047682710859977,1.0029292189194026
13.130281066532609,7.010593446669627,0.02005171113527826,1.002868405896692
12.961048923675467,7.01013030995469,0.01958857442034123,1.002802153990551
12.792539995104022,7.009654732419871,0.01911299688552237,1.0027341224197786
12.792539995104022,7.0092869871995385,0.018745251665190032,1.0026815163079428
12.624031066532595,7.008651039943652,0.018109304409303917,1.0025905437796403
12.455522137961168,7.008120853907379,0.017579118373030944,1.0025147004392625
12.287013209389741,7.007694353245631,0.017152617711282403,1.0024536893362774
12.117781066532599,7.007404720603406,0.016862985069057146,1.0024122572623149
11.949272137961172,7.007120617214461,0.0165788816801129,1.0023716161504106
11.78148642367546,7.00647015329361,0.01592841775926157,1.0022785670069452
11.612254280818318,7.005483744484105,0.014942008949756946,1.0021374608027591
11.443745352246891,7.005219687013405,0.014677951479056262,1.002099687268076
11.443745352246891,7.005154708786943,0.014612973252594585,1.0020903921048514
11.275236423675464,7.005037889060772,0.01449615352642386,1.0020736809928101
11.106727495104037,7.004511849964458,0.013970114430109426,1.001998430873976
10.93821856653261,7.004015532979629,0.013473797445280766,1.0019274325159653
10.769709637961164,7.003816453735389,0.01327471820104087,1.001898954144507
10.596138209389748,7.0035593102063975,0.013017574672049115,1.001862169652157
10.426906066532606,7.003230968041002,0.01268923250665388,1.0018152001642666
10.259120352246894,7.002868754449056,0.012327018914707999,1.0017633853542491
10.090611423675467,7.002427045965681,0.011885310431332563,1.0017001987658434
10.090611423675467,7.00208142250868,0.011539686974331609,1.0016507571817608
9.921379280818325,7.001735799051681,0.011194063517332431,1.0016013155976784
9.753593566532594,7.001480728992667,0.010938993458318613,1.0015648277161
9.584361423675452,7.001166901117131,0.010625165582782259,1.0015199345036125
9.411513209389751,7.000872430378285,0.010330694843936783,1.001477810337849
9.242281066532609,7.00058072426608,0.010038988731731813,1.0014360816531145
9.073772137961182,7.000219201830794,0.009677466296445836,1.0013843657133543
8.905263209389735,6.999886710350332,0.009344974815983953,1.00133680266416
8.736754280818309,6.999579796416501,0.009038060882152976,1.0012928984940053
8.736754280818309,6.999346154589052,0.008804419054703416,1.0012594759301627
8.568245352246882,6.999099380785065,0.008557645250716561,1.0012241748314321
8.399736423675455,6.998797996104514,0.008256260570165708,1.0011810616233356
8.231227495104028,6.9986963818248595,0.008154646290511103,1.0011665256569544
8.0627185665326,6.9984952291106435,0.007953493576295045,1.0011377506747245
7.8934864236754585,6.998129559735398,0.007587824201049642,1.0010854415134207
7.7249774951040315,6.997759049888424,0.00721731435407591,1.0010324399205557
7.556468566532605,6.997490156696213,0.006948421161864893,1.0009939746338319
7.387959637961178,6.997302827115193,0.006761091580844258,1.0009671770567474
7.219450709389751,6.997147297865853,0.006605562331504444,1.0009449285307785
7.219450709389751,6.996805130192152,0.0062633946578039,1.0008959812979823
7.0458792808183155,6.9964290910919,0.005887355557551821,1.0008421887430592
6.8773703522468885,6.996165033621199,0.005623298086850248,1.000804415208376
6.708138209389746,6.995923097913831,0.005381362379482724,1.0007698062014463
6.539629280818319,6.995730239079532,0.0051885035451837425,1.0007422176623035
6.371120352246892,6.995562957791867,0.005021222257518332,1.0007182880022008
6.203334637961181,6.995248438759666,0.004706703225317632,1.0006732959194553
6.0341024951040385,6.994952585707503,0.004410850173154124,1.0006309740131774
5.865593566532594,6.994823322786348,0.0042815872519996745,1.0006124828967453
5.865593566532594,6.994691984020102,0.004150248485753849,1.0005936948297809
5.696361423675451,6.994560647628966,0.00401891209461791,1.0005749071025767
5.527852495104024,6.994345669406441,0.0038039338720929905,1.000544154375441
5.360066780818313,6.993704884053939,0.0031631485195902087,1.0004524897553377
5.19083463796117,6.992552573894978,0.002010838360629208,1.000287651291803
5.022325709389743,6.992616860964781,0.002075125430432756,1.0002968475847709
4.853816780818316,6.992898888508638,0.0023571529742891784,1.0003371917461428
4.685307852246889,6.9928829895303535,0.002341253996005044,1.0003349173904654
4.51245963796117,6.992710178989404,0.0021684434550559573,1.000310196768304
4.51245963796117,6.992556029678277,0.00201429414392873,1.0002881456430894
4.3388882093897525,6.992483448728555,0.0019417131942063293,1.0002777629070343
4.170379280818308,6.992409485465514,0.0018677499311658963,1.0002671824304648
4.001147137961165,6.992259485469453,0.001717749935104429,1.000245724866554
3.832638209389738,6.992087363710058,0.0015456281757098012,1.0002211027748897
3.6641292808183112,6.992059715068555,0.001517979534206404,1.0002171476248387
3.4956203522468843,6.992105336158324,0.0015636006239754252,1.0002236737413392
3.3271114236754573,6.9920306817386235,0.0014889462042750878,1.0002129943945126
3.1586024951040303,6.991792892971214,0.0012511574368652134,1.0001789786091262
3.1586024951040303,6.991611095018583,0.0010693594842345888,1.0001529723338607
2.9893703522468877,6.991475609312378,0.0009338737780293371,1.0001335910453524
2.8215846379611764,6.991326300472977,0.0007845649386286624,1.0001122323516989
2.652352495104034,6.991322153533019,0.0007804179986701243,1.0001116391301554
2.483843566532607,6.991127912385397,0.0005861768510486698,1.0000838528504978
2.31533463796118,6.990893579401287,0.00035184386693831726,1.000050331416398
2.146825709389753,6.990785053555037,0.00024331802068822128,1.0000348067474445
1.9783167808183078,6.99065648179054,0.00011474625619189993,1.0000164145012693
1.8090846379611654,6.990523763086084,-1.7972448264735874e-05,0.9999974290335507
1.8090846379611654,6.99050579063782,-3.594489652858357e-05,0.9999948580671014
1.6405757093897384,6.990563163765914,2.142823156514595e-05,1.0000030653177359
1.4720667808183114,6.99088943246133,0.0003476969269815555,1.0000497381948545
1.3035578522468845,6.990920539261242,0.00037880372689347297,1.0000541880359526
1.1350489236754575,6.99062122805067,7.949251632144438e-05,1.0000113714386278
0.9665399951040305,6.990397955948226,-0.00014377958612232788,0.9999794322684047
0.7973078522468882,6.99030947602022,-0.00023225951412886303,0.9999667751766722
0.6295221379611766,6.990269384183731,-0.00027235135061776106,0.9999610400222299
0.46101320938974966,6.990458784859622,-8.295067472641193e-05,0.9999881338703258
0.46101320938974966,6.990585283154139,4.354761979019628e-05,1.000006229505729
0.2925042808183227,6.990453255606343,-8.847992800564697e-05,0.9999873429082676
0.12399535224689576,6.990590121250757,4.838571640863876e-05,1.0000069215975298
-0.04451357632454947,6.990541735534348,0.0,1.0
-0.21374571918169188,6.9905016413227505,-4.009421159789639e-05,0.9999942645057973
-0.38225464775311885,6.99050440594939,-3.732958495827887e-05,0.9999946599868265
-0.5507635763245458,6.990431133843009,-0.00011060169133969566,0.9999841783805141
-0.7192725048959727,6.990368231461635,-0.0001735040727135484,0.9999751801678214
-0.8885046477531152,6.990498876696112,-4.285883823662573e-05,0.9999938690247683
-1.057013576324542,6.9906094760123425,6.774047799407157e-05,1.0000096903044937
-1.057013576324542,6.990543117847669,1.3823133206969374e-06,1.0000001977405146
-1.2247992906102536,6.990449106291275,-9.262924307318343e-05,0.9999867493469637
-1.394031433467396,6.9899396573299075,-0.0006020782044409145,0.9999138724540646
-1.562540362038823,6.989649333531023,-0.0008924020033251878,0.9998723415098448
-1.73104929061025,6.989934819233287,-0.0006069163010611334,0.9999131803622635
-1.8995582191816769,6.990296341668575,-0.00024539386577338007,0.9999648963020239
-2.0680671477531223,6.99050717295114,-3.456258320877481e-05,0.999995055807616
-2.2365760763245492,6.990630906619016,8.91710846673277e-05,1.0000127559619898
-2.410147504895966,6.990843117839792,0.00030138230544363154,1.0000431128683362
-2.410147504895966,6.991069848100643,0.0005281125662941477,1.000075546729606
-2.578656433467393,6.991224686193322,0.0006829506589731693,1.0000976963853176
-2.74716536203882,6.991385055914391,0.0008433203800422007,1.000120637342848
-2.915674290610247,6.991407175302615,0.0008654397682663628,1.000123801530841
-3.0849064334674074,6.99131523959131,0.000773504056961194,1.000110650087822
-3.2534153620388344,6.991441046729167,0.000899311194818786,1.0001286468529682
-3.4219242906102614,6.991584826315288,0.0010430907809393375,1.0001492145845632
-3.5954957191816783,6.991763859641284,0.0012221241069356736,1.0001748253788005
-3.7640046477531053,6.991835749434345,0.0012940138999963935,1.0001851092445981
-3.7640046477531053,6.991913170855793,0.0013714353214444586,1.0001961844122143
-3.9325135763245505,6.992107409628304,0.0015656740939551383,1.0002239703521112
-4.101022504895978,6.992283678327657,0.0017419427933083043,1.0002491856653188
-4.269531433467405,6.992486904511856,0.0019451689775076275,1.0002782572583209
-4.438763576324547,6.992747506199255,0.002205770664906126,1.0003155364417171
-4.607272504895974,6.992975616398318,0.002433880863969229,1.0003481677037414
-4.775781433467401,6.993115940201141,0.002574204666792923,1.0003682410840504
-4.944290362038828,6.993394514336806,0.0028527788024579337,1.0004080912338964
-5.112799290610255,6.993547970116168,0.003006234581819811,1.0004300431490936
-5.112799290610255,6.993697278955569,0.003155543421220486,1.000451401842747
-5.281308219181682,6.993972397307939,0.0034306617735904155,1.0004907576413071
-5.449817147753109,6.99392746499972,0.003385729465371412,1.0004843300553032
-5.618326076324536,6.993992443226182,0.0034507076918339763,1.0004936252185281
-5.786835004895963,6.994302121786652,0.0037603862523036824,1.000537924869712
-5.955343933467407,6.9945281585157355,0.003986422981387072,1.0005702595209642
-6.1245760763245505,6.994711341156795,0.004169605622446504,1.000596463876505
-6.293085004895977,6.995017563933965,0.004475828399616688,1.0006402691764023
-6.461593933467404,6.995409499637395,0.004867764103046568,1.000696335747243
-6.630102862038831,6.995781391797689,0.005239656263340997,1.0007495350806228
-6.630102862038831,6.996136693823035,0.0055949582886869464,1.0008003611880674
-6.798611790610258,6.996478861496736,0.005937125962387491,1.0008493084208636
-6.967120719181685,6.996581164557939,0.006039429023590337,1.0008639429177413
-7.1363528620388275,6.996731166929111,0.006189431394762579,1.0008854008214128
-7.304138576324539,6.9968901519617495,0.006348416427401027,1.000908143698668
-7.472647504895966,6.9970111210029895,0.0064693854686410646,1.0009254483720134
-7.6426028620388236,6.997110661812663,0.00656892627831418,1.0009396877276224
-7.810388576324535,6.9974417686046975,0.006900033070349032,1.000987052696542
-7.978897504895962,6.997938774371079,0.007397038836730374,1.00105814958505
-7.978897504895962,6.998228409388412,0.007686673854063741,1.001099581998773
-8.148129647753105,6.998493155640664,0.007951420106315332,1.0011374540639528
-8.315915362038835,6.998759977738004,0.008218242203655635,1.001175623079665
-8.484424290610262,6.999050301536888,0.008508566002539908,1.0012171540238848
-8.652933219181689,6.999289472617615,0.008747737083266927,1.0012513675497852
-8.822165362038831,6.999404221248917,0.008862485714568713,1.0012677823908152
-8.990674290610258,6.9996710409711485,0.009129305436800017,1.001305951066767
-9.159183219181685,7.000038095034823,0.009496359500474227,1.0013584583083457
-9.327692147753112,7.000477036516447,0.009935300982098383,1.0014212490759615
-9.327692147753112,7.000751461337048,0.01020972580269941,1.001460505664504
-9.496924290610254,7.001103307579095,0.010561572044746725,1.0015108374206623
-9.665433219181681,7.001527732395755,0.010985996861406555,1.0015715515731152
-9.833218933467393,7.001865061972836,0.011323326438487769,1.0016198067141104
-10.002451076324535,7.002141560263415,0.011599824729066732,1.0016593599134245
-10.175299290610255,7.002395248009109,0.011853512474760741,1.0016956500544882
-10.344531433467397,7.002906081658906,0.01236434612455728,1.0017687250276623
-10.513040362038824,7.003562074833036,0.013020339298687844,1.001862565133186
-10.685888576324544,7.003822674145328,0.013280938610980009,1.0018998439768223
-10.685888576324544,7.0042450278671184,0.013703292332770012,1.001960261858264
-10.85439750489597,7.004765537710152,0.014223802175803435,1.0020347210150395
-11.022906433467398,7.005113925793794,0.014572190259445783,1.0020845580801516
-11.19213857632454,7.005364848912847,0.014823113378498398,1.002120452740186
-11.360647504895967,7.005738814543119,0.015197079008770764,1.0021739486843375
-11.529156433467394,7.006061627455235,0.015519891920886764,1.0022201272101696
-11.697665362038821,7.006403795128937,0.015862059594588196,1.002269074442966
-11.866174290610248,7.006744578114209,0.01620284257986082,1.0023178235954875
-12.039745719181683,7.007046653951421,0.016504918417072467,1.0023610356738413
-12.039745719181683,7.007410249856686,0.01686851432233727,1.0024130482243732
-12.20825464775311,7.007822925010128,0.017281189475779613,1.0024720815824524
-12.377486790610252,7.008167857310468,0.017626121776119774,1.0025214242962777
-12.545272504895964,7.008439517504429,0.017897781970080295,1.002560285403791
-12.714504647753106,7.008591593345579,0.018049857811230474,1.002582039918234
-12.948826076324549,7.008804498098124,0.01826276256377568,1.0026124960345981
-12.948826076324549,7.009259338558035,0.018717603023686635,1.0026775611578915
-12.948826076324549,7.0097480504444984,0.019206314910150013,1.0027474716033122
-12.948826076324549,7.010072245669933,0.019530510135584933,1.002793847869659
-12.948826076324549,7.010238835800941,0.019697100266592216,1.0028176786595047
-12.948826076324549,7.010370172192077,0.019828436657728155,1.0028364663867089
-12.948826076324549,7.010413722186975,0.01987198665262646,1.002842696232198
-12.948826076324549,7.010420633753573,0.019878898219224617,1.0028436849347706
-12.948826076324549,7.010444135455118,0.019902399920769476,1.0028470468632784
-12.948826076324549,7.010422016066893,0.019880280532544425,1.0028438826752852
-12.948826076324549,7.010357731372198,0.019815995837849876,1.0028346867220779
-12.948826076324549,7.010265793285784,0.01972405775143571,1.0028215349392986
-12.948826076324549,7.010169710634519,0.019627975100170225,1.002807790274736
