Angle (degree),rho (mOhm cm),Delta rho (mOhm cm),rho/rho(theta=0)
101.59585032968135,4.639313897519084,-1.5219527417175556,0.7529805426654737
101.59585032968135,4.639417547461832,-1.5218490917748078,0.7529973654957157
101.59585032968135,4.639807123969465,-1.5214595152671748,0.753060595433721
101.59585032968135,4.640998275515266,-1.5202683637213736,0.7532539244382175
101.59585032968135,4.642121520171755,-1.519145119064885,0.7534362318633394
101.59585032968135,4.643234042805343,-1.518032596431297,0.7536167990581599
101.40894308698759,4.643527442633587,-1.5177391966030527,0.7536644191086177
101.21215528520868,4.642360660133587,-1.518905979103053,0.7534750453047686
101.02030776297234,4.640108649045801,-1.5211579901908392,0.7531095342467916
100.82763686081225,4.633485180801526,-1.527781458435114,0.7520345169440028
100.6357893385759,4.620298030419847,-1.5409686088167929,0.749894185879981
100.6357893385759,4.601060566660306,-1.5602060725763343,0.746771863006137
100.44394181633956,4.577196911736641,-1.5840697274999993,0.7428986894655382
100.25209429410323,4.549970022595419,-1.611296616641221,0.7384796485871848
100.06024677186687,4.523552831507634,-1.637713807729006,0.7341920251755387
99.86839924963053,4.493418894274808,-1.6678477449618319,0.7293011579241647
99.67572834747043,4.463462040114503,-1.6978045991221373,0.7244390320149349
99.48470420515785,4.431511157633587,-1.7297554816030534,0.7192532667572776
99.29203330299775,4.3990475539122125,-1.7622190853244275,0.7139842846433342
99.10018578076141,4.367138586011449,-1.794128053225191,0.708805322301799
99.10018578076141,4.333799650362594,-1.827466988874046,0.7033942700619003
98.90833825852508,4.2968872600763355,-1.8643793791603045,0.697403230808512
98.71649073628873,4.2616871915839685,-1.8995794476526715,0.6916901087260812
98.52381983412863,4.222706366335877,-1.9385602729007632,0.6853633536072796
98.33279569181606,4.1848650340076325,-1.9764016052290074,0.6792215430764287
98.14094816957972,4.143161717003816,-2.0181049222328236,0.6724529158694453
97.94827726741961,4.103748101164121,-2.057518538072519,0.6660559169814734
97.75642974518328,4.062630936297709,-2.098635702938931,0.6593824247802811
97.56458222294692,4.024043264541985,-2.1372233746946554,0.6531194801594482
97.37191132078682,3.9813489463740455,-2.1799176928625945,0.64619000921332
97.37191132078682,3.942216059083969,-2.219050580152671,0.6398385737729403
97.18088717847424,3.899011942442747,-2.262254696793893,0.6328263603481737
96.98821627631413,3.8598527390839683,-2.3014139001526717,0.6264706536969793
96.7963687540778,3.8227811372519076,-2.3384855019847324,0.6204537737268805
96.60452123184146,3.7890321545610677,-2.3722344846755723,0.6149761690934571
96.41349708952889,3.7532088913740456,-2.4080577478625944,0.6091618998393251
96.22000280744503,3.7194530874045797,-2.4418135518320603,0.6036831880831256
96.02897866513244,3.684060665553434,-2.477205973683206,0.5979388462255996
95.83136748342977,3.6541700927862593,-2.5070965464503807,0.5930874780707427
95.83136748342977,3.6221847689885487,-2.5390818702480913,0.5878961228396578
95.63951996119343,3.592066754026717,-2.569199885209923,0.5830078398411535
95.4476724389571,3.560123994561068,-2.601142644675572,0.5778233929837121
95.25582491672075,3.5312968803435107,-2.6299697588931292,0.5731446287124211
95.06397739448441,3.4995815653053435,-2.6616850739312965,0.5679970970610241
94.87130649232431,3.4696864442748083,-2.6915801949618317,0.5631449907035172
94.68028235001174,3.4369564065458014,-2.7243102326908386,0.5578327652074523
94.48761144785163,3.4065401152671755,-2.7547265239694645,0.5528960706834843
94.2957639256153,3.3743585418320605,-2.7869080974045795,0.5476728632945729
94.2957639256153,3.343292411564885,-2.8179742276717548,0.5426306971157326
94.09815274391262,3.312154475896946,-2.849112163339694,0.5375768766123893
93.90712860160005,3.283547332843511,-2.877719306393129,0.5329338146044482
93.71445769943995,3.25375781101145,-2.90750882822519,0.5280988474497477
93.52261017720359,3.226430846679389,-2.934835792557251,0.5236635639387184
93.33076265496726,3.1956447974427475,-2.9656218417938924,0.518666856112346
93.13891513273092,3.1683574746755725,-2.9929091645610675,0.5142380065973124
92.94624423057081,3.139849431068702,-3.021417208167938,0.5096110288545667
92.75439670833448,3.1137766531488547,-3.0474899860877853,0.5053793051771966
92.75439670833448,3.0870153726526715,-3.0742512665839685,0.5010358345788363
92.5633725660219,3.062588309141222,-3.098678330095418,0.49707121740809224
92.37152504378555,3.039159394064885,-3.122107245171755,0.49326860400922795
92.17885414162545,3.0176718707061068,-3.143594768530533,0.48978108681236787
91.9870066193891,2.9934715996374037,-3.1677950395992363,0.4858532790277495
91.79515909715278,2.972242059045801,-3.189024580190839,0.482407633540439
91.60331157491643,2.9507431639122137,-3.2105234753244263,0.47891827065575604
91.41146405268009,2.9327819803625945,-3.2284846588740455,0.47600309353369524
91.21879315051999,2.915667213664122,-3.245599425572518,0.4732252934966897
91.02694562828364,2.901064716068702,-3.260201923167938,0.470855245509734
91.02694562828364,2.888576790286259,-3.272689848950381,0.46882840159700406
90.83509810604731,2.8790456241984725,-3.2822210150381674,0.46728145246367336
90.64325058381097,2.868619631393129,-3.292647007843511,0.4655892691163487
90.45057968165086,2.8599758187595414,-3.3012908204770985,0.46418634125431757
90.2595555393383,2.852666772938931,-3.308599866297709,0.46300005177058307
90.06770801710194,2.8493880176335873,-3.3118786216030527,0.46246789572259395
89.8758604948656,2.8507630735305343,-3.3105035657061057,0.46269107319201075
89.68401297262926,2.854442129599236,-3.306824509637404,0.46328819977070357
89.49134207046916,2.8608501749427475,-3.3004164642938925,0.46432825301279235
89.49134207046916,2.869733777290076,-3.291532861946564,0.46577009977377415
89.29949454823283,2.8820891380534346,-3.2791775011832054,0.46777542781536163
89.10764702599649,2.8942375226908394,-3.2670291165458005,0.4697471627440272
88.91579950376014,2.9106634652862593,-3.2506031739503807,0.4724131636748772
88.7239519815238,2.9268414929198467,-3.2344251463167932,0.4750389269441636
88.53210445928745,2.9436599347900754,-3.2176067044465646,0.4777686321906667
88.34025693705112,2.96085398461832,-3.20041265461832,0.48055930021966387
88.14840941481478,2.9811997442748086,-3.1800668949618314,0.48386150427084407
87.95573851265468,3.0002705232251903,-3.1609961160114497,0.4869567734852835
87.95573851265468,3.021815883435114,-3.139450755801526,0.4904536778511353
87.75812733095201,3.0421466965648847,-3.1191199426717553,0.4937534560169265
87.56627980871566,3.0642028309923655,-3.0970638082442745,0.4973332612288972
87.37443228647933,3.08488065629771,-3.07638598293893,0.5006893609590505
87.18258476424299,3.1083885262786253,-3.0528781129580147,0.5045047890775498
86.99073724200665,3.1311455085687023,-3.0301211306679376,0.5081983449034175
86.7988897197703,3.1571893691793886,-3.0040772700572513,0.5124253751774901
86.60704219753396,3.183373591832061,-2.977893047404579,0.516675186812962
86.41437129537387,3.214062814637404,-2.947203824599236,0.5216561792942653
86.41437129537387,3.2434309176526717,-2.9178357215839683,0.5264227483676184
86.22334715306128,3.275581950515267,-2.885684688721373,0.5316409988906275
86.03149963082495,3.3058468295038166,-2.8554198097328234,0.5365531185505388
85.83882872866485,3.3394928120038165,-2.8217738272328234,0.5420140058112415
85.64121754696217,3.3693359484160297,-2.7919306908206103,0.546857674842243
85.44937002472584,3.4040310926908393,-2.7572355465458007,0.5524888455586443
85.2575225024895,3.436450506583969,-2.724816132652671,0.5577506554739422
85.06567498025315,3.4728621993893127,-2.6884044398473272,0.5636604293787858
84.87300407809305,3.5068961351335877,-2.6543705041030523,0.5691842831148889
84.87300407809305,3.545143615992366,-2.616123023244274,0.5753920132941361
84.68115655585672,3.5803092454007635,-2.5809573938358765,0.5810995457655362
84.49013241354413,3.6185362579580143,-2.5427303812786257,0.587303953851661
84.29828489130779,3.6535962859351145,-2.5076703533015254,0.592994346757858
84.10561398914768,3.6920237726335867,-2.4692428666030533,0.5992312926568969
83.91376646691135,3.728510519599236,-2.432756119637404,0.6051532481738505
83.72191894467501,3.768920986603053,-2.392345652633587,0.6117120402810565
83.5251311428961,3.8048326272137407,-2.3564340120228993,0.6175406535700826
83.332460240736,3.843665938683205,-2.317600700553435,0.6238434665699555
83.332460240736,3.880055535458015,-2.281211103778625,0.6297496541942779
83.14061271849965,3.9192153885687024,-2.2420512506679375,0.6361054663029938
82.94876519626332,3.956093987290076,-2.205172651946564,0.642091021040476
82.75691767402698,3.9971227747328233,-2.1641438645038167,0.6487501692067742
82.56507015179064,4.035907671870229,-2.1253589673664113,0.6550451243529145
82.37239924963053,4.0771934685687015,-2.0840731706679385,0.6617459862236789
82.18137510731795,4.116071617385495,-2.0451950218511445,0.6680560765173219
81.98870420515784,4.157383408625954,-2.003883230610686,0.6747611574137359
81.79685668292151,4.197712319484732,-1.9635543197519079,0.6813067126088239
81.60500916068517,4.2395066151526715,-1.9217600240839685,0.688090106043184
81.60500916068517,4.277754422003817,-1.8835122172328234,0.6942978891323904
81.41316163844884,4.318174959045801,-1.843091680190839,0.7008583156499795
81.2213141162125,4.355154608702289,-1.8061120305343508,0.7068602713876181
81.02946659397615,4.395024410667938,-1.7662422285687018,0.7133313112403242
80.83761907173981,4.431620655343511,-1.7296459838931293,0.7192710387052124
80.64577154950346,4.470570935553435,-1.6906957036832049,0.7255928362333177
80.45392402726713,4.50499867230916,-1.65626796692748,0.7311806055625136
80.26125312510703,4.540262101660304,-1.6210045375763356,0.7369040113840662
80.06940560287069,4.570236503587785,-1.5910301356488548,0.7417689853711674
80.06940560287069,4.602022652748091,-1.559243986488549,0.7469280137043811
79.87755808063434,4.631714374637403,-1.5295522645992365,0.7517471075089289
79.68488717847424,4.6630362124236635,-1.4982304268129765,0.7568307761147954
79.4930396562379,4.690415489599236,-1.4708511496374044,0.7612745502246859
79.30119213400157,4.718848476812977,-1.442418162423663,0.765889345992925
79.10934461176522,4.744285062767174,-1.4169815764694658,0.7700178129857687
78.91832046945265,4.773156690572518,-1.3881099486641224,0.7747038020032673
78.72564956729255,4.799887754255725,-1.3613788849809154,0.7790423682832877
78.5338020450562,4.829770527767175,-1.3314961114694652,0.7838924705854909
78.5338020450562,4.856785570992365,-1.3044810682442751,0.7882771279631073
78.34195452281986,4.885871643721373,-1.275394995515267,0.7929979223114284
78.15010700058352,4.911768964064884,-1.2494976751717557,0.7972011684716563
77.95743609842341,4.939095278645038,-1.2221713605916023,0.8016363465251644
77.76641195611084,4.963948961221373,-1.197317678015267,0.8056702057998238
77.5745644338745,4.990561104675572,-1.1707055345610682,0.809989470816651
77.38271691163816,5.015075572099236,-1.146191067137404,0.8139682740172055
77.19004600947805,5.040739602480916,-1.1205270367557238,0.8181336562160937
76.99819848724172,5.062731400305343,-1.098535238931297,0.8217030193214618
76.80635096500538,5.086521298339693,-1.0747453408969472,0.825564221802596
76.80635096500538,5.107385955229007,-1.0538806840076331,0.8289506451001112
76.61450344276903,5.128387725400763,-1.0328789138358774,0.8323593224714184
76.4226559205327,5.147346733625953,-1.0139199056106873,0.8354364508177967
76.2299850183726,5.166846078664121,-0.9944205605725189,0.8386012781463189
76.03813749613624,5.184844952290076,-0.9764216869465638,0.8415225725294143
75.84628997389991,5.203584313110686,-0.9576823261259539,0.8445640511600051
75.65444245166357,5.22046351683206,-0.9408031224045796,0.8473036183155446
75.46259492942724,5.237975011774808,-0.9232916274618317,0.8501458090480849
75.27074740719088,5.2529882061641215,-0.9082784330725184,0.8525825148860866
75.27074740719088,5.269472956889312,-0.8917936823473278,0.8552580606286149
75.07889988495455,5.284285351145038,-0.8769812880916019,0.8576621757437434
74.88622898279445,5.299564329790075,-0.8617023094465646,0.8601420195063452
74.6943814605581,5.313297669217556,-0.8479689700190836,0.8623709993949972
74.50335731824553,5.327670123377861,-0.8335965158587788,0.8647037103458229
74.30574613654287,5.3405001893129755,-0.8207664499236644,0.8667860850727027
74.11307523438275,5.354763469522899,-0.806503169713741,0.8691010766231562
73.92122771214642,5.368549445553434,-0.792717193683206,0.8713385996582318
73.72938018991007,5.383036597671755,-0.7782300415648846,0.8736899265795605
73.72938018991007,5.397067237671755,-0.764199401564885,0.8759671596261955
73.53753266767373,5.412115197137403,-0.7491514420992367,0.8784095079851869
73.3456851454374,5.42534881259542,-0.7359178266412201,0.8805573805303778
73.1530142432773,5.438938212996183,-0.7223284262404572,0.8827629984976675
72.96199010096473,5.451551882519082,-0.7097147567175579,0.8848102511587634
72.76931919880462,5.465425262461831,-0.6958413767748093,0.8870619602236495
72.57829505649204,5.477954776832061,-0.6833118624045786,0.8890955541425426
72.38562415433194,5.490820909580152,-0.6704457296564881,0.8911837826678519
72.19377663209559,5.502242451812976,-0.6590241874236638,0.893037547956971
72.19377663209559,5.513759520973282,-0.6475071182633583,0.8949068176761164
72.00192910985925,5.523338123416029,-0.6379285158206107,0.8964614659333023
71.8100815876229,5.533240346965648,-0.6280262922709916,0.8980686392840804
71.61823406538656,5.542293882881679,-0.6189727563549612,0.899538066992074
71.42556316322647,5.552182459408397,-0.6090841798282431,0.9011430253725058
71.23453902091389,5.560721322595419,-0.6005453166412211,0.9025289194892518
71.04186811875378,5.5694804807061065,-0.5917861585305335,0.9039505684169101
70.85084397644121,5.577298025496182,-0.583968613740458,0.9052193894642402
70.65817307428111,5.585711470935113,-0.575555168301527,0.9065849277425791
70.46632555204476,5.593656382729007,-0.5676102565076331,0.9078744210008808
70.46632555204476,5.602136111793892,-0.5591305274427478,0.9092507173959895
70.27447802980842,5.6097119176145025,-0.5515547216221375,0.9104803031718047
70.08263050757208,5.618581546946564,-0.5426850922900757,0.9119198820524812
69.88995960541199,5.6265388084923655,-0.5347278307442744,0.913211379728483
69.6989354630994,5.6350354311068696,-0.5262312081297704,0.914590418019148
69.50708794086306,5.643170097251908,-0.5180965419847317,0.9159107092224592
69.31441703870296,5.651911060076335,-0.5093555791603048,0.9173294049771213
69.12256951646661,5.660248475610685,-0.5010181636259547,0.9186826032758697
68.93072199423028,5.668769793263357,-0.4924968459732826,0.9200656496771416
68.93072199423028,5.67610320812977,-0.4851634311068702,0.9212558943615237
68.73887447199394,5.683394384656489,-0.47787225458015126,0.9224392835822216
68.5470269497576,5.689993483854961,-0.47127315538167913,0.9235103456843626
68.35517942752126,5.6968408195419835,-0.46442581969465646,0.9246216976332325
68.16333190528492,5.703075361030533,-0.4581912782061073,0.9256335904555373
67.97148438304858,5.70955099173664,-0.4517156475000004,0.9266846130918356
67.77881348088847,5.715566535572518,-0.44570010366412216,0.9276609616558742
67.58696595865213,5.7226309196564875,-0.43863571958015246,0.9288075414904462
67.3951184364158,5.729081855324427,-0.4321847839122128,0.9298545560161378
67.2024475342557,5.735537339255725,-0.42572929998091524,0.9309023087444789
67.2024475342557,5.741628915229008,-0.41963772400763233,0.9318909976505052
67.00565973247679,5.748273503759541,-0.41299313547709904,0.9329694428663344
66.81381221024044,5.7542409614885495,-0.4070256777480905,0.9339379868489964
66.62114130808035,5.760422214389312,-0.4008444248473282,0.9349412307049592
66.43011716576777,5.765811966755725,-0.39545467248091537,0.935816010629608
66.23826964353142,5.77167610053435,-0.38959053870229,0.9367677846919868
66.04642212129508,5.77742326110687,-0.3838433781297699,0.9377005735013398
65.85375121913498,5.78420561490458,-0.37706102433206024,0.9388013786108798
65.66190369689863,5.7903732230152665,-0.3708934162213735,0.9398024078588935
65.66190369689863,5.7962906409160295,-0.36497599832061045,0.9407628301628203
65.4700561746623,5.801636855438931,-0.3596297837977094,0.941630543708742
65.27820865242596,5.807723231164121,-0.35354340807251905,0.9426183885921999
65.08636113018962,5.813591913206105,-0.34767472603053484,0.9435709008572285
64.89451360795329,5.8201923119083965,-0.3410743273282435,0.9446421738744127
64.69607904632684,5.825869942328243,-0.335396696908397,0.9455636776417857
64.50505490401427,5.831745771641221,-0.3295208675954191,0.9465173499395498
64.3074437223116,5.837531274274808,-0.3237353649618324,0.9474563618298555
64.3074437223116,5.843789209064885,-0.31747743017175534,0.9484720514853274
64.11559620007526,5.849158816889313,-0.31210782234732726,0.9493435618644162
63.92292529791515,5.85466813923664,-0.3065984999999998,0.9502377485097794
63.73107777567881,5.859105877786259,-0.30216076145038073,0.950958012508964
63.540053633366234,5.8638314966221365,-0.29743514261450343,0.9517250007132698
63.3482061111299,5.868440792003816,-0.292825847232824,0.9524731091220711
63.155535208969795,5.873371759236641,-0.28789487999999874,0.9532734262519
62.96368768673346,5.877480031145037,-0.28378660809160294,0.953940216402197
62.77184016449712,5.88217575692748,-0.27909088230916,0.9547023528357249
62.579992642260784,5.886718121164121,-0.27454851807251934,0.955439598032632
62.579992642260784,5.891490526603052,-0.269776112633588,0.956214179903272
62.38814512002444,5.895886676564885,-0.265379962671755,0.9569276938962936
62.195474217864344,5.900196398358778,-0.2610702408778618,0.9576271802269853
62.00362669562799,5.904795947461832,-0.2564706917748083,0.9583737067729657
61.812602553315415,5.909119966030534,-0.25214667320610573,0.9590755135315251
61.619931651155305,5.913366652958015,-0.2478999862786253,0.959764769033054
61.42808412891897,5.918123464351145,-0.2431431748854953,0.9605368199231806
61.236236606682624,5.922890671774809,-0.2383759674618311,0.9613105581336494
61.04438908444629,5.927782647194656,-0.23348399204198422,0.9621045467250039
61.04438908444629,5.932237283759541,-0.22902935547709902,0.9628275533445384
60.85254156220995,5.9367283086641205,-0.22453833057251948,0.9635564659476678
60.65987066004985,5.940984744103053,-0.22028189513358676,0.9642473036744148
60.46802313781351,5.945035831145037,-0.2162308080916029,0.9649048124756384
60.2712353360346,5.948842580209923,-0.21242405902671724,0.9655226641752619
60.079387813798256,5.952256175782442,-0.20901046345419783,0.9660767053769168
59.881776632095594,5.955483917748091,-0.20578272148854904,0.9666005817410874
59.68910572993549,5.959124957748091,-0.20214168148854927,0.9671915381487866
59.498081587622906,5.962927806068702,-0.19833883316793788,0.9678087567408848
59.498081587622906,5.967349298587786,-0.1939173406488539,0.9685263839396375
59.3054106854628,5.971403634389311,-0.18986300484732865,0.969184420028468
59.114386543150225,5.975155797595419,-0.18611084164122094,0.9697934122091039
58.92171564099013,5.978549898377862,-0.18271674085877798,0.9703442893227202
58.72904473883003,5.982105807480916,-0.17916083175572428,0.9709214286207354
58.53802059651745,5.985637675763358,-0.17562896347328216,0.9714946659904591
58.34040941481477,5.989411280782441,-0.17185535845419864,0.9721071382693006
58.148561892578435,5.993227126374044,-0.16803951286259622,0.9727264663742233
57.9567143703421,5.996877262900762,-0.1643893763358779,0.9733188991872221
57.9567143703421,6.000387035152672,-0.16087960408396818,0.9738885502764248
57.764043468181995,6.004090458034351,-0.15717618120228938,0.9744896316933683
57.57301932586942,6.007742543816793,-0.15352409541984713,0.9750823808789311
57.38117180363308,6.011824823416029,-0.14944181582061056,0.9757449523659756
57.18850090147298,6.015246867996183,-0.14601977124045717,0.9763003648778056
56.99665337923664,6.018599377958014,-0.14266726127862572,0.9768444916228619
56.804805857000304,6.021954489160304,-0.13931215007633568,0.9773890405604008
56.608018055221386,6.025734593931296,-0.1355320453053439,0.9780025677768531
56.41534715306128,6.029304150057251,-0.13196248917938913,0.9785819220452145
56.41534715306128,6.032336941889312,-0.12892969734732773,0.9790741571666014
56.22267625090119,6.035659561030534,-0.12560707820610606,0.9796134325032769
56.030828728664844,6.039341539866411,-0.12192509937022855,0.9802110334596176
55.83980458635227,6.042613471660304,-0.11865316757633604,0.9807420820224335
55.64795706411592,6.045743737442748,-0.11552290179389235,0.9812501375840138
55.45528616195582,6.0486043226908395,-0.1126623165458005,0.9817144228382625
55.26426201964324,6.051575379160305,-0.10969126007633534,0.9821966380455293
55.07159111748313,6.054173428912213,-0.10709321032442709,0.9826183126627847
54.879743595246794,6.056375728396946,-0.1048909108396936,0.982975755314383
54.879743595246794,6.0587658307442736,-0.10250080849236642,0.9833636791760296
54.68789607301046,6.061222216717556,-0.10004442251908419,0.9837623611544462
54.49028489130779,6.063683150954198,-0.09758348828244223,0.9841617813355125
54.29843736907145,6.066681501469465,-0.09458513776717492,0.9846484264834716
54.1065898468351,6.069693496774808,-0.09157314246183201,0.9851372862393799
53.913918944675004,6.072703545057251,-0.08856309417938935,0.985625829985121
53.722894802362426,6.075039709064884,-0.08622693017175553,0.9860049994229045
53.524460240736,6.077954880171755,-0.08331175906488486,0.986478144196141
53.33343609842342,6.080588020992366,-0.08067861824427425,0.9869055142443454
53.33343609842342,6.083518788377861,-0.07774785085877856,0.987381190360492
53.14076519626332,6.086514539885496,-0.07475209935114435,0.9878674136783657
52.94891767402697,6.089607765343511,-0.07165887389312875,0.9883694574364328
52.757893531714394,6.092370874408396,-0.06889576482824378,0.9888179218880909
52.56522262955429,6.094854552194655,-0.06641208704198487,0.9892210334448026
52.373375107317955,6.096806663702289,-0.06445997553435134,0.9895378695147111
52.18152758508162,6.099322835782442,-0.0619438034541977,0.9899462550346835
51.988856682921515,6.101579721125954,-0.05968691811068627,0.9903125572052696
51.79783254060894,6.104090692958014,-0.0571759462786261,0.9907200987026735
51.79783254060894,6.106623108835876,-0.05464353040076375,0.9911311206606805
51.6059850183726,6.1095922160496166,-0.05167442318702342,0.9916130194953833
51.41413749613626,6.112143476965649,-0.049123162270991116,0.9920271000839078
51.22228997389991,6.1147850667938926,-0.04648157244274742,0.9924558414422872
51.02961907173981,6.117148524847327,-0.044118114389313234,0.9928394408207629
50.836948169579706,6.119479493072518,-0.041787146164121935,0.9932177669607724
50.64592402726712,6.121639551984732,-0.03962708725190822,0.9935683537862893
50.454076505030784,6.123609209026717,-0.03765743020992307,0.9938880375716723
50.26222898279445,6.125592513091601,-0.03567412614503862,0.9942099363274013
50.069558080634344,6.1276206567366405,-0.033645982499999505,0.9945391127392974
50.069558080634344,6.12953832692748,-0.03172831230916007,0.9948503588357781
49.87771055839801,6.131471593396946,-0.029795045839693834,0.9951641362751693
49.68668641608543,6.133631002557252,-0.027635636679388398,0.995514617643165
49.494015513925326,6.135676039751907,-0.02559059948473319,0.9958465359506168
49.30216799168899,6.137614506469465,-0.02365213276717526,0.9961611574125762
49.11032046945265,6.139903883874045,-0.021362755362594577,0.9965327331840257
48.91847294721631,6.1424304519847315,-0.0188361872519085,0.9969428060243402
48.726625424979964,6.1444280505916025,-0.01683858864503751,0.9972670248455399
48.53477790274362,6.146377563091601,-0.014889076145038871,0.9975834390853625
48.53477790274362,6.1485454212595405,-0.012721217977099464,0.9979352917635332
48.342930380507276,6.149915928893129,-0.011350710343511317,0.9981577310303004
48.150259478347174,6.151354669408396,-0.00991196982824416,0.9983912447864012
47.95841195611084,6.153103381774809,-0.008163257461831108,0.998675068303351
47.76656443387449,6.15483844711832,-0.00642819211832002,0.9989566768499543
47.574716911638156,6.156054293702289,-0.005212345534350682,0.9991540139650577
47.38204600947805,6.1572246509541975,-0.00404198828244251,0.9993439679664726
47.190198487241716,6.15873162211832,-0.0025350171183200487,0.9995885558495105
46.99917434492914,6.160290582366411,-0.0009760568702290584,0.9998415817838473
46.99917434492914,6.161740370896945,0.00047373166030517666,1.0000768886802087
46.807326822692794,6.163273336603054,0.002006697366414123,1.0003256955888964
46.6146559205327,6.164670488530533,0.0034038492938925913,1.000552459338834
46.422808398296354,6.166008501870229,0.004741862633588667,1.0007696246423408
46.23013749613625,6.167295830095419,0.0060291908587792875,1.0009785635343849
46.03911335382367,6.169608603034351,0.008341963797710683,1.0013539365013984
45.84726583158733,6.171237745419846,0.009971106183206402,1.0016183532976333
45.65541830935099,6.172571210496183,0.011304571259542762,1.0018347803984902
45.463570787114655,6.174141218759541,0.01287457952290083,1.0020895994730876
45.27172326487831,6.1757573638740455,0.014490724637405528,1.0023519067564979
45.27172326487831,6.177031045076335,0.015764405839695073,1.0025586306781957
45.07987574264197,6.178144867213739,0.016878227977098703,1.0027394087880588
44.88720484048187,6.17944454072519,0.01817790148855014,1.0029503513730096
44.69535731824553,6.180974259904579,0.01970762066793874,1.003198631356487
44.50350979600918,6.182827595725189,0.021560956488548833,1.003499435708762
44.31083889384909,6.184678332538167,0.023411693301526704,1.0037998182309518
44.1198147515365,6.186419247881679,0.025152608645038654,1.0040823762576447
43.927967229300165,6.1879333685496185,0.026666729312978532,1.004328124535815
43.73611970706383,6.18929997543893,0.02803333620228976,1.0045499306950565
43.73611970706383,6.190901826011448,0.02963518677480792,1.004809917912996
43.543448804903726,6.192239841583969,0.030973202347328588,1.0050270835788997
43.35160128266738,6.193785804561068,0.03251916532442767,1.0052780000004118
43.15975376043104,6.195322019026716,0.03405537979007622,1.005527334196706
42.9679062381947,6.1962883273854965,0.035021688148856533,1.0056841701876411
42.776058715958364,6.197703674599237,0.03643703536259668,1.0059138871105748
42.58421119372202,6.1991599606488546,0.037893321412214576,1.0061502485821503
42.39236367148568,6.200477829446564,0.03921119020992414,1.0063641443400966
42.19969276932558,6.201701473053434,0.04043483381679369,1.0065627469454566
42.19969276932558,6.202838038740457,0.04157139950381694,1.0067472164309654
42.00290496754667,6.203735464465648,0.04246882522900819,1.0068928724750452
41.81023406538657,6.20438855221374,0.04312191297710033,1.0069988714175244
41.61838654315023,6.204825243549617,0.04355860431297742,1.00706974829422
41.42653902091389,6.205534864179389,0.044268224942748624,1.007184922765854
41.23469149867755,6.2067338149809155,0.0454671757442755,1.0073795176230043
41.04284397644121,6.2082381893702285,0.04697155013358856,1.0076236840383535
40.85099645420486,6.209643138320611,0.04837649908397079,1.0078517132785483
40.659148931968524,6.2108563836641215,0.04958974442748154,1.008048628201169
40.659148931968524,6.2121216180916035,0.050854978854963484,1.008253981175089
40.46153775026586,6.213202945935113,0.05193630669847327,1.0084294853216915
40.26969022802952,6.215845185515267,0.054578546278627016,1.0088583321375926
40.07701932586942,6.2197689033206105,0.05850226408397052,1.009495168365448
39.88599518355683,6.219233438530534,0.0579667992938937,1.0094082601335161
39.693324281396734,6.218080626812976,0.05681398757633627,1.0092211538475757
39.50147675916039,6.217701120343511,0.056434481106871104,1.0091595583199533
39.30962923692405,6.217903219980916,0.05663658074427591,1.0091923599578694
39.117781714687716,6.218566054007632,0.05729941477099221,1.0092999407631693
38.92593419245138,6.219007945591602,0.057741306354961885,1.009371661662433
38.92593419245138,6.2194244901526705,0.05815785091603054,1.0094392686311715
38.73408667021503,6.220167254828243,0.05890061559160298,1.0095598225235876
38.54223914797869,6.2210594803053425,0.05979284106870253,1.009704634545099
38.35039162574235,6.221735961354961,0.06046932211832079,1.0098144303207452
38.15854410350601,6.222327313740457,0.06106067450381669,1.0099104093491045
37.96504982142215,6.222952457690839,0.06168581845419929,1.0100118728933702
37.77402567910957,6.223578251393128,0.062311612156488394,1.010113441895157
37.58135477694947,6.223808292595418,0.06254165335877815,1.0101507785688897
37.38950725471313,6.223944758358779,0.06267811912213883,1.0101729275475577
37.38950725471313,6.22419819509542,0.06293155585878019,1.0102140614168547
37.198483112400545,6.224523115706105,0.06325647646946475,1.0102667974254889
37.00581221024044,6.22493771101145,0.06367107177481035,1.0103340880216636
36.814788067927864,6.225417940190838,0.0641513009541983,1.010412031277086
36.62211716576777,6.22626142980916,0.06499479057251989,1.0105489332596995
36.430269643531425,6.227168601812977,0.06590196257633707,1.0106961711666
36.23842212129508,6.227598145877862,0.06633150664122223,1.01076588801056
36.04657459905874,6.227487022671754,0.06622038343511427,1.0107478522376234
35.85390369689864,6.227284923034349,0.06601828379770946,1.0107150505997073
35.85390369689864,6.227574100591602,0.06630746135496235,1.0107619853574747
35.6620561746623,6.227969853091602,0.0667032138549617,1.0108262176855287
35.471032032349726,6.228479325572518,0.0672126863358784,1.0109089072542081
35.27918451011338,6.228778899160305,0.06751225992366461,1.0109575293323174
35.08733698787704,6.228589796793892,0.06732315755725171,1.010926837207226
34.894666085716935,6.228047182499999,0.06678054326335925,1.010838768580162
34.7028185634806,6.228155056946564,0.06688841770992404,1.0108562770654916
34.510971041244254,6.228587847538168,0.06732120830152777,1.010926520834662
34.31912351900792,6.2292500318129775,0.06798339257633756,1.0110339961824408
34.31912351900792,6.229903769312977,0.0686371300763371,1.0111401005824414
34.121512337305255,6.230319014370228,0.0690523751335883,1.011207496636137
33.929664815068904,6.230365803206105,0.06909916396946514,1.011215090664868
33.7369939129088,6.230111716717556,0.0688450774809164,1.01117385133805
33.545146390672464,6.2296568300954185,0.06839019085877851,1.0111000212883583
33.35329886843613,6.229384548320611,0.06811790908397075,1.0110558287885445
33.16227472612355,6.229198044961831,0.06793140572519096,1.0110255584935386
32.969603823963446,6.2296886724045795,0.06842203316793949,1.0111051894317005
32.7777563017271,6.229994745744275,0.06872810650763483,1.011154866447421
32.7777563017271,6.229985646984733,0.06871900774809259,1.0111533896797245
32.5809684999482,6.230361254942747,0.0690946157061072,1.0112143524622184
32.388297597788096,6.230681625057251,0.06941498582061101,1.0112663499058063
32.19645007555176,6.23073036091603,0.06946372167938986,1.0112742599447044
32.004602553315415,6.230500969465649,0.06923433022900927,1.0112370287284933
31.812755031079067,6.230017489293892,0.06875085005725179,1.0111585578230664
31.62008412891897,6.229322163206107,0.06805552396946712,1.0110457034169031
31.42905998660639,6.229318264694656,0.06805162545801569,1.0110450706717746
31.237212464370053,6.2293657032824425,0.06809906404580257,1.0110527701580272
31.04454156220995,6.229237034541984,0.06797039530534388,1.011031886669616
31.04454156220995,6.228709366774809,0.06744272753816904,1.0109462439279409
30.852694039973613,6.227898371450382,0.06663173221374219,1.0108146159085882
30.660846517737273,6.227381749465647,0.06611511022900718,1.0107307659447764
30.468998995500925,6.227229037671755,0.06596239843511498,1.010705980165677
30.277151473264585,6.227392147729007,0.06612550849236687,1.0107324536275157
30.085303951028248,6.227420089293893,0.0661534500572527,1.0107369886633326
29.893456428791907,6.226525264809159,0.06525862557251916,1.0105917548117354
29.70160890655557,6.22632901293893,0.06506237370228973,1.0105599022915117
29.508938004395468,6.226488222251907,0.06522158301526737,1.0105857426458251
29.508938004395468,6.226458331431298,0.06519169219465759,1.0105808912374443
29.31709048215912,6.2261113170229,0.06484467778625991,1.0105245693106855
29.12524295992278,6.2257480588167935,0.06448141958015352,1.0104656109458918
28.933395437686443,6.225683724446563,0.06441708520992329,1.010455169201686
28.741547915450102,6.225800695419846,0.06453405618320573,1.0104741540923152
28.549700393213765,6.225741559064884,0.06447491982824438,1.0104645560082808
28.357852870977425,6.225401044408396,0.06413440517175584,1.010409289019133
28.165181968817325,6.224496471412213,0.06322983217557265,1.010262472942318
27.974157826504737,6.224100721145038,0.0628340819083979,1.010198240976661
27.974157826504737,6.224055231812977,0.06278859257633673,1.0101908578629728
27.781486924344637,6.224081873874045,0.06281523463740513,1.0101951819837467
27.589639402108297,6.224224189637403,0.06295755040076312,1.010218280442504
27.39779187987196,6.223646484274808,0.06237984503816829,1.010124516384491
27.205120977711857,6.222873826545801,0.061607187309160594,1.0099991107212969
27.014096835399272,6.227199794370229,0.06593315513358888,1.0107012338524206
26.82142593323917,6.2294157408778625,0.06814910164122256,1.011060891474365
26.629578411002832,6.22642908812977,0.06516244889312972,1.0105761449241877
26.43773088876649,6.2234027960496165,0.06213615681297657,1.0100849647404118
26.245883366530155,6.221886074141219,0.060619434904578995,1.009838794269759
26.245883366530155,6.22121024284351,0.0599436036068699,1.0097291039516343
26.04827218482749,6.220687123339693,0.059420484103053006,1.0096441994126089
25.85642466259114,6.21993266312977,0.058666023893129804,1.009521747284808
25.6645771403548,6.2193302649618305,0.058063625725190526,1.0094239754785852
25.472729618118464,6.219035887156489,0.05776924791984861,1.00937619669825
25.280882095882124,6.218787650667938,0.057521011431298064,1.009335906851521
25.089034573645787,6.218569954751907,0.05730331551526735,1.0093005738706948
24.896363671485684,6.218321066278625,0.05705442704198482,1.0092601782040476
24.7053395291731,6.218154707461832,0.056888068225192434,1.0092331774546022
24.7053395291731,6.218070878301527,0.05680423906488663,1.009219571622358
24.513492006936758,6.217382701717557,0.05611606248091672,1.0091078776113265
24.32082110477666,6.216667878606869,0.05540123937022923,1.0089918587547273
24.12897358254032,6.216069378950382,0.05480273971374228,1.008894719693633
23.931362400837653,6.215713917767174,0.05444727853053433,1.0088370268190958
23.739514878601316,6.215212244541985,0.05394560530534509,1.0087556031030704
23.547667356364965,6.214336912614502,0.05307027337786163,1.0086135329771146
23.355819834128628,6.213428441106868,0.0521618018702279,1.0084660841551714
23.163972311892287,6.212915717633586,0.0516490783969461,1.0083828669364885
23.163972311892287,6.212649935610686,0.051383296374045706,1.0083397293742853
22.971301409732188,6.212031289179389,0.05076464994274943,1.008239320405234
22.779453887495848,6.211413294732824,0.050146655496184245,1.0081390172561007
22.588429745183262,6.210999996698473,0.04973335746183327,1.0080719372125722
22.39575884302316,6.210556807843511,0.04929016860687074,1.0080000057606624
22.203911320786823,6.210001848263357,0.04873520902671746,1.007909933440692
22.00712351900792,6.209359158778625,0.04809251954198501,1.007805622180952
21.814452616847817,6.208596899312975,0.04733026007633523,1.0076819042004972
21.62260509461148,6.2081842510305325,0.04691761179389253,1.00761492961449
21.62260509461148,6.207832040839693,0.046565401603053225,1.0075577643899571
21.43075757237513,6.207355710171756,0.04608907093511583,1.007480453879663
21.23891005013879,6.206562258148854,0.04529561891221423,1.0073516732133876
21.04706252790245,6.205486775839694,0.04422013660305435,1.0071771178220803
20.855215005666114,6.204372306183205,0.04310566694656526,1.0069962346170926
20.66254410350601,6.203609396965648,0.042342757729008085,1.0068724111791165
20.470696581269674,6.20314671332061,0.04188007408396999,1.0067973156391685
20.278849059033323,6.2028055466793885,0.041538907442748574,1.006741942830102
20.086178156873224,6.202533264904579,0.04126662566793904,1.0066977503302879
20.086178156873224,6.20222134379771,0.04095470456107009,1.0066471241968753
19.894330634636884,6.2018489868320605,0.040582347595420565,1.006586689064385
19.702483112400547,6.201266083454199,0.03999944421755863,1.006492081346201
19.510635590164206,6.200469382671756,0.03920274343511565,1.0063627733923186
19.31961144785163,6.19994496366412,0.038678324427480426,1.0062776579382502
19.12694054569153,6.1996746311450375,0.0384079919083975,1.0062337818110005
18.93509302345518,6.199240538816793,0.037973899580152626,1.0061633267643904
18.74324550121884,6.198736266583968,0.037469627347327616,1.0060814812182792
18.551397978982504,6.198103973129769,0.036837333893129376,1.0059788572788815
18.359550456746163,6.197275430038167,0.03600879080152719,1.0058443811816573
18.359550456746163,6.197185753110687,0.03591911387404689,1.0058298262317207
18.167702934509826,6.197141565515267,0.03587492627862687,1.005822654395472
17.975855412273486,6.196751013263357,0.03548437402671745,1.005759266089986
17.784007890037138,6.196355910515266,0.03508927127862638,1.0056951392194533
17.591336987877035,6.196053735687022,0.03478709645038158,1.0056460949488613
17.3994894656407,6.195882178854961,0.0346155396183212,1.0056182505392446
17.207641943404358,6.1955982015458,0.03433156230916001,1.0055721598040455
17.01579442116802,6.195171256488548,0.033904617251907965,1.0055028647901705
16.818183239465345,6.194548064026717,0.03328142479007745,1.0054017179808665
16.818183239465345,6.193971658167937,0.0327050189312974,1.0053081648378959
16.626335717229008,6.193575905667938,0.032309266431298056,1.0052439325098421
16.434488194992667,6.19327308332061,0.032006444083970464,1.0051947831441257
16.24264067275633,6.193019646583969,0.03175300734732911,1.0051536492748288
16.05079315051999,6.192517321374044,0.03125068213740434,1.0050721197388848
15.858122248359889,6.191725168854961,0.030458529618321073,1.0049435499876525
15.66627472612355,6.190821895362594,0.029555256125954443,1.0047969448258802
15.4744272038872,6.190293577843512,0.02902693860687222,1.004711196626684
15.282579681650862,6.189815297919846,0.02854865868320644,1.0046335697438251
15.282579681650862,6.189569658206105,0.0283030189694653,1.004593701364785
15.090732159414523,6.189224595286259,0.027957956049618815,1.0045376961729873
14.898061257254422,6.18835446360687,0.02708782437022972,1.0043964700696002
14.707037114941846,6.187756611469464,0.02648997223282379,1.0042994361036297
14.515189592705497,6.187089878931297,0.02582323969465694,1.0041912225532015
14.322518690545396,6.186362060782442,0.025095421545802132,1.0040730945461747
14.130671168309057,6.185881831603052,0.02461519236641241,1.003995151290752
13.938823646072718,6.185308674503817,0.024042035267177297,1.0039021254353888
13.74697612383638,6.184904475229008,0.023637835992367684,1.0038365221595564
13.74697612383638,6.184304676068702,0.023038036832062403,1.0037391721834192
13.55512860160004,6.183648339561067,0.0223817003244271,1.0036326459533327
13.363281079363702,6.1831713591412205,0.02190471990458054,1.003555229985517
13.171433557127353,6.182698277232824,0.02143163799618364,1.0034784467628297
12.979586034891014,6.182001651641221,0.020735012404580644,1.0033653814416235
12.787738512654675,6.181357662652671,0.02009102341603075,1.0032608592668406
12.595067610494574,6.18082414711832,0.019557507881679648,1.003174267407473
12.403220088258236,6.180263987290075,0.01899734805343467,1.0030833510649344
12.211372566021897,6.179972860477098,0.018706221240457843,1.003036099934603
12.01952504378555,6.179616749541984,0.01835011030534428,1.0029783016025449
12.01952504378555,6.179311325954197,0.018044686717557212,1.0029287300443457
11.826854141625446,6.17917875870229,0.017912119465649745,1.0029072138108064
11.635006619389108,6.179061137977099,0.01779449874045902,1.002888123462656
11.443159097152769,6.178809000744274,0.01754236150763422,1.002847200508402
11.252134954840194,6.178324221068701,0.017057581832061075,1.0027685186879325
11.059464052680092,6.1775762583778615,0.016309619141221532,1.0026471211353454
10.867616530443753,6.176640492824426,0.015373853587785646,1.0024952423727096
10.675769008207405,6.176357815019084,0.015091175782443678,1.0024493625525535
10.483921485971067,6.17616286265267,0.014896223416029919,1.0024177209473726
10.483921485971067,6.175791155438931,0.014524516202291338,1.0023573912724042
10.286310304268401,6.1755734595229,0.014306820286259736,1.0023220582915775
10.094462782032062,6.175164062232824,0.013897422996183906,1.0022556113555745
9.902615259795724,6.174614300667939,0.013347661431298619,1.0021663826957752
9.705004078093047,6.173978758454197,0.012712119217557216,1.0020632314687703
9.513156555856709,6.1735960054580135,0.012329366221373483,1.0020011090159378
9.32130903362037,6.173291881374045,0.012025242137404746,1.0019517483727818
9.128638131460269,6.173169062633587,0.011902423396946915,1.0019318143644602
8.937613989147692,6.172813599217556,0.01154695998091615,1.0018741211275262
8.937613989147692,6.172155965438929,0.010889326202288885,1.001767384344794
8.745766466911343,6.171356015896946,0.010089376660306293,1.0016375491033052
8.553095564751242,6.170643794026717,0.009377154790077391,1.0015219524391885
8.361248042514903,6.170138220057251,0.008871580820611236,1.0014398956156376
8.169400520278565,6.169700878969464,0.00843423973282409,1.0013689132814205
7.977552998042226,6.169081585019081,0.007814945782441463,1.0012683992172444
7.785705475805887,6.168707276564884,0.007440637328244293,1.0012076473497933
7.593857953569538,6.168694931278625,0.007428292041985252,1.001205643656887
7.402010431333199,6.168603302862594,0.007336663625953754,1.001190771971989
7.402010431333199,6.168346617366411,0.007079978129771014,1.0011491108150854
7.209339529173098,6.1680879826145025,0.006821343377862554,1.0011071332856174
7.018315386860522,6.1677461684541965,0.006479529217556568,1.0010516553814264
6.825644484700421,6.167453742137404,0.006187102900764074,1.0010041933360525
6.633796962464082,6.1673205251335865,0.006053885896946554,1.0009825716449916
6.441949440227743,6.167258789770993,0.00599215053435298,1.0009725517308719
6.250101917991394,6.167223698702289,0.00595705946564884,1.0009668562999225
6.058254395755055,6.166954665687021,0.00568802645038069,1.0009231910877152
5.866406873518717,6.166415300152671,0.005148660916031389,1.0008356497482584
5.6737359713586155,6.165865538587785,0.004598899351145214,1.000746421088459
5.6737359713586155,6.165512026660304,0.004245387423663871,1.0006890445864862
5.48271182904604,6.1651110761450365,0.0038444369083965313,1.000623968598261
5.290040926885938,6.1650967816030535,0.003830142366413547,1.0006216485327906
5.09819340464959,6.1652332473664115,0.003966608129771565,1.0006437975114584
4.906345882413251,6.165162413244273,0.0038957740076330793,1.0006323008296416
4.714498360176912,6.164893382461831,0.003626743225191298,1.0005886359798317
4.522650837940573,6.1643520676717545,0.003085428435114501,1.0005007782678104
4.329979935780472,6.163807504122137,0.002540864885497207,1.0004123932681823
4.138955793467896,6.163608653244274,0.002342014007633786,1.000380118917873
4.138955793467896,6.163548217385497,0.0022815781488567666,1.0003703099187962
3.9471082712315466,6.163480634255723,0.00221399501908337,1.0003593408869833
3.7544373690714457,6.163346119980915,0.0020794807442747754,1.0003375086432766
3.5617664669113442,6.163281135858779,0.002014496622138928,1.00032696144155
3.370742324598768,6.163385109561067,0.002118470324426802,1.000343836819354
3.1731311428961027,6.163421500133588,0.002154860896948385,1.000349743165346
2.9804602407360012,6.16340590385496,0.002139264618319814,1.0003472118224355
2.789436098423415,6.163329873950381,0.0020632347137405915,1.000334871842845
2.5975885761870763,6.16331037692748,0.0020437376908404303,1.0003317073924094
2.5975885761870763,6.163294130896946,0.0020274916603062465,1.0003290705919776
2.404917674026975,6.1632343470229,0.00196770778626032,1.0003193674128188
2.213070151790636,6.163027699122136,0.001761059885495797,1.0002858275722528
2.0212226295542974,6.162741120572519,0.0014744813358786857,1.0002393146445714
1.8293751073179587,6.162880185343512,0.0016135461068715884,1.0002618854533247
1.6325873055390454,6.1625637137404565,0.0012970745038165532,1.000210520754865
1.4407397833027067,6.16213287240458,0.0008662331679403223,1.0001405933582592
1.2480688811426055,6.162321974770991,0.0010553355343514426,1.0001712854833502
1.0562213589062668,6.162507828377861,0.0012411891412211773,1.0002014503208345
1.0562213589062668,6.16234666980916,0.0010800305725195969,1.0001752935939572
0.8643738366699282,6.162239445114503,0.000972805877863081,1.0001578905661488
0.672526314433579,6.162177062232824,0.000910422996184046,1.0001477655569044
0.47985541227347783,6.1621439204198465,0.000877281183206513,1.0001423864985195
0.28800789003713917,6.16188268442748,0.000616045190840353,1.0000999867765692
0.09698374772456289,6.16126663923664,0.0,1.0
-0.09568715443553827,6.161012552748092,-0.00025408648854785554,0.9999587606731821
-0.2924749562144517,6.161369963187023,0.00010332395038314957,1.000016769920283
-0.48432247845079035,6.161873587900764,0.0006069486641235855,1.0000985103712698
-0.48432247845079035,6.162149118435114,0.000882479198473618,1.0001432301586908
-0.6769933806108915,6.1623382208015265,0.0010715815648865146,1.0001739222837822
-0.8688409028472303,6.162321974770991,0.0010553355343514426,1.0001712854833502
-1.0606884250835689,6.162224498587785,0.0009578593511454514,1.0001554646807598
-1.2525359473199076,6.162133522156489,0.0008668829198485994,1.0001406988157806
-1.4443834695562463,6.1623557663358755,0.0010891270992354762,1.0001767699992563
-1.6362309917925955,6.162678085706106,0.0014114464694658935,1.0002290838154086
-1.8289018939526966,6.162627398358778,0.0013607591221376225,1.0002208570415492
-2.020749416189035,6.162625449103053,0.0013588098664127912,1.000220540668985
-2.020749416189035,6.162709928015266,0.001443288778625984,1.0002342519587506
-2.212596938425374,6.1628320970038155,0.0015654577671755376,1.0002540805095508
-2.4044444606617126,6.162873038072518,0.0016063988358778758,1.0002607254205893
-2.597115362821814,6.162750866851145,0.0014842276145046185,1.0002408965073923
-2.7881395051344007,6.163127124561068,0.0018604853244283959,1.0003019647474076
-2.9799870273707394,6.163476735744274,0.0022100965076337076,1.000358708141855
-3.171834549607078,6.163531321603052,0.002264682366411641,1.0003675676608426
-3.364505451767179,6.163717175209923,0.002450535973283152,1.000397732498327
-3.5555295940797658,6.163823100400762,0.0025564611641222257,1.0004149246110925
-3.7482004962398667,6.163910828072518,0.002644188835877692,1.000429163188465
-3.7482004962398667,6.163739920992365,0.002473281755724699,1.0004014242363695
-3.9400480184762054,6.163903028816794,0.002636389580153775,1.0004278973358116
-4.131895540712544,6.1642857840458,0.0030191448091603235,1.0004900201510407
-4.324566442872645,6.1643800092366385,0.003113369999998561,1.0005053133036268
-4.516413965108984,6.164466437404579,0.0031997981679392495,1.000519340965957
-4.70743810742156,6.1644547418702285,0.0031881026335884854,1.0005174427305719
-4.900109009581661,6.164283185038167,0.003016545801527215,1.0004895983209552
-5.091133151894238,6.1644047042748085,0.0031380650381684916,1.000509321414234
-5.283804054054339,6.164612651679388,0.003346012442747792,1.0005430721698423
-5.283804054054339,6.164907679236641,0.0036410400000006504,1.0005909564076994
-5.4756515762906774,6.1653294218129755,0.004062782576335522,1.0006594070366088
-5.667499098527016,6.165781059675572,0.004514420438932021,1.0007327097986936
-5.859346620763376,6.166271687118319,0.00500504788167877,1.0008123407368552
-6.056957802466031,6.166774662080151,0.005508022843510929,1.0008939757303206
-6.24880532470237,6.167070986908397,0.005804347671756638,1.0009420705208232
-6.441476226862471,6.167315324885495,0.006048685648854857,1.0009817276224235
-6.6333237490988095,6.167453742137404,0.006187102900764074,1.0010041933360525
-6.824347891411406,6.167950867099236,0.006684227862596259,1.0010848788494284
-6.824347891411406,6.168457090820609,0.007190451583968915,1.0011670411305003
-7.016195413647745,6.168619548893128,0.007352909656487938,1.0011934087724206
-7.208042935884084,6.168682583759542,0.0074159445229016185,1.0012036396015838
-7.400713838044185,6.168520773206106,0.007254133969466281,1.0011773770547878
-7.5925613602805235,6.168354416622136,0.007087777385495819,1.001150376667739
-7.784408882516862,6.168878185877862,0.007611546641221878,1.0012353866642858
-7.976256404753201,6.169663838645037,0.008397199408396894,1.0013629014779073
-8.16810392698954,6.170238295248091,0.008971656011451223,1.0014561382483136
-8.36077482914964,6.17068668211832,0.009420042881679969,1.0015289133603942
-8.551798971462217,6.170909576049618,0.009642936812977787,1.0015650900013917
-8.551798971462217,6.171057739580153,0.009791100343512937,1.0015891375778416
-8.744469873622318,6.17124424293893,0.009977603702290061,1.001619407872847
-8.936317395858657,6.171892780190839,0.010626140954198782,1.0017246682502796
-9.128164918094996,6.172511426622137,0.011244787385496835,1.0018250772193313
-9.320012440331356,6.172883133835876,0.011616494599236304,1.0018854068942997
-9.511859962567694,6.173380258797709,0.012113619561069378,1.0019660924076759
-9.704530864727795,6.173659687843511,0.012393048606870849,1.002011444940225
-9.896378386964134,6.173858538721373,0.012591899484733382,1.0020437192905343
-10.088225909200473,6.174351765171755,0.013085125935115016,1.0021237720587817
-10.088225909200473,6.174967812595419,0.013701173358779073,1.0022237591977479
-10.280073431436811,6.175439592767174,0.014172953530533938,1.0023003311429952
-10.47192095367315,6.175802203454197,0.01453556421755664,1.0023591844126645
-10.664591855833251,6.175964011774809,0.014697372538169162,1.0023854465970636
-10.855615998145828,6.175927621202288,0.014660981965648467,1.0023795402510716
-11.047463520382166,6.176045891679388,0.014779252442748358,1.0023987360567437
-11.239311042618505,6.176376008072518,0.015109368835878101,1.0024523153631524
-11.431158564854844,6.176997253511449,0.015730614274809263,1.0025531461622894
-11.623829467014966,6.177920021793891,0.01665338255725146,1.0027029154121
-11.623829467014966,6.17855621375954,0.017289574522900253,1.0028061720966264
-11.815676989251305,6.17874726538168,0.017480626145039757,1.0028371805942822
-12.007524511487643,6.178680981755725,0.01741434251908469,1.0028264224775123
-12.200195413647744,6.178961062786258,0.017694423549618143,1.00287188082998
-12.39121955596032,6.179371759580151,0.018105120343511416,1.002938538681026
-12.583890458120422,6.179897478091602,0.018630838854962306,1.0030238650501369
-12.762563901576582,6.180479081965647,0.019212442729006796,1.0031182618532781
-12.762563901576582,6.180798802328242,0.019532163091602328,1.0031701538393447
-12.762563901576582,6.180971008912212,0.019704369675571876,1.0031981037064828
-12.762563901576582,6.181115273931297,0.019848634694657363,1.0032215185378046
-12.762563901576582,6.18090992553435,0.019643286297710283,1.0031881896122814
-12.762563901576582,6.180916423053434,0.019649783816793942,1.0031892441874952
-12.762563901576582,6.180904075534349,0.01963743629770942,1.0031872401321917
-12.762563901576582,6.180979457919846,0.019712818683205846,1.003199475016658
-12.762563901576582,6.181093180133586,0.01982654089694602,1.00321793261968
-12.762563901576582,6.1810177977480905,0.019751158511450484,1.003205697735214
-12.762563901576582,6.180877433473281,0.019610794236641027,1.0031829160114178
-12.762563901576582,6.180911874790076,0.019645235553436002,1.0031885059848458
-12.762563901576582,6.1810996776526705,0.01983303841603057,1.003218987194894
-12.762563901576582,6.181350515381678,0.020083876145037927,1.0032596992341052
-12.762563901576582,6.181455138835878,0.02018849959923763,1.003276680069431
-12.762563901576582,6.18124979043893,0.019983151202289662,1.0032433511439078
