Angle (degree),rho (mOhm cm),Delta rho (mOhm cm),rho/rho(theta=0)
107.32294688963948,5.438198517723952,-0.12484885558192982,0.9775574703568024
107.32294688963948,5.438197937377953,-0.12484943592792863,0.9775573660352032
107.32294688963948,5.4382757137134154,-0.12477165959246594,0.9775713469219803
107.32294688963948,5.43838018995347,-0.12466718335241112,0.9775901273193137
107.32294688963948,5.438380770299469,-0.1246666030064123,0.977590231640913
107.32294688963948,5.438377288223474,-0.12467008508240696,0.977589605711317
107.15950046106805,5.4383592955031865,-0.12468807780269486,0.9775863713832446
107.15950046106805,5.438325049106289,-0.12472232419959273,0.9775802153334036
106.99099153249662,5.438392379213768,-0.12465499409211311,0.9775923184313932
106.8224826039252,5.438375547185477,-0.12467182612040428,0.9775892927465191
106.65397367535377,5.43826700852343,-0.12478036478245169,0.9775697820979906
106.48474153249663,5.438086496985908,-0.12496087631997366,0.9775373337786777
106.3162326039252,5.437876383813799,-0.12517098949208272,0.9774995643408122
106.14772367535377,5.437578046083927,-0.12546932722195425,0.9774459358688882
105.97415224678234,5.437085268512556,-0.12596210479332548,0.9773573553592675
105.80564331821091,5.436669684936334,-0.12637768836954777,0.9772826510563316
105.80564331821091,5.436229144487831,-0.12681822881805083,0.9772034605661306
105.63713438963948,5.435507098337747,-0.12754027496813425,0.9770736672888798
105.46790224678234,5.434487877144107,-0.12855949616177398,0.976890454541397
105.30011653249663,5.433840707593807,-0.12920666571207473,0.9767741209014201
105.13088438963946,5.433447181154183,-0.12960019215169805,0.9767033815362456
104.96309867535375,5.4329840032230825,-0.1300633700827989,0.976620121786684
104.79458974678232,5.432378622573353,-0.1306687507325286,0.976511300018846
104.62101831821091,5.431748283057027,-0.131299090248854,0.9763979917052498
104.45178617535377,5.431092986668423,-0.1319543866374584,0.9762801972043887
104.45178617535377,5.430251955628308,-0.1327954176775732,0.9761290154898217
104.28327724678235,5.429325021414425,-0.1337223518914561,0.9759623920275928
104.11042903249663,5.428568150515763,-0.1344792227901186,0.9758263387373954
103.9419201039252,5.4278362364893775,-0.13521113681650387,0.9756947716344624
103.77268796106806,5.4270190016295405,-0.13602837167634085,0.9755478674639607
103.60417903249663,5.426305662663761,-0.13674171064212004,0.9754196393691934
103.4356701039252,5.425642239436855,-0.1374051338690263,0.9753003840074487
103.26716117535375,5.42490800602079,-0.13813936728509102,0.975168399976612
103.09865224678232,5.4240780015546575,-0.13896937175122392,0.9750192003724317
103.09865224678232,5.423283404177418,-0.13976396912846312,0.9748763654612908
102.9301433182109,5.422735485758865,-0.14031188754701596,0.97477787296576
102.75657188963949,5.422025048523081,-0.1410223247828002,0.9746501664789893
102.58733974678233,5.421282107922713,-0.14176526538316825,0.9745166172656691
102.4195540324966,5.420486928205161,-0.1425604451007203,0.9743736776744357
102.25032188963947,5.419730637652498,-0.1433167356533831,0.9742377287058377
102.08181296106804,5.419034130715007,-0.14401324259087467,0.9741125262959438
101.91330403249661,5.418252883290067,-0.14479449001581468,0.9739720911400814
101.74479510392518,5.417440871544222,-0.14560650176165968,0.9738261258639738
101.57628617535376,5.4166068046560945,-0.14644056864978694,0.9736761960085981
101.57628617535376,5.4158685068237205,-0.14717886648216094,0.9735434813680728
101.40705403249662,5.415272994050291,-0.14777437925559056,0.9734364334259166
101.23854510392519,5.414683865082853,-0.1483635082230288,0.9733305330213532
101.06931296106805,5.4139705261170725,-0.14907684718880887,0.9732023049265858
100.90152724678234,5.413228746208702,-0.1498186270971793,0.9730689643564642
100.73301831821091,5.412376686600287,-0.15067068670559447,0.972915800173016
100.56450938963948,5.41153159114386,-0.15151578216202122,0.9727638878487598
100.39600046106806,5.410774720245198,-0.15227265306068372,0.9726278345585624
100.22749153249661,5.409990569095944,-0.15305680420993717,0.9724868774362095
100.22749153249661,5.409159986278127,-0.15388738702775395,0.9723375738689234
100.05898260392519,5.408212735965644,-0.1548346373402376,0.9721672984337313
99.88975046106805,5.40732062650034,-0.15572674680554144,0.972006934984449
99.72196474678233,5.406477854422226,-0.15656951888365533,0.9718554403050836
99.5534558182109,5.405799340205026,-0.15724803310085544,0.9717334722232628
99.38422367535377,5.405077874400942,-0.15796949890493917,0.9716037832676113
99.21571474678234,5.404189249005949,-0.1588581242999325,0.9714440461064184
99.04720581821091,5.403406258548693,-0.15964111475718834,0.9713032976272642
98.87869688963949,5.402701626767215,-0.16034574653866596,0.9711766347149801
98.87869688963949,5.402001635759416,-0.16104573754646534,0.9710508060169973
98.71018796106806,5.40134866075481,-0.16169871255107182,0.970933428802534
98.54167903249663,5.400658539617626,-0.1623888336882553,0.9708093742887265
98.3731701039252,5.399835499303483,-0.163211874002398,0.9706614265437383
98.20466117535375,5.39896370593678,-0.16408366736910107,0.9705047150674194
98.03542903249661,5.398204513654122,-0.1648428596517597,0.9703682444908247
97.86692010392518,5.397387278794286,-0.1656600945115958,0.9702213403203231
97.69768796106804,5.396679162942497,-0.16636821036338478,0.9700940511199495
97.52990224678233,5.396108026695347,-0.16693934661053422,0.9699913850434588
97.3613933182109,5.395400493183875,-0.1676468801220068,0.9698642005231781
97.3613933182109,5.394594865244021,-0.1684525080618604,0.9697193827846632
97.19216117535376,5.393694630934729,-0.16935274237115205,0.9695575588329903
97.02437546106805,5.393044557660119,-0.1700028156457627,0.9694407032265236
96.85586653249662,5.392526240876153,-0.17052113242972844,0.9693475318495455
96.68591117535377,5.3918604962652505,-0.17118687704063085,0.9692278592014035
96.51812546106805,5.39111233255089,-0.17193504075499177,0.9690933710936892
96.34961653249663,5.390600399572915,-0.17244697373296614,0.9690013472543039
96.18110760392518,5.39032121525533,-0.17272615805055125,0.9689511617536509
96.01259867535376,5.389622386933845,-0.1734249863720363,0.9688255420573604
96.01259867535376,5.388726795392546,-0.17432057791333566,0.968664552678482
95.84408974678233,5.387844553803544,-0.17520281950233763,0.9685059630548819
95.6755808182109,5.387142823752064,-0.17590454955381762,0.9683798217505948
95.50634867535376,5.386458506074871,-0.1765888672310103,0.9682568104527804
95.33856296106805,5.385766641905375,-0.17728073140050604,0.9681324426156818
95.16933081821091,5.385135141697051,-0.17791223160882996,0.9680189256588868
95.00082188963948,5.384613342837092,-0.17843403046878947,0.9679251283523128
94.83158974678233,5.384147263175995,-0.17890011012988616,0.9678413469947545
94.6630808182109,5.383684667585212,-0.1793627057206697,0.9677581919252861
94.6630808182109,5.383193629057521,-0.17985374424836031,0.9676699240219698
94.49457188963947,5.382514534494321,-0.18053283881156013,0.9675478516185496
94.32606296106805,5.381888259394306,-0.18115911391157535,0.9674352739146421
94.15755403249662,5.381385613946634,-0.18166175935924755,0.9673449195793395
93.98904510392518,5.3812950680048734,-0.18175230530100794,0.9673286432588835
93.82053617535375,5.381012981957292,-0.18203439134858979,0.9672779361502337
93.65202724678232,5.380234055916346,-0.18281331738953543,0.9671379182807682
93.48207188963947,5.37970645160208,-0.18334092170380156,0.9670430773997076
93.31500938963947,5.379602555708024,-0.18344481759785758,0.9670244013239736
93.14577724678233,5.379161434913524,-0.18388593839235767,0.9669451065121737
93.14577724678233,5.378550831149801,-0.18449654215608025,0.9668353458499416
92.97799153249662,5.378013939305231,-0.1850334340006503,0.966738835464798
92.80948260392519,5.377594295301329,-0.18545307800455202,0.96666340126916
92.64025046106805,5.377225145387984,-0.18582222791789782,0.9665970437696504
92.47174153249662,5.377003425295894,-0.18604394800998758,0.9665571878997986
92.30250938963948,5.376840326132663,-0.18620704717321868,0.9665278695869591
92.12966117535376,5.376617443354258,-0.18642992995162366,0.9664878047154151
91.96115224678233,5.376185610090059,-0.18686176321582249,0.9664101794076978
91.96115224678233,5.375702118054673,-0.18734525525120826,0.9663232680436663
91.7875808182109,5.37527957032646,-0.18776780297942164,0.9662473118815382
91.61907188963947,5.375046819671753,-0.1880005536341285,0.9662054731843119
91.44622367535376,5.374956856070309,-0.18809051723557246,0.9661893015439489
91.27699153249661,5.374886624232834,-0.18816074907304703,0.9661766768379628
91.10848260392518,5.374758349818183,-0.18828902348769816,0.96615361853807
90.93997367535376,5.374515733281492,-0.18853164002438927,0.9661100063736554
90.77146474678233,5.3742249420439245,-0.18882243126195686,0.966057734441016
90.6029558182109,5.374089703477284,-0.1889576698285973,0.9660334242819313
90.6029558182109,5.374041528776409,-0.189005844529472,0.9660247645137068
90.43444688963947,5.374216817199937,-0.18883055610594468,0.9660562739386254
90.26521474678233,5.3744576926986305,-0.1885896806072509,0.966099573138242
90.0967058182109,5.374239452688219,-0.18880792061766272,0.9660603428394926
89.92819688963948,5.373890618873475,-0.18915675443240598,0.9659976373129466
89.75968796106805,5.373881913683489,-0.18916545962239262,0.9659960724889568
89.59117903249663,5.374054878728704,-0.18899249457717726,0.9660271642689846
89.4226701039252,5.37413091402617,-0.188916459279711,0.966040832190964
89.25343796106806,5.374195340409337,-0.18885203289654395,0.9660524133224634
89.08565224678233,5.3742348099202255,-0.18881256338565588,0.966059508266698
89.08565224678233,5.3743584395725685,-0.18868893373331286,0.9660817316353028
88.91642010392518,5.374543593878083,-0.1885037794277986,0.9661150145274102
88.74863438963948,5.374899974185131,-0.1881473991207505,0.9661790765932409
88.57940224678232,5.375094996366944,-0.18795237693893707,0.96621413331103
88.4108933182109,5.375193086806695,-0.18785428649918678,0.9662317658122777
88.24238438963947,5.375438605073381,-0.18760876823250072,0.9662758995846888
88.07315224678233,5.375696312600366,-0.18735106070551577,0.9663222244691796
87.9046433182109,5.375882049246194,-0.18716532405968778,0.9663556120413795
87.73685760392519,5.376012062704527,-0.18703531060135425,0.966378982947577
87.73685760392519,5.376199540388354,-0.18684783291752716,0.9664126834845752
87.56834867535376,5.376468854835322,-0.18657851847055973,0.9664610948010526
87.39911653249662,5.376708569642016,-0.18633880366386535,0.9665041853574703
87.2306076039252,5.377038830390472,-0.1860085429154097,0.9665635522343444
87.06209867535377,5.3774602174266874,-0.18558715587919394,0.966639299753274
86.89358974678233,5.3777974423271315,-0.18524993097874987,0.9666999184893398
86.7250808182109,5.378031932025519,-0.1850154412803624,0.9667420697928705
86.55657188963947,5.37835232689199,-0.184695046413891,0.9667996632025561
86.38733974678233,5.378831174165067,-0.18421619914081422,0.9668857396352994
86.38733974678233,5.3792931914041695,-0.1837541819017119,0.9669687907416624
86.2188308182109,5.379720381900375,-0.18332699140550623,0.967045581476585
86.04598260392518,5.380162663386875,-0.18288470991900674,0.9671250849315838
85.87747367535376,5.380658344682557,-0.18238902862332473,0.9672141874076944
85.70390224678233,5.381148800869933,-0.18189857243594876,0.967302350630918
85.53539331821091,5.381651446317606,-0.18139592698827567,0.9673927049662208
85.36616117535377,5.382363044245388,-0.1806843290604938,0.96752062009619
85.19837546106804,5.383049104954894,-0.1799982683509871,0.9676439447172959
85.0291433182109,5.3835296932659675,-0.17951768003991386,0.9677303341148371
85.0291433182109,5.384083417138828,-0.17896395616705352,0.9678298701848547
84.86063438963947,5.386554855476622,-0.17649251782925912,0.9682741299892298
84.69212546106804,5.388342556483223,-0.1747048168226586,0.9685954828173899
84.52361653249662,5.387860225139837,-0.17518714816604408,0.9685087800965574
84.35510760392519,5.38733262082557,-0.1757147524803111,0.9684139392154967
84.18659867535376,5.387417363307339,-0.1756300099985424,0.9684291723199594
84.01808974678234,5.387951931773595,-0.17509544153228607,0.9685252650602121
83.8488576039252,5.38853699831904,-0.1745103749868413,0.9686304352135802
83.68034867535377,5.389127287978476,-0.17392008532740544,0.9687365442613421
83.51183974678234,5.389729764903897,-0.17331760840198474,0.9688448440626906
83.51183974678234,5.390454712783974,-0.17259266052190725,0.9689751589479377
83.34333081821092,5.391197073038343,-0.171850300267538,0.9691086038396587
83.17482188963949,5.391928987064727,-0.1711183862411545,0.9692401709425915
83.00631296106803,5.392820514189716,-0.1702268591161653,0.969400429711781
82.8370808182109,5.393515280089208,-0.16953209321667373,0.9695253191568765
82.66929510392518,5.394205403220706,-0.16884197008517532,0.9696493740291772
82.50006296106804,5.394931511792784,-0.16811586151309754,0.9697798975576234
82.33155403249661,5.3957133395637245,-0.16733403374215694,0.9699204370350855
82.16304510392519,5.3964516373961,-0.16659573590978116,0.9700531516756111
82.16304510392519,5.397086619680417,-0.16596075362546436,0.9701672945620017
81.99453617535376,5.3977639732056195,-0.16528340010026188,0.9702890540006239
81.82602724678233,5.39853941717057,-0.16450795613531177,0.9704284459404933
81.6575183182109,5.399392057124985,-0.16365531618089602,0.9705817144455409
81.48900938963948,5.400251082879707,-0.16279629042617483,0.9707361308466744
81.32050046106805,5.401052066057252,-0.16199530724862932,0.9708801136539015
81.15126831821091,5.401797908387614,-0.1612494649182672,0.971014184475218
80.98275938963948,5.402548973831969,-0.1604983994739122,0.9711491941909287
80.81425046106806,5.4032710199820535,-0.1597763533238279,0.9712789874681798
80.81425046106806,5.403710980084554,-0.1593363932213272,0.9713580736367807
80.64574153249661,5.404481781281514,-0.1585655920243676,0.971496631003856
80.47723260392519,5.405554982630336,-0.15749239067554566,0.9716895470940499
80.30800046106805,5.406528350507099,-0.15651902279878271,0.9718645173597057
80.13949153249662,5.407322367538338,-0.15572500576754322,0.9720072479492472
79.9709826039252,5.408111161455585,-0.1549362118502966,0.9721490396443947
79.80247367535377,5.409034033247473,-0.15401334005840805,0.972314932855428
79.63396474678234,5.40983385573302,-0.15321351757286106,0.9724587070194564
79.46545581821091,5.410508307528226,-0.1525390657776553,0.9725799448500817
79.29694688963949,5.411031847426184,-0.15201552587969758,0.9726740551214539
79.29694688963949,5.411681340354796,-0.15136603295108575,0.9727908064063212
79.12843796106804,5.412441693329453,-0.1506056799764286,0.9729274856261146
78.95992903249662,5.413236292701008,-0.14981108060487358,0.9730703208957491
78.79069688963948,5.414081966509116,-0.14896540679676562,0.9732223371831109
78.62218796106804,5.414958984984127,-0.14808838832175475,0.9733799879123172
78.45367903249661,5.415807562516547,-0.14723981078933424,0.9735325261661693
78.28517010392518,5.416681679261562,-0.1463656940443192,0.9736896552873788
78.11666117535376,5.417468151794813,-0.14557922151106872,0.9738310296961291
77.94742903249661,5.418218058541485,-0.14482931476439642,0.9739658311271344
77.94742903249661,5.418960418795854,-0.14408695451002718,0.9740992760188554
77.7796433182109,5.419648218549041,-0.14339915475684073,0.9742229132462654
77.61041117535376,5.420401607371709,-0.142645765934172,0.9743583406068671
77.43756296106804,5.42118343514265,-0.1418639381632314,0.974498880084329
77.26905403249661,5.4218956134164324,-0.14115175988944895,0.974626899535898
77.10054510392519,5.422701819707968,-0.14034555359791323,0.9747718212375186
76.92697367535376,5.423573615068987,-0.13947375823689434,0.974928533072331
76.75846474678232,5.424416387147101,-0.13863098615878044,0.9750800277516964
76.58923260392518,5.4253317144410005,-0.1377156588648809,0.9752445647819385
76.58923260392518,5.4262081525700125,-0.13683922073586885,0.9754021111895456
76.42000046106804,5.426817595641736,-0.13622977766414568,0.9755116632085787
76.25221474678233,5.427461863462041,-0.13558550984384077,0.975627475240559
76.0837058182109,5.427994112538616,-0.13505326076726565,0.9757231510529076
75.91519688963947,5.42859717180435,-0.1344502015015312,0.9758315555343485
75.74668796106805,5.429395831603581,-0.1336515417023003,0.9759751206966845
75.57817903249662,5.430132388397959,-0.13291498490792275,0.976107522372412
75.40894688963948,5.430786524094565,-0.13226084921131598,0.9762251082300745
75.23609867535376,5.431386099289988,-0.13166127401589378,0.9763328864234256
75.23609867535376,5.43200076747002,-0.13104660583586103,0.9764433776953466
75.06686653249662,5.432729197426093,-0.130318175879788,0.9765743185101899
74.8990808182109,5.433504061045046,-0.12954331226083582,0.9767136061284601
74.73057188963948,5.4342945960002895,-0.12875277730559187,0.9768557107884056
74.56133974678234,5.435023608296678,-0.12802376500920332,0.9769867562833419
74.39283081821091,5.4356220228001035,-0.12742535050577786,0.9770943258334946
74.22432188963947,5.436291249487001,-0.1267561238188808,0.9772146244112325
74.05581296106804,5.437000526030787,-0.1260468472750942,0.9773421222548048
73.88730403249662,5.4375571516336425,-0.1254902216722389,0.9774421799328188
73.88730403249662,5.438326211792605,-0.12472116151327661,0.977580424335096
73.71879510392519,5.439272879764774,-0.12377449354110759,0.9777505950901954
73.54956296106805,5.440131325173495,-0.1229160481323861,0.9779049071697294
73.37671474678233,5.440981643743913,-0.12206572956196826,0.9780577583883795
73.2082058182109,5.441741996718572,-0.12130537658730933,0.9781944376081733
73.03897367535376,5.4423752379648915,-0.12067213534098986,0.9783082675297659
72.87046474678233,5.4430020934109065,-0.12004527989497493,0.9784209495552728
72.7019558182109,5.44366783802181,-0.11937953528407164,0.9785406222034149
72.53344688963948,5.444364925305299,-0.11868244800058214,0.9786659289349078
72.53344688963948,5.445117153435968,-0.1179302198699137,0.9788011476523104
72.36493796106805,5.445864736804329,-0.11718263650155247,0.9789355314384253
72.19642903249662,5.446521774230929,-0.11652559907495252,0.9790536389040839
72.02719688963947,5.4471068407763745,-0.11594053252950687,0.9791588090574522
71.85941117535377,5.447690746629821,-0.11535662667606061,0.9792637705676216
71.69017903249662,5.448491147467052,-0.11455622583882974,0.9794076486947559
71.52167010392519,5.4492944520285915,-0.11375292127728986,0.97955204878838
71.35316117535376,5.449856300745439,-0.11319107256044258,0.9796530453607879
71.18465224678233,5.450497088484064,-0.11255028482181739,0.9797682318216655
71.01614331821091,5.451292846553301,-0.11175452675258057,0.979911275376005
71.01614331821091,5.453302849992308,-0.10974452331357298,0.98027258875411
70.84763438963947,5.454163036439028,-0.10888433686685328,0.9804272137984423
70.67912546106804,5.454333099754248,-0.10871427355163377,0.9804577839704735
70.51061653249661,5.4546999262892815,-0.10834744701659993,0.9805237238250923
70.34210760392519,5.455417908023054,-0.10762946528282757,0.9806527864926543
70.17287546106805,5.456269969625786,-0.1067774036800957,0.9808059510345959
70.00436653249662,5.457097070367608,-0.10595030293827357,0.9809546286722862
69.83585760392519,5.457837689583978,-0.10520968372190342,0.9810877605992088
69.66662546106805,5.458805254000748,-0.10424211930513305,0.981261687648871
69.66662546106805,5.459636419158879,-0.10341095414700252,0.9814110958962498
69.49883974678234,5.4602586318369,-0.10278874146898165,0.9815229433489618
69.3296076039252,5.4609272781778,-0.10212009512808162,0.9816431376051008
69.16182188963947,5.461667317048173,-0.10138005625770852,0.9817761652104244
68.99331296106804,5.462417802146528,-0.10062957115935323,0.9819110706045358
68.81901831821091,5.463186862305489,-0.09986051100039273,0.9820493150068126
68.6512326039252,5.463975656222736,-0.09907171708314522,0.9821911067019602
68.48200046106805,5.464747037765693,-0.09830033554018858,0.9823297683906342
68.31349153249661,5.465405818224606,-0.09764155508127548,0.9824481891795843
68.31349153249661,5.466119157190387,-0.09692821611549451,0.9825764172743519
68.14498260392519,5.466973538182799,-0.09607383512308232,0.9827299987441973
67.97647367535376,5.4678691297240976,-0.09517824358178384,0.9828909881230755
67.80796474678233,5.46873395893881,-0.09431341436707097,0.9830464477402024
67.6394558182109,5.469589502617536,-0.09345787068834532,0.9832002382117399
67.46588438963947,5.470510053025429,-0.09253732028045203,0.9833657141363761
67.29737546106804,5.471406805258726,-0.09164056804715504,0.983526912158453
67.12886653249662,5.472301816454024,-0.09074555685185715,0.9836877972157316
66.95963438963948,5.473280987790779,-0.08976638551510252,0.9838638106973807
66.95963438963948,5.474243909439555,-0.0888034638663262,0.9840369031742482
66.78967903249662,5.475219598700313,-0.08782777460556801,0.984212290726301
66.62261653249661,5.476038574598147,-0.08700879870773459,0.9843595078616005
66.45410760392518,5.476802991989114,-0.08624438131676726,0.9844969176910827
66.28559867535375,5.4776422819912325,-0.0854050913146489,0.984647786440852
66.11708974678233,5.478579664427416,-0.08446770887846533,0.9848162880503623
65.94351831821089,5.479794488148871,-0.08325288515701068,0.9850346618372339
65.77500938963946,5.480733611623051,-0.08231376168283067,0.9852034764115418
65.60650046106804,5.480747541921348,-0.08229983138453356,0.9852059804884196
65.60650046106804,5.481464362963121,-0.08158301034276061,0.9853348345127826
65.43799153249661,5.482554396340237,-0.08049297696564484,0.9855307762878511
65.26948260392518,5.483586967486172,-0.07946040581970948,0.9857163887906119
65.10025046106804,5.484599804873822,-0.07844756843205936,0.985898454000502
64.93174153249662,5.485609740531478,-0.0774376327744033,0.9860799976023958
64.76323260392519,5.486715445244884,-0.07633192806099753,0.9862787564191393
64.59472367535376,5.48791169590005,-0.07513567740583138,0.9864937915563388
64.42621474678234,5.488973868680573,-0.07407350462530804,0.9866847251776522
64.25770581821091,5.489986706068224,-0.07306066723765703,0.9868667903875425
64.25770581821091,5.491018696868162,-0.0720286764377196,0.987052298568704
64.08919688963948,5.492119758813576,-0.07092761449230522,0.9872502228126532
63.92068796106804,5.493178447523788,-0.06986892578209325,0.9874405301458771
63.75217903249661,5.494176193921145,-0.06887117938473608,0.9876198826356913
63.57788438963948,5.495201800915092,-0.06784557239078914,0.9878042432792602
63.41009867535376,5.496254105819315,-0.06679326748656678,0.9879934030748916
63.24086653249662,5.497359230186723,-0.06568814311915805,0.988192057570036
63.07235760392519,5.498424887037557,-0.06462248626832423,0.9883836174794388
62.90384867535376,5.499411604866615,-0.06363576843926655,0.9885609875003724
62.90384867535376,5.500531239878315,-0.06251613342756634,0.988762250393993
62.73100046106806,5.501676412108295,-0.06137096119758656,0.9889681037964779
62.5617683182109,5.502728138660835,-0.060319234645046294,0.9891571596290036
62.393259389639475,5.503647526382414,-0.059399846923467337,0.9893224265519478
62.22475046106805,5.504605224917199,-0.058442148388682114,0.9894945801344215
62.056241532496614,5.505636055025137,-0.057411318280744084,0.9896798796723841
61.88773260392519,5.506557764130712,-0.05648960917516899,0.9898455638817255
61.71850046106805,5.507501532367202,-0.05554584093867909,0.9900152133873218
61.55071474678233,5.508589242366004,-0.05445813093987706,0.9902107375174993
61.55071474678233,5.5096142690139525,-0.053433104291928935,0.9903949938394689
61.377143318210905,5.510654966998192,-0.05239240630768904,0.9905820672031138
61.20863438963947,5.511746741413304,-0.05130063189257772,0.99077832194298
61.04012546106805,5.51295402063677,-0.05009335266911119,0.9909953395490604
60.8708933182109,5.514140983761634,-0.0489063895442472,0.9912087051821771
60.70238438963948,5.515318081004514,-0.047729292301367465,0.9914202973481054
60.53387546106805,5.516551477792257,-0.04649589551362432,0.991642009784649
60.36030403249662,5.517824924436887,-0.04522244886899429,0.9918709214870265
60.191795103925195,5.5190501963806415,-0.043997176925239856,0.9920911734211794
60.191795103925195,5.520152999364053,-0.04289437394182816,0.9922894106299264
60.02328617535376,5.521278437835746,-0.04176893547013538,0.9924917167395406
59.854777246782334,5.52245959750062,-0.040587775805261295,0.9927040391566643
59.68626831821091,5.523774835040134,-0.03927253826574706,0.9929404630896737
59.51775938963948,5.525131861480221,-0.03791551182566,0.9931843988948222
59.34852724678233,5.526332174557381,-0.03671519874850038,0.993400164283217
59.180018318210905,5.5274576150233905,-0.03558975828249089,0.9936024707513247
59.01150938963948,5.5286004658693715,-0.03444690743650991,0.9938079068674118
58.843000461068044,5.529799618254534,-0.03324775505134703,0.9940234636126082
58.67449153249662,5.5309093853899345,-0.03213798791594691,0.994222952680547
58.67449153249662,5.532041209661933,-0.031006163643948703,0.994426406686247
58.50525938963948,5.533236299625104,-0.02981107368077751,0.9946412331802484
58.33675046106805,5.534649047258367,-0.028398326047514466,0.9948951852929057
58.16824153249662,5.536018264953067,-0.027029108352814468,0.9951413125686269
57.999732603925196,5.53724469758882,-0.02580267571706152,0.9953617731459784
57.831223675353755,5.5382691418964525,-0.02477823140942892,0.9955459247878552
57.66271474678233,5.539320868448992,-0.02372650485688954,0.9957349806203808
57.4942058182109,5.540423089092087,-0.022624284213794255,0.9959331131490348
57.325696889639474,5.54157000435438,-0.02147736895150132,0.9961392798748111
57.325696889639474,5.54291078110649,-0.02013659219939168,0.9963802946751781
57.15718796106805,5.54415578680853,-0.01889158649735112,0.9966040939022015
56.98867903249662,5.5453566802316905,-0.01769069307419091,0.9968199636121958
56.815107603925185,5.546599364549736,-0.016448008756145605,0.9970433455528221
56.64659867535376,5.5477427957417165,-0.015304577564164923,0.9972488859905089
56.47808974678233,5.549564743145216,-0.013482630160665643,0.9975763948685101
56.309580818210904,5.550834705719535,-0.012212667586346093,0.9978046802827982
56.14034867535376,5.551864955481475,-0.011182417824405988,0.9979898754991617
55.97183974678234,5.552952087128593,-0.01009528617728872,0.9981852956662332
55.97183974678234,5.554117575457175,-0.0089297978487064,0.9983948010416817
55.8033308182109,5.555294092354055,-0.007753280951826369,0.9986062888860106
55.634821889639476,5.5563260831539925,-0.006721290151888937,0.998791797067172
55.46631296106805,5.557385354204521,-0.005662019101360549,0.998982209080489
55.29708081821091,5.558488155193615,-0.00455921811226645,0.9991804459307423
55.12423260392519,5.559669316852806,-0.0033780564530756507,0.9993927687063595
54.95572367535376,5.56079997843849,-0.002247394867391783,0.9995960137103674
54.78649153249662,5.561912647303886,-0.0011347260019958227,0.999796024386303
54.61798260392519,5.563061303604176,1.3930298294440036e-05,1.0000025040768772
54.61798260392519,5.564232597387064,0.00118522408118249,1.0002130530268123
54.45019688963948,5.565465994174807,0.002418620868925636,1.0004347654633559
54.28096474678234,5.566792840628622,0.0037454673227408364,1.0006732761868455
54.11245581821091,5.568173665243302,0.005126291937420646,1.0009214898945529
53.94394688963947,5.5694413064336254,0.006393933127744056,1.0011493580224438
53.77471474678233,5.570648005311092,0.007600632005210883,1.0013662713069247
53.6062058182109,5.571880821752837,0.008833448446955217,1.001587879421869
53.43842010392519,5.572944155225359,0.00989678191947796,1.0017790216863813
53.26918796106805,5.57396047668332,0.01091310337743856,1.001961713184361
53.101402246782335,5.575095781036998,0.012048407731116484,1.0021657927611636
53.101402246782335,5.5763326618950515,0.013285288589170108,1.0023881314857968
52.932170103925195,5.577444752408764,0.01439737910288219,1.002588038198626
52.75932188963947,5.578513889341277,0.015466516035395728,1.0027802236791317
52.59008974678233,5.579562131823506,0.016514758517624628,1.0029686532235678
52.417241532496625,5.580604570845744,0.017557197539862734,1.0031560395520107
52.248732603925184,5.581761932336021,0.018714559030139633,1.003364084066575
52.079500461068044,5.582951218839198,0.019903845533316478,1.0035778673445825
51.91099153249662,5.5840650483965915,0.021017675090710064,1.0037780866637165
51.91099153249662,5.585058732371956,0.022011359066074654,1.0039567089023358
51.74248260392519,5.586032100248718,0.02298472694283671,1.0041316791679913
51.57397367535376,5.586982832637196,0.023935459331315023,1.0043025805327794
51.405464746782336,5.587982900418549,0.024935527112667444,1.0044823503089906
51.23695581821091,5.588962073749619,0.025914700443737892,1.0046583641491331
51.06772367535377,5.589894231077494,0.026846857771612775,1.004825926505756
50.89993796106805,5.59085831341827,0.027810940112388494,1.0049992276258222
50.73142903249662,5.591926870004783,0.02887949669890144,1.0051913087847282
50.56219688963947,5.592946673538739,0.029899300232857584,1.0053746262123038
50.393687961068046,5.593940355519785,0.030892982213903686,1.0055532480924292
50.393687961068046,5.5950518656875,0.03200449238161873,1.0057530504836596
50.22517903249662,5.596133191880311,0.03308581857442938,1.0059474270762443
50.056670103925185,5.597276042726294,0.03422866942041303,1.006152863192332
49.88309867535376,5.598337635160819,0.035290261854937555,1.0063436924920461
49.71458974678233,5.599353954624465,0.03630658131858322,1.0065263836315326
49.5460808182109,5.600240260629776,0.037192887323894475,1.0066857038648211
49.377571889639476,5.601186928601946,0.03813955529606439,1.0068558746199208
49.20906296106804,5.602167262625012,0.039119889319130685,1.0070320971032616
49.040554032496615,5.603046022138019,0.039998648832137995,1.0071900607972657
49.040554032496615,5.603852808775557,0.04080543546967519,1.007335086820486
48.87059867535376,5.604609679674218,0.0415623063683368,1.0074711401106833
48.70281296106805,5.605469866120937,0.04242249281505561,1.0076257651550153
48.53430403249662,5.60645368222,0.04340630891411834,1.0078026135679523
48.365795103925194,5.607482771289941,0.04443539798405993,1.0079876001411172
48.19583974678233,5.608404482389834,0.04535710908395263,1.0081532847089525
48.02877724678233,5.609296591855136,0.04624921854925468,1.0083136481582342
47.859545103925186,5.610130658743263,0.04708328543738194,1.00846357801361
47.69103617535376,5.611008255569956,0.04796088226407491,1.008621332705922
47.69103617535376,5.6119740789487285,0.04892670564284707,1.008794946790786
47.52252724678233,5.612902756194926,0.0498553828890449,1.0089618835763066
47.354018318210905,5.61368226258187,0.05063488927598847,1.009102005767371
47.18550938963948,5.614395021201651,0.05134764789576973,1.0092301295405393
47.017000461068044,5.615135640418023,0.05208826711214165,1.0093632614674621
46.84849153249662,5.615873938250397,0.05282656494451565,1.0094959761079876
46.679259389639476,5.616777074289684,0.05372970098380225,1.009658321667657
46.51075046106805,5.617638421428401,0.05459104812251958,1.0098131553551877
46.342964746782336,5.61851021678942,0.05546284348353847,1.0099698671900001
46.342964746782336,5.6193361568392435,0.056288783533362086,1.0101183361844916
46.173732603925195,5.6202601893231305,0.057212816017249146,1.0102844380387237
46.00522367535377,5.620984556857212,0.057937183551330484,1.0104146486023722
45.83165224678233,5.621600966075239,0.0585535927693579,1.0105254528390906
45.663143318210906,5.622336940529302,0.059289567223420825,1.0106577498347256
45.49463438963948,5.623053761571077,0.060006388265195554,1.010786603859089
45.32612546106805,5.623782773867465,0.06073540056158322,1.010917649354025
45.157616532496625,5.62446128609035,0.061413912784468394,1.0110396170773526
44.989107603925184,5.625154310951845,0.062106937645963534,1.01116419355765
44.819875461068044,5.625888546362225,0.06284117305634318,1.01129617794698
44.819875461068044,5.626596660219698,0.06354928691381634,1.0114234667888604
44.65136653249662,5.6272136497837275,0.06416627647784612,1.0115343753471786
44.48213438963948,5.627780721614567,0.06473334830868538,1.0116363108139805
44.31434867535376,5.628300781430846,0.06525340812496427,1.0117297955142501
44.145839746782336,5.628882944251979,0.06583557094609738,1.0118344437011282
43.9773308182109,5.6294535001531285,0.06640612684724712,1.0119370054560195
43.808821889639475,5.629946858070499,0.06689948476461804,1.0120256902872395
43.64031296106805,5.630435575214195,0.0673882019083134,1.0121135409041586
43.47108081821091,5.630930674169561,0.06788330086367989,1.0122025387001765
43.47108081821091,5.631510517601015,0.06846314429513356,1.0123067699591508
43.303295103925194,5.632191351207895,0.06914397790201399,1.0124291549688753
43.134062961068054,5.632926166964276,0.06987879365839422,1.012561243679805
42.96555403249663,5.633588429499184,0.07054105619330286,1.0126802903983512
42.797045103925186,5.634069598156256,0.0710222248503749,1.0127667841174917
42.627812961068045,5.634622741683119,0.07157536837723733,1.01286621586591
42.46002724678233,5.635107974756501,0.07206060145061954,1.0129534401947393
42.291518318210905,5.6353987659940685,0.07235139268818713,1.0130057121273788
42.122286175353764,5.635502661888123,0.07245528858224137,1.0130243882031125
42.122286175353764,5.635439396196956,0.0723920228910746,1.0130130157148123
41.95377724678234,5.634696455596587,0.07164908229070566,1.012879466501492
41.7852683182109,5.634993630640143,0.07194625733426196,1.0129328859717237
41.616759389639476,5.636043616154687,0.07299624284880579,1.0131216288394516
41.44825046106805,5.636713423187584,0.07366604988170256,1.013242031738789
41.2790183182109,5.637097662096907,0.07405028879102549,1.013311101599881
41.111232603925195,5.637769212162119,0.07472183885623718,1.01343181782251
40.93766117535376,5.638621271770535,0.07557389846465323,1.0135849820059581
40.76915224678233,5.63924754687055,0.07620017356466846,1.0136975597098656
40.76915224678233,5.639218525581962,0.07617115227608018,1.0136923429129123
40.599920103925186,5.639063553257034,0.07601617995115273,1.0136644854609569
40.43213438963948,5.639627143011878,0.07657976970599645,1.0137657949981627
40.26290224678233,5.640290566238787,0.07724319293290538,1.013885050359908
40.094393318210905,5.64078102242616,0.07773364912027869,1.013973213583131
39.92082188963947,5.641147268615194,0.07809989530931283,1.0140390491161504
39.75231296106804,5.641528027442839,0.07848065413695782,1.01410749340614
39.583804032496616,5.642108449225974,0.0790610759200927,1.01421182862822
39.41529510392519,5.642422458292137,0.079375084986256,1.0142682741418192
39.41529510392519,5.64252867557019,0.07948130226430905,1.0142873675039508
39.24678617535376,5.6425135845798975,0.0794662112740161,1.0142846547838749
39.078277246782335,5.642607612597653,0.07956023929177203,1.014301557033927
38.9097683182109,5.642585555461053,0.07953818215517128,1.0142975920961652
38.741259389639474,5.642697578193414,0.07965020488753272,1.0143177290327836
38.57275046106805,5.642910593095516,0.07986321978963495,1.0143560200786454
38.40351831821091,5.643034803093858,0.0799874297879768,1.0143783477688495
38.23500938963948,5.643110258045326,0.08006288473944423,1.0143919113692297
38.06650046106805,5.643453868746077,0.08040649544019551,1.0144536780013818
37.89799153249662,5.643692420866458,0.08064504756057644,1.0144965595561075
37.89799153249662,5.643835205925403,0.08078783261952172,1.0145222262544769
37.72948260392519,5.643991919288328,0.08094454598244649,1.0145503966712304
37.560973675353765,5.644105102712685,0.08105772940680378,1.014570742251047
37.39174153249662,5.644129479238965,0.08108210593308396,1.0145751241167125
37.22395581821091,5.644208418260744,0.08116104495486276,1.014589314005182
37.05472367535376,5.644305348008493,0.08125797470261187,1.0146067378632304
36.88115224678233,5.6443169569227924,0.08126958361691106,1.0146088246537106
36.71336653249662,5.644428397314837,0.0813810240089552,1.014628856910236
36.544134389639474,5.6446541818232365,0.08160680851735513,1.0146694433897765
36.544134389639474,5.644974574695392,0.0819272013895107,1.0147270364409686
36.37562546106805,5.645277555193256,0.08223018188737452,1.0147814994856872
36.20711653249662,5.645238085682368,0.08219071237648645,1.0147744045414526
36.038607603925186,5.645197457473797,0.0821500841679157,1.0147671013125128
35.87009867535376,5.645351269106726,0.08230389580084463,1.0147947501212693
35.70086653249662,5.645471997029071,0.08242462372319004,1.0148164518818772
35.533080818210905,5.645505661085653,0.08245828777977149,1.0148225032516252
35.36457188963948,5.645423241982198,0.08237586867631652,1.0148076877920535
35.19533974678234,5.645391899309612,0.08234452600373032,1.0148020537087026
35.19533974678234,5.6454209205982,0.0823735472923186,1.014807270505656
35.02683081821091,5.645394801039609,0.08234742773372794,1.0148025753166996
34.85759867535376,5.645329794310442,0.08228242100456029,1.0147908898636007
34.68981296106804,5.645199778857793,0.08215240555191183,1.01476751859891
34.521304032496616,5.6449089876202265,0.08186161431434513,1.0147152466662706
34.35279510392519,5.644605426776362,0.08155805347048073,1.0146606792999524
34.18428617535376,5.644474250631714,0.08142687732583287,1.014637099392063
34.01505403249662,5.644459159641423,0.08141178633554169,1.0146343866719874
33.84654510392519,5.64439763498825,0.0813502616823687,1.0146233271484844
33.84654510392519,5.6443169569227924,0.08126958361691106,1.0146088246537106
33.67803617535376,5.644187521816142,0.08114014851026052,1.014585557710619
33.50952724678233,5.644001206818631,0.08095383351274954,1.0145520661753131
33.34101831821091,5.64382011493511,0.08077274162922876,1.014519513534401
33.17250938963948,5.643621030331302,0.08057365702542096,1.0144837265654165
33.00327724678234,5.643275098246552,0.08022772494067087,1.0144215426468668
32.83476831821091,5.643139859679914,0.08009248637403221,1.0143972324877824
32.66625938963947,5.643181070228799,0.08013369692291761,1.014404640396815
32.497750461068044,5.64313463656592,0.08008726326003845,1.0143962935933881
32.32924153249662,5.642958767796393,0.07991139449051143,1.0143646798468702
32.32924153249662,5.642727760174,0.07968038686811862,1.0143231544729356
32.16073260392519,5.642478177491004,0.07943080418512238,1.0142782900908356
31.992223675353767,5.6422042182817265,0.07915684497584508,1.01422904384307
31.822991532496623,5.641881504025575,0.07883413071969336,1.0141710335054805
31.655205818210902,5.641675453275461,0.07862807996957955,1.0141339943188106
31.485973675353762,5.641483915163956,0.0784365418580748,1.0140995638891106
31.31312546106805,5.641353319365309,0.07830594605942753,1.0140760883028206
31.144616532496624,5.641095611838324,0.07804823853244258,1.0140297634183297
30.976107603925186,5.640857638069624,0.07781026476374286,1.0139869858267094
30.976107603925186,5.640591805698652,0.07754443239277098,1.0139392004398282
30.806875461068046,5.640387495986536,0.07734012268065449,1.0139024742179563
30.63836653249662,5.640242971883908,0.07719559857802683,1.0138764949132821
30.469134389639475,5.640051431778089,0.07700405847220804,1.013842064125089
30.300625461068048,5.639752513702218,0.0767051403963368,1.0137883313315654
30.132839746782338,5.639503513359537,0.0764561400536552,1.0137435716295582
29.96433081821091,5.639288757419435,0.07624138411355386,1.0137049676188983
29.795821889639473,5.638907420240108,0.07586004693422677,1.0136364193658027
29.62658974678233,5.638562068501359,0.07551469519547727,1.0135743397688526
29.62658974678233,5.638212073994618,0.07516470068873637,1.0135114255991082
29.458080818210902,5.637866141909869,0.07481876860398717,1.0134492416805585
29.289571889639475,5.637525434933428,0.07447806162754667,1.0133879970148965
29.12106296106805,5.637191690114661,0.07414431680877964,1.0133280038499328
28.95255403249662,5.636951396956283,0.07390402365040138,1.013284809330409
28.778982603925186,5.636547422294358,0.07350004898847651,1.0132121918179529
28.609750461068046,5.636007628719794,0.07296025541391238,1.013115159824813
28.44124153249662,5.635567088271291,0.07251971496540932,1.013035969334612
28.273455818210905,5.635222899218856,0.07217552591297505,1.012974098739354
28.273455818210905,5.634871161679801,0.07182378837391923,1.012910871246318
28.104223675353765,5.634492145884471,0.07144477257858917,1.0128427402796198
27.935714746782338,5.6340608929662706,0.07101351966038916,1.012765219293502
27.767929032496617,5.633559988556595,0.0705126152507134,1.012675177922997
27.59797367535376,5.633071273407218,0.07002390010133652,1.0125873276645718
27.429464746782333,5.632525094032346,0.0694777207264643,1.0124891477753455
27.260955818210906,5.632075848393858,0.06902847508797638,1.0124083924611549
27.093170103925193,5.631670132693935,0.06862275938805329,1.0123354619839007
26.919598675353757,5.631407782398957,0.06836040909307517,1.0122883025266154
26.919598675353757,5.631079843034498,0.06803246972861654,1.0122293529361386
26.75108974678233,5.6306276936716975,0.06758032036581607,1.012148075655458
26.582580818210904,5.630212692435788,0.06716531912990664,1.0120734760326142
26.413348675353763,5.62978724297758,0.06673986967169832,1.0119969982624897
26.24556296106805,5.629344961491079,0.06629758818519793,1.0119174948074907
26.07633081821091,5.628835930243101,0.06578855693721941,1.011825992576102
25.907821889639482,5.628397711178596,0.06535033787271427,1.0117472193722987
25.739312961068045,5.627878233702633,0.06483086039675179,1.0116538393521222
25.570804032496618,5.627379650676953,0.06433227737107128,1.0115642152680144
25.401571889639477,5.626981481469336,0.0639341081634548,1.0114926413300454
25.401571889639477,5.626566478239112,0.06351910493323043,1.0114180413487084
25.23306296106805,5.626195008936086,0.06314763563020431,1.011351266921295
25.064554032496623,5.625770139823877,0.06272276651799569,1.0112748934727698
24.896045103925196,5.6253011584327846,0.06225378512690316,1.0111905905072147
24.72247367535376,5.624871644558266,0.061824271252384655,1.0111133821274014
24.554687961068048,5.624236664268263,0.061189290962381904,1.0109992395995038
24.38617903249662,5.623771164953166,0.06072379164728492,1.010915562563545
24.217670103925194,5.623226728610609,0.06017935530472762,1.0108176959976103
24.048437961068053,5.623363708215248,0.060316334909366276,1.010842319121493
24.048437961068053,5.623032867120792,0.05998549381491092,1.0107828479230196
23.879929032496616,5.622213891222958,0.05916651791707661,1.01063563078772
23.71142010392519,5.621400718785117,0.05835334547923576,1.010489456868414
23.542911175353762,5.62070189046363,0.05765451715774894,1.010363837172123
23.373679032496618,5.620184154025666,0.057136780719784674,1.0102707701167446
23.20517010392519,5.619736649425175,0.0566892761192932,1.0101903277673518
23.036661175353764,5.619307715896653,0.05626034259077173,1.0101132237091375
22.86308974678233,5.618774888468394,0.05572751516251273,1.0100174439336826
22.694580818210902,5.618612369651163,0.05556499634528134,1.0099882299424428
22.694580818210902,5.619079610004257,0.05603223669837565,1.0100722199431995
22.526071889639475,5.618351760394182,0.055304387088300544,1.0099413834499553
22.35250046106805,5.617320930286244,0.054273556980362514,1.0097560839119926
22.18471474678233,5.616658667751335,0.05361129444545387,1.0096370371934464
22.015482603925186,5.61620594003685,0.05315856673096864,1.0095556559496597
21.84697367535376,5.615692266020878,0.05264489271499695,1.0094633191454763
21.678464746782332,5.615056703390561,0.05200933008467956,1.009349071937486
21.50923260392519,5.614321307288183,0.0512739339823014,1.0092168789049574
21.341446889639478,5.613616675506705,0.050569302200823785,1.0090902159926731
21.341446889639478,5.613058308865852,0.05001093555997027,1.008989845349861
21.17293796106805,5.612473822666406,0.049426449360524316,1.0088847795180922
21.0037058182109,5.611907331181564,0.04885995787568298,1.0087829483728894
20.83592010392519,5.611207342168082,0.04815996886220031,1.0086571200334
20.66162546106805,5.61062053458464,0.047573161278758214,1.008551636915234
20.49311653249662,5.610155615615542,0.04710824230966093,1.0084680642008745
20.325330818210908,5.60967967007246,0.04663229676657821,1.0083825093761276
20.156098675353757,5.609175863932791,0.04612849062690927,1.0082919463976265
19.98758974678233,5.608669734414807,0.0456223611089257,1.0082009657742343
19.98758974678233,5.608182179957428,0.045134806651546455,1.0081133241590077
19.819080818210903,5.607561127971405,0.04451375466552321,1.0080016853494942
19.650571889639476,5.606918601189097,0.043871227883215624,1.0078861862823119
19.48206296106805,5.6063898361828315,0.043342462876950094,1.0077911367580523
19.313554032496622,5.606024170339798,0.04297679703391655,1.0077254055466325
19.144321889639482,5.6056097474555715,0.04256237414969011,1.0076509098868949
18.975812961068055,5.605107682353898,0.04206030904801672,1.0075606598731914
18.807304032496628,5.604502301704168,0.041454928398287016,1.0074518381053534
18.6387951039252,5.603884151448142,0.0408367781422605,1.0073407209038368
18.6387951039252,5.603248008471825,0.04020063516594341,1.0072263693742471
18.465223675353766,5.602607803073514,0.039560429767632854,1.0071112875934622
18.29671474678234,5.602139402028422,0.03909202872254092,1.0070270889495068
18.128205818210912,5.601727882868508,0.03868050956262703,1.0069531152562594
17.959696889639485,5.6012716710837145,0.038224297777833094,1.0068711077243835
17.791187961068058,5.600676158310286,0.037628785004404364,1.0067640597822274
17.622679032496613,5.600078902504542,0.037031529198660706,1.0066566985167797
17.454170103925186,5.599622690719748,0.03657531741386677,1.0065746909849038
17.284937961068042,5.599071290225201,0.03602391691931928,1.006475572559777
17.284937961068042,5.598489125409751,0.03544175210386946,1.0063709240144054
17.116429032496615,5.597890710906326,0.03484333760044489,1.0062633544642527
16.94792010392519,5.597299840900891,0.03425246759500933,1.0061571410948913
16.77941117535376,5.5968471111920906,0.03379973788620916,1.0060757594926113
16.610902246782334,5.5963049962335285,0.03325762292764711,1.0059783102130737
16.442393318210907,5.595741406478684,0.032694033172802506,1.0058770006758677
16.27243796106805,5.595234118263018,0.03218674495713625,1.0057858117677703
16.105375461068054,5.594837688099082,0.03179031479320038,1.0057145504361054
15.936143318210911,5.594250302163956,0.031202928858074408,1.0056089633548333
15.767634389639484,5.593691935523103,0.030644562217221782,1.0055085927120213
15.767634389639484,5.59317884185313,0.030131468547248907,1.0054163602294373
15.599125461068057,5.5926135110602875,0.029566137754406085,1.005314737727433
15.430616532496613,5.592117249418605,0.02906987611272349,1.0052255309297229
15.262107603925186,5.591670903515797,0.028623530209915593,1.0051452968650356
15.093598675353759,5.591211790001007,0.028164416695125816,1.005062767725163
14.925089746782332,5.590734683765927,0.027687310460045467,1.0049770042572175
14.756580818210905,5.590224491825949,0.027177118520067545,1.0048852933826298
14.588071889639478,5.589822838548022,0.026775465242140584,1.0048130931565713
14.418839746782336,5.5894002928141235,0.026352919508242145,1.0047371373529363
14.418839746782336,5.588988191313895,0.025940818008013622,1.0046630589795964
14.249607603925192,5.588626589887171,0.025579216581289366,1.004598058377865
14.081821889639482,5.588037460919732,0.024990087613850243,1.0044921579733015
13.913312961068055,5.587464583634585,0.024417210328703476,1.0043891789320127
13.74408081821091,5.586978189869203,0.023930816563321855,1.0043017459599846
13.571232603925193,5.586542292188694,0.023494918882812854,1.0042233900425785
13.402000461068049,5.5860855000579015,0.023038126752020105,1.0041412781891033
13.234214746782339,5.585613616936813,0.022566243630931737,1.0040564536155516
13.065705818210912,5.585029711083367,0.021982337777485483,1.0039514921053823
13.065705818210912,5.584597297473169,0.02154992416728785,1.0038737624760656
12.892134389639477,5.58425194573442,0.02120457242853835,1.0038116828791155
12.72362546106805,5.5837643912770405,0.020717017971159102,1.0037240412638888
12.555116532496623,5.583237947654773,0.020190574348891488,1.003629409026027
12.385884389639479,5.5827887000219665,0.019741326716085084,1.0035486533533424
12.217375461068052,5.582417811064939,0.01937043775905778,1.0034819832475284
12.04814331821091,5.581935479721552,0.018888106415670514,1.0033952805266957
11.880357603925198,5.581555883580222,0.01850851027434075,1.0033270452383982
11.711125461068056,5.581294693977243,0.018247320671362033,1.0032800944243117
11.711125461068056,5.580955726044484,0.01790835273860303,1.003219162364954
11.543339746782326,5.580605731537741,0.017558358231859472,1.0031562481952092
11.3748308182109,5.5807845020372655,0.01773712873138411,1.003188383549724
11.206321889639472,5.580340479512768,0.0172931062068864,1.0031085671299271
11.03708974678233,5.579543558757218,0.01649618545133702,1.002965314573896
10.868580818210903,5.578844730435734,0.015797357129852863,1.0028396948776055
10.699348675353761,5.578331056419761,0.015283683113879398,1.0027473580734216
10.527223675353756,5.577899223155562,0.014851849849680576,1.0026697327657044
10.357991532496614,5.5777372846843285,0.014689911378447107,1.0026406230960636
10.357991532496614,5.577527171512219,0.014479798206338046,1.002602853658198
10.189482603925187,5.577007694036258,0.013960320730376452,1.0025094736380216
10.02097367535376,5.57648647352798,0.013439100222099043,1.0024157802945532
9.852464746782333,5.57609004535836,0.013042672052478999,1.002344519321382
9.683955818210906,5.575590881986682,0.012543508680800564,1.0022547909156752
9.51544688963948,5.575217089305343,0.012169715999461594,1.0021875988433708
9.346937961068052,5.574933264214081,0.011885890908200025,1.002136579128417
9.17770581821091,5.574462541784993,0.011415168479111948,1.0020519631980642
9.009196889639483,5.573929714356734,0.01088234105085295,1.0019561834226096
8.840687961068056,5.573483948799923,0.0104365754940412,1.0018760536795213
8.840687961068056,5.573023674593136,0.009976301287254685,1.00179331589645
8.67217903249663,5.572557594932039,0.009510221626158,1.0017095345388918
8.503670103925185,5.572263321618478,0.009215948312596645,1.0016566366766566
8.33443796106804,5.57192783775603,0.008880464450149006,1.0015963309053886
8.165929032496614,5.571718304929921,0.008670931624039646,1.0015586657891224
7.998143318210903,5.571459434716622,0.008412061410740357,1.0015121319029396
7.828911175353761,5.571190120269654,0.008142746963772929,1.0014637205864623
7.660402246782334,5.570883655701479,0.007836282395597749,1.0014086312536543
7.491893318210907,5.570504061554465,0.007456688248583809,1.0013403963238503
7.491893318210907,5.570126206451134,0.007078833145252261,1.001272474000351
7.32338438963948,5.569935246691311,0.0068878733854296215,1.0012381475337566
7.154875461068053,5.56972049075121,0.0066731174453282804,1.0011995435230965
6.985643318210911,5.569508636541105,0.006461263235223669,1.0011614611204334
6.817134389639484,5.569271823464404,0.006224450158522465,1.0011188921720118
6.6479022467823405,5.568938660985952,0.005891287680070967,1.001059003687141
6.480116532496611,5.568763374556742,0.005716001250860359,1.001027494620716
6.311607603925184,5.568721003315856,0.005673630009974673,1.0010198780684845
6.143098675353757,5.568485350931154,0.005437977625272872,1.0009775177632616
6.143098675353757,5.568230547128482,0.005183173822600473,1.0009317148452612
5.97458974678233,5.56795542523289,0.004908051927008827,1.0008822595958036
5.806080818210903,5.567584536275863,0.004537162969981523,1.0008155894899895
5.637571889639476,5.567282716469998,0.004235343164116223,1.0007613350884697
5.469062961068049,5.567074924681886,0.00402755137600419,1.0007239829370014
5.299830818210907,5.566894993490363,0.0038476201844819258,1.000691638939288
5.13132188963948,5.566763238994034,0.003715865688152853,1.0006679550682929
4.962812961068053,5.5670662194919,0.004018846186018443,1.0007224181130117
4.794304032496626,5.566866552547774,0.0038191792418924564,1.000686526463934
4.625795103925199,5.566378417744396,0.0033310444385143967,1.000598780527108
4.625795103925199,5.565921045267603,0.0028736719617219464,1.0005165643520333
4.452223675353764,5.565548993624263,0.0025016203183811925,1.000449685244527
4.283714746782337,5.565211768723817,0.0021643954179353386,1.000389066508461
4.11520581821091,5.565037642986603,0.001990269680721468,1.0003577660852345
3.9459736753537675,5.564888474121667,0.0018411008157857012,1.0003309518492725
3.773125461068048,5.564738144564733,0.00169077125885142,1.0003039289701117
3.6038933182109054,5.564689969863858,0.0016425965579767166,1.0002952692018872
3.4353843896394785,5.564749753479032,0.0017023801731506083,1.0003060157605919
3.4353843896394785,5.564713766044137,0.0016663927382554178,1.0002995467459528
3.267598675353767,5.564587815007799,0.0015404417019180272,1.000276906090951
3.0983665324966245,5.564432262336873,0.001384889030991765,1.0002489443173965
2.9298576039251976,5.564313275452523,0.0012659021466419063,1.0002275555215863
2.7613486753537706,5.564188485108182,0.0011411118023003652,1.0002051235097829
2.5928397467823254,5.563973729168081,0.0009263558621999124,1.000166519499123
2.4243308182108985,5.5638274620331405,0.0007800887272590984,1.0001402268711574
2.2558218896394715,5.5637827694082596,0.0007353961023781608,1.0001321930325286
2.0865897467823293,5.563690482428503,0.0006431091226213326,1.0001156037472747
1.9180808182109021,5.563721825101088,0.0006744517952066431,1.0001212378306255
1.9180808182109021,5.563877377772014,0.0008300044661329053,1.0001491996041803
1.7495718896394752,5.5638692529280265,0.000821879622145083,1.0001477391017897
1.5810629610680482,5.563749105351679,0.0007017320457975984,1.000126141662781
1.4125540324966213,5.563633020197324,0.0005856468914426927,1.0001052744749672
1.2440451039251943,5.563541893909567,0.0004945206036852667,1.0000888938329122
1.0755361753537673,5.563355578912054,0.0003082056061725069,1.000055402297606
0.906304032496625,5.563186095942833,0.00013872263695180465,1.0000249364471743
0.737795103925198,5.563079878664781,3.250535889964823e-05,1.000005843085043
0.5700093896394682,5.563048533997879,1.1606919976259178e-06,1.0000002086431985
0.5700093896394682,5.563048533997879,1.1606919976259178e-06,1.0000002086431985
0.40077724678232585,5.562998618259006,-4.875504687529286e-05,0.9999912359101759
0.23226831821089888,5.562959150742435,-8.822256344664936e-05,0.9999841413244349
0.06375938963947192,5.563047373305881,0.0,1.0
-0.1054727532176705,5.563088583854767,4.1210548885395326e-05,1.0000074079090326
-0.273258467503382,5.5629951361830114,-5.223712286994697e-05,0.99999060998058
-0.44176739607480897,5.562778639204913,-0.00026873410096861505,0.999951693005122
-0.6102763246462359,5.562688093263153,-0.0003592800427281162,0.999935416684666
-0.7787852532176629,5.562881372412654,-0.00016600089322782452,0.9999701600791637
-0.7787852532176629,5.563204088663122,0.00015671535724059993,1.0000281707752467
-0.9480173960748053,5.563335262813452,0.00028788950757085985,1.0000517503246427
-1.1165263246462322,5.563317270093164,0.00026989678728295274,1.0000485159965702
-1.2850352532176592,5.563300438064873,0.0002530647589917834,1.000045490311696
-1.4535441817890862,5.5633195914771605,0.00027221817127909276,1.0000489332829674
-1.6220531103605313,5.563260968553983,0.00021359524810193875,1.0000383953674612
-1.7905620389319583,5.563333521775455,0.0002861484695735328,1.0000514373598446
-1.9597941817891007,5.5634304535175225,0.00038308021164112915,1.0000688615763869
-2.1283031103605277,5.563554663515862,0.0005072902099803045,1.0000911892665905
-2.2968120389319546,5.563688161044506,0.0006407877386243044,1.0001151864608773
-2.2968120389319546,5.56372762856108,0.0006802552551983254,1.0001222810466188
-2.4653209675033816,5.563724726831082,0.0006773535252007079,1.0001217594386218
-2.6338298960748086,5.563751426735676,0.0007040534297946266,1.0001265589491783
-2.8023388246462355,5.56378915321425,0.000741779908368656,1.0001333405701214
-2.9708477532176625,5.563838490601441,0.0007911172955594736,1.0001422093400383
-3.140079896074805,5.563941223809182,0.0008938505033002642,1.00016067641408
-3.308588824646232,5.564180358269878,0.0011329849639967193,1.0002036626488988
-3.4763745389319434,5.564420653422574,0.0013732801166925768,1.0002468575269163
-3.645606681789086,5.564526870700627,0.0014794973947456214,1.0002659508890477
-3.645606681789086,5.56464992000697,0.0016025467010889471,1.0002880699360532
-3.814115610360531,5.564837397690795,0.0017900243849133801,1.000321770473051
-3.982624538931958,5.5651252871983665,0.002077913892485128,1.0003735207976938
-4.151133467503385,5.565417819473931,0.0023704461680500444,1.0004261056951311
-4.319642396074812,5.5656877162612135,0.002640342955332109,1.000474621691701
-4.491044181789101,5.565885640173025,0.0028382668671431688,1.0005102000174873
-4.661722753217674,5.566108520957114,0.003061147651232332,1.000550264530538
-4.830954896074816,5.566329082351523,0.003281709045641179,1.0005899121156847
-4.999463824646243,5.5666221949730845,0.003574821667203132,1.0006426013347212
-4.999463824646243,5.566926336162949,0.0038789628570672363,1.0006972730226387
-5.167249538931955,5.567090596018178,0.004043222712296846,1.0007267999786769
-5.336481681789097,5.567139351065053,0.00409197775917125,1.0007355640685007
-5.504990610360524,5.567380226563746,0.0043328532578650325,1.0007788632681174
-5.673499538931951,5.567643739545038,0.004596366239156602,1.0008262317270948
-5.842008467503378,5.5677882636476665,0.004740890341785153,1.000852211031769
-6.010517396074805,5.56795542523289,0.004908051927008827,1.0008822595958036
-6.179749538931947,5.568234029204476,0.005186655898594239,1.000932340774857
-6.348258467503374,5.568488254655466,0.0054408813495845365,1.0009780397297519
-6.348258467503374,5.568656576932688,0.005609203626806725,1.001008296936985
-6.516767396074801,5.5688243188639115,0.0057769455580301,1.0010384498226188
-6.685276324646228,5.569051844410311,0.006004471104430031,1.0010793492669579
-6.853785253217674,5.569393131732751,0.006345758426869352,1.0011406982542193
-7.022294181789101,5.569769245798085,0.006721872492203573,1.0012083076129206
-7.190803110360528,5.570136652679117,0.007089279373235335,1.0012743517891387
-7.36003525321767,5.570436151100988,0.007388777795106272,1.0013281889042616
-7.532883467503371,5.570625369822811,0.007577996516929808,1.0013622024060576
-7.701392396074817,5.57089294323178,0.00784556992589902,1.0014103007577368
-7.701392396074817,5.5712371342785305,0.008189760972649118,1.001472171711488
-7.869901324646244,5.571555786112689,0.008508412806807364,1.0015294517978823
-8.044195967503375,5.571879661060837,0.008832287754955814,1.0015876707786702
-8.217044181789095,5.572147816810123,0.00910044350424144,1.0016358738104425
-8.386276324646238,5.572488523786563,0.009441150480681948,1.0016971184761045
-8.55406203893195,5.572851868245602,0.009804494939720243,1.0017624324011272
-8.723294181789091,5.573218696774949,0.01017132346906724,1.0018283726142392
-8.891803110360518,5.573547214491092,0.010499841185210634,1.001887426167822
-9.060312038931945,5.573889664499846,0.010842291193964293,1.0019489841567755
-9.060312038931945,5.5741798753914145,0.01113250208553307,1.0020011517678156
-9.228097753217657,5.574454414946691,0.01140704164080919,1.0020505023371804
-9.3973298960748,5.5748020880694344,0.011754714763553054,1.0021129992205275
-9.565838824646246,5.575161950452478,0.012114577146596694,1.0021776872159545
-9.734347753217673,5.575458545150036,0.01241117184415419,1.0022310023645868
-9.903579896074815,5.575796352390798,0.012748979084916456,1.002291725780746
-10.071365610360527,5.576162598579829,0.013115225273947928,1.002357561313765
-10.239874538931954,5.5765259430388685,0.013478569732987111,1.002422875238788
-10.40838346750338,5.57688696611391,0.013839592808028378,1.0024877718774132
-10.576892396074808,5.577325185178415,0.014277811872533519,1.0025665450812167
-10.576892396074808,5.577821444825782,0.01477407151990029,1.0026557515204335
-10.74612453893195,5.578270112112588,0.015222738806706992,1.0027364028715184
-10.914633467503377,5.578686276034811,0.01563890272892987,1.002811211496054
-11.083142396074804,5.579029884741246,0.015982511435364444,1.0028729777697123
-11.25165132464623,5.579547621179212,0.016500247873330487,1.002966044825091
-11.420160253217658,5.5799248959365455,0.01687752263066411,1.0030338628269913
-11.588669181789102,5.580172157235546,0.01712478392966421,1.003078309922694
-11.757901324646244,5.580576129903155,0.017528756597273265,1.0031509270766568
-11.925687038931956,5.581240713822061,0.018193340516179823,1.0032703910816003
-11.925687038931956,5.581788051894613,0.018740678588731186,1.0033687792555315
-12.094919181789098,5.582207117546832,0.019159744240950793,1.0034441094880637
-12.209187038931958,5.58266739175362,0.019620018447738197,1.003526847271135
-12.209187038931958,5.583001714924069,0.01995434161818732,1.0035869443992043
-12.209187038931958,5.583149142751009,0.020101769445127537,1.0036134456703687
-12.209187038931958,5.583199058489882,0.020151685184000456,1.0036224184033913
-12.209187038931958,5.583250717261068,0.020203343955186526,1.0036317044597052
-12.209187038931958,5.583243751114763,0.020196377808881394,1.0036304522420199
-12.209187038931958,5.583276254479345,0.020228881173463442,1.003636294968569
-12.209187038931958,5.583280899241655,0.020233525935773322,1.0036371298998572
-12.209187038931958,5.583307599146247,0.020260225840365464,1.0036419294104133
-12.209187038931958,5.583319206066229,0.02027183276034794,1.0036440158424
-12.209187038931958,5.583266968943359,0.020219595637477994,1.0036346258229798
-12.209187038931958,5.583157849935311,0.020110476629429996,1.0036150108528519
-12.209187038931958,5.58319383537589,0.020146462070008475,1.0036214795089973
-12.209187038931958,5.583343004240826,0.020295630934944242,1.0036482937449593
-12.209187038931958,5.583535703044328,0.02048832973844661,1.003682932817858
-12.209187038931958,5.583649466814686,0.020602093508804487,1.003703382719274
