Angle (degree),rho (mOhm cm),Delta rho (mOhm cm),rho/rho(theta=0)
102.89334587522869,5.714813374866412,-0.5149441801717538,0.917341216632852
102.89334587522869,5.7148218216412205,-0.5149357333969453,0.9173425725082185
102.89334587522869,5.714801677099236,-0.51495587793893,0.9173393389085468
102.89334587522869,5.714663911832061,-0.5150936432061046,0.917317224842958
102.89334587522869,5.714606077213739,-0.5151514778244266,0.9173079412363632
102.89334587522869,5.714409825343512,-0.5153477296946543,0.917276438907662
102.73080647456275,5.714331194198473,-0.515426360839693,0.9172638170448777
102.55819826146619,5.71425191553435,-0.5155056395038162,0.917251091242401
102.39062445458494,5.713704100992366,-0.5160534540457995,0.9171631561121583
102.2223314468158,5.71273844461832,-0.517019110419846,0.9170081490568249
102.05547684082246,5.710998828778625,-0.5187587262595406,0.916728906112886
102.05547684082246,5.708457314141221,-0.5213002408969452,0.9163209424618208
101.88790303394121,5.705297805057252,-0.524459749980914,0.9158137784099206
101.71457561995675,5.701226573473282,-0.5285309815648835,0.9151602647622383
101.54700181307551,5.696355392347328,-0.5334021626908383,0.914378343301745
101.38014720708217,5.69051985211832,-0.5392377029198459,0.9134416230237161
101.21185419931302,5.684036424389313,-0.545721130648853,0.912400903915191
101.04428039243179,5.67692330221374,-0.5528342528244261,0.9112591063231129
100.87239138022312,5.669098610152671,-0.5606589448854953,0.9100030876109977
100.70409837245397,5.660891162862595,-0.568866392175571,0.9086856290714694
100.70409837245397,5.652631078969464,-0.5771264760687016,0.9073597213101874
100.53652456557273,5.64387516961832,-0.585882385419846,0.9059542237007236
100.3689507586915,5.635013987061067,-0.5947435679770985,0.9045318276477526
100.20137695181025,5.625710915152671,-0.6040466398854951,0.9030384995645638
100.03380314492901,5.616299319045801,-0.6134582359923648,0.9015277511889295
99.86551013715986,5.606421140782442,-0.6233364142557241,0.8999421070966693
99.69793633027862,5.596474727404579,-0.6332828276335869,0.8983455099113071
99.53108172428529,5.586209895400763,-0.6435476596374032,0.8966978002030032
99.36278871651614,5.575472631240458,-0.6542849237977082,0.8949742557367146
99.36278871651614,5.564752914847327,-0.6650046401908387,0.8932535280360899
99.19089970430748,5.55437436062977,-0.6753831944083961,0.8915875636504993
99.02332589742623,5.543318675610687,-0.6864388794274792,0.8898129063028564
98.85071768432967,5.5325209778244275,-0.6972365772137383,0.8880796610375528
98.68242467656053,5.521539373454198,-0.7082181815839679,0.886316895107545
98.51485086967928,5.510598060400763,-0.7191594946374025,0.8845605967352935
98.34727706279804,5.499275293854961,-0.7304822611832051,0.8827430674902517
98.1797032559168,5.487851802366412,-0.7419057526717543,0.8809093698884388
98.01212944903556,5.4763932175763355,-0.7533643374618304,0.8790700391137107
98.01212944903556,5.465028860209924,-0.7647286948282419,0.8772458337147028
97.84455564215432,5.453038711374045,-0.7767188436641206,0.8753211763375979
97.67698183527308,5.440784725305343,-0.7889728297328231,0.8733541678367948
97.50940802839183,5.428369580667938,-0.8013879743702281,0.8713612901802054
97.3411150206227,5.416077257003816,-0.8136802980343498,0.8693881277327871
97.17426041462933,5.403695903931298,-0.8260616511068681,0.8674006742944899
97.0059674068602,5.391054940362595,-0.8387026146755705,0.8653715482077966
96.83839359997894,5.377907755305343,-0.8518497997328227,0.8632611635032394
96.6708197930977,5.364985087442748,-0.8647724675954178,0.8611868182741632
96.6708197930977,5.3512926890839685,-0.8784648659541974,0.8589889159901961
96.50324598621647,5.337760473549618,-0.8919970814885483,0.8568167262356514
96.33567217933522,5.323788967671756,-0.9059685873664103,0.8545740216433093
96.16737917156608,5.309646556946563,-0.9201109980916025,0.8523038834236037
96.00052456557275,5.295110992729007,-0.9346465623091591,0.8499706362483904
95.8322315578036,5.280276828435114,-0.9494807266030518,0.847589457821648
95.66465775092236,5.26498128,-0.9647762750381661,0.8451342180631208
95.49708394404111,5.250443766526717,-0.9793137885114485,0.842800657993592
95.32879093627197,5.235805854103052,-0.9939517009351135,0.8404509818955508
95.16193633027864,5.220934649484732,-1.0088229055534335,0.8380638577599906
95.16193633027864,5.205836326431297,-1.023921228606869,0.8356402765981161
94.99436252339737,5.190950499045801,-1.0388070559923648,0.8332508052175714
94.82678871651613,5.175943154656488,-1.053814400381678,0.8308418279408913
94.65849570874698,5.16121881183206,-1.0685387432061058,0.8284782780443918
94.49092190186575,5.146071100935114,-1.0836864541030522,0.8260467691512895
94.3233480949845,5.131120617652671,-1.0986369373854945,0.8236469192132527
94.15577428810326,5.115801023931297,-1.1139565311068687,0.8211878197080105
93.98820048122202,5.100395977786259,-1.129361577251907,0.8187150033890864
93.82062667434077,5.085025372958014,-1.1447321820801521,0.8162477155865596
93.82062667434077,5.070175288625953,-1.1595822664122126,0.8138639816770352
93.65233366657164,5.0550961343702285,-1.1746614206679373,0.8114434774884685
93.48475985969039,5.040765920782443,-1.1889916342557232,0.8091431931738411
93.31790525369705,5.026211511526717,-1.203546043511449,0.8068069209951662
93.14961224592791,5.012590918568701,-1.2171666364694644,0.8046205449062603
92.98203843904665,4.9984803479198465,-1.2312772071183193,0.802355517652119
92.81446463216541,4.9846245135114495,-1.2451330415267163,0.8001313806313787
92.64689082528416,4.971045185381679,-1.2587123696564868,0.7979516283681805
92.47859781751502,4.958867557442747,-1.270889997595419,0.7959968768659997
92.47859781751502,4.9469160721946555,-1.2828414828435104,0.7940784257637693
92.31174321152169,4.935973459637404,-1.2937840954007616,0.7923219187953077
92.14416940464044,4.925766788244274,-1.3039907667938921,0.790683545021857
91.9765955977592,4.916030599751908,-1.313726955286258,0.7891206931120758
91.80830258999005,4.906979988835877,-1.322777566202289,0.7876678900397136
91.64072878310881,4.898825178148854,-1.3309323768893115,0.7863588807219388
91.47315497622758,4.891222404274809,-1.3385351507633567,0.7851384842928841
91.30558116934633,4.884223330305343,-1.3455342247328232,0.7840149937063514
91.13800736246509,4.877855897805342,-1.3519016572328235,0.7829928941392742
90.97043355558384,4.872409610324428,-1.3573479447137382,0.78211865666971
90.97043355558384,4.867091667824426,-1.3626658872137396,0.7812650211224165
90.79710614159937,4.862266299790075,-1.3674912552480905,0.7804904535743666
90.63025153560604,4.858376047557251,-1.3713815074809146,0.7798659907122962
90.4626777287248,4.855414737366411,-1.3743428176717547,0.7793906415249999
90.29438472095565,4.853121461450382,-1.3766360935877842,0.7790225251262848
90.1275301149623,4.851456578244274,-1.3783009767938923,0.7787552782564989
89.95923710719318,4.850547780744274,-1.3792097742938916,0.7786093981813965
89.79166330031191,4.850593919828244,-1.3791636352099221,0.7786168044220988
89.62408949343067,4.851102742557251,-1.3786548124809146,0.7786984805907959
89.62408949343067,4.852239632003816,-1.3775179230343495,0.778880973960164
89.45651568654942,4.854074448778626,-1.3756831062595403,0.7791754985477741
89.28822267878029,4.8568193625572516,-1.3729381924809143,0.7796161118066972
89.12064887189904,4.860336605839694,-1.3694209491984717,0.7801806993129314
88.9530750650178,4.864003638148855,-1.365753916889311,0.7807693309373187
88.78622045902446,4.868211011736641,-1.3615465433015252,0.7814446980845334
88.61792745125531,4.873367795667938,-1.356389759370228,0.7822724644760404
88.45035364437408,4.87921275841603,-1.3505447966221356,0.7832106972558001
88.27774543127751,4.885427805114504,-1.344329749923662,0.7842083358707166
88.27774543127751,4.892317705133587,-1.3374398499045785,0.7853143018666984
88.11017162439627,4.899907157977099,-1.3298503970610671,0.7865325600053917
87.94259781751502,4.908647145057252,-1.3211104099809141,0.7879355017736608
87.77502401063379,4.917328649999999,-1.3124289050381668,0.7893290559956427
87.60745020375255,4.9266015050954195,-1.3031560499427464,0.7908175336793243
87.4398763968713,4.936838069541984,-1.2929194854961823,0.792460705882436
87.27158338910216,4.948165060591602,-1.2815924944465635,0.7942789132443675
87.10400958222091,4.9597298920992365,-1.2700276629389293,0.7961352987305541
86.93643577533966,4.972126841450382,-1.2576307135877842,0.7981252556817872
86.93643577533966,4.985434537557252,-1.2443230174809141,0.8002614056024383
86.76886196845841,4.999503841145037,-1.2302537138931289,0.8025198086724593
86.60056896068927,5.013459100992366,-1.2162984540458002,0.8047599054537606
86.43371435469594,5.027776319541984,-1.2019812354961816,0.8070581038062856
86.26614054781469,5.042246573645038,-1.1875109813931282,0.8093808674090764
86.09856674093345,5.056729827251908,-1.1730277277862582,0.8117057176907951
85.9309929340522,5.071622149923663,-1.1581354051145025,0.8140962316939785
85.76269992628306,5.087468761660305,-1.142288793377861,0.8166399280732743
85.59512611940183,5.10335761173664,-1.126399943301526,0.8191904045462287
85.42755231252058,5.119388777576336,-1.1103687774618303,0.821763725529921
85.42755231252058,5.1352889994274795,-1.0944685556106863,0.8243160273989216
85.25997850563934,5.152119462824427,-1.0776380922137392,0.8270176515389069
85.0924046987581,5.1687566015839685,-1.0610009534541973,0.8296882432292829
84.92411169098895,5.185097089522899,-1.0446604655152667,0.8323112165624451
84.7572570849956,5.201057744999999,-1.0286998100381668,0.834873219230461
84.58968327811435,5.217258518416029,-1.0124990366221365,0.8374737656037188
84.42210947123311,5.233548968759542,-0.9962085862786241,0.8400887069075482
84.25381646346396,5.249810825553435,-0.9799467294847313,0.8426990583779262
84.08624265658273,5.265403348568702,-0.9643542064694639,0.8452019684635134
84.08624265658273,5.281010494351144,-0.9487470606870216,0.8477072257940849
83.91866884970149,5.2966634532251895,-0.9330941018129764,0.8502198370370996
83.75037584193234,5.3121513550190835,-0.9176062000190823,0.8527059533356975
83.57848682972367,5.327405638625954,-0.9023519164122122,0.8551545692685172
83.41091302284244,5.342423707270991,-0.8873338477671746,0.8575652680015509
83.23830480974588,5.356808832709922,-0.8729487223282435,0.8598743667605062
83.07001180197672,5.3708060071374035,-0.8589515479007623,0.8621211916656201
82.90315719598338,5.38403767110687,-0.845719883931296,0.8642451369159077
82.73558338910215,5.396586032748091,-0.8331715222900753,0.86625939855135
82.73558338910215,5.409123670133587,-0.8206338849045789,0.8682719387304388
82.5629751760056,5.421363033435114,-0.8083945216030521,0.8702365999862575
82.39540136912436,5.4335676316603045,-0.7961899233778613,0.8721956807558326
82.2278275622431,5.445685149732824,-0.7840724053053423,0.8741407834288443
82.05953455447396,5.457699343854961,-0.7720582111832046,0.8760693005526642
81.8876455422653,5.469467900496182,-0.7602896545419835,0.8779583879749674
81.71935253449617,5.480986918912212,-0.7487706361259541,0.8798074195487103
81.5474635222875,5.4926807429198465,-0.7370768121183193,0.8816845108968605
81.5474635222875,5.504518831946564,-0.7252387230916018,0.8835847596500633
81.37988971540625,5.516198361412213,-0.7135591936259527,0.8854595564399005
81.21159670763711,5.528057894484732,-0.7016996605534338,0.8873632473889853
81.03970769542845,5.539242246011449,-0.6905153090267167,0.8891585582703329
80.87213388854721,5.550094531889313,-0.6796630231488532,0.8909005660101184
80.70456008166596,5.560911724465648,-0.6688458305725176,0.8926369405769885
80.53698627478472,5.571764010343511,-0.657993544694655,0.8943789483167738
80.36365886080027,5.582422643358778,-0.6473349116793878,0.8960898709202783
80.19680425480692,5.592690074370229,-0.6370674806679366,0.8977379978210029
80.19680425480692,5.602893173244274,-0.6268643817938919,0.8993757981340814
80.02851124703777,5.6130767750954185,-0.6166807799427474,0.9010104687871807
79.86093744015653,5.623237633396946,-0.6065199216412198,0.902641488648188
79.6933636332753,5.633162600496181,-0.5965949545419846,0.9042346432792553
79.52507062550615,5.642619683702289,-0.5871378713358766,0.9057526932390743
79.35821601951281,5.652057274351144,-0.5777002806870222,0.9072676142557392
79.18560780641624,5.661461720954198,-0.5682958340839681,0.9087772149938046
79.018033999535,5.670265718645038,-0.5594918363931276,0.9101904317382862
78.85046019265376,5.679031376507633,-0.5507261785305326,0.9115974941777395
78.85046019265376,5.687643670591602,-0.5421138844465636,0.9129799386802554
78.68288638577252,5.696194231545801,-0.5335633234923645,0.914352473787546
78.51459337800337,5.704519949312977,-0.5252376057251888,0.9156889170910968
78.34773877201003,5.712803426507633,-0.516954128530533,0.917018579942576
78.1801649651288,5.7211583875763345,-0.5085991674618313,0.9183597173776828
78.01187195735965,5.729460060057251,-0.5002974949809147,0.9196923009345185
77.8442981504784,5.737503097786258,-0.4922544572519074,0.9209833684693222
77.67168993738184,5.745344035877861,-0.48441351916030495,0.9222419949924782
77.5041161305006,5.7528256142748075,-0.4769319407633583,0.9234429371368311
77.5041161305006,5.7599822742938915,-0.4697752807442743,0.9245917234187782
77.33654232361935,5.766705493969464,-0.46305206106870145,0.9256709339042867
77.16824931585022,5.773854354732824,-0.45590320030534226,0.9268184682505595
77.00139470985687,5.780736783721373,-0.44902077131679263,0.9279232349975389
76.83382090297562,5.787367075477099,-0.4423904795610669,0.9289875287035377
76.66552789520648,5.7938537519656474,-0.4359038030725184,0.9300287693025884
76.49795408832524,5.800597113950381,-0.4291604410877845,0.931111213029356
76.3310994823319,5.807167621832059,-0.4225899332061065,0.9321659102344445
76.16280647456274,5.813465195954198,-0.4162923590839682,0.9331767961423633
75.9952326676815,5.819175965954198,-0.4105815890839679,0.9340934883169056
75.9952326676815,5.824702184083969,-0.4050553709541971,0.9349805562454644
75.82765886080026,5.830310931870227,-0.3994466231679388,0.9358808718254379
75.66008505391902,5.835701983740457,-0.3940555712977085,0.9367462428808284
75.49251124703778,5.840712229637404,-0.38904532540076175,0.9375504870031209
75.32493744015653,5.84585439303435,-0.3839031620038158,0.9383759065080561
75.1566444323874,5.850927673797709,-0.37882988124045713,0.9391902689801969
74.98907062550616,5.855853440782441,-0.37390411425572445,0.9399809525567591
74.82149681862491,5.860591407137404,-0.36916614790076174,0.9407414903968121
74.65392301174366,5.865338467786259,-0.36441908725190686,0.941503488051924
74.65392301174366,5.870134268759541,-0.35962328627862483,0.9422733094985714
74.48634920486242,5.874950864026718,-0.354806691011448,0.9430464688429959
74.31805619709327,5.879761611526717,-0.34999594351144925,0.9438186895044738
74.15048239021202,5.884595752328243,-0.3451618027099226,0.9445946652561493
73.98362778421868,5.889448738167938,-0.34030881687022774,0.9453736660112863
73.81605397733745,5.894064533301526,-0.33569302173664006,0.9461145929402732
73.6484801704562,5.898367755343511,-0.3313897996946551,0.9468053456708517
73.48018716268706,5.902662530610686,-0.3270950244274795,0.9474947425260636
73.31261335580581,5.906825390610686,-0.3229321644274803,0.9481629643570452
73.31261335580581,5.910950558301526,-0.31880699673664026,0.9488251358226913
73.14503954892457,5.91499189683206,-0.314765658206106,0.9494738510407124
72.97746574204334,5.919039735114503,-0.31071781992366265,0.9501236095981974
72.80989193516209,5.923337109389312,-0.30642044564885396,0.9508134236458297
72.64159892739293,5.927431734274808,-0.30232582076335746,0.9514706923837094
72.4740251205117,5.931289170687022,-0.29846838435114353,0.9520898876538518
72.30645131363046,5.935042631164121,-0.29471492387404474,0.9526923927182847
72.13887750674921,5.9389903942557245,-0.29076716078244136,0.9533260872171035
71.97130369986796,5.943086968396946,-0.28667058664122,0.9539836688492986
71.80372989298672,5.947292066736642,-0.28246548830152385,0.9546586707739394
71.80372989298672,5.9512209847900746,-0.2785365702480913,0.9552893402692965
71.63615608610547,5.955177844408396,-0.27457971062977027,0.9559244949415872
71.46786307833634,5.959030080572519,-0.27072747446564716,0.956542855468476
71.3002892714551,5.963106510171754,-0.26665104486641145,0.9571972035009992
71.13343466546175,5.96713550341603,-0.26262205162213625,0.9578439370550228
70.96514165769261,5.971069619484732,-0.25868793555343395,0.9584754409352213
70.79756785081136,5.974649573874045,-0.25510798116412126,0.9590500948214575
70.62999404393011,5.978072268206106,-0.2516852868320596,0.9595995053405385
70.46242023704887,5.98171005721374,-0.2480474978244258,0.9601834428333694
70.46242023704887,5.985547346851145,-0.24421020818702122,0.9607994041454274
70.29412722927974,5.989113654217556,-0.2406439008206096,0.9613718674130433
70.12727262328639,5.992941847328243,-0.23681570770992266,0.9619863685516294
69.95897961551724,5.996472413874046,-0.2332851411641199,0.9625530947066381
69.791405808636,5.99985156812977,-0.22990598690839548,0.963095516177437
69.61951679642735,6.003113753645038,-0.226643801393128,0.9636191618388367
69.4512237886582,6.006427274026717,-0.22333028101144858,0.9641510477673668
69.28436918266485,6.010020875438931,-0.21973667959923482,0.9647278922722237
69.11607617489571,6.013329197805343,-0.2164283572328225,0.9652589438159128
69.11607617489571,6.016345091622137,-0.21341246341602904,0.9657430547608652
68.94778316712656,6.019383083702289,-0.21037447133587683,0.96623071291663
68.78092856113322,6.022613424675572,-0.20714413036259405,0.9667492468956402
68.61335475425199,6.025516898015266,-0.20424065702289962,0.9672153121179291
68.44434254559494,6.028621821240457,-0.20113573379770866,0.9677137140537604
68.2774879396016,6.031900902538167,-0.19785665249999873,0.968240071824306
68.11063333360826,6.034844015209922,-0.194913539828244,0.968712499947833
67.94234032583911,6.037808574160305,-0.19194898087786072,0.9691883706256551
67.77476651895788,6.041402825324427,-0.18835472971373868,0.969765319428617
67.77476651895788,6.04457468192748,-0.18518287311068615,0.9702744655029273
67.60719271207662,6.047129841354962,-0.18262771368320418,0.9706846194142004
67.43889970430747,6.049772080935113,-0.1799854741030531,0.9711087514220366
67.27132589742624,6.052628115687021,-0.17712943935114467,0.971567201807413
67.10375209054499,6.055625816450381,-0.17413173858778475,0.972048392405422
66.93617828366375,6.058511094503816,-0.17124646053435022,0.9725115369223544
66.7686044767825,6.061404821564885,-0.16835273347328084,0.9729760376730665
66.59671546457385,6.0642790516030525,-0.1654785034351134,0.973437408763799
66.42842245680471,6.067352782270992,-0.16240477276717424,0.9739308036737588
66.42842245680471,6.070462255992366,-0.15929529904579987,0.9744299360547388
66.26084864992346,6.07355937996183,-0.1561981750763355,0.9749270860548956
66.09327484304221,6.076499893625953,-0.15325766141221298,0.9753990969860024
65.92570103616097,6.0792597539312965,-0.1504978011068694,0.9758421094597561
65.75812722927972,6.082054055553434,-0.14770349948473172,0.9762906504499071
65.59055342239849,6.084787921316792,-0.14496963372137373,0.9767294902826301
65.42297961551725,6.0875841721946555,-0.14217338284351033,0.9771783441670967
65.255405808636,6.090334283988549,-0.13942327104961727,0.9776197918108608
65.08783200175476,6.093356677557252,-0.13640087748091378,0.9781049460952773
64.91953899398561,6.096336832786258,-0.13342072225190815,0.9785833202860347
64.91953899398561,6.099155177461831,-0.1306023775763352,0.9790357206644882
64.74693078088906,6.102042404770992,-0.12771515026717406,0.9794991780757363
64.57863777311991,6.104923784312976,-0.12483377072519009,0.9799616968040379
64.41178316712657,6.107914335572519,-0.12184321946564669,0.9804417397644778
64.24420936024532,6.110795715114504,-0.11896183992366183,0.9809042584927796
64.07663555336408,6.113445101965648,-0.11631245307251792,0.9813295377797724
63.90834254559494,6.116240703091602,-0.11351685194656369,0.9817782873661336
63.7414879396016,6.119093489083968,-0.11066406595419753,0.9822362162609842
63.573914132720354,6.122047000019084,-0.10771055501908222,0.9827103135126063
63.573914132720354,6.12497386889313,-0.10478368614503619,0.9831801341835052
63.40634032583911,6.1277785665458,-0.10197898849236608,0.983630343943338
63.23876651895786,6.130792513339693,-0.09896504169847287,0.9841141423523878
63.070473511188716,6.1335757669465645,-0.09618178809160138,0.984560909916339
62.90289970430747,6.136375916335877,-0.09338163870228922,0.9850103895894361
62.735325897426236,6.139119530610685,-0.0906380244274807,0.9854507942521488
62.56775209054499,6.141956720324427,-0.08780083471373867,0.985906219634064
62.39945908277585,6.144595059160305,-0.08516249587786096,0.9863297254948569
62.231885275894605,6.146525726622137,-0.08323182841602872,0.9866396360242435
62.231885275894605,6.148138622977099,-0.08161893206106718,0.9868985379703806
62.06503066990127,6.151159717041985,-0.07859783799618114,0.9873834836585869
61.897456863020025,6.154720826393128,-0.07503672864503752,0.9879551125413615
61.729163855250874,6.1577711637595405,-0.07198639127862538,0.9884447523611238
61.56087084748172,6.160702580896946,-0.06905497414121964,0.988915303118759
61.39401624148839,6.163299980896945,-0.06645757414122055,0.9893322374821032
61.22644243460714,6.165953916011449,-0.06380363902671693,0.9897582468558319
61.05814942683799,6.168784608206107,-0.06097294683205856,0.9902126292566958
60.89129482084466,6.171333270114503,-0.05842428492366292,0.9906217401869173
60.72300181307551,6.173776009064884,-0.055981545973281754,0.9910138483755265
60.72300181307551,6.176180408187022,-0.05357714685114345,0.9913998022591081
60.55470880530637,6.178709575305342,-0.05104797973282427,0.991805783887763
60.387854199313026,6.181037942290076,-0.04871961274808978,0.992179533100981
60.22028039243179,6.183639892786259,-0.046117662251907277,0.9925971979094739
60.052706585550546,6.1864211971374035,-0.0433363579007624,0.9930436525791095
59.8844135777814,6.188936717232823,-0.040820837805342514,0.9934474435891443
59.71755897178806,6.191452887080152,-0.03830466795801346,0.9938513388972842
59.5449507586915,6.1940138965076335,-0.03574365853053241,0.9942624318499159
59.377376951810255,6.19673606673664,-0.03302148830152607,0.9946993943167466
59.377376951810255,6.199184653454198,-0.03057290158396775,0.9950924411883023
59.20980314492901,6.201714470324426,-0.028043084713740285,0.9954985271150623
59.04151013715987,6.204287177519083,-0.025470377519082987,0.9959114977919993
58.873936330278624,6.206923567099237,-0.022833987938929212,0.996334690758477
58.706362523397374,6.2094572824809156,-0.02030027255725031,0.9967414024738679
58.53878871651614,6.212057283721372,-0.017700271316793526,0.9971587543880454
58.36618050341958,6.214606595381679,-0.01515095965648694,0.9975679696163723
58.198606696538334,6.217139011259541,-0.012618543778624591,0.997974472735553
58.0310328896571,6.219480375515267,-0.010277179522899083,0.9983503082692861
58.0310328896571,6.221960806774809,-0.007796748263356967,0.9987484668232312
57.86345908277585,6.224553006526717,-0.005204548511448692,0.9991645664433217
57.695885275894604,6.22701264125954,-0.002744913778625957,0.9995593867410769
57.52831146901336,6.229645784312976,-0.00011177072518986364,0.9999820585754418
57.360018461244216,6.232123614332061,0.0023660592938954395,1.0003797995785537
57.193163855250866,6.234394144465648,0.004636589427482463,1.0007442648267642
57.02559004836963,6.236691970877861,0.00693441583969534,1.001113111670628
56.857297040600486,6.239095718015266,0.009338162977099884,1.0014989608976914
56.68972323371924,6.241747706106869,0.01199015106870327,1.0019246577355176
56.68972323371924,6.244482221622136,0.014724666583970425,1.0023636018663458
56.522149426838,6.246855428187023,0.017097873148856912,1.0027445487240558
56.35457561995676,6.24912205980916,0.019364504770994273,1.0031083881836353
56.18700181307552,6.251349704083969,0.02159214904580331,1.0034659693984946
56.018708805306375,6.253905513263357,0.02414795822519089,1.0038762276078725
55.84681979309771,6.256199441164121,0.026441886125954994,1.0042444486631057
55.678526785328565,6.258415385438931,0.028657830400764972,1.0046001517952474
55.51167217933523,6.2606287329389305,0.030871177900764657,1.0049554380933812
55.344098372453985,6.263122159236639,0.0333646041984732,1.0053556826094283
55.344098372453985,6.26541998341603,0.03566242837786415,1.00572452909488
55.17580536468484,6.267404586984733,0.03764703194656693,1.0060430974422305
55.00823155780359,6.269446375419846,0.03968882038167987,1.0063708450980702
54.84065775092235,6.271790990667938,0.04203343562977224,1.0067472024807416
54.67308394404111,6.2738821669465645,0.04412461190839867,1.0070828778678094
54.50479093627196,6.275404736622137,0.04564718158397074,1.00732728058527
54.33793633027862,6.276976691908397,0.04721913687023083,1.0075796106755461
54.16964332250948,6.2791692451145025,0.04941169007633661,1.0079315590759028
54.00278871651613,6.2813195555152666,0.05156200047710069,1.0082767266657755
54.00278871651613,6.283539400534351,0.05378184549618492,1.0086330559449606
53.834495708746985,6.285767694561067,0.05601013952290135,1.0089907414579247
53.66692190186575,6.2876697684732825,0.057912213435116655,1.0092960621538605
53.499348094984505,6.2893749407633575,0.059617385725191596,1.0095697762229892
53.33177428810326,6.29100148414122,0.06124392910305421,1.0098308687877466
53.16420048122202,6.292912007061068,0.06315445202290171,1.0101375457174617
52.995907473452874,6.29513640034351,0.06537884530534388,1.0104946050833825
52.82833366657162,6.297312055534349,0.0675545004961835,1.0108438410161806
52.66075985969039,6.2996449730152655,0.06988741797709963,1.0112183206745469
52.49318605280914,6.301616579312976,0.0718590242748105,1.0115348027013822
52.49318605280914,6.303247021202289,0.07348946616412277,1.0117965210547704
52.3256122459279,6.304944396469465,0.07518684143129928,1.0120689835466379
52.15803843904666,6.306591084389312,0.07683352935114574,1.0123333097110672
51.99046463216541,6.308489259790076,0.07873170475191049,1.012638004618372
51.82145242350837,6.310328298835876,0.08057074379771034,1.012933206964459
51.654597817515025,6.312113404007633,0.0823558489694669,1.013219751850995
51.48702401063378,6.313969338835877,0.08421178379771099,1.0135176663062284
51.31945020375254,6.315809677385496,0.08605212234733006,1.0138130772485259
51.1518763968713,6.3176604164312975,0.08790286139313164,1.0141101576773308
51.1518763968713,6.319477361679388,0.08971980664122192,1.0144018135294308
50.979987384662635,6.321297555687022,0.09154000064885626,1.0146939908720565
50.81169437689349,6.323028072767174,0.09327051772900852,1.0149717732841108
50.64412057001225,6.324551941946563,0.09479438690839714,1.0152163845977817
50.475827562243104,6.32611674996183,0.0963591949236644,1.0154675674089013
50.30897295624977,6.327841419274809,0.09808386423664306,1.0157444111380096
50.1363647431532,6.328593280477098,0.09883572543893226,1.0158650998158028
49.96879093627196,6.327792031431295,0.09803447639312957,1.0157364834067815
49.801217129390714,6.3299189485305325,0.10016139349236663,1.016077895906457
49.801217129390714,6.332678159083968,0.10292060404580194,1.0165208040821054
49.63364332250948,6.334944140954198,0.10518658591603192,1.0168845392435801
49.466069515628234,6.336992429141222,0.10723487410305577,1.0172133302388842
49.29849570874699,6.338987430973282,0.10922987593511646,1.0175335677143293
49.13020270097785,6.340574332786258,0.1108167777480924,1.0177882970194356
48.962628894096596,6.3420208703244265,0.11226331528626066,1.0180204950665328
48.79505508721536,6.343365385648854,0.1136078306106878,1.018236316519061
48.62676207944621,6.344564334217557,0.11480677917939097,1.0184287716119136
48.45487306723756,6.345935491603053,0.1161779365648874,1.0186488696451648
48.45487306723756,6.3471584854580145,0.11740093041984867,1.0188451844847322
48.28729926035631,6.34831584543893,0.11855829040076404,1.0190309637820307
48.11900625258717,6.349455012366411,0.119697457328245,1.019213822732386
47.94711724037851,6.350867108587786,0.12110955354962005,1.0194404922630858
47.77882423260937,6.352216169942746,0.12245861490458054,1.0196570434439371
47.61196962661602,6.3534339657824415,0.1236764107442756,1.0198525238986635
47.44439581973479,6.354630317576335,0.12487276253816937,1.0200445621575083
47.27610281196564,6.355670706583969,0.12591315154580318,1.0202115652869947
47.10924820597229,6.356792325744275,0.1270347707061088,1.0203916074716861
47.10924820597229,6.3578886023473276,0.1281310473091617,1.0205675816718645
46.94095519820315,6.358841913435113,0.12908435839694743,1.0207206070632
46.773381391321905,6.359821868816793,0.13006431377862704,1.0208779093936715
46.60149237911325,6.360750484866411,0.1309929298282455,1.021026970740187
46.433918572232,6.36176683082061,0.13200927578244404,1.0211901144813709
46.26562556446286,6.362948885839694,0.13319133080152845,1.02137985782349
46.097332556693715,6.363754033396945,0.13399647835877904,1.0215091000211416
45.92975874981247,6.3645559344274805,0.1347983793893146,1.021637821086681
45.76218494293123,6.365983626927481,0.13622607188931557,1.0218669941303167
45.76218494293123,6.366476203625952,0.13671864858778626,1.0219460624879724
45.59533033693789,6.367424966450381,0.13766741141221495,1.0220983577925724
45.42775653005664,6.368557633625953,0.13880007858778676,1.0222801734034634
45.2601827231754,6.36939657274809,0.13963901770992404,1.0224148398194075
45.09188971540625,6.37034468582061,0.14058713078244445,1.0225670308259023
44.92431590852502,6.371572877690839,0.14181532265267283,1.022764180050311
44.75674210164377,6.372564530839694,0.1428069758015278,1.0229233601050873
44.58916829476253,6.37315978173664,0.14340222669847424,1.02301890971383
44.421594487881286,6.373895396908396,0.14413784187023015,1.0231369905805825
44.421594487881286,6.374548484656488,0.1447909296183223,1.0232418241543326
44.254020681000036,6.375276302805343,0.1455187477671771,1.0233586534438235
44.0864468741188,6.375922241049619,0.14616468601145272,1.0234623393800046
43.918873067237556,6.376496047900763,0.146738492862597,1.0235544467928652
43.75058005946841,6.377601421030533,0.14784386599236754,1.0237318811665155
43.57869104725976,6.37820057043893,0.14844301540076454,1.023828056563889
43.410398039490616,6.378601520954198,0.14884396591603188,1.0238924170966586
43.23778982639405,6.379432013301525,0.1496744582633589,1.0240257276372358
43.070216019512806,6.380145534675573,0.15038797963740702,1.0241402620100013
43.070216019512806,6.381631061793892,0.15187350675572642,1.0243787186602313
42.90264221263156,6.382527188015266,0.15276963297710022,1.0245225647430776
42.73506840575032,6.3828098680534335,0.15305231301526767,1.0245679405118246
42.56246019265376,6.382828063339693,0.15307050830152757,1.024570861217181
42.394886385772516,6.382889798702291,0.1531322436641247,1.0245807709708195
42.222997373563864,6.383298544007633,0.15354098896946677,1.0246463827224375
42.05470436579472,6.383739785839694,0.15398223080152817,1.0247172108129632
41.887130558913476,6.38404520942748,0.15428765438931435,1.0247662373738025
41.719556752032226,6.384582623473281,0.15482506843511512,1.024852503017538
41.719556752032226,6.38526300303435,0.15550544799618393,1.024961717470116
41.55198294515098,6.385784173282442,0.156026618244276,1.0250453756612234
41.38440913826974,6.385849807156488,0.1560922521183219,1.0250559112034923
41.2168353313885,6.386162378015266,0.1564048229771,1.0251060850434879
41.04926152450726,6.387017565400764,0.15726001036259785,1.025243359628886
40.881687717626015,6.387672600171753,0.15791504513358756,1.0253485057385383
40.71339470985687,6.388185973396946,0.1584284183587803,1.0254309123523844
40.54582090297562,6.388506993263358,0.15874943822519239,1.0254824424261595
40.37824709609438,6.388276949828243,0.15851939479007715,1.0254455158791658
40.37824709609438,6.388104093492366,0.15834653845420021,1.0254177689990747
40.21067328921314,6.388174275629771,0.15841672059160494,1.0254290346280794
40.042380281444,6.388183372156487,0.15842581711832082,1.025430494801551
39.87480647456275,6.388193770419846,0.1584362153816805,1.025432163929646
39.70723266768151,6.388197668931297,0.15844011389313106,1.0254327897182767
39.53965886080026,6.38810214423664,0.1583445891984745,1.025417456104759
39.37208505391902,6.387935785419846,0.15817823038168033,1.025390752205719
39.20451124703778,6.387759028339693,0.15800147330152736,1.0253623791785842
39.036937440156535,6.387741482805343,0.1579839277671775,1.0253595627713332
38.86864443238739,6.387864953530534,0.1581073984923682,1.0253793822786093
38.86864443238739,6.3880306603625945,0.15827310532442862,1.0254059815211314
38.701789826394055,6.388322439160305,0.1585648841221392,1.0254528178217632
38.534216019512805,6.388499843759542,0.15874228872137586,1.0254812947885905
38.36592301174366,6.3883887227862575,0.1586311677480916,1.0254634576621369
38.19906840575032,6.388199618187023,0.15844206314885678,1.0254331026125922
38.030775397981174,6.388171676622136,0.15841412158397006,1.0254286174356586
37.86320159109993,6.3882548560305334,0.15849730099236758,1.0254419693851788
37.69562778421869,6.388206767690838,0.15844921265267242,1.025434250250161
37.52733477644955,6.388203518931298,0.15844596389313192,1.0254337287596358
37.52733477644955,6.388125537538167,0.1583679825000015,1.0254212111949566
37.3597609695683,6.387693396698474,0.15793584166030783,1.0253518439947282
37.192906363574956,6.387445157977098,0.1576876029389318,1.0253119967423783
37.02461335580581,6.38728659841603,0.15752904337786422,1.0252865447790125
36.857039548924575,6.387029263167938,0.15727170812977231,1.0252452373531908
36.68946574204333,6.3868739501335865,0.15711639509542064,1.0252203065219379
36.52189193516209,6.386807666507632,0.15705011146946646,1.0252096666815638
36.34928372206552,6.386613366125954,0.15685581108778823,1.0251784776055908
36.18170991518428,6.38660491711832,0.15684736208015426,1.0251771213718113
36.18170991518428,6.386503542423664,0.15674598738549772,1.025160848716935
36.009820902975626,6.38603046274809,0.15627290770992452,1.0250849100192578
35.84152789520648,6.385643159255723,0.15588560421755737,1.0250227401051086
35.67395408832523,6.385543733816793,0.15578617877862744,1.025006780344548
35.50566108055609,6.385377375,0.15561981996183416,1.024980076445508
35.33880647456275,6.385124588015266,0.1553670329771002,1.024939499106422
35.17123266768151,6.384933536393129,0.15517598135496335,1.0249088315209745
35.002939659912364,6.384600169007633,0.15484261396946675,1.0248553194247891
34.83608505391903,6.384121239332059,0.15436368429389358,1.0247784416857533
34.83608505391903,6.383787871946563,0.15403031690839697,1.0247249295895677
34.66851124703778,6.383535084961831,0.15377752992366478,1.0246843522504823
34.499499038380726,6.383002868931296,0.15324531389313023,1.0245989209915878
34.33264443238739,6.382371227461832,0.15261367242366575,1.0244975299721324
34.16507062550615,6.381883199026716,0.15212564398855033,1.024419191701212
33.9974968186249,6.381577775438931,0.15182022040076504,1.0243701651403727
33.82992301174367,6.381311341431297,0.15155378639313088,1.0243273971826665
33.6573147986471,6.380795371431296,0.15103781639313052,1.024244573734813
33.489740991765856,6.380345035305343,0.15058748026717694,1.0241722858292284
33.489740991765856,6.379851156870229,0.15009360183206333,1.0240930085169493
33.32144798399671,6.3795964206297695,0.14983886559160364,1.0240521182835478
33.14955897178806,6.379531438740457,0.1497738837022915,1.0240416873977969
32.98198516490682,6.378669753835877,0.1489121987977109,1.023903369831348
32.814411358025566,6.3776748519274795,0.14791729688931365,1.0237436682860457
32.64611835025642,6.376869054618319,0.14711149958015302,1.0236143217902887
32.47854454337518,6.3763023950381665,0.14654484000000068,1.0235233616565842
32.30593633027863,6.375766930248091,0.14600937520992474,1.023437408907164
32.13908172428528,6.375057957137404,0.1453004020992381,1.023323604621135
32.13908172428528,6.3743489840267165,0.1445914289885506,1.0232098003351056
31.971507917404036,6.373588673816793,0.14383111877862742,1.023087755423533
31.80321490963489,6.373095447366412,0.1433378923282458,1.0230085827677715
31.63564110275365,6.372760130725189,0.14300257568702346,1.0229547577772706
31.468067295872405,6.372327340133587,0.1425697850954215,1.0228852862789375
31.29545908277585,6.371709343454198,0.14195178841603173,1.0227860855196895
31.12788527589461,6.3710556081870235,0.14129805314885768,1.0226811480062472
30.955277062798043,6.370477902824427,0.14072034778626108,1.0225884148047555
30.787703255916803,6.36988265192748,0.14012509688931374,1.0224928651960126
30.787703255916803,6.369053459083969,0.13929590404580328,1.0223597632516455
30.62012944903556,6.3682418117748085,0.13848425673664266,1.0222294777145295
30.45255564215432,6.367570528740457,0.1378129737022915,1.022121723435423
30.284262634385172,6.36689924793893,0.13714169290076406,1.0220139695147292
30.11668882750392,6.366090199637403,0.13633264459923744,1.0218841011700337
29.949834221510585,6.365264907538168,0.13550735250000212,1.0217516253727104
29.77722600841403,6.364577378473281,0.134819823435115,1.0216412632825627
29.609652201532786,6.363806672232824,0.1340491171946585,1.0215175496013083
29.441359193763642,6.363019717729008,0.13326216269084235,1.0213912277506
29.441359193763642,6.362235364465647,0.13247780942748122,1.0212653234507245
29.268750980667075,6.361491300286258,0.13173374524809223,1.0211458863501928
29.10189637467374,6.360700447270991,0.13094289223282551,1.0210189387108537
28.933603366904592,6.359913494999999,0.13015593996183306,1.0208926172185582
28.766748760911256,6.359057660095419,0.1293001050572533,1.0207552386934682
28.598455753142108,6.358180378912212,0.1284228238740459,1.020614417614083
28.430881946260868,6.357341439790075,0.12758388475190952,1.0204797511981392
28.262588938491714,6.356468706870229,0.12671115183206272,1.0203396602054904
28.095734332498377,6.35605671057252,0.12629915553435378,1.0202735266049339
28.095734332498377,6.355901399770991,0.12614384473282492,1.0202485961320933
27.928160525617134,6.3549955250381664,0.1252379700000006,1.0201031852192575
27.760586718735894,6.353905098435114,0.12414754339694856,1.019928150060438
27.59229371096675,6.352975830400763,0.12321827536259722,1.0197789840574047
27.424719904085507,6.351247912328243,0.12149035729007718,1.0195016188377708
27.257146097204256,6.34930554933206,0.11954799429389418,1.0191898309424918
27.089572290323016,6.348652461583969,0.11889490654580293,1.019084997368742
26.92127928255387,6.348852611965648,0.11909505692748201,1.019117125486074
26.75370547567263,6.34845166145038,0.11869410641221378,1.0190527649533043
26.75370547567263,6.347629618110687,0.11787206307252074,1.0189208106465066
26.586850869679292,6.346612622404579,0.11685506736641305,1.0187575626072172
26.41927706279805,6.345529343072517,0.11577178803435118,1.018583674727554
26.250984055028894,6.3445448394274795,0.11478728438931363,1.0184256423103468
26.083410248147654,6.343158085763358,0.11340053072519218,1.0182030407641598
25.91511724037851,6.342093653702289,0.11233609866412309,1.0180321782463708
25.74826263438517,6.34143536793893,0.11167781290076384,1.0179265102877795
25.58068882750393,6.340939542480914,0.11118198744274821,1.0178469204395977
25.413115020622687,6.340160387232823,0.11040283219465685,1.0177218505245635
25.245541213741436,6.339204474904579,0.10944691986641342,1.0175684075823948
25.245541213741436,6.339022522041985,0.10926496700381882,1.0175392005288317
25.077248205972293,6.3385240953435105,0.1087665403053446,1.0174591931298165
24.909674399091053,6.337312149503815,0.10755459446564952,1.0172646517164488
24.74210059220981,6.335193679179389,0.10543612414122272,1.0169245950921402
24.57452678532857,6.329499802729006,0.09974224769084028,1.016010614668331
24.402637773119906,6.329222972690839,0.0994654176526728,1.015966177940943
24.23434476535076,6.331119848587786,0.10136229354962012,1.0162706642520376
24.06677095846952,6.331757340057251,0.10199978501908546,1.0163729943128519
23.898477950700375,6.331006126374046,0.10124857133587994,1.016252409574751
23.898477950700375,6.3294432676145025,0.09968571257633663,1.0160015396579467
23.73090414381913,6.329181384103053,0.09942382906488678,1.0159595021453893
23.56333033693789,6.329588182385495,0.0998306273473295,1.016024801361105
23.39647573094455,6.328722598969464,0.09896504393129835,1.015885858006025
23.2281827231754,6.326623623435113,0.09686606839694711,1.015548930683283
23.060608916294157,6.325246618282442,0.0954890632442762,1.0153278939670858
22.893035109412917,6.324509701374045,0.09475214633587914,1.0152096041457104
22.72474210164377,6.32389950395038,0.09414194891221417,1.0151116553221367
22.55716829476253,6.323229522652672,0.09347196761450594,1.0150041099976537
22.55716829476253,6.322509501526715,0.09275194648854956,1.014888532285424
22.390313688769194,6.321476911774808,0.09171935673664233,1.014722781091612
22.222739881887943,6.32057688480916,0.09081932977099427,1.0145783088617222
22.0551660750067,6.319687258339695,0.08992970330152872,1.01443550611834
21.886873067237556,6.318768388568702,0.08901083353053618,1.0142880092434017
21.719299260356312,6.317814427729008,0.08805687269084217,1.0141348795539609
21.551725453475072,6.316802630038167,0.08704507500000158,1.0139724658995126
21.384151646593832,6.3157245487213745,0.08596699368320859,1.0137994124046905
21.215858638824685,6.314586033778625,0.08482847874045873,1.013616658110853
21.215858638824685,6.313502754446564,0.08374519940839775,1.01344277023119
21.048284831943434,6.312562440629769,0.08280488559160304,1.0132918311603694
20.880711025062194,6.311757942824427,0.08200038778626073,1.0131626932608229
20.713137218180954,6.310809829751907,0.08105227471374121,1.013010502254328
20.54556341129971,6.309745395458014,0.07998784041984841,1.0128396393781265
20.37798960441847,6.307878412614503,0.07812085757633724,1.0125399514966933
20.210415797537227,6.30671390312977,0.07695634809160445,1.0123530245618255
20.03780758444066,6.305950344160304,0.07619278912213812,1.012230458159727
19.87023377755942,6.30521018072519,0.07545262568702427,1.012111647206239
19.87023377755942,6.304285460954197,0.07452790591603087,1.0119632112899415
19.70265997067818,6.303255467977099,0.07349791293893304,1.0117978769301372
19.535086163796937,6.302165041374045,0.07240748633587923,1.0116228417713176
19.367512356915697,6.301231874828243,0.07147431979007735,1.0114730499796536
19.199938550034446,6.300634024923664,0.07087646988549778,1.0113770831784903
19.031645542265302,6.29982302736641,0.07006547232824456,1.0112469019394792
18.864790936271962,6.299199182919846,0.06944162788168029,1.0111467624972854
18.69649792850282,6.299020478816793,0.06926292377862708,1.011118076934248
18.528924121621575,6.297840373053435,0.06808281801526928,1.0109286464864446
18.36063111385243,6.296463367900762,0.06670581286259658,1.010707609770247
18.36063111385243,6.295164344141221,0.0654067891030552,1.0104990906187286
18.19305730697119,6.294140848683205,0.06438329364503925,1.0103347992399754
18.026202700977844,6.293271366755724,0.06351381171755843,1.0101952300962649
17.857909693208697,6.292351847232824,0.06259429219465851,1.0100476289232214
17.69105508721536,6.291477814809159,0.06172025977099338,1.0099073293343621
17.522762079446213,6.290614830400762,0.06085727536259622,1.0097688031717027
17.350873067237554,6.289808383339694,0.06005082830152819,1.0096393523778406
17.18329926035631,6.288949297442746,0.059191742404579806,1.009501452003812
17.015006252587167,6.287969342061068,0.05821178702290197,1.0093441496733409
17.015006252587167,6.28714859822519,0.057391043187023705,1.009212403962753
16.847432445705923,6.28630510860687,0.05654755356870389,1.0090770071016604
16.679858638824683,6.285652023091603,0.05589446805343723,1.008972173886323
16.512284831943443,6.2845745915267175,0.05481703648855163,1.008799224689606
16.3447110250622,6.283315856851145,0.053558301812978826,1.008597172737431
16.17713721818095,6.282328754198473,0.05257119916030728,1.0084387231278031
16.00956341129971,6.281463820534349,0.05170626549618351,1.0082998840708284
15.841270403530563,6.280581341335877,0.05082378629771078,1.0081582286066026
15.6693813913219,6.279712509160304,0.04995495412213824,1.0080187637609972
15.6693813913219,6.278976242003815,0.04921868696564946,1.0079005782377268
15.501088383552755,6.278388790362595,0.0486312353244287,1.0078062805646584
15.334233777559419,6.277705159809159,0.047947604770993024,1.0076965442631418
15.165940769790273,6.276979293148854,0.04722173811068853,1.0075800282263792
14.998366962909031,6.276166996087785,0.04640944104961875,1.007449638391158
14.83079315602779,6.275152599389312,0.04539504435114594,1.0072868075442893
14.663219349146548,6.2741635474809145,0.044405992442748676,1.0071280450403461
14.495645542265308,6.273275218282442,0.04351766324427597,1.0069854505347615
14.327352534496162,6.272400538339694,0.04264298330152805,1.00684504700621
14.327352534496162,6.2715492494656475,0.04179169442748165,1.006708398209443
14.15977872761492,6.270651825973281,0.040894270935114996,1.0065643438887992
13.992924121621583,6.269697862900762,0.03994030786259639,1.0064112138409456
13.824631113852439,6.268834228740458,0.03907667370229184,1.0062725833801813
13.652022900755872,6.268112260591601,0.03835470555343523,1.0061566931320491
13.48444909387463,6.267370145667938,0.03761259062977196,1.006037568925833
13.316875286993389,6.266579944637405,0.036822389599239,1.005910725943012
13.149301480112147,6.265892415572518,0.03613486053435189,1.0058003638528643
12.981727673230907,6.265009936374044,0.03525238133587827,1.0056587083886384
12.981727673230907,6.264307463015266,0.03454990797709989,1.0055459474420732
12.813434665461761,6.263879868206105,0.034122313167939566,1.005477309970168
12.646580059468405,6.263313860610687,0.033556305572520984,1.0053864544929816
12.47828705169926,6.26252820784351,0.03277065280534419,1.005260341596896
12.311432445705922,6.26178869192748,0.03203113688931403,1.0051416345831001
12.143139437936776,6.261029681221373,0.031272126183207405,1.0050197982677378
11.975565631055536,6.260172546812976,0.03041499177481022,1.0048822111464375
11.807991824174294,6.259531806583969,0.029774251545803487,1.0047793595950976
11.639698816405149,6.258881320076335,0.029123765038169047,1.0046749435721807
11.472125009523907,6.258086568549618,0.028329013511451784,1.0045473701442107
11.472125009523907,6.257354202137403,0.02759664709923726,1.0044298107679839
11.30527040353057,6.2567634995038155,0.027005944465649634,1.004334991245977
11.136977395761425,6.256205288931296,0.026447733893130376,1.004245387346052
10.970122789768087,6.255649027614503,0.025891472576336838,1.0041560963404423
10.801829781998942,6.254984894083969,0.0252273390458031,1.0040494896989052
10.634255975117682,6.254275920973282,0.02451836593511647,1.0039356854128758
10.46668216823644,6.253658576278625,0.023901021240459563,1.0038365893101457
10.299108361355199,6.253050328110686,0.023292773072520312,1.0037389533808876
10.131534554473959,6.252524609599235,0.022767054561069422,1.0036545651030444
10.131534554473959,6.252216587003816,0.022459031965650134,1.0036051213497845
9.963241546704813,6.251853978549618,0.022096423511452024,1.003546915480456
9.795667739823571,6.251299016736641,0.02154146169847504,1.0034578330710564
9.628813133830233,6.250619936679388,0.020862381641221894,1.0033488272146882
9.46052012606109,6.2500877184160295,0.02033016337786364,1.003263395597381
9.292946319179848,6.249734208721372,0.019976653683206003,1.0032066502599368
9.125372512298606,6.2492383810305325,0.019480825992366668,1.0031270600533422
8.957798705417364,6.248765948874045,0.019008393835878934,1.0030512252953578
8.790224898536122,6.248053077251908,0.018295522213741755,1.0029367952206978
8.790224898536122,6.247299266793892,0.01754171175572594,1.002815793648589
8.621931890766978,6.246631884503816,0.01687432946564993,1.002708665516526
8.45507728477362,6.245909914122136,0.016152359083970502,1.0025927749099814
8.286784277004477,6.24562268582061,0.015865130782444226,1.0025466690544986
8.119210470123235,6.2453322087595415,0.015574653721375675,1.00250004170849
7.946602257026687,6.244705115553434,0.014947560515268243,1.0023993807757703
7.779747651033332,6.244073474083968,0.014315919045801984,1.0022979897563147
7.611454643264186,6.243634183740457,0.013876628702290894,1.0022274749185172
7.443880836382945,6.242971999465647,0.013214444427481098,1.0021211811712951
7.443880836382945,6.242014140114502,0.012256585076336535,1.0019674256932236
7.276307029501703,6.241505967137405,0.011748412099239047,1.001885853822632
7.108014021732559,6.241219388587785,0.011461833549619271,1.0018398522652538
6.940440214851317,6.240648830496182,0.01089127545801638,1.0017482663429187
6.773585608857979,6.240149756278625,0.010392201240459364,1.0016681550042112
6.605292601088834,6.239757252538167,0.009999697500001403,1.0016051503468084
6.437718794207592,6.239401793587787,0.00964423854962071,1.0015480921150488
6.2701449873263515,6.2388877706106864,0.009130215572520584,1.001465581203098
6.10257118044511,6.2385433574427465,0.0087858024045806,1.0014102960391251
5.934997373563869,6.238241832366412,0.00848427732824586,1.0013618952669168
5.934997373563869,6.237816189045801,0.008058634007634957,1.0012935710477397
5.767423566682627,6.2375945946183196,0.007837039580153693,1.0012580007345255
5.599130558913482,6.237309315572516,0.007551760534350471,1.0012122077733576
5.431556752032223,6.237231336412211,0.0074737813740455294,1.0011996905670915
5.263982945150981,6.236836233664121,0.007078678625955348,1.0011362687172682
5.096409138269739,6.2363170149045795,0.006559459866413597,1.001052923778889
4.928835331388498,6.23580494341603,0.006047388377863783,1.0009707261196663
4.7612615245072565,6.235429335458015,0.005671780419849171,1.0009104335714096
4.588653311410691,6.23516485293893,0.005407297900764441,1.0008679788664314
4.588653311410691,6.234903616946564,0.005146061908398281,1.0008260452935662
4.420360303641545,6.234488371889312,0.00473081685114618,1.0007593902024838
4.253505697648207,6.23402373898855,0.004266183950384139,1.000684807380174
4.085212689879063,6.233786548282442,0.00402899324427608,1.0006467335540237
3.9176388829978213,6.2335928954198465,0.003835340381680652,1.0006156484177429
3.7507842770044832,6.23326537803435,0.003507822996184018,1.0005630753629164
3.5824912692353386,6.233126963015266,0.0033694079771002805,1.0005408569992222
3.4149174623540968,6.233035984351144,0.0032784293129779485,1.000526253114028
3.2473436554728554,6.23293720866412,0.003179653625954515,1.0005103976515721
3.2473436554728554,6.232704568454198,0.00294701341603254,1.0004730542705709
3.0747354423762894,6.232347158015266,0.0025896029770997586,1.000415682786083
2.907161635495048,6.232037833683205,0.002280278645039324,1.0003660300782002
2.7395878286138067,6.231923463950381,0.002165908912215464,1.0003476714612214
2.5720140217325653,6.2315946448282435,0.001837089790077684,1.000294889451772
2.4044402148513235,6.231150806221374,0.0013932511832077665,1.0002236445272386
2.236866407970082,6.230868778167937,0.0011112231297714104,1.0001783734150091
2.069292601088841,6.23085773015267,0.0011001751145043315,1.0001765999888093
1.900999593319696,6.230946107576336,0.0011885525381698514,1.0001907863231705
1.900999593319696,6.231005243931297,0.0012476888931312047,1.000200278884388
1.7341449873263397,6.2310507310305345,0.001293175992368667,1.0002075804685726
1.5665711804450981,6.231022789465648,0.0012652344274819427,1.0002030952916392
1.3982781726759532,6.2308063930534345,0.0010488380152686716,1.0001683593632662
1.2307043657947119,6.230521763759541,0.0007642087213755033,1.0001226707002036
1.0631305589134703,6.230313166603053,0.0005556115648870374,1.0000891867075048
0.8955567520322288,6.230317714866411,0.0005601598282449771,1.0000899167942405
0.7279829451509874,6.230157206049617,0.00039965101145078563,1.0000641519365594
0.5553747320544216,6.229845282709923,8.772767175724283e-05,1.0000140820362562
0.5553747320544216,6.229781598091602,2.4043053436173523e-05,1.0000038593883027
0.38780092517318004,6.229717915706106,-3.96393320603039e-05,0.9999936370987619
0.2202271182919386,6.229793295858777,3.57408206115295e-05,1.0000057371126077
0.05193411052279365,6.229757555038166,0.0,1.0
-0.11563969635844781,6.230150056545801,0.0003925015076351457,1.0000630042989904
-0.28321350323968925,6.230220238683205,0.00046268364503898596,1.000074269927995
-0.4551025154483517,6.229959004923664,0.000201449885498306,1.0000323367135429
-0.6226763223295931,6.229882975019083,0.00012541998091730733,1.0000201324015918
-0.7909693300987382,6.229877125019083,0.0001195699809173334,1.000019193360233
-0.7909693300987382,6.229992796488548,0.00023524145038233968,1.0000377609318347
-0.9585431369799795,6.230108467958015,0.0003509129198491223,1.0000563285034367
-1.126116943861221,6.230361904694656,0.0006043496564904771,1.0000970101406277
-1.294409951630366,6.230592595648854,0.0008350406106885089,1.0001340406273136
-1.4619837585116073,6.230515915992367,0.0007583609542010095,1.0001217320172577
-1.6338727707202698,6.230491870706106,0.0007343156679402441,1.0001178722705424
-1.8014465776015114,6.230639384484733,0.0008818294465671173,1.0001415511661211
-1.9690203844827527,6.230822639083968,0.0010650840458019672,1.0001709671743069
-2.137313392251898,6.231117014656487,0.0013594596183210683,1.0002182203089462
-2.137313392251898,6.2312768759541965,0.0015193209160306864,1.000243881226935
-2.304167998245236,6.2314770263358765,0.0017194712977106619,1.0002760093442673
-2.4724610060143806,6.231599195324426,0.0018416402862602155,1.0002956198969206
-2.6407540137835257,6.231753206622136,0.0019956515839698596,1.0003203417735504
-2.8076086197768637,6.231885124122138,0.0021275690839717143,1.0003415171561936
-2.975182426658105,6.231868878091603,0.0021113230534375305,1.0003389093451527
-3.143475434427268,6.231957255515266,0.002199700477100386,1.0003530956795135
-3.3110492413085097,6.232044983187023,0.0022874281488567405,1.0003671777157694
-3.4779038473018478,6.23217755043893,0.0024199954007642077,1.0003884573965174
-3.6461968550709924,6.23224123505725,0.002483680019084389,1.0003986800444706
-3.6461968550709924,6.232546008893129,0.00278845385496318,1.000447602307205
-3.813770661952234,6.232983347748092,0.0032257927099257344,1.0005178038922746
-3.9813444688334756,6.233289421087785,0.0035318660496193033,1.000566934751219
-4.148918275714717,6.233434335858778,0.00367678082061218,1.000590196454377
-4.316492082595959,6.233553905839693,0.003796350801526849,1.0006093898146096
-4.4840658894772,6.233828136870229,0.004070581832062992,1.0006534093495776
-4.651639696358441,6.234294071507633,0.004536516469467067,1.0007282011265106
-4.819213503239682,6.234758704408395,0.005001149370229108,1.0008027839488207
-4.987506511008828,6.235095320553435,0.0053377655152688774,1.000856817535532
-4.987506511008828,6.235533311393129,0.005775756354963413,1.0009271237771191
-5.155799518777973,6.236079824198472,0.006322269160306426,1.0010148499527391
-5.322654124771328,6.236476224217556,0.006718669179390346,1.00107848004036
-5.49022793165257,6.236933060095419,0.007175505057253062,1.0011518112854088
-5.662836144749118,6.237598493129771,0.007840938091605132,1.0012586265231564
-5.83040995163036,6.237662827499998,0.007905272461831814,1.0012689534692147
-5.997983758511601,6.237689471793892,0.007931916755726576,1.0012732304083507
-6.16555756539286,6.237963702824426,0.008206147786260054,1.0013172499433183
-6.333131372274102,6.238431584484731,0.008674029446565257,1.001392354256154
-6.333131372274102,6.238840984007633,0.009083428969467455,1.0014580710227032
-6.501424380043247,6.2391087152862585,0.009351160248092683,1.0015010472182069
-6.6689981869244885,6.239489521259542,0.009731966221376176,1.0015621741513048
-6.836571993805729,6.240004841507632,0.010247286469466488,1.0016448933010529
-7.004145800686971,6.240566300839695,0.010808745801528907,1.001735018691504
-7.171719607568213,6.241056928282442,0.011299373244276545,1.0018137741548447
-7.339293414449454,6.241600842080151,0.011843287041985562,1.0019010831380442
-7.506867221330696,6.2422480798282445,0.012490524790078616,1.0020049776704356
-7.67516022909984,6.24290701534351,0.013149460305344363,1.0021107499271316
-7.842734035981082,6.243522410782443,0.013764855744277327,1.0022095331355465
-7.842734035981082,6.24400524120229,0.014247686164123863,1.0022870370216255
-8.011027043750227,6.244481571870227,0.01472401683206126,1.0023634975682405
-8.177881649743583,6.244899418167937,0.01514186312977106,1.0024305702101561
-8.345455456624824,6.245475824026716,0.01571826898855022,1.0025230948154376
-8.513029263506066,6.245956702958014,0.016199147919848222,1.0026002854487888
-8.680603070387308,6.246411589580152,0.016654034541986107,1.0026733037995224
-8.848896078156452,6.246878821488548,0.017121266450382144,1.0027483038142528
-9.01575068414979,6.247459128091602,0.017701573053436448,1.0028414545665778
-9.183324491031032,6.248197342270992,0.018439787232826355,1.0029599526257509
-9.183324491031032,6.2488458795229,0.019088324484734187,1.0030640557543522
-9.351617498800177,6.249291669618319,0.019534114580153528,1.0031356139316137
-9.519191305681419,6.249792693091602,0.020035138053436263,1.0032160381646367
-9.686765112562659,6.250334007881679,0.02057645284351306,1.0033029299554157
-9.855058120331805,6.250820736812977,0.021063181774811035,1.0033810596301258
-10.022631927213046,6.251393241927479,0.021635686889313277,1.0034729580883635
-10.189486533206402,6.252058677194656,0.02230112215648994,1.003579773684524
-10.357060340087644,6.252687719656487,0.022930164618321314,1.0036807475115588
-10.52535334785679,6.253341454923663,0.02358389988549714,1.0037856850250013
-10.52535334785679,6.254164150248091,0.02440659520992483,1.0039177439883173
-10.69292715473803,6.254942655744273,0.025185100706107022,1.004042709605246
-10.860500961619271,6.255683468931298,0.025925913893131813,1.0041616248568397
-11.03310917471582,6.256292366851144,0.026534811812978454,1.0042593650842029
-11.20068298159708,6.2569454545992365,0.027187899561070594,1.004364198657953
-11.36825678847832,6.257618034904579,0.027860479866412824,1.0044721611748568
-11.535830595359561,6.2583413047900756,0.028583749751909693,1.004588260377612
-11.703404402240803,6.259071072194655,0.029313517156489333,1.004705402561418
-11.870978209122045,6.259819034885495,0.030061479847328876,1.0048254654505804
-11.870978209122045,6.260543604274808,0.0307860492366423,1.0049417732495456
-12.03927121689119,6.261219435572519,0.03146188053435317,1.0050502576153881
-12.206125822884529,6.261927106946564,0.032169551908397764,1.0051638529467943
-12.373699629765769,6.262375496049618,0.03261794101145199,1.0052358283164764
-12.541992637534914,6.263118258492365,0.03336070345419895,1.005355056462385
-12.709566444416156,6.2641411041984725,0.034383549160306615,1.0055192435430331
-12.877140251297398,6.265099613301526,0.03534205826336034,1.00567310331921
-13.044714058178638,6.265762447328243,0.03600489229007753,1.005779501364537
-13.217322271275204,6.266336903931298,0.03657934889313186,1.005871713075503
-13.217322271275204,6.266973745648854,0.03721619061068804,1.005973938838212
-13.38561527904435,6.2676872670229,0.03792971198473438,1.0060884732109774
-13.552469885037688,6.268452125496181,0.0386945704580155,1.0062112482092858
-13.72004369191893,6.269351500477098,0.039593945438932465,1.0063556157826579
-13.888336699688073,6.270204086622138,0.04044653158397171,1.0064924728172224
-14.05519130568143,6.271080718053434,0.04132316301526817,1.006633189598502
-14.222765112562671,6.271887165114503,0.04212961007633709,1.0067626403923642
-14.391058120331817,6.272819681908397,0.0430621268702307,1.006912327885923
-14.558631927213058,6.273707361354962,0.043949806316796014,1.0070548180934027
-14.726205734094298,6.274537853702289,0.04478029866412303,1.0071881286339799
-14.726205734094298,6.275373544064884,0.04561598902671804,1.0073222735593983
-14.894498741863444,6.276196886908396,0.046439331870230305,1.0074544364624067
-15.061353347856782,6.276964346622137,0.0472067915839709,1.0075776290115486
-15.233961560953349,6.277705809561068,0.04794825452290219,1.007696648561247
-15.40153536783459,6.278755947080151,0.04899839204198475,1.007865216520723
-15.56910917471583,6.279694313874044,0.049936758835878337,1.0080158430556407
-15.737402182484976,6.280560547041984,0.05080299200381777,1.0081548907088258
-15.975457676380652,6.281511259122135,0.05175370408396951,1.0083074989077407
-15.975457676380652,6.282515907309159,0.05275835227099357,1.00846876492462
-15.975457676380652,6.283208634389312,0.053451079351146014,1.0085799613996083
-15.975457676380652,6.283543951030534,0.05378639599236834,1.0086337863901091
-15.975457676380652,6.2836596202671755,0.053902065229009644,1.0086523536032983
-15.975457676380652,6.283645323492365,0.0538877684541994,1.0086500586865725
-15.975457676380652,6.283642724484732,0.053885169446566294,1.0086496414941521
-15.975457676380652,6.283538101030534,0.05378054599236837,1.0086328473487502
-15.975457676380652,6.283393188492365,0.053635633454199194,1.0086095860040047
-15.975457676380652,6.2833236561068695,0.05356610106870363,1.0085984246731052
