Angle (degree),rho (mOhm cm),Delta rho (mOhm cm),rho/rho(theta=0)
102.72855610765012,7.206464521030533,-0.11528246009542009,0.9842547877722904
102.72855610765012,7.206436577232823,-0.11531040389312963,0.9842509712244389
102.72855610765012,7.2063923896374025,-0.11535459148855054,0.9842449361080201
102.72855610765012,7.206333253282441,-0.11541372784351189,0.9842368592986037
102.72855610765012,7.206292314446564,-0.11545466667938875,0.9842312678958985
102.56601670698419,7.206230579083967,-0.11551640204198588,0.9842228361155111
102.39340849388762,7.206096062576334,-0.11565091854961906,0.984204463928111
102.22583468700637,7.2060876158015255,-0.11565936532442755,0.9842033102724561
102.05250727302192,7.206134404637405,-0.11561257648854806,0.9842097006648037
101.88061826081326,7.206149348931296,-0.1155976321946568,0.9842117417478854
101.71304445393201,7.206278017671753,-0.11546896345419988,0.9842293152506012
101.71304445393201,7.206209784790075,-0.115537196335878,0.9842199960427872
101.54547064705078,7.206138303148854,-0.11560867797709928,0.9842102331212597
101.37286243395421,7.206070070267175,-0.11567691085877829,0.9842009139134457
101.20528862707297,7.206144800667939,-0.11560218045801385,0.9842111205486869
101.03771482019172,7.206262421393128,-0.1154845597328249,0.9842271851198189
100.87014101331049,7.206192239255724,-0.11555474187022874,0.9842175996837768
100.70184800554134,7.206046024980914,-0.11570095614503906,0.9841976298220502
100.5342741986601,7.206293613950381,-0.1154533671755722,0.9842314453813839
100.36670039177886,7.206420331202289,-0.11532664992366382,0.9842487523509138
100.36670039177886,7.206204586774808,-0.1155423943511451,0.9842192861008457
100.19912658489761,7.20598169284351,-0.11576528828244292,0.9841888433756502
100.03155277801638,7.205710708339693,-0.11603627278625961,0.984151832467664
99.86397897113511,7.205505359942748,-0.11624162118320491,0.9841237861014791
99.69137075803857,7.205364995667938,-0.11638198545801526,0.9841046152293946
99.52379695115732,7.20532405683206,-0.116422924293893,0.9840990238266893
99.35622314427609,7.205285065019083,-0.11646191610686962,0.9840936983472542
99.18864933739485,7.2052909150190825,-0.11645606610687054,0.9840944973368962
99.02035632962568,7.2053071610496175,-0.11643982007633547,0.9840967162104215
99.02035632962568,7.205229179656488,-0.116517801469465,0.9840860655565092
98.85278252274443,7.205240227671753,-0.1165067534541997,0.9840875744880926
98.6859279167511,7.205078417118319,-0.11666856400763415,0.9840654744955838
98.51763490898196,7.2049101090458,-0.11683687208015314,0.9840424870756479
98.34502669588541,7.204907510038167,-0.11683947108778625,0.9840421321046773
98.17745288900417,7.204911408549616,-0.11683557257633659,0.9840426645611333
98.00987908212291,7.204922456564884,-0.11682452456106862,0.984044173492717
97.84230527524167,7.204824980381679,-0.11692200074427372,0.9840308602515662
97.67473146836042,7.204679418091603,-0.11706756303435029,0.9840109794375402
97.67473146836042,7.204573492900763,-0.11717348822519025,0.9839965122357764
97.50715766147918,7.204635228263357,-0.11711175286259579,0.9840049440161635
97.33886465371003,7.2048048358396946,-0.11694214528625846,0.9840281089215849
97.1720100477167,7.2047911888167935,-0.11695579230915953,0.9840262450190305
97.00443624083546,7.204895812270991,-0.1168511688549616,0.9840405344303509
96.83686243395422,7.204782092290075,-0.11696488883587808,0.9840250026206326
96.66856942618507,7.204607284465648,-0.11713969666030533,0.984001127468312
96.4966804139764,7.204528005801525,-0.11721897532442771,0.9839902996338722
96.32910660709517,7.204408435820611,-0.11733854530534238,0.9839739688345119
96.32910660709517,7.204208285438931,-0.11753869568702235,0.9839466324102685
96.16081359932602,7.204214133206106,-0.11753284791984697,0.9839474310949526
95.99323979244478,7.2042238817175575,-0.11752309940839556,0.983948762541051
95.82566598556355,7.2041322555343505,-0.11761472559160246,0.9839362482895421
95.6573729777944,7.204164095610686,-0.11758288551526697,0.9839405969888917
95.49051837180106,7.204401936068701,-0.1173450450572524,0.983973081102127
95.32222536403191,7.204763247251907,-0.11698373387404626,0.9840224287761367
95.15537075803856,7.204691113625952,-0.1170558675000013,0.9840125768069085
94.9870777502694,7.204511110019084,-0.11723587110686928,0.9839879920176045
94.9870777502694,7.204485115477097,-0.11726186564885577,0.9839844416979808
94.81518873806077,7.204296013110686,-0.11745096801526689,0.9839586142053212
94.64761493117953,7.204199836431297,-0.11754714469465632,0.9839454784496555
94.47932192341038,7.204359697729007,-0.11738728339694582,0.9839673122139364
94.31174811652915,7.204444826393128,-0.11730215473282524,0.9839789390380181
94.14417430964788,7.204435077881679,-0.11731190324427399,0.9839776075919202
93.97588130187873,7.204500711755724,-0.11724626937022897,0.9839865718287634
93.8090266958854,7.204263521049618,-0.11748346007633526,0.9839541764582709
93.64145288900416,7.204169945610685,-0.11757703551526788,0.9839413959785337
93.47387908212292,7.2045468508396935,-0.11720013028625953,0.9839928734783681
93.47387908212292,7.204922456564884,-0.11682452456106862,0.984044173492717
93.30558607435377,7.205099213645037,-0.11664776748091565,0.9840683148732657
93.13801226747253,7.205429330038166,-0.1163176510877868,0.9841134019807525
92.97043846059128,7.205326655839693,-0.1164203252862599,0.9840993787976601
92.80286465371005,7.204698912881678,-0.11704806824427472,0.9840136420247788
92.63529084682881,7.204404535076335,-0.11734244604961841,0.9839734360730977
92.46699783905966,7.204324606660305,-0.11742237446564818,0.9839625194959153
92.30014323306631,7.204264170801526,-0.11748281032442698,0.9839542652010135
92.13256942618506,7.204188140896946,-0.11755884022900709,0.9839438810802871
92.13256942618506,7.204012033568702,-0.11773494755725089,0.9839198284424812
91.96427641841592,7.203889864580152,-0.11785711654580133,0.98390314267215
91.79670261153467,7.204025680591603,-0.11772130053434982,0.9839216923450356
91.62912880465343,7.203969795229006,-0.11777718589694697,0.9839140595542902
91.45652059155688,7.2038027866603045,-0.11794419446564852,0.98389124961984
91.28894678467563,7.203639026851143,-0.11810795427480958,0.9838688833991028
91.1206537769065,7.20368646543893,-0.1180605156870227,0.983875362534193
90.95379917091314,7.203802136908397,-0.11794484421755591,0.9838911608770974
90.7862253640319,7.204197887175572,-0.11754909395038116,0.9839452122214275
90.7862253640319,7.204332403683205,-0.11741457744274797,0.9839635844088276
90.61793235626276,7.204351248721373,-0.11739573240457979,0.9839661582533236
90.45107775026942,7.2042284299809145,-0.11751855114503851,0.9839493837402497
90.28350394338818,7.204098461736641,-0.11764851938931198,0.9839316327520485
90.11521093561903,7.204031530591603,-0.11771545053434984,0.9839224913346777
89.9476371287378,7.204005536049617,-0.11774144507633633,0.9839189410150541
89.77934412096864,7.204070520171754,-0.1176764609541987,0.9839278165091547
89.61177031408741,7.204004886297709,-0.11774209482824372,0.9839188522723115
89.44491570809407,7.203842425992365,-0.11790455513358822,0.9838966635370597
89.27662270032492,7.204024381087786,-0.11772260003816726,0.9839215148595502
89.27662270032492,7.204025030839693,-0.11772195028625987,0.9839216036022926
89.10401448722835,7.20390026284351,-0.11784671828244342,0.9839045628609908
88.93715988123502,7.2037404015458,-0.11800657958015304,0.9838827290967099
88.76886687346587,7.203725457251907,-0.11802152387404607,0.983880688013628
88.60129306658463,7.2038209819465635,-0.1179259991793895,0.9838937347215931
88.4337192597034,7.203989290019083,-0.11775769110686962,0.983916722141529
88.26542625193424,7.204184240152671,-0.11756274097328223,0.9839433483188731
88.0985716459409,7.204182290896945,-0.11756469022900795,0.9839430820906448
87.93099783905964,7.204083517442747,-0.1176634636832059,0.9839295916689665
87.93099783905964,7.20402243183206,-0.11772454929389298,0.983921248631322
87.7634240321784,7.203921706889313,-0.11782527423664035,0.9839074916764576
87.59585022529717,7.203796289141219,-0.11795069198473396,0.9838903621924128
87.42827641841592,7.203639026851143,-0.11810795427480958,0.9838688833991028
87.25998341064678,7.203733904026716,-0.1180130770992367,0.983881841669283
87.09240960376553,7.203876867309159,-0.11787011381679413,0.9839013675123381
86.9248357968843,7.203980191259541,-0.11776678986641187,0.9839154794381735
86.75654278911514,7.204015934312976,-0.11773104681297664,0.9839203612038951
86.58968818312181,7.203988640267174,-0.11775834085877879,0.9839166333987862
86.58968818312181,7.203981492996183,-0.11776548812976984,0.9839156572286168
86.42211437624057,7.203914559618319,-0.11783242150763407,0.9839065155062878
86.25382136847142,7.203762497576335,-0.11798448354961799,0.9838857469598773
86.08696676247807,7.203677368912213,-0.11806961221374035,0.9838741201357953
85.91939295559683,7.203655272881678,-0.1180917082442754,0.983871102272628
85.75109994782768,7.203626681564885,-0.11812029956106773,0.9838671972869919
85.58352614094645,7.203622131068701,-0.11812485005725204,0.983866575782835
85.4152331331773,7.20359678851145,-0.11815019261450299,0.9838631145109124
85.24837852718396,7.2034824165458,-0.11826456458015322,0.9838474936534933
85.24837852718396,7.203330354503817,-0.11841662662213626,0.9838267251070829
85.08080472030272,7.203278367652671,-0.11846861347328197,0.9838196247727938
84.91323091342147,7.203236129312977,-0.11851085181297627,0.9838138558846031
84.74493790565234,7.203336854255725,-0.118410126870228,0.9838276128394676
84.578083299659,7.203406386641221,-0.11834059448473244,0.983837109532767
84.40979029188985,7.203449924484732,-0.1182970566412207,0.9838430559064432
84.24221648500861,7.203487614561068,-0.11825936656488523,0.9838482035954349
84.07464267812735,7.203574044961831,-0.11817293616412172,0.9838600082099602
83.90706887124611,7.203662422385495,-0.11808455874045798,0.9838720787477555
83.73949506436486,7.203681267423663,-0.1180657137022898,0.9838746525922515
83.73949506436486,7.203790439141221,-0.11795654198473216,0.983889563202771
83.57192125748362,7.203876217557251,-0.11787076356870241,0.9839012787695955
83.39859384349917,7.203982142748091,-0.11776483837786245,0.9839157459713593
83.2267048312905,7.203995787538168,-0.11775119358778507,0.983917609568956
83.05913102440927,7.204028929351144,-0.11771805177480932,0.9839221360587489
82.89155721752803,7.203898313587785,-0.11784866753816825,0.9839042966327627
82.72398341064678,7.2038450272328225,-0.11790195389313052,0.9838970188129884
82.55640960376554,7.204045175381678,-0.11770180574427513,0.983924354932274
82.55640960376554,7.2041056112404585,-0.11764136988549456,0.9839326092271761
82.3881165959964,7.203936003664121,-0.11781097746183189,0.9839094443217546
82.22054278911516,7.2037326045229,-0.11801437660305325,0.9838816641837977
82.05296898223389,7.203649425114503,-0.11809755601144989,0.9838703035879439
81.88539517535266,7.203640978339694,-0.11810600278625927,0.9838691499322889
81.7127869622561,7.203730005515267,-0.11801697561068636,0.983881309212827
81.54521315537485,7.203770294599235,-0.11797668652671778,0.9838868118727895
81.3726049422783,7.203917158625953,-0.11782982250000007,0.9839068704772587
81.20503113539706,7.204016584064884,-0.11773039706106925,0.9839204499466376
81.20503113539706,7.20389701408397,-0.11784996704198303,0.9839041191472776
81.03745732851581,7.20402243183206,-0.11772454929389298,0.983921248631322
80.86916432074668,7.204236229236641,-0.11751075188931193,0.98395044895812
80.70230971475333,7.204373994503816,-0.11737298662213735,0.9839692648592334
80.53473590787209,7.204405836812977,-0.11734114431297638,0.9839736138635412
80.36644290010294,7.204355799217555,-0.11739118190839815,0.98396677975748
80.1988690932217,7.204317457156487,-0.1174295239694656,0.9839615430207878
80.03129528634045,7.204479267709923,-0.11726771341603026,0.9839836430132968
79.8637214794592,7.204520856297709,-0.11722612482824424,0.9839893231587447
79.8637214794592,7.204598837690838,-0.1171481434351147,0.983999973812657
79.69111326636265,7.204736602958014,-0.11701037816793924,0.9840187897137705
79.52425866036931,7.204811333358776,-0.11693564776717658,0.9840289963490115
79.35596565260016,7.204843825419846,-0.11690315570610732,0.9840334340960619
79.18335743950361,7.204991339198473,-0.11675564192748045,0.9840535814432738
79.01578363262236,7.205215532633587,-0.11653144849236607,0.9840842016539548
78.84820982574112,7.205395538473281,-0.11635144265267172,0.9841087867482169
78.68063601885987,7.2055255067175565,-0.11622147440839647,0.9841265377364182
78.51306221197864,7.205603485877862,-0.11614349524809064,0.9841371880853728
78.51306221197864,7.205641825706105,-0.11610515541984778,0.9841424245171071
78.34548840509738,7.205662622232824,-0.11608435889312929,0.9841452648947892
78.17288019200083,7.205714609083968,-0.11603237204198535,0.9841523652290779
78.00458718423168,7.205847176335877,-0.11589980479007611,0.9841704711882501
77.83773257823835,7.205857572366412,-0.11588940875954101,0.9841718910721333
77.6694395704692,7.206001837385496,-0.1157451437404573,0.9841915947056316
77.50258496447586,7.206224081564885,-0.11552289956106776,0.9842219486880844
77.3342919567067,7.206432028969464,-0.11531495215648935,0.98425035002524
77.16599894893756,7.206771244122137,-0.11497573700381558,0.9842966798360827
77.16599894893756,7.207118256297709,-0.11462872482824427,0.9843440745598373
76.9941099367289,7.207260572061067,-0.11448640906488627,0.9843635119651075
76.82653612984767,7.20733530246183,-0.11441167866412272,0.9843737186003485
76.65896232296643,7.2072943636259525,-0.11445261750000046,0.9843681271976432
76.49138851608518,7.207457473683204,-0.11428950744274857,0.9843904046756375
76.32381470920393,7.207770044541984,-0.11397693658396868,0.9844330954241141
76.1562409023227,7.208053374332061,-0.11369360679389207,0.9844717924442115
75.98866709544146,7.208366594942747,-0.11338038618320567,0.9845145719354303
75.8203740876723,7.2085953366412205,-0.11315164448473247,0.9845458133453101
75.65280028079107,7.2088637199045795,-0.11288326122137349,0.9845824689773678
75.65280028079107,7.209107410362594,-0.11263957076335895,0.9846157520802451
75.48522647390982,7.209367344618319,-0.11237963650763394,0.9846512537516897
75.31765266702858,7.209614933587785,-0.11213204753816797,0.9846850693110234
75.15007886014735,7.2097916884351125,-0.11195529269084048,0.9847092103866141
74.97747064705078,7.210089314999999,-0.11165766612595363,0.9847498600520087
74.80989684016953,7.210383690572518,-0.11136329055343541,0.9847900656987317
74.64232303328829,7.210605284999999,-0.11114169612595415,0.9848203309384419
74.47331082463124,7.210817780667938,-0.11092920045801513,0.9848493534747965
74.3071754195258,7.211144650534351,-0.11060233059160218,0.9848939971735279
74.3071754195258,7.211291512328243,-0.11045546879770995,0.984914055473039
74.13888241175667,7.211606034675571,-0.11014094645038242,0.9849570127547013
73.97202780576332,7.212029728740457,-0.10971725238549634,0.985014880646883
73.80373479799417,7.212459920324426,-0.10928706080152661,0.9850736359664917
73.63616099111293,7.212869969599236,-0.10887701152671703,0.985129640261077
73.46786798334378,7.213159147156487,-0.10858783396946592,0.9851691359658584
73.30101337735044,7.213572442958015,-0.10817453816793776,0.9852255836691993
73.13343957046919,7.213902559351143,-0.1078444217748098,0.985270670776686
72.96083135737264,7.214148848816793,-0.10759813230916038,0.9853043088505342
72.96083135737264,7.214302860114503,-0.10744412101144984,0.9853253436251731
72.7932575504914,7.214619981469464,-0.1071269996564892,0.985368655877806
72.62568374361015,7.214983239675572,-0.10676374145038103,0.985418269475086
72.457390735841,7.215443324312975,-0.10630365681297782,0.985481107570774
72.29053612984767,7.216048323721373,-0.10569865740457995,0.9855637380427034
72.12224312207852,7.21660328553435,-0.10514369559160297,0.9856395344085718
71.95466931519728,7.217123803797709,-0.10462317732824378,0.9857106264942039
71.78709550831604,7.217516955057251,-0.10423002606870213,0.9857643228675633
71.61376809433156,7.217904258549616,-0.10384272257633675,0.9858172205562384
71.61376809433156,7.218182390324426,-0.10356459080152725,0.9858552076343943
71.44691348833823,7.218564493568701,-0.10318248755725179,0.9859073950761702
71.27933968145699,7.218932302270991,-0.10281467885496198,0.9859576301776067
71.11176587457575,7.219185739007632,-0.10256124211832063,0.9859922444216246
70.9441920676945,7.2194508712786245,-0.10229610984732851,0.9860284560350108
70.77158385459794,7.220165694389312,-0.10158128673664102,0.9861260861651601
70.6032908468288,7.221393236507633,-0.10035374461832003,0.9862937431630713
70.43571703994755,7.222452470553433,-0.09929451057251981,0.9864384127410464
70.26814323306631,7.222888512137404,-0.09885846898854922,0.9864979670502972
70.26814323306631,7.223219930267175,-0.09852705085877833,0.9865432319482274
70.10056942618507,7.223472717251907,-0.09827426387404614,0.9865777574495024
69.93299561930382,7.223865868511449,-0.09788111261450361,0.9866314538228619
69.76254500887097,7.224394186030533,-0.09735279509541961,0.9867036111263642
69.59353280021392,7.225014779484732,-0.09673220164122132,0.986788371424118
69.42523979244478,7.225522302709924,-0.09622467841602944,0.9868576886548964
69.25766598556353,7.226200083263357,-0.0955468978625964,0.9869502595338383
69.0900921786823,7.226886962576335,-0.09486001854961845,0.9870440731161362
68.92251837180106,7.227518604045801,-0.09422837708015219,0.9871303423454737
68.92251837180106,7.2280482210687005,-0.09369876005725253,0.9872026771344612
68.75494456491981,7.228490760171754,-0.09325622095419916,0.9872631188711388
68.58737075803857,7.22927836442748,-0.09246861669847295,0.9873706894083012
68.41907775026942,7.229970441755725,-0.0917765393702279,0.9874652129325405
68.25222314427609,7.230433125400762,-0.09131385572519068,0.9875284059991993
68.08393013650694,7.230907506812976,-0.09083947431297723,0.9875931967401845
67.9163563296257,7.231366941698472,-0.0903800394274814,0.98765594609313
67.74374811652913,7.231864716412213,-0.08988226471374006,0.9877239318778102
67.5761743096479,7.232356643358778,-0.08939033776717498,0.987791118977806
67.5761743096479,7.2328524688167946,-0.08889451230915846,0.9878588385342582
67.40788130187875,7.233606281507632,-0.08814069961832072,0.9879617938388843
67.24102669588541,7.234503057480916,-0.08724392364503686,0.988084274986566
67.07345288900416,7.235335499083969,-0.08641148204198412,0.9881979693828896
66.90515988123501,7.235749444637404,-0.08599753648854858,0.9882545058289731
66.73830527524167,7.236134149122138,-0.08561283200381542,0.9883070485466776
66.57001226747252,7.236618276812976,-0.08512870431297692,0.9883731704288031
66.40243846059128,7.237229123988549,-0.08451785713740367,0.9884565995854167
66.23486465371005,7.237914703797708,-0.08383227732824494,0.9885502356822288
66.23486465371005,7.238838121832059,-0.08290885929389358,0.9886763555873186
66.0672908468288,7.239647819885494,-0.08209916124045868,0.9887869436826902
65.89971703994756,7.240493908511449,-0.08125307261450398,0.9889025019815683
65.73214323306632,7.241368588454198,-0.08037839267175517,0.9890219652660827
65.56456942618507,7.242095756851145,-0.07965122427480775,0.9891212815083431
65.39555721752802,7.242670213454197,-0.07907676767175609,0.9891997404614499
65.22942181242259,7.243232972290076,-0.07851400883587711,0.9892766017402307
65.06112880465344,7.244034221335877,-0.07771275979007619,0.9893860358749893
64.89355499777218,7.244899806984732,-0.07684717414122133,0.9895042570660638
64.72526199000305,7.245814776011451,-0.07593220511450216,0.989629223010541
64.72526199000305,7.2466296743129766,-0.07511730681297646,0.9897405213528118
64.55840738400971,7.247537496068701,-0.07420948505725189,0.989864511127119
64.39083357712846,7.248446619561067,-0.07330036156488617,0.9899886786918696
64.22254056935932,7.249325847767176,-0.07242113335877676,0.990108763175583
64.05568596336599,7.250358439751907,-0.07138854137404582,0.9902497939961499
63.88811215648474,7.251316301335876,-0.07043067979007667,0.9903806181814759
63.7205383496035,7.252111052862593,-0.06963592826336029,0.9904891648888076
63.55224534183436,7.252863563816792,-0.06888341730916103,0.9905919424029909
63.384671534953114,7.253599828740457,-0.06814715238549596,0.990692501043649
63.384671534953114,7.254403679026717,-0.06734330209923645,0.9908022904543363
63.21709772807186,7.255232871870228,-0.0665141092557251,0.9909155411369465
63.04952392119062,7.255908700935113,-0.0658382801908397,0.9910078454827027
62.881950114309376,7.256646917347328,-0.0651000637786252,0.9911086706565467
62.714376307428125,7.25733379442748,-0.06441318669847274,0.9912024839338867
62.54608329965898,7.258424223263358,-0.06332275786259522,0.9913514140783847
62.378509492777745,7.260063761679388,-0.061683219446565296,0.9915753412941511
62.2109356858965,7.260935844847328,-0.060811136278625,0.9916944499126528
62.04336187901526,7.261516149217556,-0.060230831908397064,0.9917737075504438
62.04336187901526,7.2621724857251895,-0.05957449540076354,0.9918633496139193
61.875068871246114,7.262963986259542,-0.058782994866411364,0.9919714523025799
61.703179859037455,7.263808775381679,-0.05793820574427411,0.9920868331159726
61.53560605215621,7.264542441297708,-0.057204539828244805,0.9921870367856597
61.36803224527497,7.265376184637403,-0.056370796488550035,0.9923009089724265
61.200458438393724,7.266332094732822,-0.05541488639313119,0.9924314666245665
61.03216543062458,7.267103450725191,-0.054643530400761975,0.992536817983246
60.864591623743344,7.267773434255725,-0.05397354687022826,0.9926283239492758
60.69773701775,7.268494102900762,-0.05325287822519087,0.9927267524591513
60.69773701775,7.2694506649809165,-0.05229631614503649,0.9928573991589922
60.52944400998086,7.270424770362595,-0.051322210763357745,0.9929904419128854
60.35683579688429,7.271373533187021,-0.050373447938931726,0.9931200233948558
60.189261990003054,7.272209223549618,-0.04953775757633494,0.9932341615048931
60.01665377690649,7.272929244675571,-0.04881773645038212,0.9933325015769836
59.849079970025244,7.273840315190839,-0.04790666593511439,0.9934569350650045
59.681506163144,7.27486965841603,-0.046877322709923064,0.9935975221718581
59.513932356262764,7.275761236374045,-0.045985744751908086,0.9937192933775982
59.34635854938152,7.2765410413740454,-0.045205939751907565,0.9938257986968903
59.34635854938152,7.277410523301526,-0.044336457824426745,0.9939445520394631
59.17878474250028,7.278471706603052,-0.04327527452290081,0.9940894878456663
59.01121093561903,7.279636865839694,-0.042110115286258853,0.9942486246254055
58.8436371287378,7.28068570385496,-0.041061277270992846,0.9943918743194977
58.67606332185655,7.281732592614503,-0.040014388511449894,0.994534857785362
58.50345510875999,7.282667058664122,-0.03907992246183145,0.9946624866220354
58.33588130187874,7.283430617633587,-0.038316363492366,0.9947667730678023
58.1675882941096,7.284079154885495,-0.03766782624045817,0.9948553499134075
58.00001448722836,7.284866756908396,-0.036880224217557434,0.9949629201456117
58.00001448722836,7.285766131889312,-0.035980849236641355,0.9950857562642641
57.83244068034712,7.286707747442746,-0.03503923368320727,0.9952143615760649
57.65983246725055,7.287653911259541,-0.034093069866411696,0.9953435880870649
57.49225866036931,7.288583177061067,-0.03316380406488584,0.9954705066768388
57.32468485348807,7.289582627232822,-0.03216435389313066,0.9956070110076127
57.15711104660683,7.290660708549617,-0.031086272576335894,0.995754254735042
56.989537239725585,7.291482751889312,-0.03026422923664107,0.9958665289425247
56.82196343284434,7.292338589026717,-0.029408392099235847,0.9959834186875011
56.65367042507519,7.293255509541985,-0.028491471583968142,0.996108651165164
56.65367042507519,7.294104846927479,-0.027642134198473833,0.9962246531777552
56.486815819081855,7.2952310143511445,-0.026515966774808497,0.9963784644780594
56.313488405097395,7.296352633511449,-0.025394347614503765,0.9965316545791646
56.14591459821615,7.297265655515267,-0.024481325610685722,0.9966563546003715
55.9790599922228,7.298046760019083,-0.023700221106870423,0.9967630374051487
55.80645177912625,7.298910394179388,-0.022836586946564985,0.9968809920630373
55.638877972245005,7.299929988893129,-0.021816992232824184,0.9970202477237927
55.47058496447586,7.300972329389311,-0.020774651736641836,0.9971626099904579
55.30301115759462,7.301947734274808,-0.01979924685114476,0.9972958302298368
55.30301115759462,7.302855558263357,-0.018891422862595597,0.9974198203091019
55.13543735071337,7.303780275801525,-0.01796670532442768,0.997546117699677
54.96570594116842,7.3046614554961815,-0.017085525629771503,0.9976664687165762
54.79525533073557,7.305405519675571,-0.016341461450381622,0.9977680925751045
54.62768152385433,7.30615413211832,-0.015592849007632914,0.9978703376328316
54.460107716973084,7.306926789847328,-0.014820191278625217,0.9979758667819539
54.29253391009184,7.307815766564884,-0.013931214561068828,0.9980972827117652
54.12424090232269,7.308698895515266,-0.013048085610686933,0.9982178999568925
53.95666709544145,7.309619714541984,-0.012127266583968677,0.9983436648910116
53.95666709544145,7.310426813587785,-0.01132016753816778,0.9984538980154123
53.78981248944811,7.311345683358778,-0.010401297767175244,0.9985793967213032
53.61648507546365,7.312321090477098,-0.00942589064885535,0.9987126172656399
53.448911268582414,7.31332248990458,-0.008424491221372676,0.9988493878246422
53.28205666258906,7.31422381414122,-0.007523166984732654,0.9989724901715225
53.109448449492504,7.3150367609541975,-0.006710220171755488,0.9990835219806075
52.94115544172336,7.315756779847327,-0.0059902012786263725,0.9991818617477403
52.773581634842124,7.3165131915458,-0.005233789580152859,0.9992851720233376
52.60600782796088,7.317365777690838,-0.004381203435115388,0.9994016177496423
52.60600782796088,7.318204067061067,-0.003542914064886382,0.9995161108306502
52.43843402107963,7.319163228148854,-0.0025837529770988965,0.9996471125014619
52.270860214198386,7.320049605858778,-0.0016973752671747278,0.9997681734603026
52.098252001101834,7.3208645019274785,-0.0008824791984745062,0.9998794714976154
51.925643788005274,7.321563726526716,-0.00018325459923662635,0.9999749711920244
51.75735078023613,7.322260352118319,0.0005133709923663687,1.0000701159154626
51.59049617424278,7.323122686774807,0.001375705648854364,1.0001878930878656
51.422203166473636,7.323950580114502,0.0022035989885491603,1.0003009662849904
51.2553485604803,7.324642007690838,0.0028950265648850504,1.000395401066487
51.2553485604803,7.325598567538168,0.0038515864122148358,1.00052604746137
51.08777475359906,7.32654927961832,0.004802298492366575,1.0006558951715685
50.91948174582991,7.327185471583968,0.005438490458015366,1.0007427859050626
50.75190793894867,7.3280874455725185,0.006340464446565441,1.0008659769946857
50.58433413206742,7.32907454822519,0.007327567099236987,1.0010007949083908
50.41676032518618,7.3297965186068685,0.008049537480915525,1.0010994012087095
50.24918651830494,7.330575024103052,0.008828042977098605,1.0012057290425163
50.081612711423695,7.331140381946564,0.009393400820610687,1.0012829452922676
49.90900449832714,7.331859751087785,0.010112769961832413,1.001381196316658
49.90900449832714,7.33264345683206,0.01089647570610719,1.001488234397364
49.74143069144589,7.333238707729006,0.011491726603052754,1.0015695334231949
49.57385688456465,7.333665650553435,0.011918669427481987,1.00162784502909
49.406283077683405,7.334083494618319,0.012336513492366308,1.0016849139316297
49.23799006991426,7.334899692423662,0.013152711297708564,1.0017963897593858
49.07041626303302,7.336083694465647,0.014336713339694107,1.001958100078663
48.90284245615178,7.336120087270991,0.014373106145037617,1.0019630705871274
48.73526864927054,7.336741980229006,0.014994999103053352,1.0020480083703667
48.56266043617397,7.337567924312976,0.015820943187023317,1.0021608153392636
48.56266043617397,7.338401665419847,0.016654684293894384,1.0022746872210726
48.39508662929273,7.338510837137404,0.01676385601145114,1.002289597831592
48.22751282241149,7.338775321889312,0.017028340763358685,1.0023257210071932
48.05993901553025,7.340032107309159,0.01828512618320577,1.0024973720384414
47.892365208649004,7.341217411087785,0.01947042996183157,1.0026592601481616
47.72479140176775,7.342420260400762,0.020673279274808998,1.0028235446168927
47.55721759488651,7.343209811679389,0.02146283055343634,1.0029313810773253
47.38964378800527,7.343599714179389,0.021852733053435713,1.0029846337369712
47.22135078023613,7.3438310571183205,0.022084075992367502,1.0030162304227797
47.22135078023613,7.344180020782442,0.02243303965648913,1.0030638916797203
47.053776973354886,7.34471873433206,0.022971753206107337,1.0031374688671055
46.88620316647364,7.345375720591603,0.023628739465650028,1.003227199673324
46.71862935959239,7.34198161980916,0.020234638683207073,1.0027636353366713
46.55105555271115,7.342475496011449,0.020728514885496097,1.0028310886648952
46.378447339614596,7.345297739198472,0.023550758072518718,1.0032165490194114
46.21087353273335,7.346336830935113,0.02458984980915968,1.0033584675723632
46.04329972585211,7.348251250133587,0.02650426900763403,1.0036199378476143
45.87572591897086,7.3501825673473276,0.028435586221374543,1.0038837160440912
45.87572591897086,7.350019459522899,0.028272478396946354,1.0038614388710545
45.70815211208962,7.349391066812975,0.02764408568702237,1.0037756133554305
45.53554389899306,7.348683393206105,0.026936412080152294,1.0036789597004088
45.36797009211182,7.344533530477098,0.02278654935114499,1.003112173830902
45.20039628523058,7.342674996641222,0.020928015515268683,1.002858336346396
45.03282247834933,7.339688343893129,0.01794136276717584,1.0024504210284
44.86524867146809,7.342270147614504,0.020523166488550793,1.0028030422987104
44.696955663698944,7.348010810667938,0.026263829541984585,1.0035870987634081
44.5293818568177,7.351975469541984,0.03022848841603132,1.0041285895967116
44.5293818568177,7.354506585916029,0.032759604790076224,1.004474288018218
44.36180804993646,7.3559115348664115,0.03416455374045846,1.0046661751394208
44.19423424305522,7.356712783912212,0.03496580278625938,1.0047756092741793
44.02666043617398,7.357235903416029,0.035488922290076275,1.0048470566357401
43.859086629292726,7.356985065687022,0.035238084561068916,1.004812797362693
43.69151282241148,7.357064346583968,0.035317365458015004,1.0048236255020908
43.52321981464234,7.357821408034349,0.03607442690839591,1.0049270245204305
43.355646007761095,7.358598614026716,0.03685163290076332,1.005033174868752
43.18735299999195,7.359234803759541,0.03748782263358841,1.0051200652972883
43.020498393998615,7.359843701679388,0.03809672055343505,1.0052032282256735
43.020498393998615,7.360267395744273,0.03852041461832023,1.0052610961178552
42.85220538622947,7.360873694656487,0.03912671353053376,1.0053439040752699
42.68535078023612,7.361333129541985,0.03958614841603225,1.0054066534282156
42.517776973354884,7.361816607480916,0.04006962635496336,1.0054726865675985
42.34948396558574,7.362215608740456,0.040468627614503205,1.0055271819305998
42.1819101587045,7.360322631354961,0.03857565022900822,1.0052686401658577
42.01002114649583,7.355981067251907,0.03423408612595402,1.00467567183272
41.84172813872669,7.357130630209922,0.03538364908396918,1.0048326784816768
41.67487353273335,7.359909335553435,0.03816235442748184,1.005212192462517
41.67487353273335,7.3620213061259525,0.0402743249999995,1.0055006441910406
41.50658052496421,7.362947975152671,0.04120099402671773,1.0056272081148019
41.33900671808296,7.363498386469463,0.041751405343510406,1.0057023829765133
41.17143291120172,7.363869443931296,0.042122462805343375,1.0057530617916635
41.00385910432048,7.364024104980915,0.042277123854962184,1.005774185309045
40.83628529743923,7.364220356851144,0.04247337572519072,1.0058009892768323
40.66799228967009,7.3645771175381665,0.04283013641221345,1.0058497154466852
40.49610327746143,7.3648455008015254,0.04309851967557243,1.005886371078743
40.327810269692286,7.365047600438931,0.04330061931297813,1.0059139737312146
40.327810269692286,7.364928030458014,0.043181049332060795,1.005897642931854
40.16095566369895,7.364881891374044,0.04313491024809135,1.0058913412822492
39.9926626559298,7.365282841889312,0.04353586076335869,1.0059461028734789
39.825088849048555,7.3660632966412205,0.04431631551526749,1.0060526969355137
39.65751504216731,7.366785914541983,0.045038933416029714,1.0061513916736171
39.48562602995866,7.367117982423663,0.04537100129770977,1.0061967453142902
39.317333022189516,7.36745329683206,0.045706315706106615,1.0062425423637185
39.149759215308265,7.367936127251907,0.04618914612595404,1.0063084870653165
38.98218540842702,7.368728279770992,0.04698129864503908,1.0064166788016777
38.98218540842702,7.368963518988548,0.047216537862595054,1.0064488076389844
38.81461160154578,7.368900486354961,0.04715350522900774,1.0064401986780696
38.64703779466454,7.369194861927479,0.047447880801525955,1.0064804043247926
38.4794639877833,7.369318330419845,0.04757134929389206,1.006497267580609
38.311890180902054,7.369446349408395,0.04769936828244159,1.0065147523405822
38.14359717313291,7.369370317270991,0.047623336145037776,1.0065043679148982
37.97602336625166,7.3695197803053425,0.04777279917938948,1.0065247814903382
37.808449559370416,7.369749173988548,0.04800219286259466,1.0065561119479183
37.64087575248918,7.370026653778625,0.04827967265267219,1.0065940099783737
37.64087575248918,7.370184563587785,0.048437582461832385,1.0066155772094687
37.46826753939262,7.370333376870229,0.04858639574427581,1.006635902042166
37.30069373251138,7.370283339274808,0.04853635814885493,1.006629067936105
37.133119925630126,7.37018846433206,0.04844148320610664,1.0066161099708826
36.96482691786098,7.370319729847326,0.04857274872137296,1.0066340381396113
36.797972311867646,7.3702482482061065,0.048501267080153454,1.0066242752180838
36.6303985049864,7.3699200810687024,0.04817309994274943,1.0065794543388251
36.45779029188985,7.369855096946565,0.04810811582061181,1.0065705788447246
36.2902164850086,7.370796712499999,0.04904973137404589,1.0066991841565254
36.2902164850086,7.371028702958014,0.049281721832061365,1.0067308692801185
36.121923477239456,7.369409958835877,0.04766297770992356,1.0065097821370759
35.95506887124611,7.368971318244273,0.04722433711831986,1.0064498728568545
35.78677586347697,7.37007084360687,0.0483238624809168,1.0066000453997503
35.619202056595725,7.371267193167938,0.04952021204198509,1.0067634421360965
35.45090904882658,7.371828652499999,0.05008167137404573,1.0068401259293918
35.28405444283324,7.371957970992365,0.050210989866411815,1.0068577881748504
35.116480635951994,7.371927428187021,0.05018044706106828,1.006853616656028
34.94818762818285,7.371900786125953,0.050153804999999885,1.00684997789862
34.94818762818285,7.371793561431296,0.05004658030534337,1.0068353332113706
34.78061382130161,7.371733127805342,0.049986146679389165,1.0068270792214267
34.608005608205055,7.371585614026715,0.04983863290076229,1.0068069318742148
34.44043180132381,7.371424453225189,0.04967747209923612,1.0067849206244486
34.27285799444256,7.371346474064884,0.04959949293893118,1.0067742702754943
34.10528418756132,7.371497886354961,0.049750905229007714,1.0067949500791622
33.93771038068007,7.371486188587786,0.049739207461833246,1.006793352404836
33.77013657379884,7.371243799866411,0.04949681874045808,1.0067602470924017
33.60256276691759,7.371086539809159,0.049339558683206164,1.0067387686040496
33.60256276691759,7.371074192290075,0.04932721116412164,1.0067370821869805
33.43498896003635,7.371122930381678,0.04937594925572508,1.006743738807556
33.26238074693978,7.371115780877862,0.049368799751908554,1.0067427623324285
33.09480694005855,7.370914980744274,0.04916799961832119,1.0067153371654425
32.9265139322894,7.370660244503815,0.04891326337786239,1.006680545435939
32.75894012540816,7.370609557156488,0.04886257603053501,1.0066736225871358
32.59208551941482,7.370367818187022,0.04862083706106901,1.0066406060174442
32.42379251164567,7.370257346965648,0.04851036583969481,1.0066255179214394
32.25621870476442,7.370234601183205,0.04848762005725238,1.0066224113155295
32.088644897883185,7.370309983568701,0.048563002442747916,1.006632706998471
32.088644897883185,7.36889528610687,0.04714830498091693,1.0064394884311703
31.92107109100194,7.368162269942746,0.04641528881679324,1.0063393735042256
31.752778083232798,7.3693053353816795,0.04755835425572652,1.0064954927257557
31.585923477239458,7.369961019904579,0.04821403877862629,1.0065850457415304
31.417630469470314,7.370078640629769,0.04833165950381613,1.0066011103126624
31.250056662589063,7.369697187137404,0.047950206011450724,1.0065490116136295
31.082482855707823,7.368246099103052,0.04649911797709905,1.0063508228428222
30.91490904882658,7.368177866221373,0.04643088509542004,1.006341503635008
30.74733524194534,7.36875102332061,0.047004042194656925,1.0064197851026297
30.74733524194534,7.3691545728435095,0.047407591717556485,1.00647490166483
30.57832303328829,7.369281290095419,0.047534308969465755,1.0064922086343602
30.40715322196753,7.3691831641603045,0.04743618303435149,1.0064788066504664
30.234545008870974,7.368966120229006,0.047219139103052754,1.0064491629149128
30.066971201989734,7.36888294082061,0.047135959694657004,1.0064378023190592
29.89939739510849,7.368782215877861,0.04703523475190785,1.0064240453641946
29.731104387339347,7.3686106590458005,0.04686367791984747,1.0064006142305453
29.564249781346,7.367802260496181,0.04605527937022824,1.0062902036206591
29.395956773576856,7.3675592220229,0.04581224089694658,1.0062570095654824
29.395956773576856,7.367593013587785,0.04584603246183239,1.006261624798018
29.229102167583516,7.367509834179389,0.04576285305343575,1.0062502642021642
29.060809159814372,7.367357122385496,0.04561014125954266,1.0062294069130109
28.89323535293313,7.367312932557252,0.045565951431298934,1.0062233714916344
28.72566154605189,7.36722715414122,0.04548017301526741,1.0062116559248095
28.55808773917065,7.366942524847326,0.045195543721373355,1.0061727814192267
28.390513932289398,7.366592263912212,0.04484528278625888,1.0061249429817585
28.222940125408154,7.366297236354961,0.044550255229007796,1.006084648287335
28.05464711763901,7.36617896587786,0.04443198475190702,1.0060684949734597
28.05464711763901,7.366266043797709,0.04451906267175598,1.00608038802577
27.88707331075777,7.36603990110687,0.04429291998091678,1.0060495015868611
27.719499503876527,7.365632453072517,0.043885471946564,1.0059938525682044
27.551925696995287,7.365380965591601,0.04363398446564837,1.0059595045524146
27.384351890114036,7.3651983629770985,0.0434513818511455,1.0059345647921398
27.21605888234489,7.36506969423664,0.043322713110686806,1.0059169912894237
27.049204276351553,7.364995613587785,0.043248632461832415,1.0059068733969254
26.881630469470313,7.364883190877863,0.04313620975190968,1.0058915187677349
26.71405666258907,7.364515382175571,0.0427684010496181,1.005841283666298
26.71405666258907,7.364254798167939,0.042507817041985696,1.0058056932521109
26.54648285570783,7.364120931412213,0.0423739502862599,1.0057874098074533
26.378189847938682,7.3638103098091605,0.0420633286832075,1.0057449852872051
26.21061604105743,7.363365169465647,0.041618188339693774,1.0056841882745986
26.04304223417619,7.362866095248091,0.041119114122137645,1.0056160250044333
25.874749226407047,7.362560671660304,0.04081369053435058,1.0055743104261265
25.70286021419839,7.362445000190839,0.04069801906488557,1.0055585120832224
25.53528640731715,7.362157122137402,0.04041014101144924,1.005519193863926
25.3677126004359,7.361879642347327,0.04013266122137438,1.005481295833471
25.3677126004359,7.361560571736641,0.03981359061068801,1.00543771735261
25.20013879355466,7.3612538486450365,0.0395068675190835,1.0053958252888175
25.031845785785514,7.361017307690838,0.039270326564884606,1.0053635186610677
24.864991179792177,7.360778817480914,0.03903183635496088,1.0053309458050896
24.697417372910934,7.360578667099237,0.03883168597328357,1.0053036093808465
24.52912436514179,7.360320682099235,0.03857370097328161,1.0052683739376296
24.36155055826054,7.360206310133586,0.03845932900763316,1.0052527530802107
24.1939767513793,7.359898937290075,0.03815195616412215,1.005210772273676
24.026402944498056,7.35972478145038,0.03797780032442688,1.0051869861690559
23.858829137616816,7.35953437958015,0.03778739845419743,1.0051609811909106
23.858829137616816,7.359150974599236,0.037403993473282604,1.0051086159586917
23.68622092452026,7.358764970610685,0.037017989484732006,1.0050558957555016
23.51864711763901,7.358526480400761,0.03677949927480828,1.0050233228995236
23.350354109869862,7.358336728282443,0.03658974715648977,1.0049974066641214
23.183499503876526,7.358007911393129,0.036260930267175695,1.0049524970421198
23.015206496107382,7.357589415343511,0.03584243421755762,1.0048953390918796
22.84763268922614,7.3572183578816785,0.03547137675572554,1.0048446602767296
22.6800588823449,7.356899287270992,0.03515230614503917,1.0048010817958686
22.512485075463655,7.356551625343511,0.0348046442175578,1.004753598329371
22.512485075463655,7.356150025076335,0.034403043950382184,1.0046987479953988
22.344911268582404,7.355932978912212,0.03418599778625886,1.0046691039548872
22.177337461701164,7.355695138454197,0.0339481573282443,1.004636619841652
22.009763654819924,7.355048550458014,0.0333015693320613,1.0045483092242748
21.84218984793868,7.354833455782442,0.03308647465648917,1.0045189317169494
21.67461604105744,7.354761971908395,0.03301499078244241,1.004509168490464
21.506323033288293,7.354482542862593,0.03273556173664005,1.0044710042317804
21.338749226407042,7.353945776335877,0.03219879520992386,1.0043976929676655
21.171175419525802,7.353530531278625,0.03178355015267176,1.0043409790360966
21.171175419525802,7.353301787347328,0.031554806221374854,1.004309737321259
21.00288241175666,7.3531698720801515,0.03142289095419848,1.0042917204097874
20.83602780576332,7.352907986335877,0.031161005209924042,1.0042559522051568
20.66845399888208,7.352438153187022,0.030691172061069416,1.0041917826633706
20.50016099111293,7.351960523015267,0.03021354188931369,1.0041265482086719
20.333306385119585,7.351595965305342,0.02984898417938897,1.0040767571259064
20.165732578238345,7.3511716214885485,0.02942464036259551,1.004018800490982
19.9974395704692,7.350734280400763,0.02898729927481014,1.003959068696246
19.829865763587957,7.35047759490458,0.0287306137786274,1.003924010738515
19.662291956706717,7.350217658416029,0.02847067729007602,1.003888508762112
19.662291956706717,7.349998662996182,0.02825168187022875,1.0038585984933728
19.494718149825474,7.349654899580151,0.027907918454197933,1.0038116474833314
19.327144342944226,7.3491681728816785,0.027421191755725438,1.0037451706302352
19.159570536062983,7.348784767900762,0.027037786774808836,1.0036928053980159
18.99127752829384,7.348462448530533,0.026715467404580195,1.0036487832034413
18.823703721412596,7.348301939713739,0.026554958587786004,1.0036268610013757
18.656129914531355,7.348153126431297,0.026406145305344353,1.0036065361686786
18.488556107650115,7.347960773072518,0.02621379194656459,1.0035802646573473
18.320982300768872,7.347628057671756,0.025881076545802628,1.0035348225788898
18.320982300768872,7.3471907165839685,0.025443735458015482,1.0034750907841536
18.152689292999717,7.346705287156488,0.02495830603053495,1.0034087911115848
17.98583468700638,7.34634267870229,0.02459569757633684,1.0033592662570476
17.817541679237234,7.345973570496183,0.02422658937022959,1.0033088536701256
17.649967872355994,7.345722734999999,0.023975753874045935,1.0032745947020363
17.482394065474754,7.345601213530533,0.023854232404580067,1.00325799736949
17.31482025859351,7.345375720591603,0.023628739465650028,1.003227199673324
17.142212045496944,7.3451898669847315,0.023442885858778517,1.0032018158943774
16.974638238615704,7.344785667709923,0.023038686583969792,1.0031466105894344
16.974638238615704,7.344358075133588,0.022611094007634946,1.0030882102407965
16.807064431734464,7.343906437270992,0.022159456145039336,1.0030265258007633
16.63949062485322,7.343413860572518,0.02166687944656509,1.0029592499580249
16.47191681797198,7.342934930896947,0.021187949770993697,1.002893838017841
16.30434301109073,7.342592466984732,0.020845485858778545,1.0028470644932848
16.136050003321586,7.342229208778625,0.020482227652672158,1.002797450896005
15.966318593776641,7.34173533034351,0.019988349217556767,1.002729997262823
15.79658718423168,7.341455251545801,0.019708270419847906,1.0026917442613972
15.62901337735044,7.341287593225189,0.0195406120992363,1.0026688455842039
15.62901337735044,7.340880145190839,0.019133164064886188,1.0026131965655476
15.461439570469198,7.340583170610686,0.01883618948473309,1.0025726359478535
15.293865763587956,7.340379771469465,0.01863279034351173,1.0025448558098966
15.12557275581881,7.339923585343511,0.01817660421755818,1.0024825501706647
14.957998948937568,7.339481046240457,0.017734065114503927,1.002422108433987
14.790425142056328,7.339170422404579,0.01742344127862605,1.0023796836087808
14.622851335175087,7.338824059980914,0.017077078854961236,1.0023323776277686
14.454558327405941,7.33863040711832,0.016883425992366696,1.0023059286309524
14.287703721412603,7.338413363187022,0.016666382061068852,1.0022762848953988
14.287703721412603,7.338283394942748,0.01653641381679538,1.0022585339071977
14.11941071364346,7.338176822232823,0.016429841106869958,1.0022439782676489
13.951836906762217,7.337844754351144,0.016097773225190792,1.002198624626976
13.784263099880958,7.337528934732823,0.015781953606870402,1.0021554901647862
13.616689292999716,7.337241056679389,0.015494075553435849,1.00211617194549
13.449115486118474,7.33677252303435,0.015025541908396889,1.002052179889189
13.281541679237233,7.336389118053435,0.014642136927482063,1.00199981465697
13.113248671468089,7.336157127595419,0.014410146469465701,1.0019681295333767
12.94639406547475,7.335664550896946,0.013917569770993232,1.0019008536906384
12.778101057705605,7.335210314026716,0.013463332900762737,1.0018388142796342
12.778101057705605,7.3348659008587775,0.01311891973282453,1.0017917745268503
12.610527250824363,7.334611814370229,0.012864833244275786,1.0017570715400899
12.442953443943122,7.334303139790075,0.012556158664121853,1.0017149129431118
12.275379637061882,7.334023060992365,0.012276079866412104,1.0016766599416858
12.107086629292736,7.333872298454198,0.012125317328244734,1.0016560688807605
11.939512822411494,7.333672797824426,0.011925816698473035,1.0016288211992597
11.771939015530252,7.333420010839693,0.011673029713739957,1.0015942956979844
11.604365208648993,7.333197766660303,0.011450785534350416,1.0015639417155315
11.436791401767751,7.333026209828244,0.011279228702290922,1.0015405105818824
11.436791401767751,7.332686344923663,0.010939363797709767,1.0014940920282973
11.269217594886511,7.332319185973281,0.010572204847328237,1.0014439456696034
11.10164378800527,7.332124235839693,0.010377254713739958,1.0014173194922593
10.934069981124027,7.3321781719465635,0.010431190820610503,1.0014246860547762
10.766496174242786,7.332308140190838,0.010561159064884862,1.0014424370429775
10.598922367361544,7.3320891447709915,0.010342163645038482,1.0014125267742382
10.431348560480304,7.331619311622137,0.009872330496183856,1.001348357232452
10.263774753599062,7.330948680572518,0.009201699446564682,1.001256762828637
10.091166540502496,7.3303300341412205,0.008583053015267517,1.0011722684541535
10.091166540502496,7.330158477309158,0.008411496183205358,1.001148837320504
9.923592733621254,7.3300928434351125,0.008345862309159457,1.0011398730836607
9.75529972585211,7.329940131641221,0.008193150515268144,1.0011190157945076
9.587725918970868,7.329695143912213,0.007948162786259871,1.0010855555111027
9.420152112089626,7.329437808664121,0.007690827538167966,1.0010504088106287
9.252578305208385,7.329344880744273,0.007597899618319914,1.0010377167686764
9.085004498327143,7.3293234366984725,0.007576455572519514,1.0010347879532098
8.916711490557999,7.329263650591601,0.007516669465648107,1.0010266224010504
8.749856884564643,7.329215564484731,0.0074685833587784245,1.0010200548281758
8.749856884564643,7.328956927499999,0.007209946374046261,1.0009847303372585
8.582283077683401,7.328568974255725,0.0068219931297717196,1.0009317439058407
8.41470927080216,7.328106940362593,0.0063599592366401225,1.0008686395819242
8.246416263033014,7.327735882900763,0.005988901774809818,1.0008179607667744
8.078842456151772,7.327533133511449,0.005786152385495846,1.00079026937156
7.911268649270531,7.327718337366411,0.005971356240458192,1.0008155644077639
7.74369484238929,7.327795669007632,0.0060486878816785605,1.0008261263189333
7.575401834620145,7.327539633263357,0.005792652137404097,1.0007911571039447
7.407828027738904,7.327259552232823,0.005512571106869757,1.0007529037975609
7.240254220857662,7.326872248740457,0.005125267614504381,1.0007000061088858
7.240254220857662,7.326481696488548,0.0047347153625949545,1.0006466647064969
7.07268041397642,7.326230211240457,0.004483230114503911,1.000612316995665
6.905106607095179,7.326299093874044,0.004552112748091197,1.000621724946222
6.737532800213938,7.326242556526717,0.0044955754007638404,1.0006140031077764
6.564924587117372,7.326106740515265,0.004359759389312323,1.0005954534348906
6.39735078023613,7.326007964828244,0.004260983702290666,1.0005819627082546
6.229776973354889,7.325826661717557,0.004079680591604351,1.000557200433465
6.0622031664736475,7.325750629580152,0.0040036484541987605,1.0005468160077806
5.894629359592406,7.325571275725189,0.0038242945992363886,1.000522319961219
5.894629359592406,7.325301592958015,0.003554611832061738,1.000485486843676
5.725617150935357,7.325075448034349,0.003328466908396166,1.000454600099809
5.554447339614598,7.324725187099235,0.002978205973281689,1.0004067616623409
5.3868735327333575,7.324322937080152,0.002575955954198683,1.000351822585626
5.219299725852116,7.324199468587786,0.0024524874618325754,1.0003349593298094
5.051725918970875,7.324150080744274,0.0024030996183208586,1.0003282139664913
4.884152112089614,7.324070150095418,0.0023231689694647173,1.0003172970843508
4.71585910432047,7.324013614980916,0.0022666338549628406,1.000309575550863
4.548285297439229,7.323874550209923,0.002127569083969938,1.000290582164264
4.548285297439229,7.323740683454197,0.00199370232824414,1.0002722987196067
4.380711490557987,7.323548982080151,0.0018020009541981352,1.000246116255976
4.213137683676745,7.324570526049617,0.0028235449236637677,1.0003856381449594
4.0448446759076,7.324682946526717,0.002935965400763685,1.0004009924691923
3.877270869026359,7.323836208148854,0.002089227022900708,1.0002853454275715
3.7096970621451173,7.323240307499998,0.0014933263740450897,1.0002039576589978
3.542123255263876,7.322957629694655,0.0012106485687022328,1.0001653496866012
3.3745494483826346,7.322749030305343,0.0010020491793900632,1.000136859301745
3.2069756415013932,7.322768527328244,0.0010215462022911126,1.0001395221939415
3.2069756415013932,7.3228263619465634,0.0010793808206104316,1.0001474212129144
3.038682633732248,7.322666500648854,0.0009195195229008135,1.0001255874486337
2.87182802773891,7.322615815534349,0.0008688344083962463,1.000118664904788
2.7035350199697654,7.322525486622137,0.0007785054961839677,1.0001063278338067
2.5359612130885054,7.322091394293891,0.00034441316793820675,1.0000470397527839
2.3676682053193607,7.321917888206105,0.0001709070801521051,1.0000233423909066
2.201532800213926,7.322088795286258,0.00034181416030509837,1.0000466847818132
2.0332397924447814,7.322308440458014,0.0005614593320606431,1.0000766837932953
1.8649467846756362,7.32245205572519,0.0007050745992369656,1.000096298684051
1.6973729777943949,7.3225267861259535,0.0007798050000005219,1.0001065053192921
1.6973729777943949,7.322570975954197,0.0008239948282442455,1.0001125407406686
1.5305183718010569,7.322554729923663,0.0008077487977100617,1.0001103218671434
1.3629445649198155,7.322561227442748,0.000814246316794609,1.0001112092945705
1.195370758038574,7.322441007709922,0.0006940265839689985,1.0000947897524672
1.0277969511573326,7.322329236984733,0.0005822558587800231,1.0000795241709775
0.8595039433881876,7.322249956087785,0.0005029749618321588,1.0000686960315794
0.6919301365069461,7.3221557286641215,0.00040874753816844134,1.000055826504142
0.5193219234103802,7.322023163645037,0.00027618251908378966,1.0000377208499278
0.35174811652913873,7.3219113906870215,0.00016440956106844595,1.0000224549634797
0.35174811652913873,7.321858754083968,0.0001117729580153437,1.000015265886448
0.18417430964789724,7.321733983854961,-1.299727099191017e-05,0.9999982248401884
0.016600502766655794,7.321746981125953,0.0,1.0
-0.15097330411458568,7.3217957192175565,4.873809160343967e-05,1.0000066566205756
-0.3192663118837306,7.321767775419847,2.0794293893899862e-05,1.000002840072724
-0.4868401187649902,7.3217957192175565,4.873809160343967e-05,1.0000066566205756
-0.6536947247583282,7.321791820706106,4.4839580152888914e-05,1.0000061241641194
-0.8219877325274731,7.321784021450381,3.704032442808369e-05,1.0000050589462492
-0.9888423385208112,7.321657953950382,-8.902717557113249e-05,0.9999878407194621
-0.9888423385208112,7.321615713377861,-0.0001312677480918012,0.9999820715263134
-1.157135346289956,7.321605967099236,-0.00014101402671684582,0.999980740385173
-1.3247091531711976,7.3215539802480905,-0.00019300087786255915,0.9999736400508841
-1.4930021609403425,7.321482498606868,-0.00026448251908472997,0.9999638771293563
-1.6598567669336806,7.321580622309159,-0.00016635881679416542,0.9999772788082922
-1.8281497747028255,7.321815214007632,6.823288167900898e-05,1.000009319207814
-1.9957235815840668,7.322166126927479,0.00041914580152635494,1.000057246692983
-2.1632973884653084,7.3224689515076316,0.0007219703816785383,1.0000986063003188
-2.3359056015618744,7.322600869007633,0.000853887881680393,1.0001166235167482
-2.3359056015618744,7.322456603988549,0.0007096228625957934,1.00009691988325
-2.502760207555212,7.322251255591602,0.000504274465648713,1.0000688735170649
-2.671053215324357,7.322186271469464,0.00043929034351108953,1.000059998022964
-2.8386270222055985,7.322296744923663,0.000549763797709879,1.0000750864239267
-3.010516034414261,7.322331186240457,0.0005842051145039662,1.0000797903992054
-3.178809042183406,7.322407216145037,0.0006602350190840767,1.0000901745199318
-3.3463828490646477,7.322689896183205,0.0009429150572524136,1.0001287827972865
-3.513956655945889,7.322893945076335,0.0011469639503820517,1.000156651677986
-3.6815304628271304,7.3230206623282434,0.0012736812022904331,1.000173958647516
-3.6815304628271304,7.323112940496182,0.0013659593702293193,1.0001865619467254
-3.8491042697083717,7.323250705763359,0.0015037246374056679,1.000205377847839
-4.0166780765896135,7.323283847576334,0.0015368664503814244,1.0002099043376318
-4.184251883470873,7.323346882442747,0.0015999013167942167,1.0002185136035044
-4.3532640921279215,7.323457353664121,0.0017103725381684143,1.0002336016995093
-4.5201186981212595,7.32367959784351,0.0019326167175570674,1.0002639556819621
-4.6876925050025005,7.32398762043893,0.002240639312977244,1.0003060252312397
-4.855266311883742,7.324061053568701,0.0023140724427479498,1.000316054685953
-5.022840118764984,7.324033759522899,0.002286778396945799,1.0003123268808443
-5.022840118764984,7.3241871210687,0.002440139942747166,1.0003332729127403
-5.190413925646225,7.324263153206107,0.0025161720801536447,1.0003436573384248
-5.3587069334153705,7.324424961526716,0.002677980400762614,1.0003657570259756
-5.525561539408708,7.32477392519084,0.003026944064886905,1.0004134182829165
-5.693854547177853,7.325100143072519,0.0033531619465660967,1.0004579729339473
-5.861428354059094,7.32513913265267,0.0033921515267172353,1.0004632981084243
-6.029002160940336,7.3250618032442745,0.003314822118321459,1.0004527365022127
-6.196575967821578,7.325095594809159,0.0033486136832063806,1.0004573517347484
-6.36486897559074,7.325212565782441,0.003465584656487941,1.000473327563138
-6.531723581584078,7.325399069141221,0.0036520880152677293,1.000498800084827
-6.531723581584078,7.325575823988548,0.0038288428625952164,1.0005229411604177
-6.69929738846532,7.325674599675571,0.003927618549617762,1.000536431887054
-6.867590396234465,7.32589099385496,0.004144012729007329,1.0005659868798649
-7.0351642031157064,7.326239307767174,0.004492326641220679,1.0006135593940628
-7.202738009996948,7.32659931721374,0.0048523360877865684,1.0006627292776293
-7.370311816878189,7.3268261118893125,0.0050791307633595295,1.000693704764239
-7.537885623759431,7.3269723239312965,0.00522534280534348,1.0007136743210074
-7.705459430640672,7.327141931507632,0.005394950381679031,1.0007368392264286
-7.873033237521914,7.327352480152672,0.005605499026718697,1.0007655958395132
-7.873033237521914,7.327544181526716,0.005797200400762925,1.0007917783031437
-8.040607044403155,7.3276825965458,0.005935615419846663,1.0008106829469998
-8.208180851284396,7.328007514923663,0.006260533797710188,1.0008550601125454
-8.375754658165656,7.328168025973281,0.0064210448473280834,1.000876982619569
-8.544047665934801,7.3283629761068685,0.006615994980915474,1.0009036087969128
-8.711621472816043,7.328573524751908,0.006826543625955139,1.0009323654099975
-8.879195279697283,7.328809413721372,0.007062432595419388,1.0009645829900466
-9.046769086578525,7.3290134648473275,0.007266483721374506,1.0009924521757043
-9.214342893459767,7.329209714484733,0.007462733358780227,1.0010192558385338
-9.214342893459767,7.329615863015266,0.007868881889312895,1.0010747273717049
-9.382635901228912,7.329964826679388,0.00821784555343541,1.0011223886286456
-9.54949050722225,7.329994717499999,0.008247736374046077,1.0011264710997672
-9.717064314103492,7.3300200622900755,0.008273081164122509,1.0011299326766478
-9.885357321872636,7.3300928434351125,0.008345862309159457,1.0011398730836607
-10.053650329641782,7.330142881030533,0.00839589990458034,1.0011467071897218
-10.22050493563512,7.330318988358777,0.008572007232824141,1.0011707598275277
-10.388797943404263,7.330691345324427,0.008944364198473664,1.0012216161281633
-10.556371750285523,7.331030558244273,0.009283577118320174,1.0012679456340476
-10.723945557166765,7.331261901183206,0.009514920057252851,1.0012995423198563
-10.723945557166765,7.331648554923663,0.00990157379770995,1.0013523512657887
-10.89223856493591,7.332068350477098,0.010321369351144583,1.001409686701514
-11.059093170929248,7.332355578778626,0.010608597652672636,1.0014489161780677
-11.22666697781049,7.33262331005725,0.010876328931296975,1.0014854827624247
-11.394240784691732,7.332989819255725,0.011242838129772004,1.001535540378376
-11.561814591572972,7.333414812824426,0.011667831698472853,1.001593585756043
-11.730107599342118,7.333800816812976,0.012053835687022563,1.0016463059592329
-11.896962205335456,7.33403865727099,0.012291676145037123,1.001678790072468
-12.065255213104601,7.334175123034351,0.012428141908397805,1.0016974284880966
-12.065255213104601,7.33434343110687,0.012596449980916802,1.0017204159080324
-12.23210981909794,7.33462286015267,0.012875879026717385,1.0017585801667155
-12.400402826867083,7.334901641679389,0.01315466055343606,1.0017966559876141
-12.567976633748343,7.335158976927479,0.013411995801526189,1.001831802688088
-12.735550440629584,7.3354065636641215,0.013659582538168458,1.0018656179424639
-12.903124247510826,7.335801666412212,0.014054685286258639,1.001919580849009
-13.071417255279972,7.33622275923664,0.01447577811068701,1.001977093465262
-13.23827186127331,7.336602265706106,0.01485528458015306,1.0020289262410251
-13.40584566815455,7.3369811201908375,0.015234139064884467,1.0020806699690874
-13.574857876811599,7.337325535591602,0.015578554465649042,1.0021277100268293
-13.574857876811599,7.337842155343511,0.016095174217557684,1.0021982696560052
-13.741712482804937,7.338254801393128,0.0165078202671749,1.0022546286166032
-13.909286289686179,7.338551778206106,0.01680479708015259,1.0022951895392551
-14.077579297455323,7.338947528473282,0.01720054734732912,1.0023492408835855
-14.245153104336564,7.33946999822519,0.01772301709923685,1.0024205995024034
-14.412726911217806,7.3399294331106875,0.01818245198473445,1.002483348855349
-14.579581517211162,7.340363525438931,0.018616544312977545,1.0025426369363715
-14.747155324092404,7.340377819980914,0.018630838854961418,1.0025445892767106
-14.914729130973646,7.340493491450381,0.0187465103244282,1.002560387619615
-14.914729130973646,7.340756676698473,0.01900969557252008,1.002596333309731
-15.08302213874279,7.3411621754770975,0.01941519435114447,1.0026517161001594
-15.250595945624031,7.341440954770992,0.019693973645038554,1.0026897916161002
-15.418169752505273,7.341813311736641,0.020066330610688077,1.0027406479167356
-15.585743559386515,7.342154476145037,0.02040749501908401,1.0027872439558059
-15.754036567155659,7.342501490553434,0.020754509427480805,1.0028346389845186
-15.920891173148997,7.342709437958015,0.020962456832061882,1.0028630403216745
-16.14024744395922,7.343083094427479,0.021336113301526183,1.002914074107795
-16.14024744395922,7.343467798912212,0.02172081778625934,1.0029666168254996
-16.14024744395922,7.3436309067366405,0.021883925610687527,1.002988893998536
-16.14024744395922,7.343595815667938,0.021848834541985163,1.002984101280515
-16.14024744395922,7.343533430553434,0.021786449427480648,1.002975580757385
-16.14024744395922,7.343374870992366,0.021627889866413064,1.0029539247835477
-16.14024744395922,7.343243603244273,0.021496622118320374,1.0029359963098607
-16.14024744395922,7.343245552499999,0.021498571374046094,1.0029362625380889
-16.14024744395922,7.343343678435114,0.02159669730916125,1.0029496645219826
-16.14024744395922,7.343447002385495,0.021700021259541735,1.0029637764478176
-16.14024744395922,7.343370972480914,0.021623991354960737,1.0029533923270912
-16.14024744395922,7.343328082156488,0.021581101030535343,1.0029475343912002
-16.14024744395922,7.343185768625953,0.021438787500000167,1.0029280972908876
-16.14024744395922,7.3430148615458,0.021267880419847174,1.002904754899981
