Angle (degree),rho (mOhm cm),Delta rho (mOhm cm),rho/rho(theta=0)
99.40395717760714,7.145433739580151,-0.13904181532442905,0.9809125839909212
99.40395717760714,7.145490924446563,-0.13898463045801623,0.9809204342288664
99.40395717760714,7.145650133759541,-0.1388254211450386,0.9809422902035043
99.40395717760714,7.145811294561067,-0.13866426034351242,0.9809644140750599
99.40395717760714,7.145730714160305,-0.13874484074427507,0.9809533521392821
99.40395717760714,7.145316768606869,-0.1391587862977106,0.9808965264213131
99.40395717760714,7.145342760916029,-0.1391327939885505,0.980900094599827
99.40395717760714,7.145479876431298,-0.13899567847328154,0.9809189175767503
99.40395717760714,7.145726165896945,-0.13874938900763478,0.9809527277616827
99.40395717760714,7.145883425954198,-0.13859212895038198,0.9809743161459209
99.40395717760714,7.146030939732823,-0.13844461517175688,0.9809945665781604
99.40395717760714,7.145837936622136,-0.13863761828244403,0.9809680714503736
99.40395717760714,7.145676128301525,-0.13879942660305478,0.9809458586885363
99.40395717760714,7.14558255062977,-0.13889300427480933,0.9809330125102426
99.40395717760714,7.145641037232824,-0.13883451767175536,0.9809410414483059
99.40395717760714,7.145657283263357,-0.13881827164122296,0.9809432716748212
99.40395717760714,7.145501972461831,-0.13897358244274827,0.980921950880983
99.40395717760714,7.145444785362594,-0.13903076954198568,0.9809141003365195
99.40395717760714,7.145353808931297,-0.13912174597328253,0.9809016112519434
99.40395717760714,7.145299223072519,-0.13917633183206046,0.980894117801198
99.40395717760714,7.145713168625953,-0.1387623862786267,0.9809509435191667
99.40395717760714,7.146054982786258,-0.1384205721183216,0.9809978671662747
99.2121096553708,7.146041985515266,-0.1384335693893135,0.9809960829237587
99.01449847366813,7.145784650267175,-0.13869090463740452,0.9809607563932279
99.01449847366813,7.145668978797709,-0.13880657610687042,0.9809448772172195
98.82347433135556,7.145711869122136,-0.13876368578244325,0.980950765125567
98.63080342919545,7.145949709580152,-0.1385258453244278,0.9809834154455829
98.43895590695911,7.145836637118319,-0.13863891778626058,0.9809678930567739
98.24710838472276,7.14548442692748,-0.1389911279770999,0.9809195422608676
98.0494972030201,7.145237487709923,-0.1392380671946567,0.980885642879135
97.85764968078375,7.145269330019082,-0.1392062248854975,0.9808900141353661
97.66580215854742,7.145568905839694,-0.1389066490648858,0.9809311393774448
97.47395463631108,7.145713168625953,-0.1387623862786267,0.9809509435191667
97.47395463631108,7.145271279274809,-0.1392042756297709,0.980890281725766
97.28210711407473,7.145178351354961,-0.13929720354961894,0.9808775247442719
97.0902595918384,7.145347309179389,-0.13912824572519078,0.9809007189774264
96.8975886896783,7.145413592805342,-0.1390619620992375,0.9809098182770881
96.70574116744196,7.145421392061068,-0.1390541628435118,0.9809108889452052
96.51389364520563,7.14542074230916,-0.13905481259542007,0.9809107997484052
96.32204612296928,7.145609194923662,-0.13886635998091723,0.9809366701920745
96.13019860073294,7.145615692442748,-0.1388598624618318,0.9809375621600737
95.93835107849661,7.14538825024809,-0.13908730465648933,0.9809063392953741
95.74650355626025,7.145232939446563,-0.13924261545801642,0.9808850185015358
95.74650355626025,7.145069829389311,-0.1394057255152683,0.9808626270395804
95.5546560340239,7.14506658062977,-0.1394089742748097,0.980862181055581
95.3619851318638,7.1452316399427485,-0.1392439149618312,0.9808848401079362
95.16519733008491,7.145299223072519,-0.13917633183206046,0.980894117801198
94.97252642792482,7.1454551836259546,-0.1390203712786251,0.9809155277918362
94.78150228561222,7.145608545171755,-0.13886700973282462,0.9809365809952747
94.58965476337588,7.1456728795419835,-0.13880267536259616,0.980945412704537
94.39698386121577,7.145533812538167,-0.13894174236641277,0.980926321830696
94.20513633897944,7.145607895419846,-0.13886765948473379,0.9809364917984748
94.20513633897944,7.145581251125953,-0.13889430377862677,0.9809328341166427
94.0132888167431,7.145502619980915,-0.13897293492366458,0.9809220397712646
93.82144129450676,7.145749559198472,-0.13872599570610777,0.9809559391529972
93.62877039234665,7.145837286870228,-0.13863826803435142,0.9809679822535738
93.43774625003408,7.145809995057251,-0.13866555984732898,0.9809642356814601
93.24507534787398,7.145821040839694,-0.1386545140648856,0.9809657520270584
93.05322782563765,7.146012744446565,-0.138462810458015,0.9809920687612455
92.86138030340129,7.145936712309159,-0.1385388425954206,0.9809816312030667
92.66953278116496,7.145565005095419,-0.13891054980916095,0.9809306038901272
92.66953278116496,7.145401247519082,-0.13907430738549742,0.9809081235378901
92.47768525892862,7.145362905458014,-0.13911264944656576,0.9809028600071419
92.28583773669227,7.1455572080725185,-0.13891834683206117,0.9809295335285285
92.09316683453217,7.145927615782441,-0.13854793912213825,0.9809803824478682
91.90214269221958,7.146292173492364,-0.1381833814122153,0.9810304282894906
91.70947179005948,7.146488425362595,-0.137987129541985,0.9810573694012771
91.51762426782315,7.146055632538166,-0.13841992236641332,0.9809979563630746
91.32577674558681,7.145384351736641,-0.139091203167939,0.9809058041145748
91.13392922335048,7.145310268854961,-0.13916528604961886,0.9808956341467959
91.13392922335048,7.145501320477098,-0.13897423442748202,0.9809218613776648
90.94125832119038,7.145621542442747,-0.1388540124618327,0.9809383652377908
90.75023417887779,7.145594248396945,-0.13888130650763486,0.9809346183591587
90.55756327671769,7.145242685725189,-0.13923286917939048,0.9808863564535341
90.3665391344051,7.145332364885496,-0.13914319001908382,0.9808986674510288
90.17469161216877,7.1455572080725185,-0.13891834683206117,0.9809295335285285
89.98284408993243,7.145479876431298,-0.13899567847328154,0.9809189175767503
89.79017318777233,7.145253733740457,-0.13922182116412252,0.9808878731056506
89.598325665536,7.145218642671754,-0.13925691223282577,0.9808830558654198
89.40647814329964,7.145229038702289,-0.13924651620229067,0.9808844830142183
89.40647814329964,7.145228388950382,-0.13924716595419806,0.9808843938174184
89.2146306210633,7.145087374923663,-0.13938817998091668,0.9808650356596958
89.02278309882696,7.145105570209923,-0.13936998469465678,0.980867533476611
88.83093557659062,7.145324565629771,-0.13915098927480862,0.9808975967829119
88.63826467443052,7.145401897270991,-0.13907365763358825,0.9809082127346901
88.44724053211795,7.145300522576334,-0.13917503232824568,0.9808942961947974
88.25456962995784,7.145613093435115,-0.1388624614694649,0.9809372053728741
88.0627221077215,7.145910070248091,-0.138565484656489,0.9809779738277529
87.87087458548515,7.145923715038167,-0.1385518398664125,0.9809798469605507
87.87087458548515,7.145898372480915,-0.13857718242366435,0.9809763679788367
87.67902706324882,7.145694323587786,-0.13878123131679398,0.9809483565054516
87.48635616108872,7.145317418358778,-0.13915813654580145,0.980896615618113
87.29533201877614,7.145342760916029,-0.1391327939885505,0.980900094599827
87.10348449653979,7.145457782633586,-0.13901777227099377,0.9809158845790354
86.91081359437969,7.145352509427479,-0.13912304547710086,0.9809014328583434
86.71896607214336,7.14520629515267,-0.1392692597519094,0.9808813608197037
86.52711854990702,7.145270629522899,-0.13920492538168094,0.9808901925289659
86.33527102767067,7.145233589198471,-0.13924196570610903,0.9808851076983355
86.33527102767067,7.145126364503817,-0.13934919040076288,0.980870388080726
86.14260012551057,7.144947660400763,-0.13952789450381697,0.9808458558955732
85.95157598319798,7.144871628263357,-0.13960392664122256,0.9808354183373945
85.75972846096165,7.145089973931296,-0.13938558097328357,0.9808653924468953
85.56705755880155,7.14506203236641,-0.1394135225381694,0.9808615566779817
85.3752100365652,7.145002896011449,-0.13947265889313076,0.9808534385431186
85.18336251432888,7.145017192786259,-0.13945836211832052,0.9808554011792346
84.99151499209253,7.144945711145038,-0.1395298437595418,0.9808455883051735
84.79966746985619,7.14498080221374,-0.13949475269083944,0.9808504055454041
84.60781994761984,7.145019142041983,-0.13945641286259658,0.9808556687696341
84.60781994761984,7.144915818091601,-0.13955973681297884,0.9808414846393417
84.4159724253835,7.145118567480915,-0.13935698742366487,0.9808693177191271
84.22412490314717,7.145121816240458,-0.1393537386641217,0.9808697637031267
84.0265137214445,7.1449788529580145,-0.13949670194656516,0.9808501379550044
83.83466619920816,7.145111420209923,-0.1393641346946568,0.9808683365543284
83.64281867697181,7.1452842765458,-0.13919127835877987,0.9808920659682819
83.45014777481171,7.145340811660305,-0.13913474324427444,0.9808998270094275
83.25830025257537,7.145418793053433,-0.13905676185114668,0.9809105321580054
83.06645273033904,7.145520817499999,-0.13895473740458097,0.980924537894698
83.06645273033904,7.145671577805342,-0.1388039770992373,0.9809452340044189
82.87378182817893,7.145785949770992,-0.13868960513358797,0.9809609347868277
82.68193430594259,7.145605946164121,-0.13886960874045862,0.9809362242080751
82.49091016363,7.14555070832061,-0.13892484658396942,0.9809286412540115
82.2982392614699,7.145325865133588,-0.13914968977099207,0.9808977751765117
82.10721511915733,7.145153658549617,-0.1393218963549625,0.9808741349593577
81.91454421699723,7.145083476412212,-0.13939207849236723,0.9808645004788964
81.72269669476088,7.1450971234351135,-0.13937843146946616,0.9808663739182124
81.53084917252455,7.145052933606869,-0.13942262129771077,0.9808603076162651
81.53084917252455,7.145046436087785,-0.13942911881679443,0.9808594156482662
81.33817827036445,7.145063331870228,-0.13941222303435197,0.9808617350715816
81.14633074812811,7.14496260692748,-0.13951294797709934,0.980847907728489
80.9495429463492,7.145245284732823,-0.1392302701717565,0.9808867132407337
80.7568720441891,7.1453570576908385,-0.13911849721374114,0.9809020572359428
80.56584790187652,7.145403196774808,-0.1390723581297717,0.9809083911282899
80.37400037964018,7.145745010935114,-0.1387305439694657,0.980955314775398
80.18215285740384,7.145920466278625,-0.13855508862595478,0.9809794009765512
79.98948195524373,7.145757358454197,-0.13871819645038297,0.980957009821114
79.98948195524373,7.145853532900762,-0.13862202200381724,0.9809702124800894
79.79763443300739,7.145770353492366,-0.13870520141221387,0.980958793757112
79.60578691077106,7.1455149675000005,-0.13896058740457917,0.980923734816981
79.41393938853471,7.145496122461831,-0.13897943244274824,0.9809211478032658
79.22126848637461,7.145633887729007,-0.13884166717557278,0.9809400599769887
79.03024434406204,7.145821040839694,-0.1386545140648856,0.9809657520270584
78.83757344190192,7.146069929312976,-0.13840562559160396,0.9809999189991905
78.64654929958935,7.146273328454198,-0.13820222645038172,0.9810278412757757
78.45470177735301,7.146488425362595,-0.137987129541985,0.9810573694012771
78.2620308751929,7.146919916450381,-0.13755563845419871,0.9811166037393614
78.2620308751929,7.147261080858778,-0.1372144740458019,0.9811634381896694
78.07018335295658,7.147271479122137,-0.1372040757824431,0.981164865644986
77.87751245079647,7.147015443377861,-0.13746011152671844,0.9811297175080549
77.68648830848389,7.147075877003815,-0.13739967790076424,0.9811380137299995
77.49464078624754,7.147590549732825,-0.13688500517175495,0.9812086670975797
77.30279326401121,7.147803695152671,-0.13667185975190854,0.981237927326163
77.11094574177487,7.147753007805343,-0.1367225470992368,0.9812309690562168
76.91827483961477,7.147866730019084,-0.13660882488549575,0.9812465806418256
76.72642731737842,7.148315116889313,-0.136160438015267,0.9813081344032253
76.72642731737842,7.1486283397328245,-0.13584721517175513,0.9813511330846199
76.53457979514208,7.148943509599235,-0.1355320453053448,0.9813943990498957
76.34273227290574,7.149294422519083,-0.13518113238549656,0.9814425717587205
76.1508847506694,7.149439337290076,-0.13503621761450368,0.9814624654037606
75.95903722843306,7.149625190896946,-0.13485036400763395,0.9814879790602303
75.76718970619673,7.149890323167938,-0.13458523173664183,0.9815243759523599
75.56957852449406,7.150175602213738,-0.13429995269084127,0.9815635385583225
75.3777310022577,7.150102171316793,-0.1343733835877865,0.9815534580938619
75.18506010009762,7.150211992786258,-0.13426356211832147,0.981568534192153
75.18506010009762,7.1507968476526695,-0.1336787072519101,0.9816488220401941
74.99403595778503,7.151019091832061,-0.1334564630725188,0.9816793313304946
74.8021884355487,7.1515038692748085,-0.13297168562977113,0.9817458807257247
74.6095175333886,7.15190287053435,-0.1325726843702295,0.9818006549172961
74.41767001115224,7.152092622652671,-0.13238293225190834,0.9818267037545653
74.22582248891591,7.152327864103052,-0.13214769080152777,0.9818589972873815
74.03397496667957,7.152613792900763,-0.13186176200381627,0.9818982490901442
73.8363637849769,7.153060230515266,-0.13141532438931325,0.9819595352611442
73.64451626274057,7.153563205477099,-0.1309123494274811,0.9820285827798079
73.64451626274057,7.1538621293129765,-0.13061342559160316,0.9820696185185682
73.45184536058046,7.154183798931298,-0.1302917559732819,0.9821137767583615
73.2599978383441,7.154519765324427,-0.12995578958015308,0.9821598976342704
73.06815031610778,7.155059780610685,-0.12941577429389461,0.9822340299835641
72.87712617379519,7.155463979885494,-0.1290115750190859,0.9822895177495347
72.67869161216876,7.1559624043511425,-0.12851315055343715,0.9823579405840809
72.48684408993243,7.156682423244274,-0.12779313166030537,0.9824567835121276
72.29499656769607,7.15736995230916,-0.12710560259542003,0.9825511662936612
72.10314904545974,7.157641584332059,-0.12683397057252055,0.9825884554603077
72.10314904545974,7.157807943148854,-0.1266676117557255,0.9826112929062627
71.91047814329964,7.158015240801526,-0.12646031410305358,0.9826397503636471
71.7186306210633,7.158300519847328,-0.12617503505725125,0.98267891296961
71.52760647875073,7.158884722729007,-0.12559083217557276,0.9827591113143329
71.33575895651438,7.1594130424809155,-0.12506251242366417,0.9828316381212289
71.14308805435428,7.159592396335877,-0.12488315856870269,0.9828562595031815
70.95124053211795,7.160179850209923,-0.12429570469465645,0.9829369041384223
70.7593930098816,7.161161102862593,-0.12331445204198666,0.9830716087777986
70.56754548764526,7.162105967175571,-0.12236958772900852,0.9832013180898633
70.56754548764526,7.162804542022899,-0.1216710128816807,0.983297217216995
70.37569796540892,7.163228885839694,-0.12124666906488546,0.9833554703902807
70.18385044317259,7.163416041183205,-0.12105951372137458,0.9833811627468684
69.99200292093623,7.163796195171756,-0.12067935973282395,0.9834333496182067
69.79933201877613,7.1645974442175575,-0.11987811068702214,0.9835433436788309
69.60830787646356,7.165380497977098,-0.11909505692748201,0.9836508399225397
69.41069669476089,7.165910117232823,-0.11856543767175687,0.9837235451230353
69.21802579260078,7.16626297717557,-0.11821257772900928,0.9837719851157414
69.0270016502882,7.166706815782441,-0.11776873912213848,0.983832914499542
68.8343307481281,7.167283871393129,-0.11719168351145104,0.9839121316794663
68.8343307481281,7.167431385171755,-0.11704416973282505,0.983932382111706
68.64248322589177,7.167585396469465,-0.11689015843511452,0.9839535245119447
68.44569542411286,7.168139058778626,-0.11633649612595409,0.9840295303005546
68.25302452195275,7.169162552003815,-0.11531300290076452,0.9841700336514788
68.06117699971642,7.170063876240458,-0.11441167866412183,0.984293765858396
67.86932947748006,7.170820937690839,-0.11365461721374093,0.984397693923591
67.67748195524374,7.17173201043893,-0.11274354446564949,0.9845227643890245
67.48481105308363,7.172575497824426,-0.11190005708015338,0.9846385568546782
67.29378691077106,7.173174649465649,-0.1113009054389309,0.9847208073388354
67.29378691077106,7.1738017426717535,-0.11067381223282613,0.9848068935919059
67.10193938853472,7.174466525954197,-0.11000902895038234,0.9848981538724069
66.91009186629837,7.175210590133586,-0.10926496477099334,0.9850002976950858
66.71742096413827,7.175966349847326,-0.10850920505725359,0.9851040470601627
66.52557344190194,7.176607090076335,-0.10786846482824508,0.9851920067525495
66.33290253974182,7.177250429312976,-0.10722512559160347,0.9852803232321358
66.13611473796293,7.177928209866411,-0.10654734503816865,0.9853733677551528
65.94426721572658,7.178418837309159,-0.10605671759542101,0.9854407202281001
65.75241969349024,7.1786280842175545,-0.10584747068702516,0.9854694452758842
65.75241969349024,7.179483269370228,-0.10499228553435191,0.9855868435904543
65.56057217125391,7.1808401322137385,-0.10363542269084114,0.9857731113366062
65.36790126909379,7.181642680763358,-0.10283287414122189,0.9858832837908303
65.17605374685746,7.182531657480916,-0.10194389742366372,0.9860053209520312
64.98502960454488,7.183619485076336,-0.10085606982824391,0.9861546560122179
64.79235870238477,7.184778146793892,-0.09969740811068739,0.9863137150561838
64.60051118014844,7.185310362824427,-0.09916519208015284,0.9863867767373609
64.40866365791209,7.185981645858778,-0.09849390904580169,0.986478929292379
64.21187585613319,7.186684768969465,-0.09779078593511503,0.98657545279711
64.21187585613319,7.187745954503816,-0.09672960040076362,0.9867211304819828
64.01920495397309,7.188792191278625,-0.09568336362595442,0.9868647560274217
63.82735743173675,7.189690916507632,-0.09478463839694751,0.986988131447139
63.6355099095004,7.190175696183206,-0.09429985872137348,0.9870546811488876
63.4428390073403,7.190579245706106,-0.09389630919847392,0.9871100797180582
63.251814865027725,7.191459773416029,-0.09301578148855061,0.9872309570143422
63.05914396286762,7.192230481889312,-0.09224507301526774,0.9873367585188532
62.868119820555044,7.19284327832061,-0.09163227658396966,0.987420882135808
62.67544891839494,7.193767995858776,-0.09070755904580352,0.9875478257340392
62.67544891839494,7.194990991946563,-0.08948456295801677,0.9877157164872675
62.483601396158605,7.196290015706107,-0.08818553919847272,0.9878940441856383
62.29175387392227,7.197392140076334,-0.08708341482824533,0.9880453418819406
62.09990635168593,7.197921757099236,-0.08655379780534389,0.9881180467759182
61.90805882944958,7.19860603740458,-0.08586951749999994,0.9882119835734524
61.71621130721324,7.199156448721373,-0.08531910618320637,0.9882875430715445
61.5243637849769,7.199888165381678,-0.0845873895229019,0.9883879918485072
61.3316928828168,7.200837577958014,-0.08363797694656583,0.988518325538171
61.13984536058045,7.201740201698472,-0.08273535320610748,0.9886422361386877
61.13984536058045,7.202790339217556,-0.08168521568702403,0.9887863971714441
60.947997838344115,7.20369621395038,-0.0807793409541997,0.9889107540624785
60.75615031610777,7.204164095610686,-0.0803114592938936,0.9889749840343934
60.564302793871434,7.20472035692748,-0.07975519797710007,0.9890513466102029
60.3724552716351,7.205545001507632,-0.07893055339694754,0.9891645523686596
60.18060774939876,7.20629426370229,-0.07818129120228967,0.9892674097657379
59.98793684723866,7.206888864847326,-0.07758669005725327,0.9893490355657774
59.79608932500232,7.207734303721375,-0.07674125118320507,0.9894650959283492
59.604241802765976,7.208792238263357,-0.0756833166412223,0.989610327322704
59.604241802765976,7.209451823530533,-0.0750237313740465,0.9897008740288059
59.407454000987066,7.210381091564885,-0.07409446333969427,0.9898284423111549
59.21560647875073,7.211446825362595,-0.07302872954198492,0.9899747443736269
59.022935576590626,7.212048573778625,-0.0724269811259548,0.9900573513384652
58.83108805435429,7.212861520591602,-0.07161403431297764,0.9901689512480057
58.639240532117945,7.214150798072519,-0.07032475683206041,0.9903459409943779
58.44656962995785,7.214812982347327,-0.06966257255725239,0.9904368444876791
58.25554548764526,7.215579790076334,-0.06889576482824555,0.9905421105048724
58.06369796540892,7.21651100736641,-0.06796454753816938,0.990669946377621
57.87102706324882,7.217220630229007,-0.0672549246755727,0.9907673621568692
57.87102706324882,7.217746998492365,-0.06672855641221442,0.9908396210668472
57.674239261469914,7.2186106326526716,-0.0658649222519081,0.9909581792463341
57.47662807976724,7.21947686582061,-0.06499868908396955,0.9910770942130204
57.2847805575309,7.220376240801526,-0.06409931410305347,0.9912005588295377
57.092933035294564,7.221473167156487,-0.0630023877480923,0.991351142951441
56.90108551305823,7.222433625515266,-0.062041929389313744,0.9914829929867028
56.70923799082188,7.2232998586832045,-0.0611756962213752,0.9916019079533892
56.51656708866179,7.224216779198472,-0.06025877570610749,0.9917277811900219
56.324719566425436,7.225094060381678,-0.05938149452290187,0.9918482128088245
56.324719566425436,7.225739348874045,-0.05873620603053453,0.9919367968788106
56.1328720441891,7.226616630057252,-0.05785892484732802,0.9920572284976134
55.94102452195276,7.227508205782443,-0.056967349122136746,0.9921796224460139
55.74917699971641,7.228571340572519,-0.0559042143320605,0.9923255677212863
55.55650609755631,7.2294232769656475,-0.05505227793893219,0.9924425200518566
55.36465857531997,7.230132250076334,-0.054343304828245564,0.9925398466343048
55.172811053083635,7.230498759274807,-0.05397679562977231,0.9925901603728452
54.98096353084729,7.231133649503815,-0.053341905400764666,0.9926773169875146
54.789116008610954,7.231804282786259,-0.0526712721183209,0.9927693803457329
54.789116008610954,7.23261332885496,-0.051862226049619764,0.9928804447679557
54.59726848637462,7.233726501240457,-0.050749053664122634,0.9930332591163747
54.404597584214514,7.234875414446563,-0.04960014045801664,0.993190979901824
54.213573441901936,7.235667564732824,-0.0488079901717553,0.9932997249007318
54.02090253974184,7.2366878091984725,-0.04778774570610711,0.9934397822676566
53.82987839742925,7.2377314491984714,-0.04674410570610821,0.993583051332414
53.63720749526915,7.238564540553435,-0.04591101435114453,0.9936974166492696
53.44535997303281,7.239526950400761,-0.044948604503818324,0.9938295345814491
53.253512450796464,7.240517951564884,-0.04395760333969534,0.9939655774793424
53.253512450796464,7.241207429885496,-0.04326812501908339,0.9940602278512759
53.06084154863636,7.241752643187022,-0.04272291171755782,0.9941350737749689
52.86981740632378,7.242338145572519,-0.042137409332061004,0.9942154505132919
52.677969884087446,7.242642921641219,-0.041832633263360286,0.9942572896362876
52.48612236185111,7.2433401969847315,-0.041135357919848126,0.9943530103698197
52.294274839614765,7.244323401125953,-0.04015215377862624,0.9944879829061144
52.10160393745467,7.245097356125952,-0.03937819877862747,0.9945942300881064
51.909756415218325,7.245758240896945,-0.03871731400763423,0.9946849551878081
51.71790889298199,7.2463391950190825,-0.03813635988549713,0.9947647075485317
51.52606137074564,7.246905204847327,-0.037570350057253066,0.9948424083828578
51.52606137074564,7.247746742977097,-0.036728811927482674,0.9949579332581117
51.3342138485093,7.248621425152671,-0.03585412975190838,0.9950780080897151
51.1415429463492,7.2492257725763345,-0.03524978232824516,0.995160971841753
50.95051880403661,7.2502018294465636,-0.0342737254580161,0.9952949632132487
50.758671281800275,7.251206477633587,-0.03326907727099293,0.9954328795504581
50.56600037964017,7.252082459312976,-0.03239309559160386,0.995553132775661
50.374152857403836,7.252679659465648,-0.03179589543893169,0.9956351153629003
50.18148195524373,7.253324947958014,-0.03115060694656524,0.9957236994328862
49.990457812931155,7.254176884351144,-0.030298670553436047,0.9958406517634566
49.990457812931155,7.254723399389313,-0.029752155515266665,0.9959156763872679
49.79861029069482,7.255490856870229,-0.028984698034350664,0.9960210316012612
49.60099910899214,7.256559189675571,-0.027916365229009088,0.9961676904509326
49.40832820683204,7.257408527061068,-0.027067027843511227,0.9962842859943037
49.211540405053135,7.258151291736641,-0.02632426316793879,0.9963862514233829
49.0196928828168,7.259126696622137,-0.0253488582824426,0.9965201532915605
48.82702198065669,7.259948742194656,-0.024526812709924073,0.9966330022628176
48.63517445842035,7.260172285877862,-0.024303269026717977,0.9966636899467176
48.44415031610777,7.260349690477099,-0.024125864427480437,0.9966880437382707
48.44415031610777,7.260736344217555,-0.023739210687024226,0.9967411228841258
48.252302793871436,7.261705901335877,-0.02276965356870253,0.9968742219811044
48.0604552716351,7.262511051125953,-0.021964503778626465,0.9969847515290462
47.867784369475,7.263220671755724,-0.021254883148855264,0.9970821670017762
47.67593684723865,7.2639075510687015,-0.0205680038358782,0.9971764605865099
47.48326594507856,7.264701003091601,-0.01977455181297838,0.9972853842855353
47.29224180276598,7.265440516774808,-0.01903503812977192,0.9973869034240967
47.099570900605876,7.2662001772328235,-0.018275377671756132,0.9974911882764914
46.907723378369525,7.2667284947519075,-0.017747060152672134,0.9975637147768691
46.907723378369525,7.268180882290075,-0.01629467261450479,0.9977630959851964
46.716699236056954,7.269093904293892,-0.015381650610687636,0.9978884340410297
46.52402833389685,7.269109498339695,-0.015366056564884545,0.9978905747642274
46.33135743173674,7.269076358759541,-0.015399196145038374,0.9978860254209144
46.14033328942417,7.2693051004580145,-0.015170454446565174,0.9979174266792136
45.94766238726407,7.269672259408396,-0.014803295496183644,0.9979678296145539
45.75663824495149,7.2702330689885475,-0.014242485916032166,0.9980448165679624
45.563967342791386,7.271120746202289,-0.013354808702290555,0.9981666753355636
45.3729432004788,7.271931094007632,-0.012544460896947385,0.9982779184579045
45.3729432004788,7.2725965270419834,-0.011879027862596203,0.9983692679352053
45.181095678242464,7.272997477557252,-0.011478077347327975,0.9984243097171766
44.98842477608236,7.2734250701335865,-0.01105048477099313,0.9984830088744614
44.795753873922266,7.274083355896946,-0.010392199007633884,0.9985733771869635
44.60472973160968,7.274680556049617,-0.0097949988549626,0.9986553597742026
44.41205882944958,7.275030167232824,-0.009445387671755512,0.9987033537829094
44.221034687137006,7.275459711297708,-0.009015843606871243,0.9987623208371121
44.0283637849769,7.2761907782061055,-0.008284776698474161,0.9988626804172751
43.83651626274056,7.2768165719083955,-0.0076589829961841716,0.9989485882767459
43.64466874050422,7.277349437690839,-0.007126117213740457,0.999021739154723
43.64466874050422,7.27798887841603,-0.006486676488549392,0.99910952045351
43.45282121826788,7.278571781793892,-0.00590377311068746,0.9991895404046331
43.260973696031535,7.279241765324425,-0.005233789580154635,0.9992815145660513
43.0691261737952,7.279692751202289,-0.004782803702291005,0.9993434251146507
42.87727865155885,7.279961784217555,-0.004513770687024632,0.9993803574940978
42.68460774939875,7.280358836221373,-0.004116718683206955,0.9994348640952697
42.49358360708618,7.28060837221374,-0.0038671826908398543,0.9994691199576837
42.301736084849836,7.280919645801526,-0.0035559091030537004,0.9995118510486785
42.10906518268973,7.281340740858778,-0.003134814045801626,0.9995696582379646
42.10906518268973,7.282043863969465,-0.002431690935114972,0.9996661817426956
41.917217660453396,7.282695649980914,-0.0017799049236657538,0.9997556577806803
41.72537013821705,7.283198624942746,-0.001276929961833595,0.9998247052993439
41.53269923605695,7.283563184885495,-0.0009123700190842854,0.9998747514474848
41.34167509374437,7.284101248683204,-0.0003743062213752424,0.9999486158998607
41.14900419158427,7.284707547595418,0.00023199269083828966,1.0000318475488166
40.95798004927169,7.284982428377861,0.0005068734732809332,1.0000695826994628
40.76530914711159,7.285118894141221,0.0006433392366416157,1.0000883164795864
40.57346162487525,7.285458109293891,0.0009825543893109412,1.0001348833394945
40.57346162487525,7.285981878549617,0.001506323645037,1.000206785462273
40.38161410263891,7.28656478192748,0.002089227022900708,1.0002868054133964
40.18976658040256,7.287076205896945,0.002600650992365061,1.0003570127969768
39.997919058166225,7.287171730591603,0.0026961756870234055,1.0003701262591522
39.80607153592988,7.287266607767175,0.0027910528625954,1.000383150831046
39.613400633769785,7.287765032232823,0.003289477328243251,1.000451573665592
39.42155311153344,7.288496748893128,0.00402119398854861,1.0005520224425548
39.229705589297104,7.289350636774808,0.004875081870228115,1.0006692426700432
39.037034687137,7.290084952442747,0.005609397538167471,1.0007700482342055
38.846010544824416,7.288955534026717,0.0044799791221370455,1.0006150036592711
38.846010544824416,7.286148887118319,0.0016733322137394424,1.0002297121050276
38.653339642664314,7.287429715591602,0.0029541606870227,1.000405541986483
38.46231550035174,7.289429265687021,0.004953710782441334,1.000680036708903
38.2704679781154,7.2905274915458,0.006051936641219946,1.000830799224406
38.07862045587906,7.291360582900763,0.006885027996183624,1.0009451645412617
37.88677293364271,7.292029916679389,0.00755436177480906,1.00103704950588
37.694102031482615,7.292662207900762,0.008186652996182708,1.0011238493333499
37.50225450924627,7.293211969465648,0.008736414561067996,1.0011993196346423
37.310406987009934,7.293831265648853,0.009355710744273438,1.001284335526114
37.310406987009934,7.294206871374045,0.009731316469465234,1.001335898019853
37.1185594647736,7.294607819656488,0.010132264751907982,1.001390939495306
36.92671194253726,7.295194623778625,0.010719068874045057,1.0014714949337469
36.73404104037716,7.295665756431298,0.011190201526718013,1.0015361711961794
36.54301689806457,7.296082952977098,0.011607398072518649,1.001593443204666
36.35116937582823,7.296185624942748,0.011710070038168041,1.0016075378316402
36.15849847366813,7.296524190343511,0.012048635438931754,1.0016540154947489
35.96665095143179,7.296470903988548,0.011995349083968598,1.0016467004376028
35.77480342919545,7.29582171698473,0.011346162080150712,1.0015575811868174
35.77480342919545,7.295900348129769,0.011424793225189411,1.0015683755321956
35.58213252703535,7.2962876493893125,0.01181209448473286,1.0016215435683329
35.39110838472276,7.297099296698472,0.012623741793892584,1.0017329650842735
35.19843748256266,7.297804371297707,0.013328816393127774,1.0018297564859222
35.00741334025009,7.297954484083969,0.013478929179389532,1.0018503637053617
34.80897877862366,7.29783166534351,0.013356110438929925,1.0018335033645542
34.61219097684476,7.297754983454197,0.013279428549616945,1.0018229766095756
34.42034345460841,7.2977686304770994,0.013293075572519797,1.001824850048892
34.22849593237207,7.2979466848282435,0.013471129923663838,1.0018492930372447
34.22849593237207,7.298282001469464,0.01380644656488439,1.0018953247163536
34.03664841013573,7.298334638072518,0.01385908316793838,1.0019025505766996
33.84480088789939,7.298301496259541,0.013825941354961735,1.0018980009268688
33.64636632627296,7.298449010038168,0.013973455133588608,1.0019182513591085
33.45451880403662,7.29893378971374,0.014458234809159975,1.0019848010608567
33.26267128180027,7.299010469370228,0.014534914465648363,1.001995327509317
33.0716471394877,7.298873353854962,0.014397798950382068,1.001976504532394
32.8789762373276,7.299103397290075,0.014627842385495526,1.002008084490811
32.68712871509126,7.2990962477862595,0.014620692881679886,1.0020071030194941
32.68712871509126,7.299436762442747,0.014961207538167542,1.0020538482730021
32.49528119285492,7.300410220305341,0.015934665400761716,1.0021874828572983
32.303433670618574,7.301118541431297,0.01664298652671725,1.0022847199364286
32.105822488915905,7.301104894408396,0.016629339503816176,1.0022828464971125
31.913974966679568,7.300874853206106,0.01639929830152642,1.0022512668452137
31.722127444443228,7.3006454595229,0.016169904618320352,1.0022197760835965
31.53027992220689,7.300462207156487,0.01598665225190743,1.0021946195208444
31.33843239997054,7.300367979732824,0.0158924248282446,1.0021816841457507
31.14576149781044,7.300283500820609,0.01580794591602963,1.0021700870291734
31.14576149781044,7.300393974274807,0.015918419370227532,1.0021852526307826
30.9539139755741,7.300510943015267,0.016035388110687165,1.002201309893873
30.762066453337763,7.300495348969464,0.016019794064884074,1.0021991691706753
30.56939555117766,7.3004232153435105,0.01594766043893081,1.0021892667932963
30.378371408865085,7.300471303683205,0.015995748778625085,1.002195868276043
30.185700506704983,7.300724740419847,0.016249185515267328,1.0022306596257746
29.994676364392397,7.3009963724427465,0.01652081753816681,1.002267948792421
29.802005462232295,7.3010015704580145,0.016526015553434803,1.0022686623668204
29.61098131991972,7.300702646622137,0.016227091717557762,1.00222762662806
29.418310417759617,7.300728638931297,0.01625308402671699,1.0022311948065739
29.418310417759617,7.30059087366412,0.016115318759540642,1.0022122826328506
29.22646289552328,7.300578526145037,0.01610297124045701,1.0022105875871345
29.029675093744366,7.300638962003816,0.016163407099236693,1.0022188841155977
28.837004191584267,7.301064605324427,0.016589050419847595,1.002277315682483
28.645156669347926,7.301418117251908,0.01694256234732805,1.002325845178507
28.452485767187824,7.301620216889311,0.01714466198473108,1.0023535890614923
28.255697965408924,7.301536387729007,0.017060832824427052,1.0023420811417152
28.063850443172583,7.2973546826908375,0.012879127786257882,1.0017680240244045
27.872002920936236,7.296808169885495,0.012332614980915757,1.0016929997071118
27.872002920936236,7.298946135,0.014470580095419905,1.0019864958000548
27.680155398699895,7.300335487671755,0.015859932767175344,1.0021772236927196
27.48830787646356,7.300943086087785,0.01646753118320543,1.0022606337352753
27.295636974303456,7.3012517584351135,0.016776203530533884,1.0023030077325523
27.10378945206712,7.30126735471374,0.01679179980916068,1.002305148762268
26.91276530975453,7.301258258187022,0.016782703282442135,1.0023039000070695
26.72009440759443,7.301418117251908,0.01694256234732805,1.002325845178507
26.52824688535809,7.303766628778624,0.019291073874044606,1.002648244712834
26.336399363121753,7.303637312519083,0.019161757614503117,1.002630492404028
26.336399363121753,7.302426014198472,0.017950459293892607,1.0024642074997159
26.144551840885413,7.301479202862596,0.01700364795801601,1.0023342309037702
25.952704318649076,7.300765681488548,0.016290126583968778,1.0022362799437223
25.760856796412735,7.300514194007632,0.016038639103052255,1.0022017561843906
25.569009274176388,7.300391373034351,0.01591581812977161,1.0021848955370651
25.376338372016285,7.300505745,0.01603019009542006,1.0022005963194738
25.184490849779948,7.3004661056679385,0.01599055076335887,1.0021951547016439
24.992643327543608,7.300412819312975,0.015937264408395713,1.0021878396444979
24.80079580530727,7.3003933245229,0.015917769618320143,1.002185163433983
24.80079580530727,7.30015548183206,0.015679926927480103,1.0021525128074489
24.608124903147168,7.299992374007633,0.015516819103053692,1.002130121652012
24.417100760834582,7.3000554088740435,0.01557985396946382,1.002138774967674
24.225253238598242,7.29990334683206,0.015427791927480783,1.0021179001578355
24.032582336438143,7.299742835782441,0.015267280877861111,1.0020958654830796
23.840734814201802,7.299595322003816,0.015119767099236014,1.00207561505084
23.648887291965465,7.299355532290075,0.014879977385495735,1.0020426971404246
23.456216389805363,7.2992249165267165,0.014749361622136803,1.0020247664380184
23.265192247492777,7.299241162557251,0.014765607652670987,1.002026996664534
23.072521345332675,7.2995641316793884,0.015088576774808793,1.002071333297927
23.072521345332675,7.299812368167936,0.015336813263356674,1.0021054107667409
22.880673823096338,7.299512794580151,0.015037239675571357,1.0020642858311806
22.688826300859997,7.299260007595419,0.014784452690839167,1.0020295836782491
22.49697877862366,7.299237911564885,0.01476235666030501,1.0020265503740164
22.30513125638732,7.299412719389313,0.014937164484733145,1.002050547684888
22.113283734150983,7.2994718535114504,0.014996298606870795,1.002058665513233
21.92143621191463,7.299064405477098,0.01458885057251802,1.0020027317632627
21.729588689678295,7.298561432748092,0.014085877843512229,1.0019336845511175
21.537741167441954,7.29834373683206,0.013868181927480627,1.0019037996384164
21.537741167441954,7.298229364866412,0.013753809961832175,1.0018880988560077
21.345893645205617,7.29826575543893,0.013790200534350205,1.001893094489838
21.154046122969277,7.2981942737977095,0.013718718893129811,1.0018832816157772
20.961375220809177,7.298134487690839,0.013658932786259292,1.001875074284114
20.769527698572826,7.298213768587786,0.013738213683206268,1.0018859578262922
20.57768017633649,7.29830734625954,0.013831791354959933,1.0018988040045858
20.385009274176387,7.298053259770991,0.013577704866411189,1.0018639234580544
20.193985131863812,7.297664656774807,0.013189101870227482,1.0018105767217995
20.00131422970371,7.297153884790074,0.012678329885494222,1.001740458841537
20.00131422970371,7.296966079694656,0.012490524790075952,1.0017146772881496
19.810290087391135,7.297013518282441,0.012537963377861061,1.0017211895740963
19.618442565154787,7.297172729828244,0.012697174923664178,1.0017430458552525
19.425771662994684,7.2969875259732815,0.012511971068701833,1.0017176213955825
19.233924140758344,7.296801022614503,0.012325467709922933,1.0016920185423128
19.042076618522007,7.296717843206104,0.012242288301524518,1.0016805998193352
18.850229096285666,7.296658706851143,0.012183151946563164,1.0016724816844722
18.65838157404933,7.2964033208587775,0.011927765954197866,1.0016374227443412
18.46653405181298,7.295837963015266,0.011362408110686673,1.0015598114133333
18.27386314965288,7.29573658832061,0.01126103341603013,1.0015458948734406
18.27386314965288,7.295773628645037,0.011298073740457326,1.001550979704071
18.082015627416542,7.2958308157442735,0.011355260839693848,1.0015588302485343
17.8901681051802,7.29582821673664,0.01135266183206074,1.0015584734613348
17.698320582943865,7.295472753320609,0.010997198416029086,1.0015096760683924
17.506473060707524,7.295382426641219,0.010906871736639623,1.0014972761806162
17.31380215854742,7.295095848091602,0.010620293187022511,1.001457935181054
17.121954636311084,7.294693600305341,0.010218045400761433,1.0014027153120009
16.930107114074737,7.294614319408397,0.010138764503817121,1.0013918317698232
16.738259591838396,7.294577928835876,0.010102373931296427,1.0013868361359926
16.738259591838396,7.294298497557251,0.009822942652671252,1.001348476301229
16.54723544952582,7.294384925725191,0.009909370820611052,1.001360341008206
16.35456454736572,7.294569479828244,0.010093924923664233,1.001385676271076
16.162717025129382,7.294395973740456,0.009920418835876355,1.0013618576603223
15.97086950289303,7.294081451393129,0.009605896488549703,1.001318680585328
15.779021980656692,7.293829316393129,0.009353761488549495,1.0012840679357145
15.587174458420353,7.293885201755725,0.009409646851145759,1.00129173978006
15.395326936184015,7.293897549274809,0.009421994370229392,1.0012934348257763
15.203479413947676,7.293813070362595,0.00933751545801531,1.001281837709199
15.203479413947676,7.293550534866411,0.009074979961831708,1.0012457972977509
15.010808511787575,7.293276953587785,0.008801398683205619,1.0012082405407043
14.818960989551236,7.293176878396946,0.00870132349236652,1.0011945023944115
14.627113467314887,7.2929988240457995,0.008523269141219814,1.0011700594060586
14.435265945078548,7.292864957290075,0.008389402385494904,1.001151682413135
14.242595042918447,7.292611520553435,0.008135965648855326,1.0011168910634036
14.050747520682108,7.292532239656489,0.008056684751909238,1.0011060075212257
13.859723378369532,7.292677804179387,0.008202249274807727,1.0011259903630654
13.667052476209431,7.292476354293891,0.008000799389311197,1.00109833567688
13.475204953973082,7.292528341145037,0.00805278624045691,1.001105472340426
13.475204953973082,7.2922027730152665,0.007727218110686884,1.0010607789198338
13.28253405181298,7.291872654389313,0.007397099484733438,1.0010154608151238
13.091509909500404,7.291380077690839,0.006904522786259193,1.0009478407517767
12.899662387264065,7.2910921996374025,0.006616644732822863,1.0009083213586143
12.707814865027727,7.291020717996182,0.006545163091602468,1.0008985084845532
12.515967342791388,7.291068806335876,0.006593251431296743,1.0009051099672999
12.323296440631276,7.290950535858777,0.00647498095419774,1.000888874004092
12.126508638852375,7.29076728125954,0.006291726354960225,1.0008637171348216
11.934661116616036,7.290632114999999,0.00615656009541965,1.0008451617482983
11.934661116616036,7.290691901106868,0.006216346202288392,1.0008533690799613
11.742813594379697,7.290628866240458,0.006153311335878264,1.000844715764299
11.550966072143359,7.290424817347327,0.005949262442747738,1.000816704290914
11.358295169983258,7.290186976889312,0.00571142198473229,1.000784053970898
11.166447647746908,7.290010871793892,0.005535316889312192,1.0007598785729448
10.97460012551057,7.290029067080151,0.005553512175571207,1.0007623763898599
10.782752603274231,7.289896499828243,0.00542094492366374,1.0007441777905361
10.590905081037892,7.289655410610687,0.005179855706106906,1.000711081486521
10.399057558801553,7.289534541125953,0.0050589862213730186,1.000694488736113
10.399057558801553,7.289663207633587,0.0051876527290071195,1.0007121518481197
10.206386656641453,7.289481252538168,0.0050056976335879355,1.0006871733724492
10.014539134405103,7.289387677099235,0.004912122194655311,1.0006743275006733
9.822691612168764,7.289350636774808,0.004875081870228115,1.0006692426700432
9.630844089932426,7.289056908721374,0.004581353816794476,1.0006289201991638
9.43323290822976,7.28876448240458,0.004288927500000206,1.0005887764284023
9.241385385993421,7.288623468377861,0.004147913473281584,1.0005694182706797
9.049537863757072,7.288507796908396,0.004032242003816577,1.0005535390946712
8.857690341520733,7.288511695419846,0.00403614051526624,1.0005540742754704
8.857690341520733,7.288570831774809,0.00409527687022937,1.0005621924103338
8.659255779894306,7.288568882519083,0.00409332761450365,1.000561924819934
8.468231637581729,7.288281654217556,0.0038060993129764853,1.0005224946235716
8.27638411534539,7.288128292671755,0.0036527377671751182,1.000501441420133
8.08371321318529,7.287995075667938,0.0035195207633584857,1.000483153624009
7.892689070872703,7.287916444522899,0.003440889618319787,1.000472359278631
7.700841548636364,7.287673406049619,0.00319785114503901,1.0004389953842163
7.5081706464762625,7.287441413358777,0.0029658584541971678,1.000407147835399
7.316323124239924,7.287581777633586,0.0031062227290066247,1.0004264167963217
7.316323124239924,7.287498600458014,0.003023045553434578,1.0004149983798627
7.124475602003585,7.287158733320609,0.002683178416029719,1.000368342016636
6.932628079767246,7.286915045095419,0.002439490190839777,1.0003348889254213
6.740780557530898,7.286950785916029,0.00247523101144953,1.0003397953624518
6.548109655370796,7.286902697576335,0.0024271426717552558,1.000333193879705
6.3570855130582204,7.286876705267174,0.002401150362594251,1.000329625701191
6.165237990821882,7.286839015190838,0.0023634602862587784,1.0003244516737608
5.972567088661781,7.286896200057251,0.0024206451526715966,1.000332301911706
5.780719566425442,7.286898799064884,0.002423244160304705,1.0003326586989056
5.780719566425442,7.286850060973281,0.0023745060687012653,1.000325968019359
5.58804866426534,7.286787028339694,0.002311473435113953,1.0003173150102147
5.397024521952754,7.2869442883969455,0.002468733492365871,1.0003389033944527
5.205176999716415,7.286911146583969,0.0024355916793892263,1.0003343537446219
5.0133294774800765,7.286571931431296,0.002096376526716348,1.0002877868847133
4.821481955243738,7.286503698549617,0.002028143645037339,1.0002784199946517
4.628811053083637,7.286535540858777,0.0020599859541974297,1.000282791250883
4.432023251304723,7.286427016660304,0.0019514617557243596,1.0002678932396734
4.240175729068384,7.285981878549617,0.001506323645037,1.000206785462273
4.240175729068384,7.285768083377861,0.001292528473281429,1.0001774360368896
4.047504826908283,7.285632914885495,0.0011573599809153734,1.000158880343848
3.8507170251293803,7.285792776183205,0.0013172212786249915,1.0001808258218037
3.658046122969279,7.285887001374044,0.0014114464694641171,1.0001937608903793
3.46619860073293,7.2857303910687,0.0012548361641204764,1.0001722617029412
3.2743510784965912,7.28601696961832,0.0015414147137402523,1.0002116027025036
3.0816801763364903,7.285786928416029,0.0013113735114496095,1.0001800230506048
2.890656034023914,7.285454210782442,0.0009786558778621668,1.0001343481586953
2.698808511787575,7.285251461393129,0.000775906488549083,1.0001065150789101
2.506137609627474,7.285496451354962,0.0010208964503819473,1.000140146870243
2.506137609627474,7.285562732748091,0.0010871778435115331,1.0001492458633867
2.3151134673148874,7.2854691573091594,0.0009936024045797964,1.000136399991611
2.1232659450785487,7.285297600477098,0.0008220455725185261,1.0001128489712572
1.9305950429184475,7.285482154580151,0.0010065996755717066,1.000138184234127
1.7387475206821088,7.2856849039694636,0.0012093490648839023,1.0001660173139122
1.54689999844577,7.285720644790075,0.0012450898854954318,1.0001709237509429
1.3550524762094314,7.2855906765458,0.0011151216412201848,1.0001530819388185
1.1623815740493302,7.285542588206106,0.0010670333015259104,1.0001464804560718
0.9713574317367436,7.285530242919847,0.0010546880152677574,1.000144785716874
0.9713574317367436,7.285577679274809,0.0011021243702291628,1.0001512976963025
0.7786865295766424,7.285610171335877,0.0011346164312975304,1.0001557581493337
0.5868390073403037,7.285484753587785,0.0010091986832057032,1.0001385410213266
0.394991485103965,7.285231966603051,0.0007564116984717373,1.000103838868395
0.2031439628676263,7.285139038683204,0.000663483778624574,1.0000910818869009
0.011296440631277183,7.28447555490458,0.0,1.0
-0.18055108160506153,7.284466458377862,-9.096526717655706e-06,0.9999987512448015
-0.37816226330772695,7.28479267625954,0.00031712135496064775,1.0000435338621938
-0.5700097855440657,7.285370381622137,0.0008948267175572511,1.000122840238918
-0.5700097855440657,7.285771981889312,0.0012964269847319798,1.000177971217689
-0.7626806877041669,7.285643313148853,0.001167758244273287,1.0001603077991643
-0.9545282099405056,7.285760284122135,0.0012847292175557357,1.0001763653687725
-1.1455523522530922,7.285922094675571,0.0014465397709910732,1.0001985784371281
-1.3373998744894309,7.285814220229008,0.0013386653244280566,1.0001837696227187
-1.530070776649532,7.285766781641221,0.0012912267366411712,1.0001772573367718
-1.7219182988858708,7.285771981889312,0.0012964269847319798,1.000177971217689
-1.9137658211222095,7.285673855954197,0.0011983010496177116,1.0001645006617959
-2.105613343358548,7.28553284192748,0.0010572870228999776,1.0001451425040733
-2.105613343358548,7.285626417366411,0.0011508624618317143,1.0001579883758491
-2.297460865594897,7.2855952248091596,0.0011196699045799008,1.0001537063164179
-2.489308387831236,7.285484753587785,0.0010091986832057032,1.0001385410213266
-2.6811559100675746,7.285398975171756,0.0009234202671759562,1.0001267655111499
-2.873826812227676,7.285494499866411,0.001018944961831636,1.0001398789733251
-3.064850954540252,7.285536740438929,0.0010611855343496401,1.0001456776848725
-3.2575218567003534,7.2855770295229005,0.0011014746183208857,1.0001512084995026
-3.4493693789367024,7.285810321717555,0.0013347668129757295,1.000183234441919
-3.6420402810968033,7.286064408206108,0.001588853301528026,1.0002181149884508
-3.83306442340938,7.286159283148853,0.0016837282442736523,1.000231139253826
-3.83306442340938,7.286239213797709,0.0017636588931289054,1.0002421119928038
-4.0249119456457185,7.286301598912213,0.0018260440076334206,1.0002506761116665
-4.216759467882057,7.286233366030532,0.0017578111259526352,1.0002413092216047
-4.408606990118396,7.286367232786258,0.001891677881678433,1.0002596862145285
-4.606218171821072,7.286613520019082,0.0021379651145023715,1.0002934960929428
-4.798889073981173,7.286710996202289,0.002235441297709251,1.0003068774520363
-4.990736596217512,7.286583626965647,0.002108072061067112,1.0002893924271115
-5.182584118453851,7.286354885267174,0.0018793303625939117,1.0002579911688123
-5.374431640690189,7.286200224217556,0.0017246693129759905,1.0002367595717738
-5.374431640690189,7.286272355610685,0.0017968007061055502,1.0002466616426349
-5.566279162926528,7.286438714427479,0.0019631595228997156,1.0002694990885896
-5.7581266851628765,7.2860975500190825,0.0016219951145028944,1.0002226646382815
-5.950797587322978,7.286231416774808,0.0017558618702286921,1.0002410416312053
-6.141821729635554,7.286575180190838,0.0020996252862586218,1.0002882328687128
-6.333669251871893,7.287019018797709,0.0025434638931294273,1.0003491622525134
-6.525516774108231,7.287241262977099,0.0027657080725189687,1.0003796715428137
-6.718187676268333,7.287291300572519,0.0028157456679389625,1.00038654061596
-6.910035198504672,7.287243212232823,0.0027676573282429118,1.000379939133213
-6.910035198504672,7.286934539885495,0.0024589849809153463,1.0003375651359363
-7.101882720741011,7.286931291125954,0.002455736221373961,1.0003371191519368
-7.294553622901112,7.287080754160304,0.002605199255724777,1.0003576371745762
-7.4855777652137085,7.287077505400762,0.0026019504961825035,1.0003571911905766
-7.677425287450047,7.287262709255724,0.002787154351143961,1.0003826156502464
-7.869272809686386,7.287418020057252,0.002942465152671936,1.0004039364440849
-8.061943711846487,7.287595424656487,0.0031198697519077,1.0004282902356378
-8.253791234082826,7.287792326278625,0.003316771374045402,1.000455320544224
-8.445638756319164,7.28797038062977,0.0034948257251903314,1.0004797635325768
-8.445638756319164,7.288173779770991,0.0036982248664116923,1.000507685809162
-8.64324993802184,7.288571481526716,0.0040959266221367585,1.0005622816071336
-8.83509746025818,7.288806722977098,0.00433116807251821,1.0005945751399499
-9.026944982494518,7.288993226335877,0.00451767143129711,1.0006201779932196
-9.218792504730857,7.290029067080151,0.005553512175571207,1.0007623763898599
-9.411463406890958,7.290279902576336,0.005804347671756638,1.000796810645874
-9.602487549203534,7.289858809751908,0.005383254847328267,1.000739003763106
-9.794335071439873,7.289565731450381,0.005090176545801128,1.0006987704890264
-9.99194625314255,7.289451361717556,0.00497580681297638,1.000683070013136
-9.99194625314255,7.289395474122137,0.0049199192175573,1.0006753978622722
-10.183793775378888,7.289306446946563,0.004830892041983503,1.0006631763680958
-10.375641297615227,7.2893623323091585,0.004886777404578879,1.0006708482124411
-10.568312199775328,7.289533889141221,0.005058334236641038,1.0006943992327952
-10.760159722011666,7.289554035916029,0.005078481011449476,1.0006971649466283
-10.952007244248005,7.289821117442746,0.005345562538166426,1.0007338294291575
-11.143854766484344,7.290024516583968,0.005548961679388675,1.0007617517057426
-11.335702288720682,7.290132391030534,0.0056568361259543565,1.0007765605201524
-11.527549810957021,7.290068056660305,0.00559250175572501,1.00076772881089
-11.71939733319336,7.289970580477099,0.005495025572519019,1.0007543474517968
-11.71939733319336,7.290107046240458,0.005631491335877925,1.0007730812319202
-11.911244855429718,7.290357234217557,0.005881679312977006,1.000807426597652
-12.103092377666057,7.290663307557251,0.006187752652671463,1.0008494438077296
-12.295763279826158,7.290604171202288,0.006128616297708334,1.0008413256728663
-12.487610802062497,7.2902539102671735,0.005778355362593857,1.0007932424673598
-12.679458324298835,7.289929641641222,0.005454086736642161,1.0007487274403672
-12.871305846535174,7.290025816087786,0.005550261183206118,1.0007619300993424
-13.063153368771513,7.290368282232822,0.005892727328242309,1.0008089432497682
-13.255000891007851,7.2904800529580145,0.006004498053434837,1.0008242869384594
-13.255000891007851,7.290691901106868,0.006216346202288392,1.0008533690799613
-13.44684841324419,7.291130541698472,0.006654986793892093,1.0009135848893627
-13.639519315404293,7.291715394332061,0.00723983942748152,1.0009938724308858
-13.83136683764063,7.291922042232823,0.0074464873282433786,1.0010222406914702
-14.023214359876969,7.291818718282441,0.007343163377861117,1.0010080565611779
-14.215061882113307,7.291805721011451,0.007330166106870983,1.0010062723186621
-14.406909404349667,7.2923229927480895,0.00784743784350983,1.0010772824734413
-14.598756926586006,7.29252119164122,0.008045636736640382,1.0011044908691091
-14.791427828746107,7.292625817328243,0.00815026242366379,1.0011188536995195
-14.791427828746107,7.2925049478435096,0.008029392938929902,1.0011022609491116
-14.954457053650803,7.292512095114502,0.008036540209922727,1.0011032421139106
-14.954457053650803,7.292461407767175,0.007985852862595344,1.0010962838439643
-14.954457053650803,7.292524442633587,0.008048887729007248,1.0011049371596268
-14.954457053650803,7.29285715803435,0.008381603129770099,1.001150611745018
-14.954457053650803,7.293199621946563,0.008724067041983474,1.0011976245889258
-14.954457053650803,7.29299492553435,0.008519370629770151,1.0011695242252594
-14.954457053650803,7.293015719828244,0.008540164923664051,1.0011723788293743
-14.954457053650803,7.293135289809159,0.008659734904579608,1.001188793186182
-14.954457053650803,7.293026765610685,0.00855121070610565,1.0011738951749722
-14.954457053650803,7.293032615610686,0.008557060706106512,1.0011746982526897
-14.954457053650803,7.293195073683204,0.008719518778624646,1.0011970002113266
-14.954457053650803,7.293202223187022,0.008726668282442063,1.0011979816826437
-14.954457053650803,7.29332894043893,0.008853385534350444,1.0012153772042505
-14.954457053650803,7.293560283377862,0.009084728473282233,1.0012471355562673
-14.954457053650803,7.293657759561067,0.009182204656487336,1.0012605169153606
-14.954457053650803,7.293578478664121,0.009102923759541248,1.0012496333731826
-14.954457053650803,7.293379627786259,0.008904072881679603,1.001222335474197
-14.954457053650803,7.293264606068702,0.008789051164121986,1.0012065454949883
-14.954457053650803,7.29327890284351,0.00880334793893045,1.001208508131104
-14.954457053650803,7.293366630515266,0.008891075610685917,1.0012205512316805
-14.954457053650803,7.293408871087785,0.008933316183205697,1.0012263499432283
-14.954457053650803,7.293550534866411,0.009074979961831708,1.0012457972977509
-14.954457053650803,7.293766281526716,0.009290726622136702,1.001275414620052
-14.954457053650803,7.293813720114503,0.009338165209923588,1.001281926905999
-14.954457053650803,7.293922891832059,0.009447336927479455,1.00129691380749
-14.954457053650803,7.293787075820609,0.009311520916029714,1.0012782692241669
-14.954457053650803,7.293535588339694,0.009060033435114079,1.001243745464835
-14.954457053650803,7.293427716125953,0.00895216122137299,1.0012289369569434
-14.954457053650803,7.293360132996182,0.008884578091602258,1.0012196592636817
-14.954457053650803,7.293321143416029,0.008845588511449343,1.0012143068426516
-14.954457053650803,7.293416668110686,0.00894111320610591,1.001227420304827
-14.954457053650803,7.293520641812976,0.009045086908396449,1.0012416936319193
