Angle (degree),rho (mOhm cm),Delta rho (mOhm cm),rho/rho(theta=0)
95.45019205613806,7.457471379790075,-0.13977613322519034,0.9816017402374041
95.45019205613806,7.457455783511449,-0.13979172950381624,0.9815996873519875
95.45019205613806,7.457336211297709,-0.1399113017175564,0.9815839484658271
95.45019205613806,7.457103571087786,-0.14014394192747925,0.9815533268216692
95.45019205613806,7.45691966673664,-0.14032784627862505,0.9815291201138016
95.45019205613806,7.456756556679388,-0.14049095633587694,0.9815076504885231
95.45019205613806,7.4566337379389305,-0.14061377507633477,0.9814914842730289
95.26410819336806,7.456659732480915,-0.14058778053435006,0.9814949058466897
95.07226067113172,7.456688973549618,-0.14055853946564767,0.9814987547496842
94.88041314889536,7.456729914618319,-0.14051759839694622,0.9815041436841149
94.68774224673525,7.456919016984731,-0.1403284960305342,0.9815290345891549
94.49589472449892,7.456903420706106,-0.14034409230915923,0.9815269817037383
94.30404720226258,7.456752008416029,-0.14049550459923665,0.9815070518159971
94.11219968002625,7.456592799103053,-0.14065471391221251,0.9814860956324972
93.9203521577899,7.456664930496182,-0.14058258251908295,0.9814955900438622
93.9203521577899,7.456852733358778,-0.1403947796564875,0.9815203098996091
93.72850463555356,7.4570574320038165,-0.1401900810114487,0.9815472536900659
93.53583373339346,7.457119167366411,-0.14012834564885424,0.9815553797070857
93.34398621115713,7.456972303339693,-0.14027520967557194,0.9815360484918704
93.15213868892079,7.456944359541984,-0.14030315347328148,0.98153237034427
92.95535088714188,7.456727315610686,-0.14052019740457933,0.9815038015855286
92.76267998498177,7.456492723912213,-0.1407547891030525,0.9814729230735318
92.57083246274543,7.456445285324427,-0.1408022276908385,0.9814666788926355
92.3789849405091,7.456354958645036,-0.14089255437022885,0.9814547894972675
92.3789849405091,7.456146359255724,-0.14110115375954102,0.9814273322650324
92.186314038349,7.456269180229007,-0.1409783327862586,0.9814434987744257
91.99528989603641,7.456427739790077,-0.14081977322518835,0.9814643694332793
91.80261899387631,7.456390699465647,-0.1408568135496182,0.9814594939406267
91.61159485156374,7.456445935076334,-0.1408015779389311,0.9814667644172819
91.41892394940363,7.456278276755724,-0.14096923625954094,0.9814446961194776
91.22707642716729,7.45592216582061,-0.1413253471946554,0.9813978224412798
91.03522890493095,7.455859782938931,-0.14138773007633443,0.9813896111935125
90.8433813826946,7.455731763950381,-0.14151574906488396,0.9813727604869467
90.8433813826946,7.455659632557251,-0.1415878804580144,0.9813632660755817
90.65153386045827,7.455568004141221,-0.14167950887404412,0.9813512053370217
90.45968633822193,7.455710969656487,-0.14153654335877786,0.9813700234043574
90.26701543606183,7.45595790664122,-0.14128960637404564,0.9814025268846389
90.07516791382548,7.456000796965648,-0.14124671604961758,0.9814081723930095
89.88332039158915,7.455709670152671,-0.1415378428625944,0.9813698523550644
89.6914728693528,7.455363305496182,-0.14188420751908293,0.9813242615465649
89.4988019671927,7.45536005673664,-0.1418874562786252,0.9813238339233321
89.30777782488012,7.45542049259542,-0.14182702041984552,0.9813317888910591
89.30777782488012,7.45544583515267,-0.14180167786259545,0.9813351246461739
89.11593030264379,7.45554591034351,-0.14170160267175547,0.9813482972051393
88.92408278040745,7.455807793854961,-0.14143971916030385,0.981382768046191
88.73141187824734,7.455794798816793,-0.14145271419847205,0.9813810575532597
88.539564356011,7.455990398702288,-0.14125711431297727,0.9814068037047652
88.34854021369841,7.456426440286258,-0.14082107272900757,0.9814641983839859
88.15586931153831,7.456466729370228,-0.1407807836450372,0.9814695014998711
87.96402178930198,7.456503769694656,-0.14074374332060913,0.9814743769925235
87.77217426706564,7.456609045133587,-0.14063846788167833,0.9814882340425605
87.5803267448293,7.456109318931298,-0.14113819408396733,0.9814224567723803
87.5803267448293,7.455701221145038,-0.1415462918702275,0.98136874024076
87.38847922259295,7.455706419160304,-0.14154109385496128,0.9813694244379324
87.19663170035662,7.455855882194655,-0.14139163082061046,0.9813890977517338
87.00396079819652,7.456122965954197,-0.14112454706106803,0.9814242530838571
86.81211327596017,7.456182749828243,-0.1410647631870221,0.9814321222330382
86.62026575372383,7.456012492499999,-0.14123502051526593,0.9814097118366476
86.4284182314875,7.4557428119656475,-0.14150470104961776,0.9813742146998372
86.23080704978481,7.45555565885496,-0.14169185416030494,0.9813495803687369
86.03895952754849,7.45542049259542,-0.14182702041984552,0.9813317888910591
86.03895952754849,7.455509519770991,-0.14173799324427439,0.9813435072371336
85.84711200531214,7.45569992164122,-0.14154759137404493,0.9813685691914668
85.6552644830758,7.455569303645037,-0.14167820937022846,0.9813513763863146
85.46341696083947,7.455703820152671,-0.14154369286259438,0.9813690823393462
85.27156943860312,7.4559104680534345,-0.14133704496183075,0.9813962827037426
85.07972191636678,7.456153508759542,-0.1410940042557236,0.9814282733300439
84.88705101420668,7.456269829980914,-0.1409776830343512,0.9814435842990722
84.69520349197033,7.456193148091602,-0.1410543649236633,0.9814334909212823
84.503355969734,7.456379001698472,-0.14086851131679357,0.9814579542030895
84.503355969734,7.456557058282441,-0.14069045473282404,0.981481391189138
84.31150844749766,7.4565765530725185,-0.1406709599427467,0.9814839572224341
84.11307388587123,7.456419942767175,-0.14082757024809034,0.9814633431375204
83.92204974355865,7.456404346488548,-0.14084316652671713,0.9814612902521037
83.72937884139854,7.456380301202289,-0.14086721181297612,0.9814581252523827
83.5375313191622,7.456386151202289,-0.14086136181297615,0.9814588952681009
83.34650717684963,7.456428389541984,-0.14081912347328096,0.9814644549579258
83.15383627468952,7.456442686316791,-0.14080482669847427,0.9814663367940489
82.9619887524532,7.456166506030533,-0.14108100698473258,0.9814299841168741
82.9619887524532,7.456015093740457,-0.14123241927480823,0.981410054229133
82.77014123021684,7.456053433568702,-0.1411940794465636,0.9814151007710784
82.5782937079805,7.455996898454197,-0.14125061456106813,0.9814076592451301
82.38644618574416,7.455918267309159,-0.14132924570610594,0.9813973092934004
82.19459866350782,7.4559234653244255,-0.14132404769083973,0.9813979934905728
82.00275114127149,7.455840935667937,-0.1414065773473281,0.9813871303909637
81.81090361903514,7.455767504770992,-0.14148000824427331,0.9813774649303059
81.6190560967988,7.455875376984732,-0.1413721360305331,0.98139166378503
81.42720857456246,7.4560631798473285,-0.14118433316793677,0.981416383640777
81.42720857456246,7.456107369675571,-0.14114014333969394,0.9814222001984404
81.23453767240235,7.456014443988549,-0.1412330690267165,0.9814099687044864
81.04269015016602,7.455981302175571,-0.14126621083969404,0.9814056063597134
80.85084262792968,7.45613141496183,-0.14111609805343495,0.9814253651981614
80.65899510569334,7.456577202824428,-0.14067031019083753,0.9814840427470808
80.46714758345699,7.456857931374045,-0.1403895816412204,0.9815209940967816
80.27530006122065,7.45687742616412,-0.14037008685114483,0.9815235601300775
80.08262915906056,7.456636336946564,-0.14061117606870166,0.9814918263716151
79.89160501674797,7.456449183835876,-0.14079832917938884,0.9814671920405148
79.69893411458787,7.456417991278625,-0.14082952173664065,0.9814630862696815
79.69893411458787,7.456434887061068,-0.1408126259541973,0.9814653102043913
79.50708659235154,7.456616192404579,-0.1406313206106864,0.9814891748136726
79.31523907011518,7.456672727519084,-0.14057478549618097,0.981496616339621
79.12339154787885,7.456660382232823,-0.14058713078244267,0.9814949913713361
78.93072064571875,7.4567812517175565,-0.14046626129770878,0.9815109010128907
78.73969650340617,7.456330913358778,-0.14091659965648695,0.9814516244975466
78.54702560124608,7.456206795114503,-0.14104071790076222,0.9814352872327593
78.35600145893349,7.456398496488547,-0.140849016526718,0.9814605202363854
78.16333055677339,7.4563945979770985,-0.14085291503816677,0.9814600070885062
78.16333055677339,7.456720815858777,-0.14052669715648847,0.9815029460451637
77.97148303453704,7.457071079026715,-0.1401764339885503,0.9815490500015425
77.7796355123007,7.457175702480916,-0.1400718105343488,0.9815628212330342
77.58778799006437,7.45710552034351,-0.1401419926717553,0.9815535833956087
77.39511708790427,7.457284224446563,-0.1399632885687021,0.9815771056124046
77.20409294559168,7.457448634007632,-0.13979887900763366,0.9815987462869761
77.01059866350782,7.457881426832061,-0.13936608618320445,0.9816557133429642
76.81381086172891,7.45806532895038,-0.13918218406488503,0.9816799197569325
76.62278671941634,7.458229088759541,-0.13901842425572397,0.9817014749068576
76.62278671941634,7.458348658740457,-0.13889885427480841,0.9817172134991189
76.43093919718,7.458666429847327,-0.1385810831679386,0.9817590406353712
76.23826829501989,7.458751558511449,-0.13849595450381624,0.9817702458335665
76.04642077278356,7.458764555782441,-0.13848295723282433,0.9817719566203968
75.8545732505472,7.4587944466030525,-0.13845306641221278,0.981775891048038
75.66272572831087,7.459024490038166,-0.13822302297709932,0.9818061708875087
75.47087820607453,7.459248033721374,-0.13799947929389145,0.981835595186615
75.27820730391443,7.459468328645037,-0.1377791843702285,0.9818645918624882
75.08718316160186,7.459368253454197,-0.1378792595610685,0.9818514193035228
74.89451225944175,7.459398796259539,-0.13784871675572585,0.9818554395497093
74.89451225944175,7.459917367499999,-0.137330145515266,0.9819236973285393
74.70266473720541,7.460202646545802,-0.13704486646946368,0.9819612476446654
74.51081721496907,7.460365754370227,-0.13688175864503815,0.9819827169760444
74.31896969273272,7.460275427690839,-0.13697208532442584,0.9819708275806769
74.12712217049639,7.4602572324045795,-0.13699028061068574,0.981968432596674
73.93527464826005,7.460425540477098,-0.13682197253816764,0.9819905864191247
73.74260374609995,7.46060489433206,-0.13664261868320526,0.9820141941605673
73.55157960378736,7.460853133053434,-0.136394379961831,0.9820468689840411
73.35890870162726,7.461016243110687,-0.13623126990457823,0.9820683386093196
73.35890870162726,7.461432787671755,-0.13581472534351047,0.982123166961345
73.16706117939091,7.461623189541983,-0.1356243234732819,0.9821482289156782
72.97521365715458,7.461670628129769,-0.1355768848854959,0.9821544730965746
72.78336613491824,7.461814243396946,-0.13543326961831958,0.9821733766885571
72.59151861268191,7.462197646145037,-0.13504986687022846,0.9822238426958096
72.39967109044557,7.462838386374044,-0.13440912664122084,0.9823081811654869
72.20782356820922,7.463425838015266,-0.1338216749999992,0.9823855054385497
72.01597604597288,7.463865128358777,-0.1333823846564881,0.9824433277410031
71.82412852373653,7.464181599961832,-0.13306591305343307,0.9824849838279627
71.82412852373653,7.46414650889313,-0.13310100412213544,0.98248036490925
71.63145762157643,7.464115316335876,-0.13313219667938903,0.9824762591384165
71.4396100993401,7.464361605801526,-0.1328859072137396,0.9825086773879507
71.24776257710376,7.464649483854962,-0.13259802916030328,0.9825465698026631
71.05591505486741,7.465185598396945,-0.13206191461831995,0.9826171367469498
70.86406753263107,7.465693771374044,-0.13155374164122158,0.9826840258375353
70.67222001039474,7.466146708740457,-0.13110080427480852,0.9827436444514658
70.4803724881584,7.466136960229007,-0.13111055278625816,0.9827423612878683
70.28770158599829,7.466327364332059,-0.1309201486832059,0.9827674235361005
70.09585406376195,7.4667900479770974,-0.1304574650381678,0.9828283250197293
70.09585406376195,7.466854382347329,-0.13039313066793667,0.9828367931353358
69.90400654152562,7.466862179370227,-0.13038533364503824,0.9828378194310943
69.71215901928927,7.466915465725189,-0.13033204729007597,0.9828448333338098
69.52031149705293,7.46751526711832,-0.1297322458969452,0.9829237831629556
69.32846397481659,7.468155355362595,-0.12909215765267046,0.9830080358140872
69.13579307265648,7.468645982805342,-0.12860153020992282,0.9830726154453164
68.94394555042015,7.468945558625953,-0.12830195438931202,0.983112047597566
68.7520980281838,7.469380298473281,-0.12786721454198435,0.9831692709335943
68.56025050594747,7.469922914999999,-0.1273245980152664,0.9832406937121452
68.56025050594747,7.470295919484732,-0.1269515935305332,0.9832897910311537
68.36840298371112,7.470645532900763,-0.1266019801145024,0.9833358094628859
68.17655546147479,7.4712641770992345,-0.12598333591603073,0.9834172395067817
67.98470793923845,7.471976401202289,-0.12527111181297634,0.9835109871570766
67.7928604170021,7.472533959790076,-0.12471355322518907,0.9835843767085993
67.600189514842,7.473245531908395,-0.12400198110687022,0.9836780385403483
67.40916537252943,7.473975299312976,-0.1232722137022888,0.9837740953561004
67.21649447036931,7.474421089408397,-0.12282642360686857,0.9838327731989187
67.02464694813298,7.474787596374044,-0.1224599166412208,0.9838810152714614
67.02464694813298,7.474879224790076,-0.1223682882251893,0.9838930760100216
66.83279942589664,7.475380898015266,-0.12186661499999918,0.9839591095602424
66.64095190366031,7.475794845801527,-0.12145266721373815,0.984013596107581
66.44910438142395,7.476261427958014,-0.12098608505725128,0.984075010739089
66.25725685918762,7.477029535190839,-0.12021797782442611,0.9841761140967865
66.06540933695128,7.477552654694656,-0.11969485832060922,0.9842449705481422
65.87273843479117,7.478086172461831,-0.11916134055343441,0.9843151956877418
65.68089091255483,7.478599543454197,-0.11864796956106805,0.9843827689754999
65.4890433903185,7.479175299561068,-0.11807221345419716,0.9844585538049246
65.29719586808216,7.479824486564886,-0.11742302645037928,0.9845440040950074
65.29719586808216,7.4800857225572495,-0.11716179045801578,0.9845783897053111
65.10534834584583,7.480757653110686,-0.11648985990457916,0.9846668336519228
64.90773716414314,7.481598543721373,-0.11564896929389246,0.9847775172395308
64.7158896419068,7.482000791507633,-0.11524672150763227,0.9848304637554329
64.52321873974671,7.482634384465649,-0.11461312854961658,0.9849138614539981
64.33137121751037,7.483007391183205,-0.11424012183206056,0.9849629590669056
64.1403470751978,7.483378448645036,-0.11386906437022937,0.9850118001058733
63.947676173037685,7.483659826946564,-0.11358768606870129,0.985048836980221
63.7566520307251,7.484188794217557,-0.11305871879770812,0.9851184631533959
63.7566520307251,7.485064775896946,-0.11218273711831905,0.9852337656597165
63.563981128565,7.485857578167938,-0.11138993484732751,0.9853381195417815
63.37213360632866,7.486360550896945,-0.11088696211831994,0.9854043241412954
63.18028608409232,7.486756953148854,-0.11049055986641143,0.9854565012292776
62.982674902389654,7.48721638803435,-0.1100311249809156,0.9855169750896736
62.79082738015331,7.487761601335877,-0.10948591167938826,0.9855887396729116
62.598979857916966,7.488624585744273,-0.10862292727099199,0.9857023313924018
62.40713233568063,7.489209438377863,-0.10803807463740256,0.9857793135668784
62.21528481344429,7.489664324999999,-0.10758318801526645,0.9858391887547484
62.21528481344429,7.490074372041984,-0.10717314097328146,0.9858931618603083
62.02343729120794,7.490635181622137,-0.1066123313931282,0.9859669793289629
61.831589768971604,7.491747704255724,-0.10549980875954112,0.98611341692122
61.6389188668115,7.492498265954197,-0.10474924706106847,0.9862122108195611
61.447071344575164,7.493148752461831,-0.10409876055343403,0.986297832158937
61.25522382233883,7.493844080782441,-0.10340343223282389,0.9863893558745219
61.06337630010248,7.494705113702289,-0.10254239931297615,0.9865026907261735
60.871528777866146,7.495312712118319,-0.10193480089694607,0.9865826668510779
60.67885787570604,7.4957396549427475,-0.10150785807251772,0.9866388638913476
60.67885787570604,7.4963628496374035,-0.10088466337786173,0.9867208929016685
60.48783373339347,7.496924958721373,-0.10032255429389192,0.9867948814196162
60.29598621115712,7.497689817194654,-0.0995576958206108,0.9868955571540807
60.10331530899702,7.498705513396945,-0.09854199961832055,0.9870292498106054
59.91146778676068,7.499584094083968,-0.09766341893129749,0.9871448944155123
59.719620264524345,7.500234580591602,-0.09701293242366305,0.9872305157548882
59.52777274228799,7.500836331240457,-0.09641118177480834,0.9873097221579735
59.33592522005166,7.5017805435687,-0.09546696944656485,0.9874340056338805
59.14407769781532,7.502624682938929,-0.09462283007633587,0.9875451168447215
59.14407769781532,7.503010037175571,-0.09423747583969444,0.9875958397198129
58.952230175578975,7.503279070190839,-0.09396844282442629,0.9876312516258758
58.75955927341888,7.504072519980915,-0.09317499303435017,0.9877356907386883
58.567711751182536,7.505207136412213,-0.09204037660305264,0.9878850364628278
58.3758642289462,7.506300814007632,-0.09094669900763286,0.9880289935464355
58.183193326786096,7.507235280057251,-0.09001223295801442,0.9881519941526442
57.986405525007186,7.508067071908396,-0.08918044110686907,0.9882614801013013
57.79455800277085,7.50847711895038,-0.08877039406488496,0.9883154532068611
57.602710480534505,7.508902762270992,-0.08834475074427317,0.9883714791978377
57.602710480534505,7.509789139980914,-0.08745837303435167,0.9884881500985032
57.41086295829817,7.510773643625953,-0.08647386938931234,0.9886177369841948
57.21901543606183,7.511212933969464,-0.08603457904580125,0.9886755592866482
57.027167913825494,7.5114488251717555,-0.08579868784350975,0.9887066088479383
56.83449701166539,7.511890714522901,-0.08535679849236466,0.9887647732489779
56.64264948942904,7.512785541240457,-0.0844619717748083,0.9888825562639479
56.4508019671927,7.513444476755724,-0.08380303625954166,0.9889692897176281
56.258954444956366,7.5139571979961834,-0.0832903150190818,0.9890367774807399
56.067106922720015,7.5146427755725185,-0.08260473744274677,0.9891270177388282
55.87525940048368,7.515538901793892,-0.08170861122137296,0.9892449718030913
55.87525940048368,7.516238126393128,-0.08100938662213686,0.9893370083726567
55.683411878247334,7.516840526793891,-0.08040698622137388,0.9894163003003885
55.49074097608724,7.517549499904578,-0.07969801311068725,0.9895096200335514
55.298893453850894,7.518219481202289,-0.07902803181297635,0.9895978074062233
55.10704593161456,7.518944050591602,-0.07830346242366293,0.9896931800248028
54.91519840937822,7.519781040458015,-0.07746647255725048,0.9898033501706324
54.72335088714188,7.5204718182824415,-0.07677569473282375,0.9898942749197923
54.53150336490554,7.521532354064884,-0.0757151589503815,0.990033869658627
54.339655842669195,7.522990589370227,-0.07425692364503789,0.9902258122408379
54.339655842669195,7.524003684332061,-0.07324382868320445,0.9903591625048774
54.142044660966526,7.524403985095419,-0.07284352791984627,0.9904118527407388
53.94937375880642,7.525046674580152,-0.07220083843511294,0.9904964477843559
53.75834961649385,7.525638026965649,-0.07160948604961614,0.9905742854991971
53.56650209425751,7.526268368931297,-0.07097914408396822,0.9906572552806303
53.37383119209741,7.526874665610685,-0.07037284740458016,0.9907370600623422
53.18198366986106,7.52747706601145,-0.0697704470038154,0.9908163519900743
52.990136147624725,7.527973541221374,-0.0692739717938915,0.9908817013431227
52.79828862538837,7.528478465438931,-0.06876904757633451,0.9909481628104755
52.79828862538837,7.529214730362595,-0.06803278265267032,0.9910450748726931
52.60561772322827,7.5302973599427485,-0.06695015307251673,0.9911875777434103
52.413770200991934,7.5312779650763355,-0.06596954793892973,0.9913166514812222
52.222746058679355,7.532031777767175,-0.06521573524809021,0.9914158732966952
52.03007515651925,7.5327868877290065,-0.06446062528625873,0.9915152658675622
51.838227634282916,7.53361932933206,-0.06362818368320511,0.9916248373408658
51.64638011204658,7.534444623664122,-0.06280288935114342,0.9917334680430574
51.453709209886476,7.5351399497519065,-0.062107563263358756,0.9918249914647431
51.2626850675739,7.535748847671753,-0.061498665343512116,0.9919051386389406
51.0700141654138,7.536264817671754,-0.06098269534351086,0.9919730540252851
51.0700141654138,7.536966641278626,-0.060280871736638986,0.9920654326934368
50.87899002310122,7.537847820973282,-0.05939969204198281,0.99218141939693
50.68714250086487,7.538664666297708,-0.05858284671755687,0.9922889379848169
50.49447159870477,7.539253419675572,-0.05799409333969319,0.9923664336010719
50.302624076468426,7.540093010782442,-0.057154502232823035,0.9924769461393869
50.11077655423209,7.540876714293893,-0.05637079872137196,0.992580102382501
49.918929031995745,7.541514853282442,-0.05573265973282293,0.992664098459693
49.72708150975941,7.542184836812976,-0.05506267620228922,0.9927522861262638
49.534410607599305,7.5429938851145035,-0.054253627900761714,0.9928587784183921
49.534410607599305,7.543841922996181,-0.05340559001908396,0.9929704027771121
49.343386465286734,7.5445573936259525,-0.052690119389312784,0.9930645777567406
49.15153894305039,7.545020077270991,-0.0522274357442738,0.9931254792403696
48.95969142081405,7.545372939446564,-0.05187457356870162,0.9931719252953346
48.76702051865395,7.545679662538167,-0.051567850477098,0.9932122982186964
48.575172996417606,7.546315852270991,-0.0509316607442738,0.9932960377219486
48.38332547418126,7.54716974015267,-0.05007777286259518,0.993408432096387
48.191477951944925,7.547860517977098,-0.04938699503816757,0.993499356845547
47.999630429708574,7.548127599503816,-0.04911991351144884,0.9935345118837712
47.999630429708574,7.548581836374045,-0.048665676641220124,0.9935943015469947
47.80778290747224,7.549304456507632,-0.04794305650763331,0.9936894175916344
47.6159353852359,7.550082310019082,-0.0471652029961831,0.9937918038190303
47.4232644830758,7.550970639217556,-0.046276873797709506,0.9939087315875348
47.23141696083946,7.551951894103052,-0.04529561891221334,0.9940378908499934
47.039569438603124,7.552854517843511,-0.0443929951717541,0.9941567001607224
46.84689853644302,7.553688908702288,-0.04355860431297742,0.9942665282079655
46.65505101420668,7.554251017786258,-0.042996495229007614,0.9943405167259132
46.46320349197034,7.554715650687022,-0.04253186232824291,0.9944016747834818
46.27217934965776,7.555091908396946,-0.04215560461831913,0.9944512003135214
46.27217934965776,7.55513999673664,-0.04210751627862486,0.9944575300190643
46.07950844749765,7.555464265362594,-0.041783247652671385,0.9945002124017823
45.887660925261315,7.556364290095417,-0.04088322291984792,0.9946186796139248
45.69581340302498,7.557418326125952,-0.03982918688931303,0.994757418812395
45.503965880788634,7.5584080277862595,-0.03883948522900571,0.9948876898952591
45.3121183585523,7.559027323969464,-0.038220189045801156,0.9949692057577005
45.119447456392194,7.559486109103052,-0.03776140391221361,0.9950295940934499
44.92842331407961,7.559797380458015,-0.03745013255725027,0.9950705656893378
44.73657579184327,7.560228221793893,-0.037019291221372264,0.9951272758774868
44.73657579184327,7.560856614503816,-0.036390898511449166,0.9952099890849804
44.544728269606935,7.561513600763358,-0.03573391225190736,0.9952964659647209
44.35205736744683,7.562144592480915,-0.03510292053435027,0.9953795212708005
44.15526956566792,7.562257664942747,-0.03498984807251837,0.9953944046165963
43.962598663507826,7.562553992003817,-0.03469352101144807,0.9954334091456133
43.77157452119524,7.562999779866412,-0.03424773314885332,0.9954920866945323
43.57890361903514,7.563821823206105,-0.033425689809160275,0.9956002894795916
43.3870560967988,7.56477188553435,-0.03247562748091504,0.995725342971217
43.19520857456246,7.565237170419845,-0.03201034259542013,0.995786586847331
43.19520857456246,7.565642669198472,-0.03160484381679307,0.9958399612803651
43.002537672402354,7.56617358572519,-0.031073927290075076,0.9959098440274796
42.81069015016602,7.566658365400762,-0.03058914761450282,0.9959736539368897
42.61966600785344,7.567814425877862,-0.029433087137403113,0.996125822268265
42.427818485617095,7.568665062767174,-0.028582450248091362,0.9962377887255713
42.235147583457,7.568765137958014,-0.028482375057251375,0.9962509612845367
42.043300061220656,7.569388980171754,-0.027858532843510808,0.9963330755256052
41.85062915906055,7.570306552671755,-0.026940960343510234,0.9964538524910034
41.659605016747975,7.572187180305343,-0.025060332709922584,0.9967013931470589
41.659605016747975,7.572530945954197,-0.024716567061068062,0.9967466418569719
41.46775749451163,7.572399028454198,-0.024848484561067252,0.9967292780025269
41.275909972275294,7.572645315687021,-0.024602197328244202,0.9967616959581616
41.08406245003896,7.572818824007633,-0.02442868900763262,0.9967845342716842
40.89221492780261,7.573115798587785,-0.02413171442748041,0.9968236240314483
40.69954402564251,7.573996328530534,-0.023251184484731624,0.996939525210295
40.50769650340617,7.574767034770991,-0.022480478244274238,0.9970409706665787
40.31584898116983,7.575060762824426,-0.022186750190838822,0.9970796330970092
40.12400145893349,7.575300552538167,-0.021946960477098543,0.9971111958061785
39.93215393669715,7.575795078492365,-0.021452434522900354,0.9971762885852871
39.93215393669715,7.57639097914122,-0.020856533874045624,0.9972547249726542
39.740306414460804,7.577018072347327,-0.020229440667938192,0.9973372671308547
39.54845889222447,7.5773169984160305,-0.019930514599234783,0.9973766137584579
39.35661136998813,7.577792029580152,-0.019455483435113052,0.9974391405042704
39.16394046782803,7.578380782958014,-0.018866730057251146,0.9975166361205253
38.97209294559168,7.578685556793893,-0.018561956221372355,0.9975567524699475
38.780245423355346,7.579229470591601,-0.018018042423664227,0.997628346003892
38.58839790111901,7.579913098912213,-0.017334414103052254,0.9977183296880409
38.396550378882665,7.580458961965648,-0.016788551049617517,0.9977901797959253
38.396550378882665,7.580766984561068,-0.01648052845419734,0.9978307237685802
38.20470285664632,7.581009373282442,-0.016238139732823065,0.9978626285763358
38.01285533440998,7.581580581125953,-0.015666931889311897,0.9979378147332344
37.82100781217364,7.581908748263357,-0.015338764751907874,0.9979810102638317
37.62339663047098,7.582262909942747,-0.014984603072518254,0.9980276273680899
37.43072572831087,7.5829400407442735,-0.014307472270991717,0.998116755805773
37.23970158599829,7.583401424885495,-0.013846088129770173,0.9981774862401087
37.04703068383819,7.5840525633778615,-0.013194949637403752,0.9982631933980302
36.85518316160185,7.584688753110687,-0.012558759904578665,0.9983469329012825
36.85518316160185,7.585038366526717,-0.012209146488547873,0.9983929513330148
36.66251225944175,7.585200174847328,-0.012047338167937127,0.998414249615101
36.47148811712917,7.5853957769656475,-0.011851736049617756,0.9984399960605056
36.27881721496907,7.585729144351144,-0.011518368664121148,0.9984838760821747
36.082029413190156,7.58619637625954,-0.01105113675572511,0.9985453762383294
35.88935851103005,7.586907948377861,-0.010339564637404486,0.9986390380700785
35.698334368717475,7.587509049274807,-0.009738463740458059,0.9987181589485172
35.50648684648114,7.587813823110687,-0.00943368990457838,0.9987582752979396
35.313815944321036,7.588229717919845,-0.009017795095420666,0.9988130181253182
35.313815944321036,7.588574780839694,-0.008672732175571518,0.9988584375906255
35.1219684220847,7.588646914465647,-0.008600598549618255,0.9988679322958895
34.93012089984835,7.587742339236641,-0.009505173778624254,0.998748866117322
34.73827337761201,7.58818812933206,-0.009059383683204913,0.9988075439601402
34.546425855375674,7.589390326660303,-0.007857186354962131,0.9989657851292193
34.35457833313934,7.590172083148854,-0.007075429866411298,0.999068685092293
34.16273081090299,7.590736141488549,-0.006511371526716658,0.9991429301841803
33.970883288666656,7.591346338912212,-0.005901174103053464,0.9992232484076708
33.779035766430304,7.591640064732823,-0.00560744828244264,0.9992619105442022
33.779035766430304,7.591690102328243,-0.005557410687022646,0.9992684968236849
33.58636486427021,7.592250911908395,-0.00499660110687028,0.9993423142923394
33.394517342033865,7.592727892328242,-0.0045196206870228295,0.9994050976120917
33.20266981979753,7.5929390907251895,-0.004308422290075775,0.9994328969429133
33.01082229756119,7.59349470005725,-0.003752812958015106,0.9995060299204961
32.81815139540109,7.594033415839694,-0.0032140971755714176,0.9995769392572684
32.6271272530885,7.594472706183205,-0.002774806832060328,0.9996347615597219
32.435279730852166,7.594500000229006,-0.0027475127862590654,0.9996383541826758
32.24260882869206,7.5944902517175565,-0.002757261297708702,0.9996370710190783
32.050761306455726,7.594724843416029,-0.0025226695992364156,0.999667949531075
32.050761306455726,7.595155684751907,-0.0020918282633584084,0.999724659719224
31.858913784219386,7.595639164923663,-0.001608348091601819,0.9997882985793413
31.667066261983045,7.595817869026717,-0.0014296439885486123,0.9998118207961371
31.47521873974671,7.595907548187021,-0.0013399648282446108,0.9998236249607573
31.28337121751036,7.596271456145038,-0.000976056870227282,0.9998715249347142
31.09152369527402,7.596645762366411,-0.000601750648853816,0.9999207935969148
30.899676173037683,7.596964832977098,-0.0002826800381674488,0.9999627917824603
30.707828650801343,7.597101298740458,-0.00014621427480765448,0.9999807543094316
30.515981128565006,7.596818618702288,-0.00042889431297687963,0.9999435460918915
30.515981128565006,7.596901148358778,-0.00034636465648762993,0.9999544091915007
30.317546566938574,7.596970030992366,-0.00027748202289945567,0.9999634759796329
30.125699044702227,7.596999274293893,-0.0002482387213724735,0.9999673251765264
29.93385152246589,7.596828367213741,-0.0004191458015245786,0.9999448292554893
29.74200400022955,7.596956383969465,-0.0002911290458005311,0.9999616796681559
29.550156477993212,7.596936889179388,-0.0003106238358769886,0.9999591136348599
29.358308955756872,7.59566190847328,-0.0015856045419848641,0.9997912922358698
29.166461433520524,7.59627405515267,-0.0009734578625950618,0.9998718670333002
28.974613911284184,7.597315096145037,6.758312977162007e-05,1.000008895738839
28.974613911284184,7.597791426812976,0.0005439137977107933,1.0000715935339448
28.781943009124085,7.598185877576335,0.0009383645610698821,1.0001235137540883
28.590918866811506,7.598557584790075,0.0013100717748093516,1.0001724403177026
28.398247964651407,7.598732390381679,0.0014848773664137838,1.0001954493866192
28.206400442415067,7.598658309732824,0.0014107967175585046,1.0001856984013147
28.01455292017873,7.598835064580151,0.0015875515648859917,1.0002089640441707
27.82270539794238,7.59898972562977,0.0017422126145048011,1.0002293215551448
27.63003449578228,7.599492050839694,0.002244537824428683,1.0002954409239113
27.4390103534697,7.599676604942747,0.0024290919274818634,1.0003197331564255
27.246339451309602,7.59981501996183,0.0025675069465647127,1.0003379522573361
27.246339451309602,7.600015820095418,0.0027683070801529652,1.0003643828999136
27.05449192907326,7.599935889446564,0.0026883764312986003,1.0003538618988908
26.862644406836925,7.600202323454197,0.0029548104389318652,1.0003889317063672
26.670796884600573,7.60026925683206,0.00302174381679432,1.0003977419205596
26.478949362364236,7.600434313912213,0.0031868008969473394,1.0004194678258789
26.287101840127896,7.600311495171755,0.0030639821564895087,1.0004033016103846
26.09525431789156,7.6002510615458005,0.003003548530535305,1.000395346936557
25.902583415731456,7.600451209694655,0.0032036966793898003,1.0004216917605884
25.71073589349512,7.600622768759541,0.0033752557442756626,1.0004442735001713
25.71073589349512,7.600737138492365,0.0034896254770995228,1.0004593276013611
25.51888837125878,7.6007416867557245,0.003494173740459239,1.0004599262738871
25.32704084902243,7.6004375649045794,0.003190051889314205,1.0004198957430108
25.130253047243528,7.600495399522899,0.003247886507633524,1.0004275083182521
24.937582145083425,7.600488902003815,0.003241388988549865,1.0004266530717865
24.74573462284709,7.6003771290458,0.003129616030534521,1.0004119407752838
24.553887100610748,7.600801472862595,0.0035539598473297573,1.0004677957169674
24.3620395783744,7.601101698435114,0.0038541854198488323,1.0005073133938636
24.169368676214297,7.601824316335877,0.004576803320611944,1.000602429144604
24.169368676214297,7.602170680992366,0.004923167977100462,1.0006480199531036
23.978344533901723,7.601878904427479,0.004631391412213581,1.0006096143905117
23.78567363174162,7.601663807519083,0.004416294503817753,1.000581301911811
23.593826109505283,7.601871754923662,0.004624241908397053,1.0006086733255004
23.401978587268943,7.602739287595419,0.00549177458015393,1.000722863717517
23.210131065032595,7.60356068341603,0.006313170400765067,1.000830981271829
23.018283542796254,7.603354035515267,0.006106522500001432,1.0008037809074326
22.826436020559917,7.602995323339694,0.005747810324428393,1.0007565648367494
22.634588498323577,7.602479353339694,0.005231840324428916,1.000688649450405
22.634588498323577,7.602235665114503,0.004988152099238086,1.0006565735933564
22.44274097608724,7.602328590801525,0.005081077786259769,1.0006688050873103
22.250070073927137,7.6026060705916025,0.005358557576337297,1.0007053288137786
22.059045931614552,7.602617768358778,0.005370255343512653,1.0007068685513159
21.861434749911886,7.602439064255725,0.005191551240459447,1.00068334633452
21.66958722767555,7.602683402232823,0.005435889217557666,1.000715507716215
21.47773970543921,7.603151935877862,0.0059044228625966255,1.0007771792155622
21.280128523736533,7.603508046812977,0.006260533797711965,1.0008240528937602
21.088281001500196,7.603675055381679,0.006427542366413519,1.0008460356669178
21.088281001500196,7.603597723740457,0.006350210725191374,1.000835856764481
20.895610099340093,7.60326500610687,0.00601749309160482,1.0007920622674589
20.702939197179994,7.602934239961831,0.005686726946565912,1.000748524638275
20.511091674943653,7.602529390935112,0.005281877919847133,1.0006952357298875
20.31430387316475,7.602409171202289,0.005161658187024187,1.0006794116129798
20.122456350928402,7.6023701816221365,0.005122668606871272,1.0006742795463877
19.930608828692062,7.602570329770991,0.005322816755725768,1.0007006243704193
19.738761306455725,7.602764632385495,0.005517119370229473,1.0007261997665309
19.546913784219385,7.60287055534351,0.005623042328244843,1.0007401420473154
19.546913784219385,7.603018069122137,0.005770556106871716,1.0007595587871774
19.354242882059285,7.602956333759542,0.005708820744276366,1.0007514327701574
19.162395359822945,7.603154534885496,0.005907021870230622,1.0007775213141485
18.970547837586597,7.603383926335877,0.0061364133206121,1.0008077153350736
18.778700315350257,7.603328040973281,0.0060805279580158356,1.0008003593337718
18.58685279311392,7.603217569751907,0.005970056736641638,1.0007858183804614
18.39500527087758,7.6029485367366405,0.005701023721375265,1.0007504064743986
18.203157748641242,7.602908245419847,0.005660732404582092,1.0007451030646144
18.01048684648114,7.602897199637404,0.0056496866221387165,1.0007436491456227
18.01048684648114,7.602653509179388,0.005405996164122406,1.000711572994675
17.819462704168554,7.602351984103052,0.005104471087786777,1.0006718842684856
17.627615181932214,7.601995873167938,0.004748360152672326,1.0006250105902879
17.434944279772115,7.601873054427481,0.004625541412215384,1.0006088443747938
17.243096757535774,7.602142087442747,0.004894574427481757,1.0006442562808566
17.050425855375675,7.60219147528626,0.004943962270994362,1.0006507570356928
16.858578333139334,7.602192125038167,0.004944612022901751,1.0006508425603393
16.66755419082676,7.6021225926526705,0.0048750796374053,1.0006416902475606
16.474883288666646,7.602008220687022,0.0047607076717568475,1.0006266358524718
16.28303576643031,7.6019516855725175,0.004704172557252306,1.0006191943265232
16.28303576643031,7.6020797023282425,0.004832189312977242,1.00063604473919
16.09201162411773,7.602082953320609,0.0048354403053441075,1.000636472656322
15.899340721957632,7.602134940171754,0.004887427156488933,1.0006433155097443
15.707493199721293,7.602342887576334,0.0050953745610691215,1.0006706869234339
15.515645677484954,7.602622316622137,0.005374803606871481,1.0007074672238419
15.322974775324854,7.6024228182251905,0.005175305209925263,1.0006812079244567
15.131950633012266,7.601987426393129,0.004739913377863836,1.0006238987698826
14.940103110775928,7.601835364351143,0.004587851335878135,1.0006038833574948
14.747432208615827,7.6018724046755715,0.0046248916603062185,1.000608758850147
14.747432208615827,7.601765182213739,0.004517669198473406,1.0005946455200694
14.555584686379488,7.6017703802290075,0.004522867213742288,1.000595329717242
14.36373716414315,7.602032915725189,0.004785402709924114,1.0006298863768393
14.1718896419068,7.602059557786259,0.0048120447709933956,1.0006333931812474
13.980042119670461,7.601919193511449,0.004671680496183939,1.000614917506397
13.788194597434122,7.601654708759542,0.004407195744276393,1.0005801042728601
13.596347075197784,7.601529940763357,0.004282427748091955,1.0005636814834262
13.404499552961445,7.6018197680725175,0.004572255057252228,1.000601830472078
13.211828650801344,7.6018262678244275,0.004578754809162255,1.000602686012443
13.211828650801344,7.601732040400764,0.004484527385498538,1.0005902831752969
13.01504084902243,7.601737238416029,0.0044897254007638665,1.000590967372469
12.82236994686233,7.6016917513167925,0.004444238301527292,1.0005849800594115
12.625582145083426,7.601329790381677,0.004082277366411979,1.0005373363654952
12.432911242923325,7.601092599675571,0.0038450866603056966,1.0005061157549124
12.241063720686986,7.601006171507633,0.0037586584923676725,1.000494739507424
12.049216198450637,7.6008989490458,0.0036514360305348603,1.0004806261773465
11.857368676214298,7.6008768552480905,0.0036293422328252944,1.0004777180454643
11.66552115397796,7.600992524484732,0.003745011469466597,1.000492943195947
11.66552115397796,7.601212169656487,0.003964656641222142,1.0005218543471737
11.47367363174162,7.600911946316793,0.0036644333015276587,1.0004823369641769
11.28100272958152,7.600786526335877,0.0035390133206121277,1.0004658283561974
11.084214927802607,7.600685801393128,0.0034382883778629747,1.0004525702725853
10.892367405566269,7.600605870744273,0.0033583577290077216,1.0004420492715624
10.70051988332993,7.600374530038167,0.0031270170229014127,1.0004115986766977
10.508672361093591,7.600104197519083,0.002856684503817597,1.0003760157213417
10.316824838857253,7.600148387347327,0.0029008743320613206,1.0003818322790052
10.12415393669715,7.600359583511451,0.0031120704961855594,1.0004096313159279
10.12415393669715,7.600439514160304,0.003192001145039036,1.0004201523169505
9.932306414460811,7.600371281278625,0.0031237682633600272,1.0004111710534649
9.740458892224463,7.600019718606868,0.002772205591602628,1.0003648960477927
9.548611369988125,7.599770180381679,0.0025226673664136,1.0003320501750261
9.356763847751786,7.599726642538167,0.0024791295229018573,1.0003263194359082
9.164916325515447,7.599651260152672,0.00240374713740632,1.0003163971074114
8.972245423355346,7.599364031851144,0.0021165188358791553,1.0002785902173457
8.78122128104276,7.599323742767174,0.002076229751908798,1.0002732871014604
8.588550378882658,7.59936208259542,0.002114569580154324,1.000278333643406
8.39670285664632,7.599378978377862,0.002131465362596785,1.0002805575781157
8.39670285664632,7.599354935324425,0.0021074223091597233,1.0002773928722934
8.20485533440998,7.599339988797707,0.0020924757824420936,1.0002754255115234
8.013007812173642,7.599414719198471,0.00216720618320565,1.0002852620214746
7.82033691001354,7.599150236679389,0.0019027236641235845,1.0002504490818371
7.6284893877772015,7.598643363206106,0.001395850190840875,1.0001837310405446
7.436641865540863,7.598590726603053,0.0013432135877877727,1.0001768026624758
7.245617723228277,7.5987284918702285,0.001480978854963233,1.00019493623874
7.053770200991938,7.598726542614503,0.0014790295992375135,1.0001946796648002
6.861099298831837,7.5986368656870225,0.0013893526717572158,1.000182875794079
6.861099298831837,7.59851404471374,0.0012665316984747932,1.0001667092846858
6.669251776595498,7.5983093460687,0.0010618330534351017,1.0001397654942288
6.471640594892833,7.5985049481870215,0.0012574351717562493,1.0001655119396338
6.279793072656483,7.598538739751908,0.0012912267366429475,1.0001699598090534
6.0879455504201445,7.598511445706105,0.0012639326908399084,1.0001663671860992
5.896098028183806,7.598623218664121,0.0013757056488561403,1.000181079482602
5.704250505947467,7.598606972633587,0.0013594596183219565,1.0001789410725388
5.511579603787366,7.5984341162977085,0.0011866032824432438,1.0001561885775618
5.319732081551027,7.598250861698473,0.0010033486832075056,1.000132067394341
5.319732081551027,7.598226166660305,0.0009786536450393513,1.0001288168699733
5.12870793923844,7.598285952767174,0.0010384397519089816,1.0001366863130534
4.9368604170021015,7.59822746616412,0.0009799531488550173,1.0001289879192663
4.744189514842001,7.597883052996182,0.0006355399809168105,1.0000836539786058
4.552341992605662,7.59779792433206,0.0005504113167944524,1.0000724487804105
4.360494470369323,7.597936339351143,0.0006888263358781899,1.0000906678813213
4.168646948132984,7.598021468015267,0.0007739550000014361,1.0001018730795166
3.9759760459728732,7.597980529179389,0.0007330161641236899,1.000096484438985
3.7849519036602968,7.597894750763359,0.0006472377480939429,1.0000851937161432
3.7849519036602968,7.597946087862595,0.0006985748473296027,1.0000919510449189
3.586517342033869,7.598254110458013,0.0010065974427480029,1.0001324950175736
3.3946698197975302,7.598290501030534,0.0010429880152686977,1.0001372849855796
3.2036456774849538,7.598059810076335,0.0008122970610697777,1.0001069199153612
3.010974775324853,7.597748536488549,0.0005010234732836238,1.0000659480255745
2.819127253088504,7.5976062229580155,0.00035870994275022383,1.0000472157767843
2.627279730852165,7.597573081145037,0.0003255681297718027,1.0000428534320114
2.4354322086158264,7.597597124198472,0.00034961118320708806,1.0000460181378332
2.2435846863794877,7.597560083874044,0.00031257085877900437,1.0000411426451807
2.0509137842193863,7.5976478115458,0.00040029853053447084,1.0000526899419624
2.0509137842193863,7.597727092442748,0.00047957942748233506,1.0000631254183387
1.8598896419067998,7.597754384255724,0.0005068712404590059,1.0000667177473934
1.6680421196704611,7.597655610801526,0.0004080977862610524,1.0000537165316203
1.4761945974341224,7.597435315877862,0.00018780286259634238,1.000024719855747
1.2835236952740212,7.597393725057251,0.00014621204198572713,1.0000192453966696
1.0916761730376825,7.597304697881679,5.718486641370646e-05,1.000007527050595
0.8998286508013438,7.597061009656486,-0.0001865033587789,0.9999754511935461
0.7071577486412426,7.5971116970038155,-0.00013581601144974087,0.9999821229976755
0.5153102264048935,7.597335890438929,8.837742366374357e-05,1.0000116328214281
0.5153102264048935,7.597085702461831,-0.0001618105534344494,0.9999787014240148
0.32346270416855477,7.596824468702288,-0.0004230443129769057,0.9999443161076097
0.13243856185597852,7.597023967099235,-0.00022354591602979923,0.9999705754069949
-0.05940896038036018,7.597247513015265,0.0,1.0
-0.25207986254046133,7.597412570095419,0.00016505708015390752,1.0000217259053192
-0.44475076470056246,7.5976400145228995,0.0003925015076342575,1.0000516636462038
-0.6357749070131491,7.597714095171755,0.0004665821564895367,1.0000614146315083
-0.8276224292494878,7.597671207080151,0.000423694064886071,1.0000557694170369
-1.020293331409589,7.597794675572517,0.0005471625572521788,1.0000720211571776
-1.020293331409589,7.597924641583968,0.0006771285687028339,1.000089128143784
-1.2121408536459277,7.59779792433206,0.0005504113167944524,1.0000724487804105
-1.4039883758822664,7.597550987347327,0.00030347433206134866,1.000039945300129
-1.5950125181948427,7.597361232996183,0.00011371998091735946,1.0000149685765434
-1.7926236998975185,7.597408671583969,0.00016115856870335676,1.0000212127574397
-1.9852946020576197,7.597341738206105,9.42251908400138e-05,1.0000124025432473
-2.1771421242939586,7.5971877269083965,-5.9786106868742195e-05,0.9999921305569199
-2.3689896465302973,7.597101298740458,-0.00014621427480765448,0.9999807543094316
-2.560837168766636,7.596988226278624,-0.00025928673664132873,0.9999658709636355
-2.560837168766636,7.5969778302480915,-0.00026968276717376227,0.9999645025692908
-2.7526846910029743,7.5972975483778615,5.0035362596290156e-05,1.0000065859855836
-2.9445322132393237,7.597289751354961,4.223833969607682e-05,1.000005559689825
-3.1363797354756624,7.596992127022898,-0.00025538599236707427,0.999966384405414
-3.328227257712001,7.59682771746183,-0.0004197955534355202,0.9999447437308425
-3.52007477994834,7.596901798110686,-0.00034571490457935283,0.9999544947161473
-3.712745682108441,7.59707205543893,-0.00017545757633552483,0.9999769051125378
-3.9045932043447795,7.597516543797708,0.00026903078244266965,1.0000354116121637
-4.096440726581129,7.597714095171755,0.0004665821564895367,1.0000614146315083
-4.28911162874123,7.597680953358776,0.0004334403435111156,1.0000570522867351
-4.28911162874123,7.597987676450381,0.0007401634351156261,1.0000974252100971
-4.480135771053806,7.59797402942748,0.0007265164122145507,1.0000956288986202
-4.672806673213907,7.597919443568702,0.0006719305534366171,1.0000884439466116
-4.863830815526484,7.597708897156487,0.0004613841412215436,1.0000607304343356
-5.056501717686585,7.597567231145037,0.0003197181297718288,1.000042083416293
-5.248349239922934,7.597866806965648,0.0006192939503826267,1.0000815155685427
-5.440196762159273,7.598053310324426,0.0008057973091606385,1.0001060643749964
-5.6320442843956116,7.598050061564883,0.0008025485496174767,1.0001056367517633
-5.82389180663195,7.597964283148855,0.000716770133589506,1.0000943460289218
-5.82389180663195,7.597996125458014,0.0007486124427487084,1.0000985373244016
-6.015739328868289,7.598211869885495,0.0009643568702299987,1.0001269350338498
-6.207586851104628,7.598327541354961,0.0010800283396958932,1.000142160478232
-6.399434373340976,7.598506897442747,0.0012593844274819688,1.0001657685135734
-6.591281895577315,7.598299599790076,0.0010520867748109453,1.0001384826245305
-6.783952797737416,7.598059158091602,0.0008116450763369087,1.0001068340968156
-6.976623699897518,7.597840814656487,0.0005933016412216219,1.000078094288781
-7.167647842210093,7.5980416125572505,0.0007940995419852825,1.0001045246374591
-7.365259023912759,7.598090350648854,0.0008428376335887222,1.0001109398676487
-7.365259023912759,7.598015620248091,0.0007681072328260541,1.0001011033576976
-7.557106546149108,7.598088401393128,0.0008408883778630027,1.000110683293709
-7.748954068385447,7.598202773358777,0.0009552603435114548,1.0001257376887978
-7.940801590621786,7.598035764790076,0.0007882517748107887,1.0001037549156402
-8.132649112858124,7.598031216526716,0.0007837035114510726,1.0001031562431142
-8.324496635094462,7.598120243702289,0.0008727306870239815,1.0001148745891888
-8.522107816797138,7.598202773358777,0.0009552603435114548,1.0001257376887978
-8.713955339033477,7.598306097309159,0.0010585842938937162,1.000139337870996
-8.905802861269816,7.598256059713739,0.0010085466984737224,1.0001327515915133
-8.905802861269816,7.598277503759541,0.0010299907442758993,1.0001355741987492
-9.104237422896244,7.598321043835877,0.0010735308206113459,1.000141305231766
-9.29526156520882,7.598615419408396,0.001367906393130447,1.000180052892944
-9.487932467368921,7.598896150190838,0.0016486371755730644,1.0002170045365442
-9.67977998960526,7.598851960362593,0.0016044473473275644,1.0002111879788804
-9.871627511841599,7.598717443854961,0.0014699308396961541,1.0001934820258491
-10.063475034077937,7.5988467623473275,0.0015992493320622359,1.0002105037817082
-10.255322556314297,7.599111894618318,0.0018643816030525784,1.0002454022459921
-10.447993458474398,7.599239913606869,0.0019924005916038823,1.0002622529525582
-10.447993458474398,7.599696099732824,0.002448586717558321,1.0003222991897214
-10.639017600786975,7.599792926164121,0.002545413148856035,1.000335044125454
-10.831688502947076,7.599509596374043,0.0022620833587776445,1.0002977503832675
-11.022712645259652,7.599304897729007,0.0020573847137415058,1.000270806592811
-11.215383547419753,7.599384176393128,0.0021366633778630018,1.000281241775288
-11.407231069656092,7.599210020553434,0.001962507538168623,1.000258318231018
-11.599901971816193,7.598926692996183,0.001679179980917489,1.000221024782731
-11.796689773595107,7.5989539848091585,0.0017064717938932716,1.0002246171117855
-11.988537295831446,7.598949436545801,0.001701923530535332,1.0002240184392597
-11.988537295831446,7.599065757767176,0.0018182447519103917,1.0002393294082883
-12.180384818067784,7.599188576507633,0.0019410634923673342,1.0002554956237824
-12.373055720227885,7.599448510763358,0.002200997748092348,1.0002897098908943
-12.564079862540462,7.599492700591601,0.002245187576336072,1.0002955264485578
-12.756750764700563,7.599336090286259,0.0020885772709933192,1.0002749123636443
-12.94777490701314,7.59926135765267,0.002013844637405171,1.000265075559794
-13.146209468639578,7.59903586471374,0.0017883516984751324,1.0002353946867482
-13.337233610952154,7.5990540599999985,0.0018065469847332594,1.0002377896707508
-13.529081133188493,7.599224317328242,0.0019768043129770874,1.0002602000671414
-13.529081133188493,7.599413419694655,0.002165906679389984,1.0002850909721817
-13.720928655424832,7.5996304658587785,0.0023829528435133085,1.0003136600248224
-13.913599557584932,7.599738338072518,0.0024908250572526214,1.0003278588795463
-14.105447079821271,7.600017769351144,0.0027702563358786847,1.0003646394738532
-14.29729460205761,7.600036614389312,0.002789101374046865,1.0003671199825026
-14.494905783760284,7.600195823702289,0.002948310687023614,1.0003880761660027
-14.691693585539198,7.600420019370227,0.0031725063549616905,1.0004175862836542
-14.8843644876993,7.600462907461831,0.0032153944465660445,1.0004232314981258
-15.076212009935638,7.600444062423663,0.003196549408397864,1.0004207509894762
-15.076212009935638,7.599947587213739,0.0027000741984739562,1.000355401636428
-15.268059532171977,7.599838413263358,0.002590900248092609,1.0003410314385117
-15.465670713874653,7.6002107702290065,0.002963257213741244,1.0003900435267727
-15.657518236110992,7.600319944179389,0.003072431164123479,1.000404413724689
-15.84936575834733,7.600243262290076,0.0029957492748104997,1.000394320346899
-16.04121328058367,7.599963833244273,0.00271632022900814,1.0003575400464912
-16.233884182743772,7.599870255572517,0.0026227425572518115,1.0003452227339913
-16.424908325056347,7.59991574490458,0.002668231889314754,1.0003512103409482
-16.61757922721645,7.600360233263358,0.0031127202480929483,1.0004097168405741
-16.61757922721645,7.6007455875,0.0034980744847343814,1.0004604397156656
-16.809426749452786,7.600770280305341,0.0035227672900761675,1.0004636899461339
-17.001274271689127,7.600824866164121,0.0035773531488558774,1.0004708748981428
-17.193121793925464,7.601241412958014,0.003993899942749124,1.0005257035440673
-17.384969316161804,7.6016280666984715,0.004380553683206223,1.0005765974684517
-17.57681683839814,7.60161896793893,0.004371454923664864,1.0005753998295008
-17.7686643606345,7.601717093874044,0.004469580858779132,1.0005883158145266
-17.961335262794602,7.601602721908396,0.00435520889313068,1.0005732614194378
-18.152359405107177,7.601392175496181,0.004144662480915606,1.0005455479071619
-18.152359405107177,7.601377228969464,0.004129715954198865,1.0005435805463918
-18.34503030726728,7.601392175496181,0.004144662480915606,1.0005455479071619
-18.536877829503617,7.601484451431297,0.004236938416031677,1.0005576938764695
-18.728725351739957,7.601813270553435,0.004565757538169457,1.0006009752256126
-18.908222175119878,7.602397473435113,0.005149960419847943,1.0006778718754423
-18.908222175119878,7.602547586221372,0.005300073206107037,1.0006976307138904
-18.908222175119878,7.602511195648854,0.005263682633589006,1.0006928407458848
-18.908222175119878,7.602641811412212,0.00539429839694705,1.0007100332571377
-18.908222175119878,7.602559283988548,0.0053117709732823926,1.0006991704514276
-18.908222175119878,7.602476104580151,0.005228591564885754,1.000688221827172
-18.908222175119878,7.602470906564885,0.005223393549619537,1.0006875376299997
-18.908222175119878,7.6023142940267165,0.0050667810114513046,1.000666923251187
-18.908222175119878,7.60239877293893,0.005151259923664497,1.0006780429247355
