Angle (degree),rho (mOhm cm),Delta rho (mOhm cm),rho/rho(theta=0)
105.2441517857143,8.966090430858777,-0.12042917398854946,0.9867463914429564
105.2441517857143,8.966085880362595,-0.120433724484732,0.98674589064657
105.2441517857143,8.96614761572519,-0.12037198912213753,0.9867526848169762
105.2441517857143,8.965908475763358,-0.12061112908396865,0.9867263667136505
105.08070535714286,8.965802552805343,-0.12071705204198402,0.9867147095596882
105.08070535714286,8.966149564980915,-0.12037003986641182,0.9867528993386864
104.90785714285714,8.966401702213739,-0.1201179026335879,0.986780647832476
104.738625,8.966326971812975,-0.12019263303435146,0.9867724235173352
104.57011607142857,8.966164511507632,-0.12035509333969507,0.9867545442508604
104.40160714285715,8.966004652442747,-0.1205149524045801,0.9867369512590618
104.23309821428572,8.966026096488548,-0.12049350835877881,0.9867393112436031
104.06386607142858,8.965807101068702,-0.12071250377862519,0.9867152101103452
103.89101785714286,8.965491279217556,-0.12102832562977106,0.9866804529244391
103.72178571428572,8.965397703778626,-0.12112190106870102,0.986670154653704
103.72178571428572,8.965355463206105,-0.12116414164122169,0.9866655059461287
103.54893750000001,8.965212499923663,-0.12130710492366426,0.9866497723882144
103.38042857142857,8.96490512708015,-0.12161447776717615,0.986615945042115
103.21191964285714,8.964708875209922,-0.12181072963740469,0.9865943469078718
103.04341071428571,8.96456591192748,-0.12195369291984726,0.9865786133499576
102.87490178571429,8.964270236851144,-0.12224936799618291,0.9865460733798486
102.70566964285715,8.964098677786259,-0.12242092706106789,0.9865271927663304
102.53209821428572,8.964026546393129,-0.12249305845419833,0.9865192544801364
102.36358928571428,8.963906326660304,-0.12261327818702306,0.9865060239212368
102.36358928571428,8.96376401312977,-0.12275559171755646,0.9864903618705593
102.19508035714286,8.963449490782441,-0.12307011406488577,0.9864557476991265
102.02657142857143,8.963235693377863,-0.12328391146946416,0.9864322186237625
101.8580625,8.96327078667939,-0.1232488181679372,0.9864360807517337
101.68955357142858,8.963355265591602,-0.1231643392557249,0.9864453779211546
101.52104464285715,8.963354615839695,-0.12316498900763229,0.986445306413918
101.35181250000001,8.963347466335875,-0.12317213851145148,0.9864445195885845
101.1840267857143,8.963458589541982,-0.12306101530534441,0.9864567490461699
101.01479464285715,8.963468335820608,-0.12305126902671937,0.9864578216547207
101.01479464285715,8.963401402442747,-0.12311820240458005,0.9864504554264208
100.84628571428573,8.96329223072519,-0.12322737412213769,0.9864384407362748
100.6777767857143,8.963216198587785,-0.1233034062595415,0.9864300731609313
100.50926785714287,8.963090131087785,-0.12342947375954161,0.9864161990369011
100.34075892857142,8.962907526240457,-0.12361207860686996,0.9863961028003585
100.17224999999999,8.962778209980915,-0.12374139486641234,0.9863818711401448
100.00374107142856,8.962648891488548,-0.12387071335877842,0.9863676392342017
99.83450892857142,8.962329171125953,-0.12419043372137395,0.9863324530048752
99.666,8.962245991717557,-0.1242736131297697,0.9863232988499278
99.666,8.96228368179389,-0.12423592305343689,0.9863274467611162
99.49749107142857,8.962349965419847,-0.12416963942748005,0.9863347414821798
99.32898214285714,8.962409751526716,-0.12410985332061131,0.9863413211308758
99.16047321428572,8.962395454751908,-0.12412415009541888,0.9863397477259387
98.99196428571429,8.962258339236639,-0.12426126561068784,0.9863246577331546
98.82345535714286,8.962191405858777,-0.1243281989885503,0.9863172915048546
98.65494642857144,8.96205429034351,-0.12446531450381748,0.9863022015120707
98.48643750000001,8.9618593379771,-0.12466026687022769,0.9862807463923012
98.31792857142857,8.96157406116412,-0.1249455436832072,0.9862493507837089
98.14869642857143,8.961246541545801,-0.12527306330152577,0.9862133062218127
98.14869642857143,8.961208201717557,-0.12531140312976952,0.9862090868033873
97.9801875,8.961254990553433,-0.12526461429389357,0.9862142360616193
97.81167857142857,8.961340119217555,-0.1251794856297721,0.986223604738277
97.64316964285715,8.961277084351142,-0.1252425204961849,0.9862166675533972
97.46959821428572,8.960907976145036,-0.12561162870229126,0.9861760460368916
97.29602678571429,8.960815700209922,-0.12570390463740466,0.98616589078063
97.12751785714286,8.960907326393126,-0.12561227845420042,0.9861759745296548
96.95828571428572,8.961039893645037,-0.1254797112022903,0.9861905639717817
96.79050000000001,8.960925521679387,-0.12559408316793963,0.9861779769780126
96.79050000000001,8.960800103931296,-0.12571950091603057,0.9861641743612193
96.62126785714287,8.960881983835877,-0.1256376210114496,0.9861731855016934
96.45275892857143,8.961175059904578,-0.12534454494274883,0.9862054394428553
96.28497321428571,8.961300477652669,-0.1252191271946579,0.9862192420596486
96.11574107142857,8.961518823320608,-0.1250007815267189,0.9862432716856698
95.94723214285715,8.961831396412212,-0.1246882084351153,0.9862776713353925
95.77872321428572,8.961897680038167,-0.12462192480916023,0.9862849660564559
95.61021428571429,8.961853490209922,-0.12466611463740485,0.9862801028271705
95.44170535714287,8.96178655683206,-0.1247330480152673,0.9862727365988704
95.44170535714287,8.961653989580151,-0.12486561526717566,0.9862581471567436
95.27319642857144,8.961530521087786,-0.12498908375954088,0.9862445590616605
95.10468750000001,8.961307627156486,-0.12521197769084047,0.9862200288849821
94.93545535714286,8.961138669332062,-0.12538093551526508,0.9862014345461403
94.76694642857143,8.961218599980917,-0.12530100486640983,0.9862102311649042
94.59771428571429,8.961312825171754,-0.12520677967557248,0.986220600942876
94.4255892857143,8.961081484465648,-0.12543812038167879,0.9861951411721203
94.25201785714286,8.9610100005916,-0.12550960425572733,0.9861872741474335
94.0827857142857,8.96116076312977,-0.1253588417175564,0.9862038660379182
94.0827857142857,8.961491531507633,-0.1250280733396938,0.9862402681359983
93.9092142857143,8.961646842309158,-0.12487276253816937,0.9862573605771395
93.74142857142857,8.961452539694656,-0.1250670651526704,0.9862359769646069
93.56785714285715,8.961083433721372,-0.12543617112595484,0.9861953556938303
93.39934821428572,8.960847542519083,-0.12567206232824368,0.9861693951266883
93.2308392857143,8.960958013740457,-0.12556159110686949,0.9861815528313077
93.06160714285716,8.96095281572519,-0.12556678912213748,0.9861809807734139
92.89309821428573,8.961041842900762,-0.12547776194656457,0.986190778493492
92.72458928571427,8.961294629885494,-0.12522497496183327,0.9862185984945182
92.72458928571427,8.961221198988548,-0.1252984058587785,0.986210517193851
92.55608035714285,8.961061987442745,-0.1254576174045816,0.9861929954635597
92.38250892857144,8.96102429736641,-0.1254953074809162,0.986188847552371
92.21400000000001,8.961055489923663,-0.12546411492366438,0.9861922803911924
92.04549107142856,8.960800753683205,-0.1257188511641214,0.9861642458684561
91.87698214285713,8.960742269312977,-0.1257773355343499,0.9861578094799628
91.7084732142857,8.960827397977097,-0.1256922068702302,0.9861671781566202
91.53924107142856,8.961197153702289,-0.12532245114503837,0.9862078709346334
91.37000892857142,8.961447341679389,-0.1250722631679384,0.9862354049067129
91.37000892857142,8.96129592938931,-0.12522367545801671,0.9862187415089916
91.20222321428571,8.961191305935113,-0.12532829891221375,0.9862072273695028
91.03371428571428,8.961284883606869,-0.1252347212404583,0.9862175258859673
90.86520535714286,8.961207551965646,-0.12531205288168046,0.9862090152961502
90.69597321428571,8.96094891721374,-0.12557068763358714,0.9861805517299935
90.5281875,8.961040543396944,-0.1254790614503829,0.9861906354790183
90.35967857142857,8.961147116106869,-0.12537248874045837,0.9862023641402174
90.19116964285715,8.961033396125954,-0.12548620872137306,0.9861898488994146
90.0219375,8.96111072553435,-0.1254088793129764,0.9861983592435023
90.0219375,8.961253691049617,-0.12526591379771013,0.9862140930471459
89.85342857142857,8.961107476774808,-0.12541212807251867,0.9861980017073186
89.68491964285714,8.960903427881679,-0.1256161769656483,0.9861755454862348
89.51641071428571,8.960594105782441,-0.12592549906488593,0.9861415036184251
89.34645535714286,8.96049013208015,-0.12602947276717735,0.9861300609861728
89.17939285714286,8.9605908570229,-0.12592874782442642,0.9861411460822417
89.01088392857143,8.960637643625953,-0.12588196122137418,0.9861462950947445
88.842375,8.960625298339693,-0.1258943065076341,0.9861449364572467
88.67386607142858,8.960705226755724,-0.12581437809160256,0.9861537328302813
88.67386607142858,8.960904077633588,-0.12561552721373914,0.9861756169934716
88.50463392857144,8.961245242041983,-0.1252743628053441,0.9862131632073391
88.33178571428572,8.961657888091601,-0.124861716755726,0.986258576200164
88.16255357142857,8.962042592576333,-0.12447701227099373,0.9863009141360802
87.99404464285715,8.96232592236641,-0.12419368248091622,0.9863320954686915
87.82553571428572,8.962473436145036,-0.12404616870229113,0.9863483298229921
87.6570267857143,8.962237544942747,-0.12428205990457997,0.9863223692558502
87.48851785714287,8.962061437614501,-0.12445816723282555,0.9863029880916746
87.32000892857144,8.96200945076336,-0.1245101540839677,0.9862972667755489
87.32000892857144,8.961836594427481,-0.12468301041984553,0.9862782433932865
87.15150000000001,8.961587705954198,-0.12493189889312895,0.9862508524356804
86.98299107142856,8.9614830825,-0.12503652234732776,0.9862393382961915
86.81375892857145,8.961567561412211,-0.12495204343511546,0.9862486354656124
86.64524999999999,8.961956164408395,-0.12456344043893175,0.9862914024449492
86.47674107142856,8.962218050152671,-0.12430155469465554,0.9863202237930191
86.30823214285714,8.962281732538166,-0.12423787230916084,0.9863272322394061
86.13972321428571,8.962279133530533,-0.12424047131679394,0.9863269462104592
85.97049107142857,8.962306427576333,-0.12421317727099357,0.9863299500058603
85.80198214285714,8.962520872499999,-0.12399873234732794,0.986353550342732
85.80198214285714,8.962730121641219,-0.12378948320610839,0.9863765788674388
85.63347321428571,8.962894528969466,-0.12362507587786098,0.9863946724098949
85.46496428571429,8.962829547080151,-0.12369005776717579,0.986387520949034
85.29645535714286,8.962287582538167,-0.12423202230915997,0.9863278760502661
85.12794642857143,8.962446142099235,-0.1240734627480915,0.9863453260275912
84.9594375,8.962800953530532,-0.12371865131679449,0.9863843741391594
84.78586607142857,8.963331220305342,-0.12318838454198477,0.9864427316619371
84.61229464285714,8.963647042156486,-0.12287256269084068,0.986477488847843
84.61229464285714,8.963490431851142,-0.12302917299618521,0.986460253392228
84.44378571428571,8.963385156412214,-0.12313444843511334,0.9864486674997734
84.27527678571428,8.96353202043893,-0.12298758440839741,0.9864648303468373
84.10676785714286,8.963683432729006,-0.12283617211832087,0.9864814937445584
83.93825892857143,8.963759462633586,-0.12276014221374076,0.9864898610741727
83.76975,8.964407352366411,-0.12211225248091573,0.9865611633726324
83.60124107142857,8.964793354122135,-0.12172625072519239,0.9866036440772927
83.43200892857143,8.9647615140458,-0.12175809080152611,0.986600139976964
83.26350000000001,8.964706276202287,-0.12181332864503958,0.9865940608789248
83.09499107142858,8.964775158835876,-0.1217444460114514,0.9866016416289352
83.09499107142858,8.964996753263357,-0.12152285158397014,0.98662602879114
82.92648214285715,8.965034445572517,-0.12148515927481007,0.9866301769480581
82.75291071428572,8.96504614110687,-0.12147346374045753,0.9866314640783193
82.58440178571429,8.965198203148853,-0.12132140169847361,0.986648198983277
82.41589285714286,8.965551715076334,-0.12096788977099315,0.9866871040803719
82.24738392857142,8.966000101946564,-0.12051950290076263,0.9867364504626756
82.078875,8.966403651469465,-0.12011595337786218,0.9867808623541863
81.91036607142857,8.966383506927482,-0.12013609791984514,0.9867786453841186
81.74113392857143,8.966449140801526,-0.12007046404580102,0.986785868597945
81.74113392857143,8.966631745648852,-0.11988785919847444,0.9868059648344875
81.572625,8.966974859312975,-0.1195447455343519,0.9868437255700655
81.40411607142858,8.967234143816793,-0.11928546103053428,0.9868722606434591
81.23560714285715,8.96728158240458,-0.1192380224427474,0.9868774814089282
81.06275892857143,8.967257539351143,-0.11926206549618357,0.9868748353954399
80.89352678571429,8.967368660324427,-0.1191509445229002,0.9868870646072961
80.72501785714286,8.967587655744273,-0.11893194910305382,0.9869111657405539
80.55650892857143,8.967681233416029,-0.11883837143129838,0.9869214642570184
80.388,8.96770722572519,-0.11881237912213649,0.986924324792217
80.388,8.96775206530534,-0.11876753954198627,0.9869292595287388
80.21804464285714,8.9680009515458,-0.11851865330152656,0.9869566502406156
80.05025892857142,8.96830442587786,-0.1182151789694661,0.9869900485432945
79.88247321428572,8.96841489933206,-0.11810470551526642,0.9870022064936435
79.71324107142857,8.96874891423664,-0.11777069061068701,0.9870389658821778
79.54473214285714,8.969006251717556,-0.1175133531297714,0.9870672866795904
79.37622321428572,8.968973759656487,-0.11754584519083977,0.9870637108262955
79.20771428571429,8.968893179255726,-0.11762642559160064,0.9870548427002952
79.03848214285715,8.968925021564885,-0.11759458328244143,0.9870583470463533
79.03848214285715,8.96877685803435,-0.11774274681297747,0.9870420411848155
78.87069642857143,8.968793104064885,-0.1177265007824424,0.9870438291114632
78.7014642857143,8.969025746507631,-0.11749385833969583,0.9870694321424215
78.53367857142857,8.969170659045801,-0.11734894580152577,0.9870853802220463
78.36444642857143,8.969331819847328,-0.11718778499999871,0.9871031164740476
78.1959375,8.969769810687023,-0.11674979416030418,0.9871513187405635
78.02742857142857,8.970379358358779,-0.11614024648854837,0.9872184013748684
77.85891964285715,8.970773809122136,-0.11574579572519106,0.9872618119193355
77.69041071428572,8.970947315209925,-0.11557228963740229,0.9872809068088348
77.52190178571429,8.97079070490458,-0.11572889994274682,0.9872636713532198
77.52190178571429,8.970553514198471,-0.11596609064885577,0.987237567771604
77.35339285714286,8.971027245858778,-0.11549235898854882,0.9872897034275986
77.18416071428572,8.971476282480916,-0.1150433223664109,0.9873391213171389
77.0113125,8.971760911774807,-0.1147586930725204,0.9873704456642232
76.84280357142858,8.971815497633587,-0.1147041072137398,0.9873764530092964
76.67357142857144,8.971888281011447,-0.11463132383588004,0.9873844630484561
76.5043392857143,8.972083231145037,-0.11443637370228998,0.9874059179224967
76.33655357142858,8.972148215267175,-0.11437138958015147,0.9874130696290867
76.16804464285714,8.972224245171756,-0.11429535967557136,0.987421436958701
76.16804464285714,8.972315873587785,-0.11420373125954164,0.9874315209534552
75.99447321428572,8.972603101889312,-0.11391650295801448,0.9874631313294868
75.82596428571429,8.973154812709923,-0.11336479213740347,0.9875238488368058
75.65745535714287,8.973462835305343,-0.11305676954198418,0.9875577476901417
75.48894642857144,8.973494027862595,-0.11302557698473237,0.9875611805289632
75.3204375,8.973955412003814,-0.1125641928435126,0.9876119573017303
75.15192857142857,8.97443564341603,-0.1120839614312974,0.9876648082758216
74.98269642857143,8.974863885744274,-0.11165571910305339,0.9877119376880572
74.8141875,8.975311622862595,-0.11120798198473203,0.9877612125631241
74.8141875,8.975584554389311,-0.110935050458016,0.9877912495342182
74.64567857142856,8.975708025114502,-0.1108115797328253,0.9878048378750307
74.47716964285713,8.975781456011449,-0.11073814883587829,0.9878129191756981
74.30866071428571,8.975893228969463,-0.11062637587786384,0.9878252201405202
74.13942857142857,8.976064785801524,-0.11045481904580257,0.9878441005083092
73.97164285714285,8.97609337711832,-0.11042622772900756,0.9878472470724545
73.80241071428571,8.976172008263358,-0.11034759658396887,0.9878559006767451
73.63390178571429,8.976435843263356,-0.11008376158397049,0.987884936546525
73.46539285714286,8.976843941049617,-0.10967566379770943,0.987929848988693
73.46539285714286,8.977189003969464,-0.10933060087786295,0.987967824245981
73.29182142857142,8.977634142080152,-0.1088854627671747,0.988016813092101
73.1233125,8.978086429694654,-0.10843317515267259,0.9880665887635539
72.95480357142857,8.978244989255723,-0.10827461559160412,0.988084038740879
72.78557142857143,8.978091627709922,-0.1084279771374046,0.9880671608214479
72.61272321428571,8.978040940362591,-0.10847866448473553,0.9880615825197949
72.44421428571428,8.978481530209924,-0.10803807463740256,0.9881100708152583
72.27570535714285,8.979107323912212,-0.10741228093511523,0.9881789413762102
72.10719642857143,8.979490728893127,-0.10702887595419952,0.9882211362976531
72.10719642857143,8.979479680877862,-0.10703992396946482,0.9882199204288996
71.9386875,8.979677232251909,-0.10684237259541796,0.9882416615776164
71.77017857142857,8.980131469122135,-0.1063881357251919,0.9882916517707795
71.60166964285715,8.980333566526715,-0.10618603832061169,0.9883138932244239
71.43316071428572,8.980623393835875,-0.10589621101145141,0.9883457896294022
71.26392857142858,8.981282329351144,-0.105237275496183,0.9884183075508864
71.09541964285715,8.981733317461831,-0.10478628738549567,0.9884679402078662
70.9261875,8.982062784103052,-0.10445682074427509,0.9885041990457434
70.75840178571428,8.982401349503816,-0.10411825534351138,0.9885414592306643
70.75840178571428,8.982605398396947,-0.10391420645037996,0.9885639154517484
70.58989285714286,8.982894575954196,-0.10362502889313063,0.9885957403494897
70.42138392857143,8.98337935562977,-0.1031402492175566,0.9886490918742381
70.252875,8.983785504160304,-0.10273410068702304,0.9886937897946957
70.08364285714286,8.98404478866412,-0.1024748161832072,0.9887223248680891
69.91513392857144,8.984053887423663,-0.10246571742366406,0.9887233262151328
69.74662500000001,8.98406688246183,-0.10245272238549674,0.9887247563598672
69.57811607142858,8.98437035679389,-0.10214924805343628,0.9887581546625461
69.40960714285715,8.984784304580153,-0.10173530026717437,0.9888037109155741
69.24037500000001,8.984976005954199,-0.10154359889312836,0.9888248082534309
69.24037500000001,8.985137166755726,-0.1013824380916013,0.9888425445054323
69.07114285714286,8.985725917900762,-0.10079368694656488,0.988907338416703
68.90408035714286,8.986442690267175,-0.10007691458015167,0.988986221465173
68.73557142857142,8.987002847862595,-0.09951675698473217,0.9890478685665693
68.56633928571428,8.987392750362595,-0.09912685448473191,0.9890907785603795
68.39783035714285,8.987399250114501,-0.09912035473282543,0.989091493878476
68.22932142857142,8.98749087629771,-0.09902872854961764,0.9891015776275012
68.0608125,8.987783302614503,-0.09873630223282426,0.9891337600614264
67.88724107142858,8.98820179866412,-0.09831780618320707,0.989179816865111
67.88724107142858,8.988229092709924,-0.09829051213740314,0.9891828206605124
67.71873214285714,8.988305772366411,-0.09821383248091564,0.9891912594973633
67.5495,8.988459133912212,-0.09806047093511516,0.9892081374167945
67.38099107142857,8.988932865572517,-0.09758673927480999,0.989260273072789
67.21320535714285,8.989412447232823,-0.09710715761450395,0.9893130525396434
67.04397321428571,8.98979000221374,-0.09672960263358732,0.9893546036502264
66.87546428571429,8.98999405110687,-0.09652555374045768,0.9893770598713104
66.70695535714286,8.990272830400762,-0.09624677444656449,0.9894077404075351
66.53772321428572,8.990541863416029,-0.09597774143129811,0.9894373483352088
66.53772321428572,8.990625692576335,-0.09589391227099142,0.9894465739973933
66.3699375,8.990896025095418,-0.0956235797519085,0.9894763249395404
66.19636607142857,8.991279430076334,-0.09524017477099278,0.9895185198609834
66.02785714285714,8.991620594484733,-0.09489901036259418,0.9895560660748512
65.85934821428572,8.991998149465648,-0.09452145538167933,0.9895976171854342
65.69083928571429,8.992335415362595,-0.09418418948473217,0.9896347343558816
65.52160714285715,8.992567405820608,-0.09395219902671847,0.9896602656338739
65.35382142857144,8.992952110305342,-0.09356749454198443,0.9897026035697905
65.18458928571428,8.99185128543893,-0.09466831940839704,0.9895814543383701
65.18458928571428,8.990934364923662,-0.09558523992366474,0.9894805443579658
65.01608035714285,8.99231851958015,-0.09420108526717641,0.9896328749219973
64.84757142857143,8.99389307610687,-0.09262652874045685,0.9898061598094122
64.6790625,8.995051085839695,-0.09146851900763231,0.9899336024148523
64.51055357142857,8.99556835534351,-0.09095124950381717,0.9899905295471659
64.34132142857143,8.995739262423662,-0.09078034242366506,0.9900093384077181
64.17353571428572,8.996062881297707,-0.09045672354961987,0.9900449536804647
64.00430357142858,8.996242887137404,-0.09027671770992285,0.9900647638880608
63.836517857142866,8.99665878417939,-0.08986082066793699,0.9901105346627987
63.836517857142866,8.99690247240458,-0.08961713244274705,0.9901373533167815
63.66728571428572,8.997140312862594,-0.08937929198473249,0.9901635284056338
63.49877678571429,8.997556209904578,-0.08896339494274841,0.9902092991803716
63.330267857142864,8.997847336717555,-0.08867226812977158,0.9902413385998234
63.16175892857143,8.998267132270989,-0.08825247257633784,0.9902875384179814
62.99325,8.998668080553433,-0.0878515242938942,0.9903316640348161
62.824741071428576,8.998885126717557,-0.08763447812976999,0.990355550646364
62.65550892857142,8.998555008091602,-0.08796459675572521,0.9903192200555205
62.486999999999995,8.994889925038166,-0.09162967980916115,0.9899158661628508
62.31849107142857,8.995540413778626,-0.09097919106870123,0.9899874544902575
62.31849107142857,8.998085177175572,-0.08843442767175524,0.9902675136886758
62.14998214285714,9.000030788931296,-0.08648881591603086,0.990481634368577
61.981473214285714,9.00136295673664,-0.08515664811068646,0.9906282436164823
61.81296428571429,9.002085576870227,-0.08443402797709965,0.9907077702300827
61.64445535714286,9.002220740896947,-0.08429886395038011,0.9907226454554272
61.47522321428572,9.002384500706103,-0.0841351041412235,0.990740667736375
61.30671428571429,9.002455332595417,-0.0840642722519096,0.9907484630080956
61.13820535714286,9.002821841793892,-0.08369776305343457,0.9907887984956545
60.96969642857143,9.003489224083967,-0.08303038076335945,0.9908622460112158
60.96969642857143,9.003917468645035,-0.08260213620229173,0.9909093756691807
60.801187500000005,9.004094223492366,-0.08242538135496069,0.9909288280948637
60.63267857142857,9.004419141870226,-0.08210046297710072,0.9909645863820837
60.464169642857144,9.004896772041983,-0.0816228328053441,0.9910171510814987
60.294937499999996,9.005195698110684,-0.08132390673664247,0.9910500488335204
60.12715178571429,9.00531981635496,-0.08119978849236631,0.9910637084358406
59.95864285714286,9.005458231374044,-0.08106137347328257,0.9910789414430978
59.789410714285715,9.00568827480916,-0.08083133003816734,0.9911042584451095
59.62090178571429,9.005496573435114,-0.08102303141221334,0.9910831611072527
59.62090178571429,9.00598135087786,-0.08053825396946657,0.9911365123862714
59.45166964285715,9.006807294961831,-0.07971230988549571,0.9912274101248875
59.283883928571434,9.007413593874045,-0.07910601097328218,0.9912941352230086
59.11537500000001,9.008076427900761,-0.07844317694656588,0.9913670821879128
58.94541964285714,9.008587199885495,-0.07793240496183174,0.9914232942478595
58.773294642857145,9.008867278683203,-0.07765232616412376,0.9914541177985574
58.60478571428572,9.00916035698473,-0.07735924786259751,0.9914863719854488
58.43121428571428,9.009769902423661,-0.07674970242366541,0.9915534543740243
58.262705357142856,9.010543859656487,-0.07597574519084027,0.9916386307965143
58.262705357142856,9.011025388339693,-0.075494216507634,0.9916916245393494
58.093473214285716,9.011511467519082,-0.07500813732824518,0.991745119078571
57.9256875,9.012024838511447,-0.0744947663358797,0.9918016171674643
57.75211607142858,9.01247842562977,-0.07404117921755748,0.991851535853391
57.58360714285714,9.01281114326336,-0.07370846158396738,0.9918881524731816
57.41509821428571,9.012920964732821,-0.0735986401145059,0.9919002386705639
57.24586607142857,9.012991796622135,-0.073527808225192,0.9919080339422844
57.077357142857146,9.013195195763357,-0.07332440908396975,0.9919304186561316
56.90884821428572,9.013669577175571,-0.07285002767175541,0.9919826258193629
56.90884821428572,9.014173201889312,-0.07234640295801498,0.9920380512997055
56.73961607142858,9.014684623625952,-0.07183498122137522,0.9920943348668886
56.57110714285715,9.01521618990458,-0.07130341494274717,0.9921528354041398
56.40332142857143,9.015740608912212,-0.07077899593511461,0.9922105493617868
56.234812500000004,9.016166254465647,-0.07035335038168,0.9922573929908048
56.06630357142858,9.01648532284351,-0.07003428200381734,0.9922925074671652
55.89779464285715,9.016998046316791,-0.06952155853053554,0.9923489342945512
55.7285625,9.017319715935113,-0.06919988891221429,0.9923843350455879
55.560053571428575,9.017668027614503,-0.06885157723282376,0.9924226678390597
55.39154464285714,9.017934461622138,-0.06858514322518872,0.9924519897377868
55.39154464285714,9.018048183835877,-0.06847142101145032,0.992464505224319
55.223035714285714,9.018115114980917,-0.06840448986640979,0.99247187120689
55.05452678571429,9.018329562137405,-0.06819004270992224,0.9924954717894907
54.88601785714286,9.018748058187022,-0.06777154666030505,0.9925415285931753
54.71678571428572,9.019173051755724,-0.06734655309160331,0.9925883004692274
54.54827678571429,9.01941089221374,-0.06710871263358698,0.9926144755580798
54.37976785714286,9.019918415438928,-0.06660118940839865,0.9926703300818424
54.21125892857143,9.020637134828243,-0.06588247001908343,0.9927494274062935
54.042750000000005,9.021144008301524,-0.0653755965458025,0.9928052104228194
54.042750000000005,9.021597595419845,-0.06492200942748205,0.9928551291087461
53.87424107142858,9.021929011316793,-0.06459059353053398,0.9928916024683337
53.70573214285715,9.0225833985687,-0.06393620627862617,0.9929636198391606
53.537223214285724,9.023102617328242,-0.06341698751908531,0.9930207614931844
53.36871428571428,9.023616640305343,-0.06290296454198341,0.9930773313350442
53.200205357142856,9.02403903486641,-0.062480569980916556,0.9931238171821491
53.030973214285716,9.024287271354961,-0.06223233349236601,0.9931511363867891
52.861741071428575,9.024318463912213,-0.062201140935114196,0.9931545692256106
52.69395535714286,9.024406191583967,-0.06211341326335962,0.9931642239312152
52.69395535714286,9.024779848053434,-0.06173975679389265,0.993205345998378
52.525446428571435,9.025321162843511,-0.061198442003815856,0.9932649193899094
52.3569375,9.025888472175572,-0.06063113267175524,0.9933273535623682
52.18770535714285,9.026339458053434,-0.060180146793893385,0.9933769859736186
52.01991964285715,9.027132910076334,-0.059386694770992676,0.9934643078589395
51.8506875,9.028330561374045,-0.058189043473282354,0.993596113143008
51.68217857142857,9.02845467961832,-0.05806492522900619,0.993609772745328
51.513669642857145,9.028404642022899,-0.05811496282442796,0.993604265950912
51.34009821428571,9.028554754809159,-0.05796485003816798,0.9936207863341597
51.17158928571428,9.02880754179389,-0.05771206305343668,0.9936486063351859
51.17158928571428,9.029027836717555,-0.05749176812977197,0.9936728504829173
50.95968750000001,9.02921693908397,-0.0573026657633573,0.9936936617918275
50.76225000000001,9.02932741030534,-0.05719219454198665,0.9937058194964465
50.59374107142857,9.029580847041982,-0.05693875780534441,0.9937337110047096
50.42523214285714,9.030044182671755,-0.056475422175571666,0.9937847025449168
50.42523214285714,9.030373649312978,-0.05614595553434931,0.9938209613827942
50.256,9.03081553866412,-0.05570406618320689,0.9938695926927301
50.08749107142857,9.031213890171752,-0.055305714675574436,0.993913432526347
49.91970535714286,9.031497867480917,-0.055021737366409695,0.993944685120466
49.75047321428572,9.031960553358777,-0.05455905148854967,0.9939956051534358
49.58196428571429,9.03263313366412,-0.05388647118320655,0.994069624726891
49.41345535714286,9.033084121774808,-0.05343548307251922,0.9941192573838707
49.24494642857143,9.033447379980913,-0.05307222486641372,0.9941592350895164
49.075714285714284,9.033800891908395,-0.05271871293893149,0.9941981401866113
49.075714285714284,9.034303217118318,-0.052216387729009384,0.9942534226524803
48.90792857142858,9.034757451755725,-0.051762153091601704,0.9943034125999146
48.73797321428572,9.035071974103051,-0.05144763074427594,0.9943380267713471
48.5701875,9.035059626583967,-0.051459978263359574,0.9943366678881199
48.40167857142857,9.03519869135496,-0.05132091349236667,0.994351972402614
48.23316964285714,9.035539208244272,-0.05098039660305531,0.9943894473549741
48.064660714285715,9.035901816698473,-0.05061778814885365,0.9944293535533836
47.89615178571429,9.036292368950381,-0.050227235896946,0.9944723350544303
47.72764285714286,9.036709563263356,-0.04981004158397084,0.9945182485979122
47.72764285714286,9.037170949637403,-0.04934865520992382,0.9945690256164089
47.55841071428572,9.037803890610686,-0.048715714236641006,0.9946386827569653
47.390625,9.038062525362593,-0.04845707948473432,0.9946671463231219
47.22139285714286,9.038321160114501,-0.04819844473282586,0.9946956098892789
47.05288392857143,9.03873640740458,-0.047783197442747394,0.9947413091567803
46.88003571428572,9.039164649732824,-0.04735495511450338,0.9947884385690159
46.71080357142858,9.039227034847327,-0.047292569999999756,0.9947953042466589
46.54157142857144,9.039682571221373,-0.046837033625953595,0.9948454374542958
46.37378571428572,9.040333707480913,-0.04618589736641354,0.9949170970432095
46.37378571428572,9.04082498467557,-0.04569462017175674,0.9949711636403249
46.20527678571429,9.040971198950382,-0.045548405896944644,0.9949872549801525
46.03170535714286,9.040531908606868,-0.045987696240459286,0.9949389096991629
45.86247321428572,9.039954852996182,-0.04656475185114495,0.9948754029181531
45.69468750000001,9.03803783255725,-0.04848177229007611,0.9946644288023972
45.526178571428574,9.037898765553434,-0.048620839293892715,0.994649124042174
45.35766964285715,9.039410939198472,-0.04710866564885485,0.994815543497675
45.18916071428572,9.041233082461831,-0.04528652238549569,0.9950160760824929
45.01992857142857,9.042957751774809,-0.04356185307251792,0.9952058813531554
45.01992857142857,9.044396492290074,-0.04212311255725254,0.9953642192622595
44.851419642857145,9.045221134637403,-0.04129847020992372,0.9954549737406727
44.68291071428572,9.045153551507633,-0.041366053339693565,0.995447536005136
44.514401785714284,9.043841530477097,-0.042678074370229524,0.9953031439730277
44.345169642857144,9.041720461145038,-0.044799143702288546,0.9950697136361881
44.17666071428572,9.042369648148854,-0.04414995669847244,0.9951411587033918
44.008875,9.04377654635496,-0.04274305849236626,0.9952959922664378
43.840366071428576,9.04501448673664,-0.04150511811068647,0.995432231490642
43.671133928571436,9.045965848568702,-0.040553756278624675,0.9955369318460513
43.50262500000001,9.046281020667937,-0.04023858417938975,0.9955716175247205
43.50262500000001,9.046666372671757,-0.03985323217557024,0.9956140267221445
43.333392857142854,9.04701793534351,-0.03950166950381728,0.9956527172975289
43.16488392857143,9.047068622690839,-0.039450982156488124,0.9956582955991816
42.997098214285714,9.047119959790074,-0.03939964505725335,0.9956639454080708
42.82858928571429,9.047108262022899,-0.03941134282442782,0.9956626580320804
42.66008035714286,9.047366899007633,-0.03915270583969388,0.9956911218439668
42.491571428571426,9.047842579923664,-0.038677024923662984,0.9957434720216715
42.322339285714285,9.048423534045801,-0.03809607080152588,0.9958074078461017
42.15383035714286,9.048804987538167,-0.03771461730915959,0.9958493880001051
42.15383035714286,9.049187742767176,-0.03733186208015127,0.9958915114143113
41.98532142857143,9.049246227137402,-0.03727337770992456,0.9958979478028044
41.81608928571429,9.049633530629768,-0.036886074217559184,0.9959405717676676
41.64830357142858,9.050358749770991,-0.03616085507633571,0.9960203844102152
41.47979464285715,9.051033281564884,-0.035486323282443166,0.9960946187511099
41.31128571428572,9.051317261106869,-0.035202343740458275,0.9961258715909578
41.13771428571429,9.051644778492365,-0.03487482635496164,0.996161915907125
40.96920535714286,9.052267970954198,-0.03425163389312935,0.9962305001934011
40.79997321428572,9.052678669980914,-0.033840934866413264,0.996275698910245
40.79997321428572,9.052642929160303,-0.033876675687023905,0.9962717655207664
40.63218750000001,9.053011385381676,-0.03350821946565041,0.9963123152843059
40.46295535714287,9.053361648549618,-0.03315795629770868,0.9963508628452175
40.29372321428571,9.053393490858777,-0.03312611398854948,0.9963543671912756
40.120875000000005,9.053250527576335,-0.03326907727099204,0.9963386336333612
39.95236607142858,9.053639778091602,-0.03287982675572465,0.9963814718742053
39.78385714285715,9.054041378358777,-0.03247822648854992,0.9964256692440058
39.615348214285724,9.054209036679387,-0.03231056816794009,0.9964441205683743
39.44683928571428,9.054646377767176,-0.03187322708015117,0.9964922513276537
39.44683928571428,9.055098663148856,-0.03142094169847098,0.9965420267533777
39.278330357142856,9.055498314160305,-0.031021290687021974,0.9965860096014679
39.10982142857143,9.05583558005725,-0.03068402479007659,0.9966231267719152
38.94058928571429,9.055987642099236,-0.03053196274809089,0.9966398616768731
38.76774107142858,9.056051326717556,-0.03046827812977071,0.9966468703689896
38.59850892857143,9.05626967015267,-0.0302499346946572,0.9966708997492814
38.43072321428571,9.056654374637404,-0.029865230209923155,0.9967132376851978
38.26149107142857,9.057454973931296,-0.02906463091603051,0.9968013461501227
38.092982142857146,9.058444677824427,-0.028074927022899487,0.9969102661696869
38.092982142857146,9.058802088263358,-0.02771751658396937,0.9969496003102021
37.92447321428572,9.058683168034351,-0.027836436812975762,0.996936512765776
37.75524107142858,9.058575943339694,-0.027943661507633166,0.9969247123516108
37.58745535714286,9.058652625229007,-0.027866979618320187,0.9969331514341911
37.41822321428571,9.058961947328243,-0.027557657519084344,0.9969671933020006
37.24971428571428,9.059260873396946,-0.027258731450380935,0.9970000910540225
37.081205357142856,9.059609185076335,-0.026910419770992178,0.9970384238474942
36.91269642857143,9.060142053091601,-0.026377551755725648,0.997097067644948
36.742741071428576,9.060187540190837,-0.026332064656489962,0.9971020736429773
36.575678571428575,9.058878118167938,-0.02764148667938926,0.9969579676398163
36.575678571428575,9.058904112709923,-0.027615492137403663,0.9969608284207441
36.40716964285714,9.058419982786258,-0.02809962206106853,0.9969075484032326
36.2379375,9.055153900992366,-0.03136570385496107,0.9965481058514166
36.069428571428574,9.056440577232822,-0.030079027614505094,0.9966897086098335
35.90164285714286,9.058916457996181,-0.02760314685114551,0.9969621870582417
35.73241071428572,9.060726905725188,-0.025792699122138885,0.9971614325127984
35.56390178571429,9.061737403912213,-0.024782200935113963,0.9972726410096674
35.39539285714286,9.062412585458015,-0.024107019389312256,0.9973469468577989
35.22688392857143,9.062759597633587,-0.023760007213740053,0.9973851366367971
35.22688392857143,9.062942852232823,-0.023576752614504315,0.9974053043805764
35.058375000000005,9.063063721717555,-0.023455883129772204,0.9974186064467127
34.88986607142858,9.063232029790075,-0.02328757505725143,0.9974371292783182
34.72063392857143,9.063514709828242,-0.02300489501908487,0.9974682391036924
34.55140178571429,9.063697962194656,-0.02282164265267106,0.9974884066017425
34.38361607142857,9.064181442366412,-0.022338162480915358,0.9975416151120173
34.21510714285714,9.064587590896945,-0.0219320139503818,0.9975863130324748
34.046598214285716,9.06468376534351,-0.021835839503816956,0.997596897332157
33.87808928571429,9.064813733587787,-0.021705871259539933,0.997611200745337
33.87808928571429,9.064919006793893,-0.02160059805343373,0.9976227863920625
33.70885714285715,9.065306310286257,-0.02121329456107013,0.9976654103569255
33.54034821428572,9.065609784618319,-0.02090982022900789,0.9976988086596046
33.371839285714294,9.06590936043893,-0.020610244408397094,0.9977317779188632
33.19899107142857,9.065706611049617,-0.020812993797710178,0.9977094647122527
33.030482142857146,9.065436278530532,-0.02108332631679488,0.9976797137701053
32.861250000000005,9.065345949618319,-0.021173655229008048,0.9976697727898245
32.69274107142858,9.066022430667939,-0.02049717417938801,0.9977442216524297
32.52423214285715,9.067254523282443,-0.0192650815648836,0.9978798173115032
32.52423214285715,9.067930354580152,-0.018589250267174506,0.9979541946668714
32.35572321428571,9.068058371335876,-0.01846123351145046,0.9979682833126116
32.18721428571428,9.0675365535687,-0.018983051278626206,0.9979108556296407
32.018705357142856,9.067286365591603,-0.0192332392557244,0.9978833216575613
31.849473214285716,9.06736889524809,-0.019150709599236038,0.9978924043052722
31.68096428571429,9.067179790648854,-0.019339814198472638,0.997871592750633
31.512455357142862,9.067267520553434,-0.01925208429389258,0.997881247701967
31.343946428571428,9.067678217347327,-0.018841387500000195,0.9979264461730816
31.1754375,9.067795838072518,-0.01872376677480858,0.9979393907030344
31.006928571428574,9.0686926140458,-0.017826990801527387,0.9980380837133705
31.006928571428574,9.069365194351144,-0.017154410496182493,0.998112103286826
30.834080357142863,9.069735602061069,-0.0167840027862578,0.9981528678178052
30.66484821428572,9.070456922690838,-0.016062682156489316,0.998232251416932
30.496339285714285,9.07074999875954,-0.01576960608778677,0.998264505358094
30.327830357142858,9.070362045515266,-0.01615755933206131,0.998221809885994
30.15932142857143,9.070592738702288,-0.015926866145038687,0.9982471983952423
29.990812500000004,9.070628479522899,-0.015891125324428046,0.9982511317847209
29.822303571428577,9.069859070553434,-0.01666053429389258,0.9981664559128883
29.653071428571433,9.069460071526716,-0.017059533320610498,0.9981225448177639
29.653071428571433,9.069587438530533,-0.01693216631679384,0.9981365619562674
29.484562500000006,9.070358147003814,-0.01616145784351275,0.9982213808425735
29.316053571428572,9.07105802135496,-0.015461583492367481,0.9982984042114299
29.147544642857145,9.071165243816793,-0.01535436103053378,0.9983102043798658
28.9783125,9.070937151870227,-0.015582452977099592,0.9982851021452936
28.81052678571429,9.070921555591603,-0.015598049255723723,0.9982833857258832
28.642017857142864,9.071493413187023,-0.015026191660304278,0.9983463204489992
28.473508928571427,9.072026278969465,-0.014493325877861452,0.9984049640007236
28.304276785714286,9.072606583339693,-0.013913021507633516,0.9984688283179171
28.304276785714286,9.072830779007631,-0.01368882583969544,0.9984935017547981
28.13576785714286,9.07311215730916,-0.01340744753816736,0.9985244683199699
27.967258928571432,9.073357147270992,-0.013162457576335385,0.9985514302341555
27.798750000000005,9.073604084255726,-0.012915520591601393,0.9985786064243221
27.63024107142858,9.073760694561068,-0.01275891028625864,0.9985958418799369
27.46173214285715,9.073843224217555,-0.012676380629772055,0.9986049245276476
27.292500000000008,9.074272118530534,-0.012247486316793399,0.9986521256928494
27.12399107142857,9.074772492251908,-0.01174711259541894,0.9987071933912791
26.955482142857143,9.074247423492366,-0.012272181354960665,0.9986494079263953
26.955482142857143,9.074085615171754,-0.012433989675573187,0.9986316004128863
26.782633928571435,9.075872667366413,-0.01064693748091372,0.9988282711154627
26.61340178571429,9.079344749541985,-0.0071748553053421205,0.9992103846558021
26.444892857142865,9.084573990858777,-0.0019456139885498658,0.9997858790743694
26.276383928571427,9.085165343244274,-0.0013542616030530752,0.9998509592603168
26.107875,9.080546297118318,-0.005973307729009392,0.9993426187375613
25.939366071428573,9.077298410610686,-0.00922119423664114,0.998985178634103
25.770857142857146,9.076285963167939,-0.010233641679388228,0.9988737556155243
25.60234821428572,9.076083863530533,-0.010435741316793923,0.9988515139161503
25.60234821428572,9.076142350133587,-0.010377254713739958,0.9988579505503731
25.428776785714284,9.076363944561066,-0.01015566028626047,0.9988823377125778
25.259544642857144,9.07576869366412,-0.010750911183206924,0.9988168284832103
25.091035714285717,9.075253371183203,-0.011266233664123604,0.9987601156268773
24.92252678571429,9.075356047614504,-0.011163557232823251,0.9987714154903856
24.754017857142863,9.075619880381678,-0.010899724465648575,0.9988004511144362
24.585508928571436,9.075647174427479,-0.0108724304198482,0.9988034549098372
24.416999999999998,9.075706958301526,-0.010812646545801385,0.9988100343128041
24.247767857142858,9.075874616622135,-0.010644988225191554,0.9988284856371726
24.079982142857144,9.075918806450382,-0.010600798396945166,0.9988333488664581
24.079982142857144,9.07573750110687,-0.01078210374045696,0.998813395644389
23.911473214285717,9.075986389580152,-0.010533215267175322,0.9988407866019948
23.742241071428577,9.075920755706106,-0.010598849141221223,0.9988335633881682
23.574455357142863,9.07600848337786,-0.010511121469466644,0.9988432180937727
23.405223214285723,9.076296361431297,-0.010223243416030314,0.998874899977041
23.236714285714285,9.076679766412212,-0.0098398384351146,0.998917094898484
23.06820535714286,9.076833125725189,-0.009686479122137825,0.9989339725721859
22.894633928571434,9.076941000171756,-0.009578604675571256,0.9989458444935879
22.726125000000007,9.07721458145038,-0.009305023396946055,0.9989759529719188
22.726125000000007,9.077460218931297,-0.009059385916030394,0.9990029861476117
22.55761607142858,9.077635676507631,-0.008883928339695757,0.9990222958045503
22.389107142857142,9.077733802442745,-0.008785802404581489,0.9990330948716718
22.219875000000002,9.077927453072517,-0.008592151774809764,0.9990544067312389
22.05208928571429,9.078585089083967,-0.007934515763359684,0.9991267816382494
21.88358035714286,9.078858670362594,-0.0076609344847327066,0.9991568901165804
21.715071428571434,9.079078965286257,-0.007440639561069773,0.9991811342643117
21.545839285714294,9.079223877824427,-0.007295727022899712,0.9991970823439364
21.377330357142856,9.079381789866412,-0.007137814980914925,0.9992144610597542
21.377330357142856,9.07952150438931,-0.00699810045801641,0.9992298370814846
21.20882142857143,9.079593635782441,-0.006925969064885962,0.9992377753676785
21.039589285714285,9.079433126965649,-0.007086477881678377,0.9992201108686435
20.87108035714286,9.079373340858778,-0.0071462639885488954,0.9992135312199474
20.70329464285715,9.079422078950381,-0.007097525896945456,0.9992188949998898
20.534062500000005,9.079680713702288,-0.006838891145038772,0.9992473585660465
20.366276785714284,9.079721005019083,-0.006798599828243823,0.9992517927519117
20.197044642857144,9.079759994599234,-0.0067596102480926845,0.9992560836775737
20.028535714285717,9.079867217061068,-0.006652387786258984,0.9992678838460096
20.028535714285717,9.08008036471374,-0.00643924013358621,0.9992913414141371
19.86002678571429,9.080287012614502,-0.00623259223282524,0.9993140836641677
19.691517857142863,9.080585938683203,-0.005933666164123608,0.9993469814161895
19.523008928571436,9.08083807591603,-0.0056815289312961426,0.9993747299099794
19.354499999999998,9.080998584732823,-0.005521020114503727,0.9993923944090146
19.185267857142858,9.081069416622137,-0.005450188225189834,0.9994001896807352
19.01675892857143,9.08125397072519,-0.005265634122137541,0.9994205004389878
18.848250000000004,9.081226678912211,-0.0052929259351159885,0.9994174968893159
18.67901785714286,9.081033026049615,-0.005486578797711417,0.9993961847840196
18.51123214285715,9.080906308797708,-0.00561329604961891,0.9993822391527528
18.51123214285715,9.080950496393129,-0.005569108454198002,0.9993871021363089
18.342723214285723,9.081033026049615,-0.005486578797711417,0.9993961847840196
18.173491071428572,9.081173390324427,-0.005346214522900183,0.9994116323129872
18.00570535714286,9.081449572843509,-0.00507003200381817,0.9994420270659942
17.837196428571424,9.081640624465647,-0.004878980381679554,0.9994630528966144
17.668687499999997,9.081925253759541,-0.004594351087785498,0.999494377243699
17.498732142857136,9.082043524236642,-0.004476080610684718,0.9995073932808887
17.330946428571426,9.082144898931297,-0.004374705916029953,0.9995185498841938
17.1624375,9.082524403167938,-0.003995201679389382,0.9995603155164868
17.1624375,9.082816179732824,-0.003703425114503389,0.9995924264431755
16.993928571428572,9.082985137557252,-0.003534467290075227,0.9996110207820176
16.825419642857145,9.083009832595419,-0.003509772251907961,0.9996137385484718
16.65691071428572,9.08290975740458,-0.0036098474427461724,0.9996027249596402
16.48840178571429,9.082798634198472,-0.0037209706488550154,0.9995904955020545
16.319169642857148,9.08279148692748,-0.0037281179198469516,0.9995897089224506
16.15066071428572,9.082770040648853,-0.0037495641984737205,0.9995873486921798
15.982151785714295,9.082675165706105,-0.0038444391412220114,0.9995769074069711
15.813642857142868,9.08265047066794,-0.003869134179387501,0.9995741896405173
15.813642857142868,9.082825278492365,-0.0036943263549620298,0.9995934277902189
15.645133928571424,9.08299943433206,-0.003520170515267651,0.9996125941869547
15.475901785714282,9.083177490916029,-0.0033421139312981296,0.9996321898728403
15.302330357142864,9.083387387576334,-0.0031322172709931095,0.9996552896590547
15.134544642857152,9.083752595038167,-0.0027670098091601147,0.9996954818864108
14.96531250000001,9.083914405591601,-0.0026051992557256654,0.9997132896456488
14.796803571428583,9.08403787408397,-0.002481730763356893,0.9997268777407322
14.629017857142854,9.083881263778625,-0.002638341068701422,0.9997096422851172
14.459785714285712,9.083944298645035,-0.0025753062022921824,0.9997165794699966
14.291276785714285,9.084173690095419,-0.0023459147519080403,0.9997418247190424
14.291276785714285,9.084239973721372,-0.002279631125954751,0.9997491194401057
14.117705357142867,9.084089860935114,-0.002429743912212956,0.9997325990568582
13.944133928571432,9.083957293683204,-0.002562311164123088,0.9997180096147312
13.77634821428572,9.083844873206106,-0.0026747316412212285,0.9997056373884018
13.607116071428578,9.083762343549617,-0.00275726129770959,0.999696554740691
13.438607142857151,9.08386436799618,-0.0026552368511474356,0.9997077828512326
13.270098214285724,9.084132101507631,-0.00238750333969584,0.9997372477644332
13.100866071428582,9.084220478931297,-0.00229912591603032,0.9997469739772746
13.100866071428582,9.084113906221374,-0.002405698625953079,0.9997352453160757
12.932357142857155,9.084131451755724,-0.002388153091603229,0.9997371762571965
12.764571428571426,9.084223077938931,-0.0022965269083954354,0.9997472600062217
12.596062499999999,9.084384238740459,-0.002135366106868375,0.9997649962582231
12.426830357142855,9.084574640610686,-0.0019449642366407005,0.9997859505816062
12.258321428571428,9.084703307118321,-0.0018162977290057114,0.9998001107345835
12.084750000000012,9.084694860343511,-0.0018247445038159782,0.9997991811405059
11.911901785714292,9.084591536393129,-0.0019280684541982396,0.9997878100154904
11.74266964285715,9.084514204751907,-0.0020054000954203843,0.9997792994256733
11.74266964285715,9.08432770139313,-0.00219190345419662,0.9997587741457106
11.574883928571438,9.084271166278624,-0.0022484385687029373,0.9997525522789272
11.405651785714296,9.084468067900762,-0.0020515369465652356,0.9997742219204071
11.236419642857154,9.084676665057252,-0.0018429397900749933,0.9997971786921483
11.068633928571423,9.084168492080153,-0.002351112767174257,0.9997412526611488
10.900124999999996,9.084203583148854,-0.002316021698472781,0.9997451145433904
10.731616071428569,9.084731250916029,-0.001788353931297948,0.9998031860372211
10.562383928571426,9.085223827614504,-0.0012957772328228145,0.9998573956488102
10.394598214285715,9.085411630477099,-0.0011079743702282485,0.9998780639432465
10.394598214285715,9.085445422041984,-0.0010741828053433267,0.9998817828110149
10.225366071428573,9.08536744288168,-0.0011521619656473803,0.9998732009596906
10.051794642857137,9.085193934561069,-0.0013256702862580738,0.9998541058244621
9.884008928571426,9.085424627748091,-0.0010949770992354502,0.9998794943337104
9.714776785714283,9.085766441908396,-0.00075316293893124,0.9999171120548147
9.546267857142857,9.085871715114504,-0.0006478897328232591,0.9999286977015405
9.37775892857143,9.085903557423663,-0.0006160474236640567,0.9999322020475986
9.208526785714287,9.08613684961832,-0.00038275522900654835,0.9999578765857939
9.039294642857145,9.086252521087784,-0.00026708375954243024,0.9999706065940362
9.039294642857145,9.086051720954197,-0.0004678838931297946,0.999948507909136
8.862107142857152,9.085720952576336,-0.0007986522709906296,0.9999121058110562
8.69432142857144,9.085605283339692,-0.0009143215076345967,0.9998993760485426
8.525089285714298,9.085652719694657,-0.0008668851526696386,0.9999045965682827
8.356580357142851,9.085652719694657,-0.0008668851526696386,0.9999045965682827
8.18734821428571,9.085706008282441,-0.0008135965648854437,0.9999104611446112
8.019562499999997,9.085837273797708,-0.0006823310496191226,0.9999249073265352
7.850330357142855,9.085874314122137,-0.0006452907251901507,0.9999289837304873
7.6825446428571444,9.085897059904578,-0.0006225449427486041,0.9999314869752313
7.6825446428571444,9.086005581870227,-0.0005140229771001259,0.9999434301581405
7.513312500000001,9.085882763129769,-0.0006368417175579566,0.9999299135702939
7.344803571428574,9.085708607290073,-0.0008109975572541117,0.9999107471735579
7.1762946428571475,9.085656620438929,-0.0008629844083980487,0.9999050258574319
7.0077857142857205,9.085633874656486,-0.0008857301908413717,0.9999025226126879
6.838553571428578,9.085726152824424,-0.0007934520229024855,0.9999126781146789
6.670767857142867,9.08588991040076,-0.0006296944465660204,0.9999307001498978
6.50225892857144,9.08603222616412,-0.0004873786832071403,0.9999463624463049
6.3330267857142974,9.086207681507634,-0.0003119233396926546,0.9999656718575145
6.165241071428568,9.086280462652672,-0.00023914219465481779,0.999973681650945
6.165241071428568,9.08614009837786,-0.00037950646946605104,0.9999582341219774
5.996008928571426,9.086038073931297,-0.0004815309160299819,0.9999470060114355
5.827499999999999,9.086035474923662,-0.0004841299236648666,0.9999467199824885
5.658991071428572,9.086015980133585,-0.0005036247137422123,0.9999445745196572
5.490482142857145,9.085900958416028,-0.0006186464312989415,0.9999319160186515
5.321973214285718,9.085861968835877,-0.0006576360114500801,0.9999276250929895
5.153464285714291,9.08588666164122,-0.0006329432061065177,0.9999303426137144
4.984955357142864,9.085983488072518,-0.0005361167748088036,0.9999409986663625
4.815723214285721,9.08602637616412,-0.000493228683206226,0.9999457186354451
4.815723214285721,9.086033525667938,-0.00048607917938880973,0.9999465054607785
4.647214285714294,9.0861004590458,-0.00041914580152635494,0.9999538716890786
4.478705357142867,9.086095908549616,-0.00042369629771066286,0.999953370892692
4.31019642857144,9.086095261030533,-0.00042434381679434807,0.9999532996311846
4.141687499999995,9.086261617614502,-0.00025798723282477454,0.9999716076953504
3.9731785714285683,9.08640393337786,-0.00011567146946767082,0.9999872699917572
3.8039464285714257,9.0863857380916,-0.00013386675572668594,0.9999852675433997
3.6361607142857144,9.086348045782442,-0.00017155906488497408,0.9999811193864818
3.4676517857142874,9.086249922080151,-0.00026968276717553863,0.9999703205650895
3.4676517857142874,9.086689212423664,0.00016960757633732726,1.000018665846079
3.298419642857145,9.087117454751908,0.0005978499045813379,1.0000657952583145
3.129910714285718,9.086868566278625,0.0003489614312979228,1.0000384043007085
2.95995535714286,9.086599533263358,7.992841603154943e-05,1.0000087963730346
2.792892857142864,9.086501407328244,-1.8197519082718827e-05,0.9999979973059131
2.6236607142857213,9.0864903615458,-2.9243301526094e-05,0.9999967816828887
2.45587500000001,9.086559244179389,3.963933206208026e-05,1.0000043624328991
2.2866428571428674,9.086646971851145,0.0001273670038184349,1.0000140171385037
2.1130714285714323,9.086699608454197,0.0001800036068697608,1.0000198099618662
2.1130714285714323,9.086555995419845,3.639057251803024e-05,1.0000040048967151
1.9445625000000055,9.086227826049617,-0.0002917787977096964,0.9999678888275821
1.7753303571428631,9.086191435477097,-0.000328169370229503,0.9999638839308668
1.6075446428571516,9.086482562290076,-3.704255725089922e-05,0.9999959233503187
1.4390357142857246,9.086845822729007,0.0003262178816800798,1.0000359013016937
1.2698035714285822,9.08678408736641,0.0002644825190838418,1.0000291071312875
1.1020178571428525,9.086567041202288,4.7436354961405414e-05,1.0000052205197396
0.93278571428571,9.086680113664121,0.0001605088167941915,1.0000176644990353
0.7649999999999986,9.086756793320609,0.0002371884732816909,1.0000261033358862
0.5964910714285716,9.086854919255725,0.0003353144083977355,1.000036902403008
0.5964910714285716,9.08679838414122,0.00027877929389319434,1.0000306805362247
0.42725892857142916,9.08651245534351,-7.149503817416303e-06,0.9999992131746667
0.2587500000000022,9.086423428167937,-9.617667939032515e-05,0.9999894154545884
0.09024107142857522,9.086519604847327,0.0,1.0
-0.07826785714285173,9.086524802862593,5.198015266216771e-06,1.0000005720578937
-0.2467767857142787,9.086611231030533,9.162618320601723e-05,1.000010083749025
-0.41600892857142113,9.086672314408396,0.00015270956106938627,1.0000168061664654
-0.5837946428571326,9.086529351125954,9.746278626820981e-06,1.000001072608551
-0.7523035714285595,9.08630515769084,-0.00021444715648755164,0.9999763994173992
-0.7523035714285595,9.086233676049616,-0.00028592879771061064,0.9999685326384419
-0.921535714285702,9.086238874064884,-0.0002807307824426175,0.9999691046963358
-1.0900446428571473,9.086348045782442,-0.00017155906488497408,0.9999811193864818
-1.2585535714285743,9.086459168988549,-6.043585877790747e-05,0.9999933488440672
-1.4277857142857167,9.086539749389312,2.0144541984734587e-05,1.0000022169700677
-1.5962946428571436,9.086656720362596,0.0001371155152689596,1.000015089992784
-1.7648035714285706,9.08677109009542,0.0002514852480928198,1.0000276767408236
-1.9376517857142903,9.086867916526716,0.0003483116793887575,1.0000383327934717
-2.1061607142857173,9.086847771984733,0.0003281671374057993,1.0000361158234041
-2.1061607142857173,9.08680813265267,0.000288527805343719,1.000031753390505
-2.2753928571428594,9.08691665461832,0.00039704977099397354,1.0000436965734143
-2.443178571428571,9.086903657347326,0.00038405249999939883,1.0000422661829502
-2.6124107142857134,9.086830226450381,0.0003106216030541731,1.0000341848822831
-2.7809196428571403,9.086836723969466,0.0003171191221387204,1.0000348999546504
-2.9537678571428603,9.086830226450381,0.0003106216030541731,1.0000341848822831
-3.1230000000000024,9.08691665461832,0.00039704977099397354,1.0000436965734143
-3.2915089285714294,9.086760694064884,0.00024108921755683355,1.000026532625036
-3.4600178571428564,9.086856868511449,0.00033726366412167863,1.000037116924718
-3.4600178571428564,9.086973839484731,0.0004542346374041273,1.000049989947434
-3.634312499999989,9.086961494198471,0.0004418893511441979,1.0000486313099362
-3.8020982142857185,9.086863368263357,0.00034376341602992966,1.0000378322428145
-3.971330357142861,9.086665167137403,0.00014556229007567367,1.0000160195868613
-4.139116071428573,9.086734049770993,0.0002144449236656243,1.0000236003368717
-4.307625,9.086650870362595,0.0001312655152680975,1.000014446181924
-4.476133928571427,9.086409781145036,-0.00010982370229051241,0.999987913556888
-4.6504285714285585,9.086225876793891,-0.00029372805343541586,0.9999676743058719
-4.818214285714289,9.086015980133585,-0.0005036247137422123,0.9999445745196572
-4.818214285714289,9.086082263759542,-0.00043734108778537006,0.999951869240721
-4.986723214285716,9.086320753969465,-0.0001988508778616449,0.99997811583681
-5.155232142857143,9.086564442194655,4.483734732829703e-05,1.0000049344907929
-5.324464285714285,9.086596934255724,7.732940839666469e-05,1.0000085103440877
-5.497312500000005,9.086563792442746,4.418759541913175e-05,1.0000048629835558
-5.666544642857147,9.086459818740458,-5.9786106868742195e-05,0.999993420351304
-5.835053571428574,9.086280462652672,-0.00023914219465481779,0.999973681650945
-6.003562500000001,9.086166092919846,-0.00035351192748045435,0.9999610949029052
-6.172794642857143,9.086120603587784,-0.0003990012595433967,0.9999560886591462
-6.172794642857143,9.086063418721372,-0.0004561861259553268,0.9999497952851263
-6.340580357142855,9.08605756872137,-0.0004620361259561889,0.9999491514742663
-6.509089285714282,9.086069916240456,-0.0004496886068707795,0.9999505103574936
-6.678321428571424,9.085928252461832,-0.0005913523854950142,0.9999349198140529
-6.846107142857136,9.085704708778623,-0.0008148960687037743,0.9999103181301376
-7.014616071428563,9.085656620438929,-0.0008629844083980487,0.9999050258574319
-7.188187499999998,9.085529251202287,-0.0009903536450401873,0.9998910084731989
-7.356696428571425,9.085372640896946,-0.0011469639503811635,0.9998737730175843
-7.525928571428567,9.085158843492366,-0.0013607613549613262,0.9998502439422201
-7.525928571428567,9.08522122860687,-0.0012983762404576993,0.9998571096198632
-7.694437499999994,9.085391485935114,-0.001128118912212983,0.9998758469731787
-7.867285714285714,9.085568892767174,-0.000950712080152627,0.9998953711518275
-8.036517857142856,9.085462967576335,-0.0010566372709917005,0.9998837137521358
-8.205026785714283,9.085171191011447,-0.0013484138358794695,0.999851602825447
-8.37353571428571,9.08478843578244,-0.0017311690648860178,0.999809479411241
-8.543491071428567,9.084474565419846,-0.0020450394274806882,0.9997749369927744
-8.715616071428572,9.084372540973282,-0.002147063874044619,0.9997637088822326
-8.884125,9.084755943721373,-0.0017636611259543855,0.9998059035579461
-8.884125,9.085173140267173,-0.00134646458015375,0.9998518173471572
-9.053357142857141,9.08515689423664,-0.0013627106106870457,0.9998500294205099
-9.221142857142853,9.085203683072518,-0.0013159217748093255,0.9998551786787422
-9.394714285714288,9.084944398568702,-0.0015752062786251741,0.9998266436053487
-9.56394642857143,9.084568140858778,-0.0019514639885489515,0.9997852352635097
-9.732455357142857,9.084650020763357,-0.0018695840839697553,0.9997942464039837
-9.900964285714284,9.084707857614502,-0.0018117472328249562,0.9998006115309697
-10.069473214285711,9.084575940114501,-0.0019436647328259227,0.9997860935960795
-10.243044642857146,9.084144449026716,-0.0023751558206104306,0.9997386066476605
-10.243044642857146,9.083617428778624,-0.002902176068703355,0.999680606415337
-10.411553571428573,9.08348876227099,-0.0030308425763365676,0.9996664462623599
-10.5800625,9.083598583740459,-0.0029210211068679826,0.9996785324597429
-10.748571428571427,9.083726602729005,-0.0027930021183220077,0.9996926213512122
-10.917080357142854,9.083786386603052,-0.002733218244275193,0.9996992007541791
-11.085589285714281,9.083861119236639,-0.002658485610687933,0.9997074253150492
-11.254098214285708,9.08376559230916,-0.0027540125381673164,0.9996969122768746
-11.422607142857135,9.083521904083968,-0.0029977007633590347,0.9996700936228917
-11.591116071428562,9.08342572740458,-0.0030938774427475835,0.9996595090774804
-11.591116071428562,9.083542048625953,-0.0029775562213743,0.9996723105929595
-11.75962499999999,9.083592086221373,-0.0029275186259543062,0.9996778173873754
-11.928133928571416,9.083560243912213,-0.0029593609351135086,0.9996743130413173
-12.102428571428566,9.083409481374044,-0.0031101234732826555,0.9996577211508327
-12.270214285714278,9.083187237194656,-0.0033323676526713086,0.9996332624813913
-12.443785714285713,9.08308521274809,-0.003434392099237016,0.9996220343708492
-12.61374107142857,9.083128752824427,-0.003390852022899793,0.999626826092898
-12.780803571428567,9.083055319694655,-0.003464285152672275,0.9996187445465011
-12.95003571428571,9.08304492366412,-0.003474681183206485,0.9996176004307136
-12.95003571428571,9.082914955419845,-0.003604649427481732,0.9996032970175337
-13.118544642857136,9.082704409007633,-0.003815195839694141,0.9995801257240826
-13.287053571428563,9.082616679103053,-0.0039029257442741994,0.9995704707727486
-13.456285714285706,9.082709607022899,-0.0038099978244279242,0.9995806977819763
-13.624071428571417,9.08271805379771,-0.0038015510496176574,0.9995816273760539
-13.792580357142844,9.082559494236639,-0.003960110610687906,0.9995641773987286
-13.96108928571429,9.082439924255723,-0.004079680591603463,0.9995510183470658
-14.134660714285706,9.082435375992365,-0.004084228854962291,0.9995505177964087
-14.287982142857146,9.08231515625954,-0.004204448587787013,0.999537287237509
-14.287982142857146,9.082196236030533,-0.004323368816793405,0.999524199693083
-14.287982142857146,9.082059120515266,-0.004460484332060588,0.9995091097002992
-14.287982142857146,9.08196099458015,-0.004558610267176633,0.9994983106331774
-14.287982142857146,9.081848571870228,-0.004671032977098477,0.9994859381611187
-14.287982142857146,9.081758245190839,-0.00476135965648794,0.9994759974265671
-14.287982142857146,9.081700408339692,-0.004819196507634516,0.9994696322995811
-14.287982142857146,9.081660119255725,-0.004859485591602208,0.9994651983594456
-14.287982142857146,9.081795285515266,-0.004724319332060745,0.9994800738305192
-14.287982142857146,9.08188301318702,-0.004636591660306166,0.9994897285361237
-14.287982142857146,9.082000633912212,-0.004518970935114552,0.9995026730660765
-14.287982142857146,9.082051971011449,-0.004467633835878004,0.9995083228749658
-14.287982142857146,9.082001283664122,-0.004518321183205387,0.9995027445733133
-14.287982142857146,9.081995435896946,-0.004524168950380769,0.9995021010081828
-14.287982142857146,9.081833625343508,-0.004685979503818771,0.9994842932489444
-14.287982142857146,9.081735501641221,-0.004784103206105783,0.9994734944275525
-14.287982142857146,9.081710156851143,-0.004809447996183991,0.9994707051538613
-14.287982142857146,9.081719905362595,-0.00479969948473169,0.9994717780081417
-14.287982142857146,9.081652322232824,-0.00486728261450331,0.9994643402726049
-14.287982142857146,9.08148986192748,-0.0050297429198469246,0.99944646100613
-14.287982142857146,9.081339099389313,-0.005180505458014295,0.9994298691156457
-14.287982142857146,9.081365743683206,-0.0051538611641213095,0.9994328014038101
-14.287982142857146,9.081556145553435,-0.004963459293891859,0.9994537557271935
-14.287982142857146,9.081745897671755,-0.004773707175571573,0.9994746385433401
-14.287982142857146,9.081823879064883,-0.004695725782443816,0.9994832206403936
-14.287982142857146,9.081810232041983,-0.004709372805344003,0.9994817187426931
-14.287982142857146,9.08181607980916,-0.004703525038166845,0.9994823623078238
-14.287982142857146,9.081903157729004,-0.004616447118323208,0.9994919455061914
-14.287982142857146,9.08186156914122,-0.004658035706107455,0.9994873685515825
-14.287982142857146,9.081745897671755,-0.004773707175571573,0.9994746385433401
-14.287982142857146,9.081764742709924,-0.004754862137403393,0.9994767124989344
-14.287982142857146,9.081662068511449,-0.004857536335878265,0.9994654128811556
-14.287982142857146,9.0814216290458,-0.00509797580152771,0.9994389517633563
-14.287982142857146,9.08125397072519,-0.005265634122137541,0.9994205004389878
-14.287982142857146,9.081087611908396,-0.005431992938930819,0.9994021921290928
-14.287982142857146,9.081198085362594,-0.005321519484732917,0.9994143500794415
-14.287982142857146,9.081437225324427,-0.005082379522900027,0.9994406681827672
-14.287982142857146,9.081513904980914,-0.005005699866412527,0.9994491070196181
-14.287982142857146,9.081452171851144,-0.005067432996183285,0.9994423130949412
-14.287982142857146,9.081364444179389,-0.005155160667937864,0.9994326583893367
-14.287982142857146,9.081378088969464,-0.0051415158778631564,0.9994341600413077
-14.287982142857146,9.081341698396946,-0.005177906450381187,0.9994301551445925
-14.287982142857146,9.08104147505725,-0.005478129790077446,0.9993971146238264
-14.287982142857146,9.080915405324424,-0.005604199522903031,0.9993832402540668
-14.287982142857146,9.080966092671755,-0.005553512175572095,0.9993888185557197
-14.287982142857146,9.081005732003815,-0.005513872843511791,0.9993931809886185
-14.287982142857146,9.081043424312975,-0.005476180534351727,0.9993973291455366
-14.287982142857146,9.08098558746183,-0.005534017385496526,0.9993909640185507
-14.287982142857146,9.080953095400762,-0.0055665094465648934,0.9993873881652557
-14.287982142857146,9.080942699370228,-0.005576905477099103,0.9993862440494682
-14.287982142857146,9.080926453339693,-0.005593151507634175,0.9993844561228207
-14.287982142857146,9.080861469217556,-0.005658135629770911,0.9993773044162307
-14.287982142857146,9.080883563015265,-0.005636041832062233,0.9993797359080087
-14.287982142857146,9.080960894656487,-0.005558710190840088,0.9993882464978258
-14.287982142857146,9.081017429770991,-0.005502175076335547,0.999394468364609
-14.287982142857146,9.081181839332059,-0.005337765515267989,0.9994125621527938
-14.287982142857146,9.081325452366412,-0.005194152480914482,0.9994283672179451
-14.287982142857146,9.081348847900761,-0.005170756946565547,0.9994309419699258
