Angle (degree),rho (mOhm cm),Delta rho (mOhm cm),rho/rho(theta=0)
101.03278583578467,5.325164034297058,-0.2003481233764699,0.9637412573424099
101.03278583578467,5.325168395873528,-0.20034376179999924,0.9637420466948439
101.03278583578467,5.3253570602852935,-0.200155097388234,0.963776190934578
101.03278583578467,5.3253636026499995,-0.20014855502352802,0.9637773749632289
101.03278583578467,5.325146040920587,-0.20036611675294047,0.9637380009245509
100.84670197301465,5.324797067964704,-0.20071508970882324,0.9636748442531103
100.65485445077832,5.324669474991176,-0.20084268268235128,0.9636517526427968
100.46218354861821,5.324651481614705,-0.20086067605882274,0.9636484962249375
100.27115940630563,5.324392479288234,-0.201119678385294,0.96360162232093
100.07848850414553,5.323923547991176,-0.20158860968235182,0.9635167557450043
99.8866409819092,5.323470429282351,-0.20204172839117618,0.9634347509107203
99.69479345967285,5.323008587420587,-0.20250357025294097,0.9633511673715685
99.5029459374365,5.322148697373529,-0.20336346029999852,0.9631955455898186
99.5029459374365,5.321304621788234,-0.20420753588529372,0.9630427858887792
99.31109841520015,5.320528705202941,-0.2049834524705867,0.9629023615148657
99.11925089296382,5.319722251961763,-0.20578990571176448,0.9627564106567073
98.92657999080372,5.318942517123529,-0.20656964054999882,0.962615295260345
98.73473246856737,5.318002473741175,-0.20750968393235247,0.962445167432276
98.5437083262548,5.317298532535294,-0.20821362513823338,0.9623177690688677
98.3510374240947,5.316409743297058,-0.2091024143764697,0.9621569171491045
98.16001328178213,5.315361192585293,-0.21015096508823472,0.9619671518057582
97.96734237962202,5.314268473417647,-0.21124368425588091,0.9617693929127425
97.96734237962202,5.312931474117646,-0.21258068355588122,0.9615274245192528
97.76973119791934,5.311684443573529,-0.2138277140999989,0.9613017385541271
97.57788367568301,5.310639164044116,-0.21487299362941137,0.9611125652251064
97.38603615344667,5.309746558426469,-0.2157655992470584,0.9609510226219636
97.19418863121032,5.308837595023528,-0.21667456264999974,0.9607865196081247
97.002341108974,5.307691440923527,-0.21782071675000036,0.9605790901305858
96.81049358673765,5.306570912958821,-0.21894124471470633,0.9603762984376656
96.61864606450132,5.305519089191176,-0.2199930684823519,0.9601859407409252
96.42679854226498,5.30468919060294,-0.22082296707058724,0.9600357467743654
96.23495102002863,5.303961256979411,-0.22155090069411632,0.9599040062944322
96.23495102002863,5.303333652729411,-0.22217850494411628,0.9597904232939626
96.04310349779227,5.302439411520587,-0.22307274615294048,0.959628584683657
95.85043259563217,5.30172020105,-0.22379195662352735,0.9594984229085919
95.65858507339584,5.301114408429411,-0.22439774924411626,0.9593887873484298
95.4667375511595,5.300258881832352,-0.22525327584117516,0.9592339552581826
95.27489002892317,5.299442067973528,-0.22607008969999942,0.9590861293489246
95.08221912676306,5.2988177349058825,-0.22669442276764507,0.9589731383627806
94.89037160452672,5.29817704405294,-0.22733511362058767,0.9588571869659399
94.69852408229038,5.297595243849999,-0.2279169138235284,0.9587518935223027
94.69852408229038,5.296897845008822,-0.2286143126647051,0.9586256791875449
94.50667656005405,5.296023232767646,-0.22948892490588158,0.9584673930022614
94.3148290378177,5.29510718180294,-0.23040497587058795,0.9583016072907171
94.12298151558137,5.294455039938234,-0.23105711773529336,0.9581835835046686
93.93113399334503,5.293662218497057,-0.23184993917647034,0.9580400997119353
93.73928647110868,5.292721084720587,-0.23279107295294033,0.9578697745457581
93.54743894887234,5.2917526873441165,-0.23375947032941102,0.9576945152487306
93.355591426636,5.29101875655294,-0.23449340112058792,0.9575616894092005
93.16374390439965,5.290330080864704,-0.2351820768088233,0.9574370537793107
93.16374390439965,5.289682302449999,-0.23582985522352828,0.9573198196847652
92.97107300223955,5.289219368320587,-0.23629278935294096,0.9572360384684359
92.7792254800032,5.2887978747882345,-0.23671428288529306,0.9571597571174362
92.58737795776688,5.28855413985294,-0.23695801782058723,0.9571156462860166
92.39470705560677,5.288096114370588,-0.23741604330293953,0.9570327534302446
92.2036829132942,5.287624457088235,-0.23788770058529263,0.9569473935090475
92.00607173159152,5.287320197785293,-0.23819195988823427,0.9568923290563307
91.81422420935517,5.287232955014705,-0.23827920265882252,0.9568765399732378
91.62237668711884,5.287190969220587,-0.23832118845294037,0.9568689414388541
91.62237668711884,5.286844722249999,-0.23866743542352875,0.9568062781126849
91.4305291648825,5.286682232917645,-0.2388299247558825,0.9567768710047613
91.2378582627224,5.286532828314704,-0.23897932935882338,0.9567498319541399
91.04683412040983,5.286135327199999,-0.2393768304735282,0.956677892719665
90.85416321824972,5.285731828917646,-0.23978032875588173,0.956604868125593
90.65655203654705,5.285745460717646,-0.23976669695588182,0.956607335191018
90.46470451431071,5.285964659911764,-0.23954749776176332,0.9566470055759279
90.27285699207437,5.285989740849999,-0.2395224168235286,0.9566515446914919
90.08100946983804,5.285848516076469,-0.23966364159705833,0.956625986015753
90.08100946983804,5.2857787214852925,-0.23973343618823506,0.9566133546814649
89.88916194760169,5.285796171538234,-0.23971598613529377,0.9566165127693386
89.69731442536535,5.285754185744117,-0.23975797192941073,0.956608914234955
89.505466903129,5.285821799547057,-0.23969035812647022,0.956621150893026
89.3127960009689,5.285776540697058,-0.2397356169764695,0.9566129600052481
89.11600819919,5.285708928767646,-0.23980322890588113,0.9566007236862459
88.9233372970299,5.285738373155882,-0.23977378451764597,0.956606052493313
88.73231315471732,5.285821252476469,-0.23969090519705816,0.9566210518849029
88.53387859309089,5.286320173358822,-0.23919198431470523,0.9567113459369502
88.53387859309089,5.286916152432353,-0.23859600524117486,0.9568192054541359
88.34203107085455,5.287260216741175,-0.23825194093235247,0.956881473765019
88.15018354861822,5.287851289041175,-0.2376608686323527,0.9569884452607162
87.95915940630563,5.288259695970588,-0.23725246170293968,0.9570623582153455
87.76648850414553,5.288652288438233,-0.23685986923529434,0.9571334090892631
87.57464098190918,5.288968545823528,-0.23654361184999928,0.957190644939311
87.38279345967284,5.289471828282352,-0.2360403293911757,0.9572817283437923
87.19012255751274,5.289794628032352,-0.23571752964117554,0.9573401482224912
86.99909841520017,5.290116880711763,-0.2353952769617642,0.9573984690930667
86.99909841520017,5.290635977632352,-0.2348761800411756,0.9574924145782591
86.80725089296382,5.290929876317645,-0.23458228135588222,0.9575456039798759
86.6088163313374,5.2912821204558815,-0.23423003721764601,0.957609352665642
86.41779218902481,5.2919806096911755,-0.2335315479823521,0.9577357643385082
86.22594466678848,5.292763615711763,-0.2327485419617643,0.957877471749196
86.03327376462838,5.293401035382351,-0.23211112229117692,0.9579928311317107
85.84142624239203,5.2939931962029405,-0.23151896147058704,0.958099999626448
85.6495787201557,5.294869444035293,-0.2306427136382343,0.9582585818188943
85.45773119791934,5.29561646330294,-0.22989569437058766,0.958393776393864
85.26588367568301,5.296296957288234,-0.2292152003852932,0.9585169313098023
85.26588367568301,5.297207556282351,-0.22830460139117648,0.9586817303308038
85.07403615344667,5.297996561344117,-0.2275155963294102,0.9588245234401577
84.88136525128657,5.298805740570587,-0.2267064171029407,0.958970967643587
84.690341108974,5.299942624447058,-0.22556953322646933,0.9591767194081348
84.4976702068139,5.300938285423529,-0.2245738722499988,0.9593569128360123
84.30582268457755,5.30184670362941,-0.22366545404411742,0.9595213171807969
84.1139751623412,5.30294323917647,-0.22256891849705784,0.9597197667571926
83.92212764010486,5.303886555614705,-0.22162560205882276,0.9598904869386558
83.73028011786853,5.304586680441176,-0.22092547723235167,0.9600171946186848
83.73028011786853,5.305450930191176,-0.22006122748235146,0.9601736054137999
83.53266893616586,5.306532198347058,-0.21897995932646985,0.9603692919176076
83.34082141392952,5.307596563520587,-0.2179155941529407,0.9605619193416647
83.14897389169317,5.308442821767645,-0.21706933590588218,0.9607150740579897
82.95712636945683,5.309425396141175,-0.2160867615323525,0.9608928990894965
82.7652788472205,5.310614081232353,-0.21489807644117498,0.9611080257704734
82.57343132498416,5.311612468194117,-0.21389968947941096,0.961288712543622
82.38076042282405,5.312592861779411,-0.21291929589411662,0.9614661428989119
82.18891290058771,5.31352963397941,-0.2119825236941173,0.9616356787126551
82.18891290058771,5.314478402388235,-0.21103375528529256,0.9618073855846611
81.99706537835137,5.315611469885292,-0.20990068778823545,0.9620124466658286
81.80439447619126,5.3167287266676455,-0.20878343100588204,0.9622146463444234
81.60760667441237,5.317676948005881,-0.20783520966764613,0.9623862542083061
81.41575915217602,5.318575550791175,-0.20693660688235216,0.9625488821710455
81.22391162993969,5.319557034770587,-0.2059551229029406,0.9627265098644437
81.03206410770333,5.320386935232352,-0.20512522244117548,0.9628767041700724
80.83445292600067,5.321577255914704,-0.20393490175882345,0.9630921268582117
80.64260540376434,5.322690696317646,-0.20282146135588164,0.9632936358534269
80.64260540376434,5.323504782317646,-0.20200737535588154,0.9634409680783446
80.45075788152799,5.324511892432352,-0.2010002652411753,0.9636232335563615
80.25808697936789,5.325884880358823,-0.19962727731470498,0.9638717151246381
80.0670628370553,5.326955787897058,-0.19855636977646984,0.9640655265773462
79.8743919348952,5.327868022482352,-0.19764413519117596,0.9642306216055107
79.68254441265887,5.328739906864706,-0.19677225080882188,0.9643884141064543
79.49069689042253,5.32950110312941,-0.19601105454411716,0.9645261744159032
79.29884936818618,5.330268296561764,-0.19524386111176373,0.964665020084949
79.10700184594985,5.330935705817646,-0.19457645185588124,0.9647858069435855
79.10700184594985,5.331843031755882,-0.19366912591764596,0.9649500136111928
78.91515432371351,5.332706738182352,-0.1928054194911759,0.9651063260763225
78.72330680147716,5.333539909826468,-0.19197224784705913,0.9652571123962765
78.53145927924082,5.334466321408822,-0.1910458362647054,0.9654247731589204
78.33961175700449,5.335634832335293,-0.18987732533823465,0.9656362487458211
78.14694085484439,5.336821881835293,-0.18869027583823428,0.965851079419635
77.95426995268429,5.337799549435292,-0.1877126082382352,0.9660280164296534
77.7632458103717,5.338661618397056,-0.18685053927647122,0.9661840325485515
77.57139828813536,5.33936992305294,-0.1861422346205872,0.9663122206034633
77.57139828813536,5.340307785647059,-0.1852043720264689,0.9664819537553153
77.37955076589901,5.341089156076469,-0.18442300159705827,0.9666233651588402
77.18687986373892,5.342109899864705,-0.18340225780882236,0.966808098041351
76.99585572142634,5.343441445320586,-0.18207071235294148,0.9670490794052291
76.80318481926624,5.344579421464705,-0.18093273620882222,0.9672550288469545
76.6113372970299,5.345424587444117,-0.1800875702294107,0.967407985886102
76.41948977479356,5.346225588714705,-0.17928656895882256,0.9675529500537178
76.22681887263346,5.347023316929411,-0.17848884074411675,0.9676973218679392
76.03579473032087,5.347690726185293,-0.17782143148823426,0.9678181087265756
75.84394720808453,5.3485909645617635,-0.17692119311176402,0.9679810326964776
75.84394720808453,5.349416501573528,-0.17609565609999933,0.9681304373106034
75.65127630592444,5.349985762244116,-0.1755263954294115,0.968233461365993
75.4594287836881,5.350890362197058,-0.17462179547646972,0.9683971746883292
75.26758126145175,5.352020160385294,-0.1734919972882336,0.9686016440942407
75.07573373921541,5.352909492947058,-0.1726026647264698,0.9687625943439888
74.88388621697906,5.353741028999999,-0.1717711286735284,0.9689130846567803
74.69203869474273,5.354618365352939,-0.1708937923205882,0.969071863848266
74.50019117250639,5.355513696955881,-0.1699984607176468,0.96923389979668
74.30834365027005,5.356369223552939,-0.16914293412058878,0.969388731886927
74.30834365027005,5.357335985338234,-0.16817617233529347,0.969563695176792
74.11649612803372,5.358190966738234,-0.16732119093529363,0.9697184285979848
73.92382522587361,5.359203530697058,-0.16630862697646975,0.969901681105613
73.73197770363727,5.360342053911764,-0.16517010376176344,0.9701077295554613
73.54013018140093,5.361263011649998,-0.16424914602352914,0.9702744032884936
73.34828265916458,5.36208091590294,-0.16343124177058765,0.97042242653586
73.15643513692825,5.363119107870587,-0.16239304980294023,0.9706103171671756
72.96376423476815,5.364289254388235,-0.16122290328529232,0.9708220887612391
72.77191671253179,5.365529195497057,-0.15998296217647034,0.9710464916895903
72.77191671253179,5.3667669558176465,-0.15874520185588104,0.971270499941725
72.58006919029546,5.36804288367941,-0.15746927399411792,0.9715014157057942
72.38822166805912,5.3691574144764695,-0.156354743197058,0.9717031220391179
72.19637414582279,5.370163979394118,-0.15534817827940994,0.9718852888480807
72.00370324366268,5.371209260797058,-0.15430289687646948,0.9720744625161701
71.8126791013501,5.372378862117647,-0.15313329555588062,0.9722861354411794
71.62083157911377,5.37345903987941,-0.15205311779411712,0.9724816246068785
71.42898405687741,5.374469423049999,-0.15104273462352857,0.9726644824382897
71.23713653464108,5.3755708653705865,-0.14994129230294106,0.9728638200361733
71.04446563248098,5.376679942323528,-0.14883221534999969,0.9730645393398855
71.04446563248098,5.37753874010294,-0.14797341757058735,0.9732199634444583
70.85261811024463,5.378505501888234,-0.14700665578529382,0.9733949267343229
70.6607705880083,5.3797334486617645,-0.14577870901176304,0.9736171589434812
70.46892306577195,5.380736742397057,-0.1447754152764702,0.973798733738118
70.27707554353562,5.381706775364705,-0.14380538230882234,0.9739742890423083
70.08522802129927,5.3825001420029395,-0.14301201567058808,0.9741178715040957
69.8876168395966,5.383384567791175,-0.1421275898823522,0.9742779337323558
69.69576931736027,5.384577071135293,-0.14093508653823417,0.9744937514357812
69.50392179512392,5.385749943638234,-0.13976221403529365,0.9747060163751157
69.50392179512392,5.386840482017646,-0.1386716756558819,0.9749033805919145
69.31125089296381,5.388073880761763,-0.13743827691176413,0.9751265994916151
69.11940337072748,5.389383616461763,-0.13612854121176454,0.9753636337542545
68.92755584849114,5.390672630926469,-0.1348395267470588,0.9755969179146948
68.73570832625481,5.391798610861764,-0.13371354681176317,0.9758006962981578
68.54386080401846,5.392937677399998,-0.13257448027352936,0.976006843077991
68.35201328178212,5.394199975335293,-0.1313121823382346,0.9762352921157045
68.16016575954579,5.395506985049998,-0.1300051726235294,0.9764718330330727
67.96831823730943,5.396995022670587,-0.12851713500294082,0.9767411361452778
67.96831823730943,5.398390365549999,-0.12712179212352837,0.9769936634838476
67.77564733514933,5.399638486488234,-0.12587367118529347,0.9772195467870817
67.58462319283676,5.400786823249999,-0.12472533442352862,0.9774273712799063
67.39195229067666,5.401869726997058,-0.12364243067646985,0.9776233537908767
67.20010476844033,5.402863752382352,-0.1226484052911756,0.9778032512115916
67.00825724620397,5.404082427058823,-0.12142973061470475,0.9780238053686897
66.81640972396764,5.4052787467823515,-0.120233410891176,0.9782403137554946
66.6245622017313,5.406599933494117,-0.11891222417941094,0.9784794204073423
66.43271467949495,5.408153949326469,-0.11735820834705812,0.9787606641704557
66.24004377733485,5.409519847817647,-0.11599230985588083,0.9790078627019584
66.24004377733485,5.410554223405881,-0.11495793426764678,0.979195062649894
66.04819625509852,5.4114664579911755,-0.11404569968235201,0.9793601576780586
65.85717211278593,5.412609886105881,-0.11290227156764665,0.9795670938103259
65.66450121062584,5.413896721655881,-0.11161543601764645,0.9797999836336183
65.4726536883895,5.415407661299999,-0.1101044963735287,0.9800734315242395
65.28080616615316,5.4168526227323515,-0.10865953494117608,0.9803349387639523
65.08895864391681,5.418150909294117,-0.10736124837941041,0.9805699009764528
64.89711112168047,5.419661848938234,-0.10585030873529355,0.9808433488670739
64.70444021952036,5.421097540147057,-0.10441461752647019,0.9811031783937956
64.70444021952036,5.4225326880323514,-0.1029794696411761,0.981362909590532
64.51259269728402,5.423926395320587,-0.10158576235294081,0.9816151409219389
64.31498151558135,5.425683797758822,-0.09982835991470562,0.9819331933283199
64.12313399334502,5.427334871782351,-0.09817728589117625,0.9822320025565715
63.93128647110868,5.4288561701705875,-0.09665598750294002,0.9825073251592236
63.739438948872326,5.430169178926469,-0.0953429787470581,0.9827449517752574
63.54759142663599,5.431622865385292,-0.09388929228823528,0.983008038058907
63.35574390439965,5.432962045473528,-0.09255011219999965,0.9832504011286137
63.163896382163315,5.4344211839029395,-0.09109097377058806,0.9835144741028059
63.163896382163315,5.436012278755881,-0.08949987891764621,0.9838024283788148
62.97204885992697,5.437273486297057,-0.08823867137647046,0.9840306800784197
62.780201337690634,5.438355844847058,-0.08715631282646985,0.9842265639203359
62.58753043553053,5.4394752824176456,-0.086036875255882,0.9844291582751477
62.395682913294195,5.440858083891175,-0.08465407378235223,0.9846794158864008
62.20383539105786,5.442168364788234,-0.08334379288529359,0.9849165488180945
62.01198786882152,5.443485733247058,-0.0820264244264699,0.9851549644474936
61.82014034658517,5.444975408332351,-0.08053674934117616,0.9854245639059303
61.62252916488251,5.446357119411764,-0.07915503826176362,0.9856746241790749
61.62252916488251,5.447653223311763,-0.07785893436176483,0.9859091913762892
61.429858262722405,5.448711589444116,-0.0768005682294115,0.9861007331016809
61.23883412040983,5.44986974162647,-0.07564241604705746,0.986310333976551
61.04039955878339,5.451094415344117,-0.07441774232941079,0.9865319738323146
60.849375416470814,5.452368162417646,-0.07314399525588122,0.9867624949201672
60.65752789423448,5.454010513288235,-0.07150164438529227,0.987059725443551
60.46568037199813,5.455798993832351,-0.06971316384117632,0.9873834023250926
60.273832849761796,5.457595109008822,-0.0679170486647056,0.9877084609124629
60.08116194760169,5.45887376472941,-0.06663839294411744,0.9879398703608726
60.08116194760169,5.460004653311763,-0.06550750436176411,0.9881445371048925
59.88931442536535,5.461292577382353,-0.0642195802911747,0.9883776239272245
59.697466903129005,5.462374935932352,-0.06313722174117586,0.9885735077691405
59.50561938089267,5.463454568497058,-0.06205758917646964,0.9887688982657856
59.312948478732565,5.464987864967646,-0.06052429270588178,0.9890463922657687
59.12192433641998,5.4664344619911756,-0.059077695682351994,0.9893081955126444
58.93007681418364,5.467667315538234,-0.057844842135293284,0.9895313157432906
58.73740591202354,5.468821649467646,-0.05669050820588151,0.989740225595712
58.5455583897872,5.4700234211617635,-0.055488736511764,0.9899577206730593
58.5455583897872,5.4709940011999985,-0.05451815647352909,0.9901333749853727
58.353710867550866,5.471958035126469,-0.053554122547058824,0.9903078445908972
58.16186334531452,5.47326286405294,-0.05224929362058717,0.9905439908320487
57.970015823078185,5.474808701929411,-0.05070345574411661,0.9908237545593485
57.77816830084185,5.476260752797058,-0.049251404876469174,0.9910865448358355
57.585497398681746,5.477565034652939,-0.04794712302058812,0.9913225920688634
57.39447325636916,5.47933388810294,-0.04617826957058746,0.9916427168644525
57.20180235420906,5.481036216270587,-0.044475941402940755,0.9919508020010099
57.005014552430154,5.48234922315294,-0.043162934520587726,0.992188428277975
57.005014552430154,5.483709669673528,-0.041802487999999194,0.9924346401189352
56.81316703019382,5.485060300773529,-0.04045185689999897,0.99267907557785
56.62131950795748,5.486192823073528,-0.039319334599999145,0.9928840379899636
56.42864860579736,5.48720593222941,-0.038306225444117104,0.9930673891666459
56.236801083561026,5.488300832185293,-0.03721132548823469,0.9932655427358787
56.04495356132469,5.489639467076469,-0.03587269059705811,0.9935078071365312
55.85310603908834,5.490971014405881,-0.03454114326764657,0.9937487888394784
55.661258516852,5.491943773358823,-0.033568384314704325,0.99392483748894
55.4685876146919,5.492965062344117,-0.03254709532941025,0.994109669040505
55.27674009245556,5.494383852444116,-0.031128305229411346,0.9943664398265449
55.27674009245556,5.4955703567470575,-0.02994180092647003,0.9945811718313047
55.08571595014298,5.496297199976469,-0.029214957697058175,0.9947127149731295
54.89304504798288,5.496884454023529,-0.028627703649998892,0.9948189954463782
54.701197525746544,5.498043696599998,-0.027468461073529404,0.9950287936593565
54.50935000351021,5.499229110508823,-0.02628304716470442,0.9952433283260079
54.31750248127387,5.5002509446911745,-0.025261212982353065,0.9954282585466269
54.12565495903752,5.5013218522294105,-0.024190305444117044,0.9956220699993352
53.932984056877416,5.502475095764704,-0.023037061908823375,0.995830782513648
53.74195991456484,5.503440767155881,-0.022071390517646172,0.9960055484654043
53.74195991456484,5.504233043399998,-0.02127911427352913,0.9961489335890832
53.54928901240474,5.505129465397057,-0.020382692276470493,0.9963111668756055
53.35826487009216,5.5061518429029395,-0.019360314770588083,0.9964961954262102
53.165593967932054,5.507405962882352,-0.01810619479117559,0.9967231644281099
52.97374644569572,5.508547210208822,-0.01696494746470556,0.9969297058841603
52.78189892345937,5.509582674317645,-0.01592948335588229,0.9971171028311357
52.58922802129927,5.510648129885293,-0.014864027788234146,0.9973099275933016
52.39738049906293,5.511737032673527,-0.013775125000000443,0.9975069958029374
52.205532976826596,5.5127539582088225,-0.012758199464705022,0.9976910376629998
52.205532976826596,5.513827593605881,-0.011684564067646619,0.997885342800048
52.01450883451402,5.515074077079411,-0.010438080594116883,0.9981109297570505
51.821837932353915,5.5161864252147055,-0.009325732458822067,0.9983122410750882
51.62999041011757,5.5172927761823525,-0.00821938149117507,0.9985124670335291
51.438142887881234,5.518222458947058,-0.007289698726469673,0.9986807198104982
51.24547198572113,5.519123244394116,-0.00638891327941149,0.9988437427885234
51.054447843408546,5.520131990099999,-0.005380167573528105,0.9990263042737031
50.8626003211722,5.521126560682352,-0.004385596991175689,0.9992063003634721
50.66992941901211,5.522529538194116,-0.0029826194794111416,0.9994602094078702
50.47808189677576,5.523919974299999,-0.0015921833735283997,0.9997118487249517
50.47808189677576,5.52511574882647,-0.00039640884705782753,0.9999282584427025
50.28541099461567,5.5260699692058814,0.0005578115323539024,1.0001009520052506
50.09438685230309,5.526627233667646,0.0011150759941180866,1.0002018050023778
49.89759905052417,5.52705254357941,0.0015403859058826797,1.0002787770367574
49.704928148364075,5.5279326077911755,0.00242045011764791,1.0004380499125836
49.51308062612773,5.529086941720586,0.003574784047058799,1.0006469597650047
49.321233103891394,5.529878670894116,0.004366513220588786,1.0007902458805606
49.12938558165506,5.530506275144116,0.004994117470588755,1.0009038288810301
48.93753805941872,5.531290916755881,0.005778759082353702,1.0010458322988809
48.93753805941872,5.532238594770587,0.006726437097059446,1.001217341832778
48.74486715725862,5.533243525970588,0.007731368297060115,1.0013992129736469
48.55301963502228,5.533818238611763,0.008306080938235816,1.001503223719579
48.36199549270969,5.53438858967647,0.008876432002942636,1.001606445113077
48.16932459054959,5.535175957273529,0.009663799600001077,1.001748941876199
47.97747706831325,5.536145990241176,0.01063383256764805,1.0019244971803891
47.78562954607691,5.537004244697058,0.011492087023530217,1.0020798229549763
47.59295864391681,5.537854317449998,0.012342159776470574,1.002233668015612
47.396170842137906,5.538516274735294,0.013004117061766074,1.002353468183706
47.396170842137906,5.5393085509794115,0.013796393305884003,1.0024968533073852
47.20432331990156,5.540210424947058,0.014698267273530519,1.00266007328445
47.01247579766522,5.540930725811763,0.0154185681382355,1.0027904323976236
46.81980489550512,5.541364213679411,0.01585205600588324,1.0028688844678169
46.62878075319254,5.541653205591175,0.01614104791764781,1.0029211858479457
46.4369332309562,5.542261180873529,0.016749023200001822,1.0030312164233937
46.2442623287961,5.542734473747058,0.017222316073530308,1.0031168723517534
46.05241480655976,5.543205040635293,0.0176928829617653,1.003202034934842
45.860567284323416,5.54387899412941,0.018366836455882662,1.0033240061611983
45.860567284323416,5.5449030091,0.01939085142647201,1.0035093310580347
45.66871976208708,5.546361602332351,0.020849444658823657,1.0037733053631723
45.4711085803844,5.546977210373528,0.021465052700000875,1.0038847173053798
45.279261058148066,5.546611336308822,0.021099178635294535,1.0038185018932577
45.08741353591173,5.5465208204823515,0.021008662808823964,1.0038021204567704
44.895566013675385,5.547365988335293,0.021853830661765272,1.0039550778349868
44.70289511151528,5.548308212505881,0.022796054832353363,1.0041256003392727
44.511047589278945,5.5491833680705875,0.023671210397059994,1.0042839848545417
44.32002344696637,5.549956015347057,0.0244438576735293,1.0044238175531988
44.32002344696637,5.551012200691175,0.0255000430176473,1.0046149646023734
44.127352544806264,5.551922254488234,0.02641009681470674,1.004779664954321
43.930564743027354,5.55253350095294,0.027021343279412413,1.0048902875440944
43.73789384086725,5.553072226841175,0.02756006916764786,1.0049877854543083
43.546046318630914,5.553737453435294,0.028225295761766134,1.005108177297659
43.35419879639457,5.554588073258822,0.029075915585294432,1.0052621213664177
43.16235127415823,5.555354176297057,0.029842018623529754,1.005400769697355
42.970503751921896,5.555907624379411,0.030395466705883223,1.0055009320111026
42.77783284976179,5.556495423623528,0.03098326595000067,1.0056073111534056
42.77783284976179,5.556983438691176,0.03147128101764807,1.005695631485299
42.58351518775417,5.557470910435294,0.031958752761766185,1.0057838534872072
42.389197525746546,5.557949110082351,0.032436952408823494,1.005870397437055
42.19735000351021,5.558344975605881,0.03283281793235382,1.0059420406643675
42.00550248127386,5.558820449267646,0.03330829159411852,1.0060280912689445
41.81365495903752,5.559470955541176,0.03395879786764855,1.0061458190478305
41.62098405687742,5.56012364260294,0.03461148492941213,1.006263941502933
41.42913653464108,5.560594209491176,0.035082051817648896,1.006349104086022
41.23728901240474,5.561154745135293,0.03564258746176563,1.0064505490974744
41.0454414901684,5.561757813644117,0.03624565597058904,1.006559691651434
41.0454414901684,5.56238378230294,0.036871624629412736,1.006672978644741
40.85359396793205,5.562755110211763,0.03724295253823584,1.0067401810864745
40.65598278622939,5.562935047723529,0.0374228900500011,1.0067727459432028
40.46413526399305,5.563168423914704,0.037656266241176795,1.0068149820625916
40.272287741756706,5.563418156017646,0.037905998344118785,1.006860178253608
40.08044021952037,5.563848919773529,0.03833676210000103,1.006938137317599
39.88859269728402,5.5646531903529395,0.039141032679411936,1.0070836931604712
39.69592179512392,5.56518046522941,0.0396683075558828,1.0071791186814771
39.50407427288758,5.565514715991175,0.04000255831764754,1.007239610949384
39.50407427288758,5.562969945955881,0.03745778828235302,1.006779061779881
39.31140337072748,5.561735456817646,0.03622329914411804,1.006555645542072
39.120379228414905,5.563474318808822,0.037962161135294714,1.006870342522471
38.92853170617857,5.5653456824205865,0.039833524747058924,1.0072090194737406
38.735860804018465,5.566592165894116,0.04108000822058866,1.0074346064307431
38.54401328178213,5.567257394361764,0.04174523668823671,1.0075549986131627
38.352989139469535,5.567356088144116,0.04184393047058865,1.0075728600854634
38.16031823730944,5.567465687741175,0.041953530067647016,1.0075926952779182
37.968470715073096,5.567913897802939,0.04240174012941189,1.0076738117516448
37.968470715073096,5.568239968735294,0.042727811061766374,1.0077328236446694
37.775799812913,5.568662552661763,0.043150394988235696,1.0078093023337775
37.58477567060042,5.568844670961763,0.0433325132882354,1.0078422618667227
37.39292814836407,5.569108581935293,0.04359642426176524,1.0078900241312874
37.201080626127734,5.569738366973528,0.04422620930000054,1.008004001807974
37.0092331038914,5.570304356461763,0.044792198788235815,1.008106433849038
36.816562201731294,5.570304356461763,0.044792198788235815,1.008106433849038
36.62471467949496,5.570293450647058,0.044781292973530284,1.0081044601288842
36.43286715725861,5.57037415105294,0.044861993379412546,1.008119065183326
36.43286715725861,5.570565539576469,0.0450533819029415,1.0081537024292624
36.241019635022276,5.570449942811764,0.04493778513823621,1.008132781877211
36.048348732862166,5.570400869455881,0.04488871178235332,1.008123900645122
35.85732459054959,5.570480477594117,0.04496831992058947,1.0081383080223867
35.66547706831325,5.57081527355294,0.04530311587941238,1.0081988989593478
35.473629546076914,5.570924327952939,0.04541217027941169,1.008218635482748
35.28178202384058,5.570885613341175,0.04537345566764728,1.00821162896269
35.089111121680475,5.571007209147058,0.04549505147353017,1.0082336352134071
34.89726359944412,5.570915057729411,0.04540290005588332,1.0082169577697573
34.705416077207786,5.571071004697058,0.04555884702353019,1.0082451808490296
34.705416077207786,5.570917783714705,0.045405626041177705,1.0082174511150284
34.51356855497145,5.570942321329412,0.04543016365588404,1.0082218919006074
34.321721032735105,5.57106064407941,0.045548486405882826,1.00824330579793
34.12987351049877,5.571160428255881,0.04564827058235377,1.0082613646083396
33.93802598826243,5.571098268297058,0.04558611062353002,1.0082501149798797
33.74535508610232,5.5709194193058815,0.04540726163235398,1.0082177471221911
33.55350756386598,5.570767835788234,0.045255678114706654,1.0081903137344215
33.36166004162964,5.570659326585292,0.045147168911764624,1.008170675880075
33.16898913946954,5.570738391399998,0.04522623372647061,1.0081849849273543
33.16898913946954,5.570750385735292,0.045238228061764474,1.0081871556465476
32.97796499715697,5.57072421440294,0.04521205672941253,1.008182419192875
32.785294094996864,5.570744388567646,0.04523223089411843,1.0081860702869512
32.59426995268428,5.570777649335293,0.04526549166176519,1.008192089777398
32.402422430447935,5.570756929973529,0.045244772300001124,1.0081883400142677
32.2105749082116,5.570674048779411,0.045161891105883534,1.0081733402836088
32.017904006051495,5.570595529161763,0.04508337148823571,1.0081591299053838
31.826056483815158,5.570662052570587,0.045149894897059895,1.0081711692253466
31.63420896157882,5.570413410861763,0.044901253188235124,1.0081261703724385
31.63420896157882,5.570098245744116,0.044586088070588836,1.008069132199568
31.44236143934248,5.5698566915970575,0.044344533923529994,1.0080254160443656
31.250513917106133,5.569849602161763,0.04433744448823518,1.0080241330075912
31.058666394869793,5.569686022435293,0.0441738647617651,1.0079945285615595
30.865995492709693,5.569463006861763,0.043950849188235885,1.0079541674932702
30.674971350397115,5.569340865858822,0.04382870818529483,1.0079320625734989
30.482300448237016,5.569235629711764,0.04372347203823601,1.007913017072547
30.290452926000675,5.569297244473528,0.043785086800000705,1.0079241680319524
30.098605403764328,5.569180012117646,0.04366785444411825,1.007902951472738
29.905934501604225,5.568925371367646,0.043413213694118546,1.0078568669211647
29.905934501604225,5.568765062823529,0.04325290515000102,1.0078278544894583
29.714086979367888,5.568827222782351,0.04331506510882388,1.007839104117918
29.52306283705531,5.568660371873529,0.043148214200001256,1.0078089076575607
29.331215314818973,5.568092201597057,0.042580043923529765,1.0077060809402794
29.13854441265887,5.567925894011764,0.04241373633823642,1.0076759828099073
28.946696890422523,5.567926439208822,0.042414281535294585,1.0076760814789616
28.754849368186182,5.567838106044117,0.04232594837058912,1.0076600950577603
28.563001845949845,5.567742683444116,0.042230525770588834,1.0076428255997847
28.370330943789742,5.573271708549998,0.04775955087647077,1.0086434613685802
28.370330943789742,5.576279957911763,0.05076780023823524,1.0091878904234663
28.179306801477168,5.572922737467647,0.047410579794119556,1.0085803050362088
27.987459279240827,5.56920564012647,0.04369348245294269,1.0079075895964256
27.794788377080728,5.567225769185293,0.041713611511765336,1.0075492751298785
27.60376423476814,5.566282452747058,0.04077029507353025,1.007378554948415
27.41109333260804,5.565913852697058,0.040401695023530415,1.007311846191022
27.2192458103717,5.565654303299999,0.040142145626471226,1.0072648732788914
27.027398288135362,5.5655523383352925,0.04004018066176496,1.0072464197922648
26.835550765899022,5.565463459973527,0.03995130229999955,1.007230334702009
26.835550765899022,5.565319509214704,0.03980735154117632,1.0072042826809988
26.643703243662674,5.565073048294116,0.03956089062058865,1.0071596785043082
26.451855721426334,5.564541409967645,0.039029252294117356,1.0070634632917992
26.259184819266235,5.564203889897058,0.03869173222353073,1.007002379348636
26.067337297029894,5.563863096770587,0.03835093909705911,1.006940703052078
25.875489774793557,5.563610091611763,0.038097933938235684,1.0068949145076673
25.683642252557217,5.563265482105881,0.03775332443235335,1.0068325475277298
25.49179473032088,5.562815089382352,0.03730293170882426,1.0067510360387173
25.299947208084532,5.562257279723527,0.036745122049999246,1.0066500843725354
25.10809968584819,5.561937751155882,0.0364255934823543,1.0065922565081624
25.10809968584819,5.561541887505881,0.03602972983235375,1.006520613619919
24.91542878368809,5.561140568138234,0.03562841046470666,1.0064479833629951
24.723581261451752,5.561059869605882,0.035547711932354176,1.0064333786476223
24.53173373921541,5.560973172032352,0.035461014358824094,1.0064176882335836
24.339886216979075,5.560717440888235,0.03520528321470717,1.0063714063439018
24.148038694742727,5.560331934108822,0.034819776435294436,1.0063016378286198
23.956191172506387,5.5598444642382345,0.03433230656470698,1.0062134161657807
23.75857999080372,5.559321007614704,0.03380884994117661,1.0061186816672234
23.56590908864362,5.559281747805882,0.03376959013235403,1.006111576478111
23.56590908864362,5.559097992041177,0.03358583436764917,1.0060783205989343
23.374884946331044,5.558489471561764,0.032977313888236104,1.005968191354432
23.182214044170944,5.557955654320587,0.032443496647059256,1.005871581804775
22.991189901858355,5.557864048099999,0.032351890426471464,1.0058550030301794
22.798518999698256,5.557693924135293,0.032181766461765626,1.0058242142164275
22.606671477461916,5.557410929391175,0.0318987717176471,1.0057729981958954
22.41482395522558,5.5567533355558805,0.031241177882352922,1.0056539877193043
22.22297643298924,5.556058662699999,0.030546505026471493,1.005528266729818
22.03030553082914,5.555561377408822,0.03004921973529484,1.0054382686849335
22.03030553082914,5.555304010673528,0.029791853000000756,1.0053916907880887
21.83928138851655,5.555091355717646,0.029579198044118016,1.0053532047708988
21.647433866280213,5.554925595202939,0.029413437529411723,1.0053232056486499
21.455586344043873,5.554790912794117,0.02927875512058975,1.0052988310015623
21.263738821807536,5.554617517647057,0.029105359973529588,1.0052674501734848
21.071067919647433,5.554277814914705,0.028765657241177855,1.0052059712150356
20.879220397411096,5.5539435660264695,0.028431408352942,1.0051454792861976
20.687372875174745,5.5535716929205865,0.028059535247058953,1.0050781781754097
20.495525352938408,5.553382483311764,0.027870325638236437,1.0050439352666216
20.495525352938408,5.5531998179411755,0.027687660267647907,1.0050108767255532
20.303677830702068,5.552736340488235,0.02722418281470773,1.004926997179239
20.11183030846573,5.5521943434176455,0.02668218574411796,1.0048289072546992
19.919159406305628,5.551895536085293,0.02638337841176508,1.004774829492525
19.72731188406929,5.551285925211763,0.02577376753823568,1.0046645029099144
19.53546436183295,5.549869862970587,0.024357705297059162,1.0044082258082145
19.343616839596603,5.549714461199999,0.024202303526471347,1.0043801013979963
19.151769317360262,5.549972373132352,0.024460215458824486,1.0044267779638953
18.959921795123925,5.549733544970588,0.024221387297060026,1.004383555153964
18.768074272887585,5.549430921258823,0.023918763585295544,1.00432878670841
18.768074272887585,5.54912775047647,0.02361559280294223,1.004273919254733
18.576226750651248,5.54885457115294,0.023342413479412016,1.004224479616246
18.383555848491145,5.548455979644117,0.022943821970589084,1.0041523430436627
18.19253170617856,5.5482204245382345,0.02270826686470695,1.0041097125871257
17.999860804018457,5.548073745920587,0.02256158824705956,1.0040831668817753
17.80801328178212,5.547809291623528,0.022297133950000436,1.0040353062872254
17.61616575954578,5.547354537323528,0.021842379650000687,1.0039530054457788
17.424318237309443,5.546870338635292,0.021358180961764894,1.003865375797265
17.232470715073102,5.546313619370587,0.020801461697059764,1.0037646214691922
17.232470715073102,5.545865407435293,0.020353249761765113,1.0036835046563963
17.039799812912992,5.5456794708823525,0.020167313208824922,1.0036498541010026
16.847952290676652,5.5452934207794105,0.019781263105882907,1.0035799872557356
16.656104768440315,5.544881742667647,0.019369584994119116,1.0035054822867813
16.464257246203974,5.5445943863470575,0.019082228673529933,1.003453476913815
16.272409723967638,5.544173983208823,0.01866182553529505,1.0033773929009238
16.080562201731297,5.543918799135293,0.018406641461765183,1.003331210019365
15.88871467949495,5.543597089779411,0.018084932105883134,1.0032729874787747
15.696043777334848,5.543442233205882,0.017930075532354373,1.003244961737611
15.696043777334848,5.543089443870587,0.017577286197059117,1.0031811143827905
15.50419625509851,5.542713209188235,0.01720105151470719,1.0031130239195691
15.312348732862171,5.542464020408823,0.016951862735295364,1.003067926058538
15.120501210625832,5.542083969347058,0.016571811673530057,1.0029991449119366
14.928653688389494,5.54155996565294,0.01604780797941263,1.002904311405256
14.736806166153155,5.541339130867647,0.01582697319411963,1.002864345013184
14.544135263993043,5.541045232182352,0.015533074508824463,1.0028111556115669
14.353111121680467,5.54066899562647,0.015156837952942759,1.0027430648092763
14.161263599444128,5.540258407908823,0.0147462502352953,1.0026687571784303
13.96941607720779,5.539883263620586,0.014371105947058815,1.0026008640533168
13.96941607720779,5.539645525852941,0.014133368179413353,1.0025578385814944
13.776745175047688,5.5395212059352925,0.014009048261764967,1.0025353393245746
13.584074272887587,5.539445957499999,0.013933799826471471,1.0025217209606754
13.393050130575,5.539182593597057,0.013670435923529567,1.0024740577042337
13.201202608338662,5.538731110479411,0.013218952805883255,1.0023923488771127
13.009355086102323,5.538378321144116,0.012866163470588887,1.0023285015222925
12.817507563865984,5.538213105826469,0.012700948152941649,1.002298601069098
12.625660041629645,5.537898485905881,0.012386328232353527,1.0022416615652816
12.432989139469544,5.5374513643647045,0.011939206691176985,1.0021607420905945
12.432989139469544,5.537333586811763,0.011821429138235473,1.002139426862326
12.241964997156957,5.5373444926264686,0.011832334952941004,1.0021414005824798
12.049294094996856,5.537209265020587,0.011697107347059088,1.0021169272663377
11.857446572760518,5.536729429782352,0.011217272108824616,1.0020300873093269
11.665599050524179,5.536392453035293,0.01088029536176549,1.0019691016961487
11.47375152828784,5.536184159655882,0.010672001982354296,1.001931405031393
11.276140346585164,5.536059292667646,0.010547134994118856,1.0019088067663504
11.084292824348825,5.535462223199999,0.009950065526471263,1.0018007499110564
10.892445302112487,5.534791542761764,0.009279385088236225,1.0016793710380945
10.892445302112487,5.534364597258823,0.008852439585295357,1.0016021029965523
10.694834120409821,5.534082147711763,0.008569990038235886,1.0015509856450744
10.502986598173482,5.533841140635293,0.008328982961765874,1.0015073684979952
10.311139075937144,5.533758804638234,0.00824664696470645,1.0014924674363903
10.119291553700796,5.5334201922999995,0.007908034626471938,1.0014311858160496
9.926620651540693,5.5329692543794105,0.007457096705882904,1.0013495756579827
9.734773129304354,5.532586475458823,0.007074317785295214,1.0012803008270412
9.542925607068016,5.532283851747058,0.006771694073530732,1.0012255323814874
9.351078084831677,5.531953964435294,0.006441806761766422,1.0011658298050834
9.351078084831677,5.531762575911763,0.006250418238235689,1.0011311925591468
9.159230562595338,5.531663336932351,0.006151179258823802,1.0011132324177916
8.96738304035899,5.531679149520587,0.006166991847059045,1.0011160941594337
8.77471213819889,5.531794746285293,0.006282588611765227,1.0011370147114853
8.583687995886313,5.5316922361235275,0.006180078449999904,1.0011184625558045
8.391840473649975,5.531290371558822,0.005778213885294647,1.0010457336298266
8.199992951413636,5.530925042691175,0.005412885017647362,1.0009796168867586
8.007322049253535,5.530534629138233,0.005022471464705802,1.0009089603499888
7.815474527017185,5.530216738035294,0.00470458036176602,1.0008514288318473
7.623627004780846,5.530002447488234,0.0044902898147061165,1.0008126468074947
7.623627004780846,5.529967004058823,0.004454846385295141,1.000806232301762
7.431779482544507,5.529903208508822,0.00439105083529423,1.0007946866661395
7.239931960308168,5.529632209973528,0.004120052300000232,1.0007456417038696
7.04808443807183,5.52961312620294,0.004100968529412441,1.0007421879479022
6.855413535911729,5.529566776958822,0.004054619285294159,1.0007337997220156
6.6643893935991425,5.529272878273529,0.0037607206000016546,1.000680610320399
6.4717184914390415,5.529138741061763,0.0036265833882351828,1.0006563343423647
6.279870969202703,5.529179636461764,0.0036674787882367,1.0006637355386403
6.087200067042601,5.529065130091175,0.0035529724176477373,1.000643012324697
6.087200067042601,5.528895551323528,0.003383393650000066,1.0006123221799994
5.895352544806262,5.528536764820587,0.0030246071470596547,1.0005473894655827
5.704328402493687,5.528164891714704,0.0026527340411766076,1.0004800883547948
5.512480880257337,5.5279887687088225,0.002476611035294951,1.0004482138423776
5.319809978097236,5.528128357891175,0.002616200217647524,1.0004734765109538
5.127962455860898,5.528278307691175,0.002766150017647462,1.0005006142306294
4.936114933624559,5.528108728923529,0.002596571250001567,1.000469924085932
4.74426741138822,5.527923882764705,0.0024117250911777077,1.0004364708686466
4.551596509228119,5.527697596008823,0.0021854383352950535,1.0003955177860318
4.551596509228119,5.527481124673528,0.00196896700000071,1.0003563410854623
4.360572366915543,5.527140876744117,0.0016287190705890353,1.0002947634579589
4.168724844679193,5.527042182961763,0.001530025288235315,1.0002769019856577
3.9760539425190924,5.5269685719911745,0.0014564143176469813,1.0002635799679898
3.785029800206516,5.526813170220587,0.001301012547059166,1.0002354555577717
3.593182277970177,5.526735195799999,0.0012230381264712875,1.000221343848601
3.4005113758100762,5.526434752876471,0.0009225952029430218,1.0001669700792644
3.2086638535737375,5.526264083714704,0.000751926041176354,1.000136082596458
3.0168163313373886,5.526217736344117,0.0007055786705896239,1.0001276947096407
2.82496880910105,5.525957098426469,0.00044494075294121416,1.00008052479847
2.82496880910105,5.525952189779411,0.0004400321058835033,1.0000796364379132
2.6273576273983843,5.526038342155881,0.0005261844823536421,1.0000952281828976
2.4355101051620456,5.525935831994117,0.00042367432058920684,1.0000766760272168
2.243662582925707,5.525816418849999,0.0003042611764714209,1.0000550647917856
2.0509916807656055,5.5258344122264695,0.0003222545529419918,1.0000583212096448
1.859967538453019,5.525858404644116,0.00034624697058838194,1.0000626633261693
1.6681200162166803,5.52592056460294,0.00040840692941213064,1.000073912954629
1.475449114056579,5.525984907223528,0.00047274955000009555,1.0000855575983745
1.2836015918202404,5.525899300044116,0.00038714237058812273,1.0000700645224443
1.2836015918202404,5.5256266640441165,0.00011450637058896262,1.000020723213943
1.0917540695839016,5.525449997714705,-6.215995882286052e-05,0.9999887503715404
0.899906547347563,5.5257122712235285,0.00020011355000093545,1.0000362162898733
0.7080590251112139,5.525784248476469,0.00027209080294188226,1.0000492426394474
0.5162115028748752,5.525768435888234,0.00025627821470664003,1.0000463808978053
0.32354060071477403,5.525711182702939,0.00019902502941171463,1.0000360192908335
0.1316930784784353,5.525469628555881,-4.2529117646239456e-05,0.9999923031356311
-0.06015444375790339,5.5255121576735275,0.0,1.0
-0.25200196599424207,5.525829505452941,0.0003173477794131685,1.0000574331881567
-0.25200196599424207,5.526173024564705,0.0006608668911773918,1.0001196028299855
-0.4438494882305912,5.5263049791147045,0.0007928214411769829,1.0001434837927332
-0.63569701046693,5.526316975323529,0.0008048176500015103,1.0001456548509957
-0.828367912627031,5.526236820114705,0.000724662441177415,1.0001311484656081
-1.0193920549396074,5.526228096961764,0.0007159392882361004,1.00012956976074
-1.2170032366422727,5.52625699615294,0.000744838479412202,1.0001347998987529
-1.409674138802374,5.5262193719352934,0.0007072142617658983,1.0001279907168033
-1.6006982811149606,5.526413488317646,0.0009013306441181257,1.0001631216470797
-1.7925458033512993,5.526474012685293,0.0009618550117656,1.0001740752683768
-1.7925458033512993,5.5263758640999985,0.0008637064264709338,1.0001563124651298
-1.9852167055114005,5.526393857476471,0.000881699802943281,1.0001595688829892
-2.177064227747739,5.526589609449998,0.0010774517764708946,1.0001949958204281
-2.3689117499840777,5.526857881999999,0.001345724326471398,1.0002435474374267
-2.561582652144179,5.526849702170587,0.001337544497059362,1.000242067062544
-2.752606794456766,5.526706841805882,0.00119468413235424,1.0002162123796425
-2.9444543166931045,5.526625598076469,0.0011134404029418121,1.0002015089952152
-3.1371252188532055,5.526580339226469,0.0010681815529416383,1.000193318107437
-3.328972741089544,5.526491460864705,0.0009793031911771166,1.0001772330171814
-3.328972741089544,5.526517634070587,0.0010054763970597236,1.000181969809923
-3.520820263325883,5.526514362888235,0.0010022052147071747,1.0001813777955977
-3.7176080651047965,5.526464197264705,0.0009520395911772894,1.0001722988863313
-3.909455587341135,5.526677942614705,0.0011657849411772503,1.0002109822416296
-4.102126489501236,5.527032367541175,0.0015202098676478926,1.0002751256036124
-4.294797391661337,5.527385702073528,0.0018735444000004264,1.0003390716274867
-4.485821533973914,5.52750293442941,0.0019907767558828837,1.000360288186701
-4.677669056210252,5.527411330082352,0.0018991724088248674,1.0003437097511743
-4.869516578446591,5.527429323458822,0.00191716578529455,1.0003469661690332
-4.869516578446591,5.527449499497058,0.0019373418235302253,1.0003506176021781
-5.06136410068293,5.527623439841175,0.0021112821676476656,1.0003820970993098
-5.2532116229192685,5.5278311861499985,0.002319028476470919,1.0004196947559423
-5.445059145155628,5.527801196564704,0.002289038891176709,1.0004142672798209
-5.6377300473157295,5.528204696720587,0.002692539047059128,1.0004872922129617
-5.829577569552068,5.528619646014705,0.0031074883411772447,1.0005623891962416
-6.027188751254723,5.528844297179411,0.0033321395058836245,1.0006030462716937
-6.223976553033636,5.529003515329411,0.003491357655883043,1.0006318613652916
-6.416647455193737,5.529190542276469,0.0036783846029413425,1.0006657092587938
-6.416647455193737,5.529448454208823,0.003936296535295369,1.000712385824693
-6.608494977430076,5.529512794955882,0.004000637282354447,1.0007240301293698
-6.800342499666415,5.529660563967647,0.004148406294119056,1.0007507731728285
-6.992190021902753,5.529771799155881,0.004259641482353693,1.000770904372446
-7.184860924062855,5.529615306991176,0.004103149317648658,1.0007425826241194
-7.376708446299194,5.529730903755881,0.004218746082353064,1.0007635031761706
-7.567732588611791,5.5300875094705875,0.004575351797059923,1.0008280412143706
-7.760403490771892,5.530499732779411,0.004987575105883657,1.0009026448523795
-7.9522510130082305,5.530620236317645,0.005108078644117775,1.000924453425919
-8.144098535244568,5.530618600726469,0.005106443052941501,1.0009241574187562
-8.144098535244568,5.5307854535088214,0.005273295835293901,1.0009543542181825
-8.335946057480907,5.531040094258822,0.005527936585294491,1.001000438769756
-8.527793579717246,5.5312920071499985,0.005779849476470922,1.0010460296369892
-8.719641101953584,5.53125983677647,0.005747679102942271,1.001040207484651
-8.911488624189923,5.531164416049998,0.005652258376470876,1.0010229383657443
-9.104159526350026,5.531468130155881,0.0059559724823534665,1.0010779041494067
-9.296007048586365,5.5318078328882345,0.006295675214706975,1.001139383107856
-9.487854570822703,5.532177525205882,0.0066653675323546935,1.001206289542427
-9.67970209305904,5.532300209532352,0.00678805185882414,1.0012284927921835
-9.67970209305904,5.5325777523058814,0.0070655946323539,1.001278722122173
-9.871549615295379,5.5327778658558815,0.007265708182353947,1.0013149384120463
-10.063397137531739,5.533039048970587,0.007526891297059635,1.0013622069922707
-10.255244659768078,5.533547240076469,0.008035082402941818,1.001454178757309
-10.447092182004416,5.5339332901794105,0.008421132505882944,1.001524045602576
-10.638939704240755,5.534260451505881,0.00874829383235376,1.001583254833709
-10.831610606400856,5.53443439185,0.008922234176472088,1.0016147343308406
-11.023458128637195,5.534480195897058,0.008968038223530428,1.0016230238876727
-11.215305650873534,5.534477468038235,0.008965310364707157,1.0016225302033326
-11.215305650873534,5.534781184017646,0.009269026344118636,1.001677496326064
-11.407153173109872,5.535158509094117,0.00964635142058956,1.001745784127394
-11.599824075269973,5.535398972847057,0.009886815173529406,1.001789302944488
-11.79084821758255,5.535641617388235,0.010129459714707245,1.0018332164377994
-11.982695739818888,5.53584336652941,0.010331208855882679,1.001869728734835
-12.174543262055227,5.536254499444117,0.010742341770589192,1.0019441350347353
-12.367214164215328,5.536504233420588,0.01099207574706007,1.0019893315648207
-12.559061686451688,5.536635642773528,0.011123485100000607,1.002013113858514
-12.750909208688027,5.537028782311763,0.011516624638235662,1.0020842637405551
-12.942756730924366,5.537410468964705,0.011898311291177244,1.0021533408943193
-12.942756730924366,5.537832507694117,0.012320350020589288,1.0022297209143733
-13.14036791262702,5.538247456988235,0.012735299314707405,1.0023048178976535
-13.32562839547328,5.538766553908822,0.01325439623529423,1.0023987633828453
-13.32562839547328,5.53907681037941,0.013564652705882807,1.0024549131951588
-13.32562839547328,5.53909971240294,0.013587554729412865,1.002459057973575
-13.32562839547328,5.539146059773528,0.013633902100000483,1.0024674458603926
-13.32562839547328,5.538998837832352,0.013486680158824704,1.002440801825057
-13.32562839547328,5.539185319582352,0.013673161908824838,1.0024745510495052
-13.32562839547328,5.5394639527499985,0.01395179507647093,1.002524977717603
-13.32562839547328,5.539405607297057,0.013893449623529897,1.0025144184334542
-13.32562839547328,5.539105709570587,0.013593551897059797,1.0024601433331717
-13.32562839547328,5.538864700620587,0.01335254294705912,1.0024165258470232
-13.32562839547328,5.53863132630294,0.013119168629412314,1.0023742900667032
-13.32562839547328,5.5384584763529405,0.012946318679412983,1.0023430079076803
-13.32562839547328,5.538538084491175,0.01302592681764736,1.0023574152849446
-13.32562839547328,5.5385789798911755,0.013066822217647989,1.00236481648122
-13.32562839547328,5.538411038588235,0.012898880914707256,1.0023344226827542
