Angle (degree),rho (mOhm cm),Delta rho (mOhm cm),rho/rho(theta=0)
105.24490547869365,7.49502644238356,-0.13773338622330922,0.9819549691964501
105.24490547869365,7.49502506217381,-0.13773476643305926,0.9819547883693599
105.24490547869365,7.495014018124318,-0.13774581048255108,0.9819533414419391
105.24490547869365,7.494948451046718,-0.13781137756015127,0.9819447512230574
105.24490547869365,7.495088558936783,-0.13767126967008636,0.9819631073476062
105.24490547869365,7.495265249499703,-0.137494579107166,0.9819862563221432
105.24490547869365,7.495446080691869,-0.13731374791500084,0.9820099477779503
105.24490547869365,7.495549610652071,-0.1372102179547987,0.9820235116739102
105.24490547869365,7.495493705042721,-0.13726612356414858,0.9820161872446598
105.24490547869365,7.495434346537501,-0.13732548206936812,0.9820084104369844
105.24490547869365,7.495399148817388,-0.13736067978948174,0.9820037990354856
105.08073583583649,7.495361188306279,-0.13739864030059046,0.9819988256691068
104.90716440726506,7.495412950914885,-0.13734687769198484,0.9820056073063872
104.73865547869363,7.4953404804170445,-0.13741934818982493,0.9819961126413554
104.73865547869363,7.495158959119999,-0.13760086948687,0.9819723307720027
104.56580726440794,7.494761406539181,-0.13799842206768798,0.9819202457346446
104.39657512155078,7.494303117614889,-0.13845671099198054,0.9818602033732206
104.22372690726507,7.493908325453573,-0.13885150315329664,0.9818084799900432
104.05521797869365,7.493717140316786,-0.13904268829008348,0.9817834320203599
103.8859858358365,7.4935521839082355,-0.1392076446986339,0.9817618203867889
103.71747690726507,7.493402412178428,-0.13935741642844146,0.9817421981619096
103.54462869297936,7.49325194797225,-0.1395078806346195,0.9817224852127854
103.3753965501222,7.492842663608559,-0.13991716499831064,0.9816688631451609
103.3753965501222,7.492556232141565,-0.14020359646530434,0.9816313365527585
103.20688762155078,7.492264279835573,-0.14049554877129644,0.9815930866519955
103.03837869297935,7.49197922857833,-0.1407806000285392,0.9815557408866834
102.86986976440792,7.4917169531534515,-0.14104287545341787,0.9815213790790583
102.7013608358365,7.49141809979871,-0.14134172880815932,0.9814822250428444
102.53285190726507,7.491088184610115,-0.14167164399675425,0.9814390014650033
102.36434297869363,7.490712030023407,-0.14204779858346228,0.9813897198689417
102.19077155012221,7.490281347665604,-0.14247848094126514,0.9813332943600205
102.02226262155078,7.489971447889876,-0.1427883807169934,0.9812926930856862
102.02226262155078,7.489747135347602,-0.14301269325926746,0.9812633049551397
101.83422690726506,7.489549049162068,-0.14321077944480098,0.9812373528500058
101.66499476440792,7.489354413500907,-0.1434054151059625,0.981211852812597
101.49720905012221,7.489095590971899,-0.1436642376349706,0.9811779433833971
101.32870012155078,7.488998962060448,-0.14376086654642162,0.9811652836228884
101.16019119297935,7.489073505244408,-0.143686323362461,0.981175049839255
100.99095905012221,7.488972045598833,-0.14378778300803674,0.9811617571839306
100.82245012155079,7.488624877788364,-0.14413495081850503,0.9811162732674621
100.82245012155079,7.488378477147106,-0.1443813514597636,0.9810839912820739
100.65394119297936,7.48817210970307,-0.14458771890379918,0.9810569542143985
100.48543226440793,7.4880271663358915,-0.14473266227097792,0.9810379645736351
100.3169233358365,7.487896719914075,-0.14486310869279428,0.9810208742387175
100.14841440726508,7.487619952286826,-0.14513987632004355,0.980984613746646
99.97990547869362,7.487039498199215,-0.14572033040765398,0.9809085660128454
99.81067333583648,7.486682666549005,-0.14607716205786403,0.9808618159960464
99.64216440726506,7.486577756379053,-0.1461820722278162,0.9808480712729962
99.47365547869363,7.486361034990402,-0.14639879361646724,0.9808196776914455
99.3051465501222,7.4860111067604365,-0.14674872184643295,0.9807738321207969
99.3051465501222,7.485610791388625,-0.14714903721824424,0.9807213851185591
99.13663762155078,7.485334713866247,-0.14742511474062248,0.9806852150400321
98.96812869297935,7.48518632234619,-0.1475735062606791,0.980665773642243
98.79889655012221,7.484961317327546,-0.14779851127932364,0.9806362947874517
98.63038762155078,7.484690070539294,-0.14806975806757539,0.9806007576037407
98.46187869297935,7.48444021937366,-0.14831960923320953,0.9805680235506269
98.29336976440793,7.484300111483593,-0.1484597171232762,0.9805496674260779
98.1248608358365,7.484063374682076,-0.14869645392479303,0.9805186515410202
97.95635190726507,7.483714134185489,-0.14904569442138005,0.9804728960732171
97.95635190726507,7.483462212705231,-0.1492976159016388,0.9804398907794681
97.78784297869363,7.483242040792204,-0.1495177878146654,0.9804110451301917
97.6193340501222,7.482945945485469,-0.14981388312139998,0.980372252437459
97.45010190726506,7.482624316298361,-0.1501355123085082,0.9803301144435576
97.28231619297935,7.482402071699217,-0.15035775690765263,0.9803009972429466
97.11380726440792,7.482348926509366,-0.1504109020975033,0.9802940344678766
96.94457512155078,7.482114950127348,-0.1506448784795218,0.9802633802369991
96.77606619297936,7.4820321280563835,-0.1507277005504859,0.980252529368791
96.60249476440792,7.48204800284,-0.15071182576686937,0.9802546091910274
96.60249476440792,7.482020393902018,-0.1507394347048514,0.9802509920278254
96.43326262155078,7.481826448345731,-0.15093338026113834,0.9802255824039616
96.26041440726507,7.4815696961313485,-0.15119013247552093,0.9801919442153971
96.09190547869365,7.4813364098542054,-0.15142341875266396,0.9801613803980648
95.9233965501222,7.481191468858519,-0.15156835974835037,0.9801423910680005
95.75488762155078,7.481096222528312,-0.15166360607855722,0.9801299124452815
95.58637869297935,7.480965776106495,-0.15179405250037448,0.9801128221103638
95.41714655012221,7.480745601821976,-0.1520142267848934,0.9800839761503882
95.24429833583649,7.480438464837242,-0.15232136376962746,0.9800437368409338
95.24429833583649,7.48016583783924,-0.15259399076762925,0.9800080188301326
95.07578940726506,7.4762192988072975,-0.1565405297995719,0.9794909661361448
94.90728047869364,7.473722862208563,-0.15903696639830667,0.9791638974670406
94.73877155012221,7.475618139201946,-0.15714168940492357,0.9794122056852921
94.56953940726507,7.477183503378226,-0.15557632522864306,0.9796172906364016
94.40103047869364,7.478002764581981,-0.15475706402488854,0.9797246254958956
94.23252155012221,7.478389275484801,-0.15437055312206827,0.9797752639165322
94.06401262155079,7.478573557201341,-0.15418627140552843,0.9797994074400648
93.89550369297936,7.478756458708133,-0.15400336989873598,0.9798233701365074
93.89550369297936,7.478724019036024,-0.1540358095708454,0.9798191200784894
93.72699476440793,7.478647407908935,-0.15411242069793474,0.9798090829321872
93.5584858358365,7.478403077582298,-0.15435675102457136,0.9797770721874338
93.38925369297935,7.478100773703184,-0.1546590549036857,0.9797374660834948
93.22074476440793,7.477883362209656,-0.1548764663972131,0.9797089820883986
93.05223583583648,7.477712192485738,-0.15504763612113148,0.9796865564222226
92.88372690726506,7.477574152538802,-0.15518567606806766,0.9796684712276094
92.71521797869363,7.477658357191011,-0.1551014714158585,0.9796795032336072
92.5467090501222,7.4781960200333915,-0.15456380857347796,0.979749944706214
92.37820012155078,7.478192569509015,-0.1545672590978544,0.9797494926384883
92.37820012155078,7.477790873927454,-0.15496895467941574,0.9796968648091603
92.20969119297935,7.477481666628094,-0.1552781619787753,0.9796563542590706
92.04118226440792,7.4773802093540125,-0.15537961925285693,0.9796430619144456
91.8726733358365,7.477291173967679,-0.1554686546391908,0.9796313970136321
91.70344119297935,7.477294624492053,-0.15546520411481612,0.9796318490813576
91.53493226440793,7.477280129918187,-0.1554796986886826,0.9796299500862113
91.3664233358365,7.477251140770451,-0.15550868783641825,0.9796261520959186
91.19791440726507,7.477295314596927,-0.15546451400994243,0.9796319394949025
91.02940547869365,7.477340866261659,-0.1554189623452107,0.9796379074102771
91.02940547869365,7.477304976065177,-0.1554548525416921,0.9796332052845339
90.8608965501222,7.477224914413711,-0.1555349141931588,0.9796227160705059
90.69238762155078,7.477128287873753,-0.15563154073311658,0.9796100566206964
90.52315547869364,7.477171079118985,-0.15558874948788404,0.9796156628818907
90.35464655012221,7.477369855409395,-0.15538997319747416,0.9796417054005699
90.18179833583649,7.477439565487736,-0.15532026311913327,0.9796508384114213
90.01256619297936,7.477457510585978,-0.15530231802089123,0.979653189474293
89.83899476440793,7.477456130376229,-0.15530369823064039,0.979653008647203
89.67120905012221,7.477521697453827,-0.15523813115304197,0.9796615988660846
89.67120905012221,7.477369165304519,-0.15539066330235052,0.9796416149870246
89.50197690726507,7.477403675291253,-0.15535615331561647,0.979646136285678
89.33274476440793,7.477513416195328,-0.15524641241154136,0.9796605139035435
89.1649590501222,7.477492020572713,-0.1552678080341563,0.9796577107729465
88.99645012155078,7.477652836352014,-0.15510699225485514,0.9796787799252469
88.82721797869362,7.477877148894289,-0.15488267971258018,0.9797081680557936
88.65943226440793,7.478236740963999,-0.15452308764287004,0.979755279726773
88.48875369297934,7.478096630702439,-0.15466319790443084,0.9797369232915245
88.31662869297936,7.477775689248711,-0.15498413935815858,0.9796948754004688
88.31662869297936,7.477542405343064,-0.15521742326380572,0.9796643118938362
88.14884297869364,7.477518937034328,-0.15524089157254117,0.9796612372119043
87.98033405012221,7.4775382623423186,-0.15522156626455086,0.979663769101866
87.81182512155078,7.477692867177746,-0.15506696142912357,0.9796840245322607
87.64259297869363,7.477795016928198,-0.1549648116786715,0.9796974076011303
87.4740840501222,7.477849542327799,-0.15491028627907077,0.9797045512032907
87.30557512155077,7.477951689706754,-0.15480813890011547,0.9797179339614606
87.13706619297935,7.478100773703184,-0.1546590549036857,0.9797374660834948
86.96855726440792,7.478362356651692,-0.1543974719551775,0.979771737166875
86.96855726440792,7.4783395808193225,-0.15442024778754693,0.9797687532091873
86.8000483358365,7.478360976441941,-0.15439885216492844,0.9797715563397847
86.63081619297935,7.478517651591992,-0.1542421770148774,0.9797920830108144
86.46230726440793,7.478503157018124,-0.15425667158874568,0.9797901840156681
86.2937983358365,7.478328536769832,-0.15443129183703785,0.9797673062817667
86.12528940726507,7.478184975983896,-0.15457485262297332,0.9797484977787928
85.95678047869363,7.4782215562852565,-0.15453827232161288,0.9797532903180816
85.7882715501222,7.47850798775225,-0.15425184085461918,0.979790816910484
85.61903940726506,7.478544568053607,-0.1542152605532623,0.9797956094497723
85.45125369297935,7.478710214567033,-0.1540496140398364,0.9798173114968883
85.45125369297935,7.479051861538502,-0.15370796706836742,0.9798620721049961
85.28202155012221,7.4795163637781625,-0.15324346482870688,0.9799229284990254
85.1142358358365,7.479743439111432,-0.15301638949543772,0.979952678594452
84.94500369297936,7.479682700396463,-0.15307712821040642,0.9799447209596864
84.77649476440793,7.479603328849873,-0.15315649975699674,0.9799343221592037
84.6079858358365,7.4796247244724885,-0.15313510413438092,0.9799371252898008
84.43947690726507,7.479746199530931,-0.15301362907593852,0.9799530402486323
84.27096797869365,7.480005022059939,-0.1527548065469304,0.9799869496778322
84.1024590501222,7.480270748009192,-0.15248908059767707,0.9800217635531826
84.1024590501222,7.480356332871151,-0.15240349573571876,0.9800329763862705
83.93322690726508,7.480495750656341,-0.15226407795052843,0.9800512420972743
83.76471797869362,7.480539234377943,-0.1522205942289263,0.9800569390827132
83.5962090501222,7.480885021978661,-0.15187480662820807,0.9801022421720915
83.42697690726506,7.481351594532947,-0.151408234073922,0.9801633698067561
83.25919119297934,7.481263939356362,-0.1514958892505076,0.9801518857330326
83.09068226440792,7.4810672333805766,-0.15169259522629286,0.9801261144549888
82.92217333583649,7.481055499226211,-0.15170432938065836,0.980124577114023
82.75294119297935,7.4815607247679745,-0.1511991038388949,0.9801907688393109
82.75294119297935,7.48195965755854,-0.15080017104832955,0.9802430347037588
82.58515547869364,7.48235582992961,-0.15040399867725984,0.9802949389140269
82.4159233358365,7.48255322601027,-0.15020660259659913,0.980320800605616
82.24741440726507,7.4826781515930865,-0.15008167701378294,0.9803371676321727
82.07890547869364,7.4825635775833925,-0.1501962510234769,0.9803221568087921
81.91039655012221,7.482667107543595,-0.15009272106327476,0.980335720704752
81.74188762155079,7.482941114751344,-0.1498187138555256,0.9803716195426432
81.57337869297935,7.483190965916979,-0.14956886268989056,0.9804043535957571
81.4041465501222,7.483379388262771,-0.1493804403440988,0.9804290396005604
81.4041465501222,7.483625098799156,-0.14913472980771303,0.9804612311724037
81.2312983358365,7.483990901812741,-0.14876892679412812,0.980509156565289
81.06278940726507,7.484347043358076,-0.14841278524879353,0.9805558161685428
80.89355726440793,7.4846182901463285,-0.1481415384605409,0.980591353352254
80.7257715501222,7.484768064247629,-0.1479917643592401,0.9806109758878327
80.55653940726506,7.484941992019553,-0.14781783658731662,0.9806337628974897
80.38803047869364,7.485199436710307,-0.14756039189656267,0.9806674918102991
80.21952155012221,7.4852360170116645,-0.1475238115952049,0.9806722843495875
80.05101262155078,7.485574211087265,-0.14718561751960468,0.9807165925792704
79.88250369297936,7.485993851767069,-0.14676597683980042,0.9807715714714702
79.88250369297936,7.486285113968186,-0.14647471463868378,0.9808097309586881
79.71399476440793,7.486491481412219,-0.14626834719464998,0.9808367680263632
79.54403940726507,7.486640563037152,-0.146119265569717,0.9808562998376975
79.37625369297936,7.4871416455781725,-0.1456181830286969,0.9809219487710155
79.20774476440793,7.487577848774974,-0.14518197983189562,0.9809790975882974
79.0392358358365,7.48792846948131,-0.14483135912555944,0.9810250338831906
78.87072690726507,7.488239747095294,-0.14452008151157525,0.9810658156739156
78.70149476440793,7.488553097395395,-0.1442067312114741,0.981106869015975
78.5337090501222,7.488805708980532,-0.1439541196263372,0.9811399647232695
78.5337090501222,7.489016217053813,-0.14374361155305682,0.9811675442722148
78.36520012155077,7.4893164529898,-0.14344337561706944,0.9812068794462185
78.19669119297934,7.489502805020967,-0.1432570235859023,0.9812312942103866
78.0274590501222,7.489728500144484,-0.14303132846238498,0.9812608634787228
77.85895012155078,7.489941771008763,-0.14281805759810684,0.9812888049925483
77.69044119297935,7.49039246877943,-0.1423673598274391,0.9813478528049763
77.52193226440792,7.490745847533772,-0.14201398107309782,0.9813941504433504
77.3534233358365,7.490995008594532,-0.14176482001233737,0.9814267940829192
77.18491440726507,7.491266255382783,-0.1414935732240865,0.9814623312666302
77.18491440726507,7.491565801213894,-0.14119402739297549,0.9815015760270888
77.01640547869364,7.491911588814612,-0.14084823979225725,0.981546879116467
76.8471733358365,7.4922111346457205,-0.14054869396114889,0.9815861238769251
76.67866440726507,7.492369187634029,-0.14039064097284015,0.9816068310643459
76.51015547869363,7.492492733007098,-0.14026709559977135,0.9816230172638128
76.3416465501222,7.492652858681523,-0.14010696992534655,0.9816439960025679
76.17241440726507,7.492883384539166,-0.1398764440677036,0.9816741981657199
76.00462869297935,7.493364451667318,-0.13939537693955106,0.9817372247955307
75.83539655012221,7.493663995126935,-0.13909583347993415,0.9817764692452897
75.66688762155079,7.49391246608282,-0.13884736252404917,0.9818090224713134
75.66688762155079,7.4943093285587645,-0.13845050004810489,0.9818610170951265
75.49331619297935,7.494667540418725,-0.13809228818814479,0.9819079479390157
75.32480726440792,7.495050598425674,-0.13770923018119507,0.9819581339812273
75.15195905012222,7.495424685069253,-0.13733514353761667,0.9820071446473532
74.98345012155079,7.4956917912282535,-0.13706803737861595,0.9820421393497936
74.81494119297936,7.496072088815707,-0.13668773979116278,0.9820919637378253
74.6457090501222,7.496550393152864,-0.13620943545400532,0.9821546284027561
74.47720012155078,7.4970148953925255,-0.1357449332143439,0.9822154847967854
74.47720012155078,7.497333766531628,-0.13542606207524166,0.9822572614472058
74.30869119297935,7.49787626010813,-0.13488356849873906,0.9823283358146279
74.14018226440793,7.498357327236284,-0.13440250137058563,0.9823913624444388
73.9716733358365,7.498614769555544,-0.1341450590513258,0.9824250910465487
73.80316440726507,7.49879284032821,-0.13396698827865983,0.9824484208481755
73.63465547869365,7.499215929160894,-0.133543899445975,0.9825038514974014
73.46614655012222,7.499593466328846,-0.1331663622780237,0.9825533142312525
73.29691440726508,7.499872996747089,-0.13288683185978023,0.9825899366882038
73.12840547869365,7.50026640869866,-0.13249341990820973,0.9826414792442916
72.95989655012221,7.5007426427211925,-0.1320171858856769,0.9827038726685872
72.95989655012221,7.5010028478314466,-0.13175698077542286,0.9827379632355769
72.79138762155078,7.501357606795539,-0.13140222181133066,0.9827844417010414
72.62287869297934,7.501800713412584,-0.13095911519428505,0.9828424949644737
72.4536465501222,7.502047114053843,-0.13071271455302647,0.9828747769498619
72.28513762155077,7.502401873017935,-0.13035795558893426,0.9829212554153264
72.11735190726506,7.502775959661513,-0.12998386894535674,0.982970266081452
71.94811976440792,7.503182485977199,-0.1295773426296707,0.9830235268055957
71.7796108358365,7.504102516721652,-0.12865731188521767,0.9831440639068686
71.61110190726507,7.505170938986165,-0.12758888962070447,0.9832840424059311
71.61110190726507,7.5052758491561145,-0.12748397945075496,0.983297787128981
71.44259297869364,7.505285510624365,-0.12747431798250464,0.9832990529186124
71.2733608358365,7.5055270805314995,-0.12723274807536988,0.983330702009185
71.10557512155079,7.505897714279208,-0.12686211432766115,0.9833792602968858
70.93200369297935,7.506496805941431,-0.1262630226654382,0.983457749817803
70.76349476440792,7.507100725966281,-0.12565910264058822,0.9835368719228359
70.5949858358365,7.507675659214894,-0.1250841693919753,0.9836121963482761
70.42647690726507,7.508218842896271,-0.12454098571059813,0.9836833611292432
70.25796797869364,7.508674371401063,-0.12408545720580655,0.9837430418364868
70.25796797869364,7.509089178975248,-0.12367064963162111,0.9837973875231715
70.08873583583649,7.509506746968933,-0.12325308163793647,0.9838520948640366
69.92022690726506,7.509945022851854,-0.12281480575501558,0.9839095152326531
69.75171797869363,7.51046059996674,-0.12229922864012899,0.9839770631611173
69.5832090501222,7.5109244097300305,-0.12183541887683891,0.9840378288309019
69.41397690726507,7.511454481418786,-0.12130534718808317,0.9841072757545125
69.24546797869364,7.512099812479119,-0.12066001612775068,0.9841918232936495
69.07768226440793,7.512738934967074,-0.12002089363979529,0.9842755574215806
68.9091733358365,7.512936331047735,-0.11982349755913457,0.9843014191131696
68.73994119297936,7.513390479342776,-0.11936934926409304,0.984360918993323
68.73994119297936,7.51415245472743,-0.11860737387943932,0.9844607485964763
68.57143226440793,7.514818493677,-0.11794133492986969,0.9845480091633649
68.4029233358365,7.515503857934561,-0.11725597067230797,0.9846378016202156
68.23441440726508,7.516079481288045,-0.11668034731882404,0.9847132164592004
68.06590547869365,7.516510853750726,-0.11624897485614305,0.9847697323816671
67.89739655012221,7.517056800223096,-0.11570302838377344,0.9848412591275139
67.72888762155078,7.517607575058096,-0.11515225354877323,0.9849134184574767
67.55965547869364,7.5182874184766595,-0.11447241013020992,0.9850024876059669
67.3904233358365,7.518974853048846,-0.11378497555802358,0.9850925513034527
67.3904233358365,7.519644342522788,-0.11311548608408106,0.9851802639380667
67.22263762155077,7.520241361498892,-0.11251846710797775,0.9852584819076491
67.05412869297935,7.520762459452778,-0.11199736915409098,0.985326753144474
66.88561976440792,7.521171056083089,-0.1115887725237803,0.9853802851092529
66.71638762155078,7.521587933971899,-0.11117189463497024,0.9854349020365729
66.54860190726507,7.522051746106684,-0.11070808250018516,0.985495668017057
66.38009297869364,7.522444467953379,-0.11031536065349012,0.9855471201595997
66.21158405012221,7.522901376667921,-0.1098584519389485,0.9856069816939333
66.04235190726507,7.523461125237789,-0.10929870336908021,0.9856803167106819
66.04235190726507,7.524071948682886,-0.10868787992398321,0.9857603432618656
65.87384297869363,7.524600637790394,-0.10815919081647518,0.9858296090476861
65.7053340501222,7.525207320606241,-0.10755250800062832,0.9859090931175992
65.53176262155078,7.526010016921501,-0.10674981168536846,0.9860142577413114
65.36325369297936,7.5268706915322285,-0.10588913707464087,0.9861270183456083
65.18968226440792,7.52767408032386,-0.10508574828300965,0.9862322736935651
65.0211733358365,7.528215883795488,-0.10454394481138163,0.9863032576474422
64.85266440726507,7.528545106507712,-0.10421472209915716,0.9863463905010387
64.68415547869364,7.529681858640818,-0.10307796996605134,0.9864953211838626
64.68415547869364,7.531053967365691,-0.10170586124117875,0.9866750869246541
64.51564655012221,7.531410108911027,-0.10134971969584239,0.9867217465279081
64.34713762155079,7.531552979592086,-0.10120684901478327,0.9867404646173368
64.17862869297936,7.532038187349487,-0.10072164125738237,0.986804033728418
64.0093965501222,7.532674547046448,-0.10008528156042118,0.9868874058914692
63.840887621550785,7.533372335563253,-0.09938749304361671,0.9869788261028309
63.67237869297936,7.534175724354883,-0.09858410425198638,0.9870840814507876
63.50314655012221,7.5349867043001355,-0.0977731243067339,0.9871903313477401
63.33536083583649,7.536079282606764,-0.09668054600010567,0.98733347463158
63.33536083583649,7.536691486261609,-0.0960683423452604,0.9874136820098537
63.16685190726506,7.536944097846743,-0.09581573076012617,0.9874467777171478
62.99328047869364,7.537361665840428,-0.09539816276644153,0.9875014850580129
62.824771550122215,7.537968348656275,-0.09479147995059467,0.987580969127926
62.65553940726507,7.538705477893936,-0.09405435071293322,0.9876775435327565
62.48703047869363,7.539380490578374,-0.09337933802849552,0.9877659797864308
62.31924476440792,7.540214936460867,-0.09254489214600259,0.9878753040546157
62.14495012155078,7.541128066156571,-0.09163176245029803,0.9879949370204377
61.97210190726507,7.542013586914293,-0.09074624169257639,0.9881109528230578
61.97210190726507,7.542527091343061,-0.09023273726380854,0.9881782292001873
61.798530478693635,7.542928784553128,-0.08983104405374132,0.9882308567188158
61.63002155012221,7.543606557657068,-0.08915327094980174,0.9883196546266707
61.46151262155078,7.5444561882183026,-0.08830364038856686,0.9884309683035469
61.29228047869364,7.545334807927274,-0.08742502067959546,0.9885460799707159
61.11943226440792,7.546145097767655,-0.086614730839214,0.9886522394541237
60.95092333583649,7.546770415786615,-0.08598941282025407,0.9887341650004532
60.78169119297935,7.547384689756084,-0.08537513885078507,0.988814643619362
60.78169119297935,7.548161159714605,-0.08459866889226397,0.9889163722176616
60.60884297869364,7.54965888412717,-0.08310094447969973,0.9891125953985549
60.44033405012221,7.550597550074741,-0.08216227853212832,0.989235573976245
60.27110190726507,7.551057909313657,-0.08170191929321202,0.9892958875783041
60.10331619297935,7.5515030862453285,-0.0812567423615409,0.9893542120823718
59.93480726440792,7.552126333949666,-0.08063349465720382,0.9894358663880662
59.76557512155078,7.552938003999793,-0.07982182460707676,0.9895422066985637
59.597066192979355,7.553833188597258,-0.07892664000961158,0.9896594886015145
59.42783405012221,7.554624840863023,-0.0781349877438462,0.9897632062978055
59.2600483358365,7.555335743743946,-0.07742408486292351,0.9898563446772234
59.2600483358365,7.556135679639705,-0.07662414896716463,0.9899611476467549
59.091539407265074,7.556803098799025,-0.07595672980784407,0.9900485890407339
58.92303047869363,7.557674817459249,-0.07508501114762023,0.9901627965724522
58.754521550122206,7.558542393118727,-0.07421743548814241,0.9902764613122003
58.585289407265066,7.559441028240565,-0.07331880036630434,0.9903941952828763
58.41678047869364,7.560287208277427,-0.07247262032944235,0.9905050568920272
58.2475483358365,7.560925638289013,-0.07183419031785654,0.9905887002957137
58.07903940726507,7.56151920674074,-0.07124062186612967,0.9906664661975703
57.91125369297936,7.562341230735486,-0.0704185978713836,0.9907741630219438
57.91125369297936,7.563299221991049,-0.0694606066158201,0.9908996734895957
57.742744764407924,7.564268947400978,-0.06849088120589109,0.9910267212982133
57.5742358358365,7.565141353794581,-0.06761847481228855,0.991141018932777
57.40572690726507,7.566034468077421,-0.066725360529448,0.9912580295950925
57.23721797869364,7.5669841757029905,-0.06577565290387888,0.9913824547895038
57.0629233358365,7.56790351634257,-0.06485631226429955,0.9915029014772319
56.89441440726506,7.568826999982893,-0.06393282862397598,0.9916238909569299
56.726628692979354,7.569807076965946,-0.06295275164092384,0.9917522949687237
56.557396550122206,7.570720896766525,-0.0620389318403447,0.991872018348091
56.557396550122206,7.571876284102746,-0.060883544504123144,0.9920233905073317
56.38888762155078,7.5725782132488,-0.06018161535806943,0.9921153531999639
56.22037869297935,7.573134511294294,-0.05962531731257581,0.992188236148987
56.05114655012221,7.573761207151511,-0.05899862145535817,0.9922703422117074
55.88336083583649,7.574450714409817,-0.0583091141970522,0.9923606774605281
55.714851907265064,7.575077412638528,-0.05768241596834134,0.9924427838339478
55.541280478693636,7.575599198325796,-0.05716063028107321,0.9925111451736185
55.37277155012221,7.576328736409834,-0.05643109219703568,0.992606725029453
55.20353940726507,7.577034806185137,-0.05572502242173272,0.9926992302033557
55.20353940726507,7.57770567586883,-0.055054152738039264,0.99278712366506
55.03575369297935,7.578383448972768,-0.05437637963410147,0.9928759215729147
54.86652155012221,7.579095732063439,-0.05366409654343052,0.9929692407794226
54.69801262155078,7.579810773202116,-0.05294905540475359,0.9930629213294114
54.52878047869364,7.580563777223395,-0.05219605138347472,0.9931615755564784
54.36099476440793,7.581315401034924,-0.051444427571945006,0.9932600489564553
54.1924858358365,7.582112576511186,-0.05064725209568355,0.9933644902718067
54.018914407265065,7.582853156273221,-0.049906672333648316,0.9934615167443626
53.849682264407924,7.5837331561919425,-0.049026672414926864,0.9935768092386217
53.849682264407924,7.584787776358957,-0.047972052247912345,0.9937149794667824
53.68189655012221,7.585694002634419,-0.04706582597245035,0.9938337079864544
53.50832512155078,7.58652361778279,-0.04623621082407947,0.9939423993598239
53.33909297869364,7.58735737356041,-0.045402455046459345,0.9940516332144639
53.17130726440792,7.588192509547779,-0.04456731905909006,0.994161047896194
53.00207512155078,7.588875113385841,-0.043884715221028436,0.9942504786988643
52.83428940726507,7.589519756712793,-0.043240071894076415,0.9943349361351557
52.66505726440793,7.5901616396202485,-0.04259818898662093,0.9944190319172671
52.4965483358365,7.590782814638466,-0.041977013968403476,0.9945004146716266
52.4965483358365,7.5915572142823615,-0.04120261432450789,0.9946018720292908
52.328039407265074,7.5923958031656005,-0.040364025441268936,0.994711739089446
52.15953047869363,7.59328132392332,-0.039478504683549076,0.9948277548920658
51.991021550122205,7.594012239845614,-0.038747588761255614,0.994923515264291
51.82251262155078,7.5946209929760835,-0.038138835630785906,0.9950032705748391
51.65400369297935,7.59523181642118,-0.037528012185689796,0.9950832971260227
51.485494764407925,7.596098701975783,-0.03666112663108656,0.9951968714522257
51.316262621550784,7.597021493139736,-0.03573833546713345,0.9953177702076791
51.14775369297936,7.597872506282218,-0.03488732232465175,0.9954292650223452
51.14775369297936,7.598669681758479,-0.03409014684839029,0.9955337063376967
50.97418226440792,7.59951448158559,-0.03324534702127924,0.9956443871197573
50.805673335836495,7.600391721084812,-0.03236810752205699,0.9957593179598362
50.63716440726507,7.601411828893598,-0.03134799971327151,0.995892966578644
50.46865547869364,7.60256583602007,-0.030193992586799112,0.9960441579107946
50.2994233358365,7.603173208940791,-0.029586619666078562,0.9961237323942527
50.130914407265074,7.603769537812019,-0.028990290794850715,0.9962018599502899
49.96240547869363,7.604350682004505,-0.02840914660236482,0.9962779980976356
49.793896550122206,7.60498635159659,-0.027773477010279102,0.9963612798471417
49.62538762155078,7.6056834500085175,-0.02707637859835188,0.9964526096449581
49.62538762155078,7.606455779337789,-0.026304049269080032,0.996553795761987
49.45687869297935,7.607037613635148,-0.025722214971721336,0.9966300243228777
49.288369764407925,7.6076870876962275,-0.025072740910641933,0.9967151146539851
49.11479833583649,7.60836693111479,-0.024392897492079513,0.996804183802475
48.94628940726506,7.608883888439426,-0.023875940167443765,0.9968719125580293
48.777780478693636,7.609464342527036,-0.02329548607983334,0.99694796029183
48.608548335836495,7.6102601377935475,-0.022499690813321926,0.9970522207800913
48.44076262155078,7.611128403557902,-0.021631425048967756,0.9971659759333845
48.27225369297935,7.611803416242341,-0.020956412364528276,0.997254412187059
48.27225369297935,7.6124611715619155,-0.020298657044953927,0.997340587480707
48.10302155012221,7.613210725058821,-0.01954910354804884,0.9974387896400486
47.93451262155078,7.614038959997441,-0.01872086860942801,0.9975473001863279
47.76600369297935,7.614675319694401,-0.0180845089124686,0.9976306723493789
47.59749476440793,7.6154614534926655,-0.017298375114203957,0.9977336670480091
47.428262621550786,7.616128872651984,-0.016630955954885174,0.9978211084419879
47.26047690726507,7.6166209814581345,-0.016138847148734925,0.99788558168852
47.09196797869364,7.617144149726646,-0.015615678880223527,0.9979541241659803
46.92345905012221,7.617659036736658,-0.015100791870211516,0.9980215816808994
46.92345905012221,7.618236730404769,-0.014523098202100293,0.9980972677605198
46.754950121550785,7.618951083810065,-0.013808744796804717,0.9981908582076628
46.58644119297936,7.619653010584623,-0.013106818022246003,0.9982828205895955
46.412146550122216,7.620196886742369,-0.012562941864500132,0.9983540760948071
46.244360835836495,7.620598579952437,-0.012161248654432022,0.9984067036134358
46.07512869297935,7.621035473254115,-0.011724355352754401,0.9984639428442629
45.90661976440792,7.621863708192735,-0.010896120414134458,0.998572453390542
45.738110835836494,7.622678138662362,-0.01008168994450731,0.99867915535522
45.56960190726507,7.623326232513691,-0.009433596093178842,0.9987640648592371
45.56960190726507,7.623713433521386,-0.009046395085483105,0.998814793693419
45.40109297869364,7.62399572435913,-0.008764104247739546,0.9988517778045508
45.227521550122205,7.6248198162970064,-0.007940012309862965,0.99895974555886
45.058289407265065,7.625703956844976,-0.007055871761893151,0.9990755805343896
44.89050369297935,7.626328584759064,-0.006431243847805135,0.9991574156671743
44.721994764407924,7.62687176844044,-0.005888060166429732,0.9992285804481412
44.552762621550784,7.627418402646193,-0.005341425960676105,0.999300197296834
44.38425369297936,7.627913964348214,-0.004845864258655297,0.9993651229217912
44.21574476440792,7.62823214538244,-0.004527683224429424,0.9994068091586663
44.21574476440792,7.628615203389392,-0.004144625217477049,0.9994569952008783
44.047235835836496,7.629084536363177,-0.003675292243692674,0.9995184844897231
43.87872690726507,7.629593900162695,-0.003165928444174071,0.999585218385582
43.71021797869364,7.630066683660853,-0.002693144946016801,0.9996471597421521
43.540985835836494,7.630502199124275,-0.0022576294825942256,0.9997042184565885
43.37320012155079,7.631079202687513,-0.001680625919356693,0.999779814122664
43.20469119297935,7.63170451833498,-0.0010553102718890983,0.9998617393582943
43.03618226440792,7.63247960808375,-0.00028022052311982293,0.9999632871295033
42.86695012155078,7.633141506404071,0.0003816777972014407,1.0000500052151216
42.69844119297935,7.633600487804733,0.0008406591978635802,1.0001101383007904
42.69844119297935,7.634064297568024,0.001304468961154548,1.000170903970575
42.524869764407924,7.634809020330803,0.0020491917239340296,1.0002684732351008
42.355637621550784,7.6353508238024315,0.0025909951955620514,1.0003394571889779
42.18712869297935,7.635756657641749,0.0029968290348794113,1.000392627188877
42.019342978693636,7.636413035123069,0.003653206516199603,1.0004786219661344
41.85083405012221,7.636598697049362,0.0038388684424921493,1.0005029463167574
41.68232512155078,7.636433050535937,0.003673221929067161,1.0004812442696416
41.51309297869364,7.635132719832537,0.0023728912256677503,1.0003108824696376
41.34530726440792,7.634327263097777,0.001567434490907793,1.0002053561917452
41.34530726440792,7.635530964889725,0.002771136282855302,1.0003630582312402
41.174628692979354,7.636814038228263,0.004054209621394023,1.0005311590712183
41.007566192979354,7.638340751788562,0.005580923181693009,1.0007311802424042
40.83905726440793,7.6401469933956125,0.007387164788743128,1.0009678235598423
40.6705483358365,7.641022850313589,0.008263021706719442,1.0010825732621313
40.50203940726507,7.641218176079623,0.008458347472753758,1.0011081637130848
40.332807264407926,7.641306521361082,0.00854669275421216,1.0011197382003532
40.1642983358365,7.6414935658686165,0.008733737261747088,1.0011442436887656
39.99651262155078,7.641700623417527,0.008940794810657238,1.001171371169986
39.99651262155078,7.642049171437744,0.00928934283087468,1.0012170359135446
39.82728047869364,7.642496418684038,0.00973659007716865,1.0012756316582472
39.65877155012221,7.64234940737373,0.009589578766860285,1.0012563710875482
39.490262621550784,7.64210300673247,0.009343178125600815,1.0012240891021598
39.32175369297936,7.64196151626116,0.009201687654290858,1.0012055518398213
39.152521550122216,7.642696575184196,0.009936746577326794,1.0013018550040163
38.984735835836496,7.6434592430452195,0.010699414438350097,1.0014017753314142
38.81550369297935,7.64411354784042,0.011353719233550663,1.0014874985573368
38.64699476440792,7.644698832662157,0.011939004055287583,1.0015641791859533
38.64699476440792,7.644901061848434,0.012141233241564464,1.0015906740830571
38.478485835836494,7.644954207038284,0.012194378431414243,1.0015976368581272
38.309253692979354,7.64518128000006,0.012421451393190175,1.0016273866428544
38.14146797869364,7.645265484652269,0.012505656045399327,1.0016384186488523
37.97223583583649,7.645429060851067,0.012669232244197914,1.0016598494553326
37.80445012155078,7.64598328858194,0.013223459975070462,1.0017324611637208
37.63521797869364,7.6462835221464305,0.013523693539561066,1.001771796027025
37.4659858358365,7.646586518501915,0.013826689895045874,1.0018114928552089
37.298200121550785,7.6469612952503665,0.014201466643497085,1.0018605939348795
37.12969119297936,7.6472608410814775,0.01450101247460811,1.001899838695338
37.12969119297936,7.647603178157821,0.014843349550951679,1.0019446897169908
36.961182264407924,7.647979335116023,0.015219506509153824,1.0019939716237516
36.7926733358365,7.6483340940801146,0.015574265473245141,1.002040450089216
36.62344119297935,7.6485390836858915,0.015779255079022114,1.0020673066405001
36.45059297869364,7.648655035533841,0.015895206926971994,1.0020824979802716
36.2813608358365,7.649018768232802,0.016258939625932278,1.0021301521325217
36.10851262155078,7.649309340329045,0.016549511722175225,1.0021682212061946
35.94000369297935,7.649530894823313,0.01677106621644331,1.0021972479932602
35.771494764407926,7.6497897173523235,0.01702988874545408,1.0022311574224605
35.771494764407926,7.650050612567449,0.017290783960579148,1.0022653384029947
35.6029858358365,7.650229371073498,0.01746954246662824,1.0022887583074676
35.43375369297936,7.650413655161534,0.017653826554664853,1.0023129021416999
35.26524476440793,7.650555833366224,0.01779600475935439,1.0023315295068838
35.09673583583649,7.650613121556818,0.01785329294994842,1.0023390350739239
34.92822690726506,7.650800853797735,0.01804102519086559,1.0023636306651822
34.75971797869364,7.6509099045969355,0.018150075990066128,1.0023779178695027
34.590485835836496,7.651005843403512,0.018246014796642562,1.0023904872164664
34.42270012155078,7.65110937099222,0.01834954238535058,1.002404050801727
34.42270012155078,7.651250171358654,0.018490342751784183,1.00242249765052
34.254191192979356,7.651540053350022,0.01878022474315255,1.002460476310648
34.08495905012221,7.65199351154019,0.019233682933320395,1.0025198857772564
33.91645012155078,7.652421433478492,0.019661604871622274,1.002575949631997
33.74287869297935,7.652845904892422,0.020086076285552146,1.0026315614190127
33.574369764407926,7.653169606765646,0.020409778158776426,1.0026739709642485
33.4058608358365,7.653288319033097,0.020528490426227286,1.0026895239582003
33.237351907265065,7.653295222453339,0.02053539384646985,1.0026904284043505
33.06884297869364,7.653498139372998,0.020738310766128976,1.0027170134043002
33.06884297869364,7.65376386532225,0.021004036715380536,1.0027518272796505
32.90033405012221,7.654086877090601,0.021327048483732014,1.0027941464113412
32.731101907265064,7.654297385163885,0.021537556557015947,1.002821725960287
32.56331619297936,7.65435812150736,0.021598292900490534,1.002829683284353
32.39408405012221,7.654507205503786,0.021747376896916748,1.0028492154063868
32.22557512155078,7.654720476368063,0.021960647761193997,1.0028771569202122
32.05706619297935,7.6542159433026695,0.02145611469580011,1.002811055919169
31.888557264407922,7.64979385798157,0.017034029374700665,1.0022316999037306
31.720048335836495,7.649779363407704,0.01701953480083418,1.0022298009085844
31.720048335836495,7.652112226179133,0.01935239757226359,1.0025354390819075
31.551539407265068,7.653674829935914,0.02091500132904489,1.0027401623788368
31.38303047869364,7.654340178780612,0.021580350173742602,1.0028273325321808
31.2137983358365,7.654483047090175,0.02172321848330583,1.0028460503109098
31.045289407265063,7.6546134958834875,0.021853667276618083,1.002863140956527
30.876780478693636,7.654811582069022,0.02205175346215249,1.002889093061661
30.70827155012221,7.654913729447978,0.022153900841108687,1.002902475819831
30.539762621550782,7.655041415450295,0.02228158684342585,1.0029192045005684
30.371253692979355,7.655195330180846,0.02243550157397678,1.0029393695174176
30.202744764407928,7.655314044819791,0.02255421621292175,1.0029549228220689
30.202744764407928,7.655253306104821,0.022493477497951275,1.0029469651873033
30.034235835836494,7.655213965383965,0.02245413677709518,1.0029418109938346
29.865726907265067,7.655148395934871,0.022388567328001763,1.0029332204642536
29.69721797869364,7.655057290233913,0.02229746162704327,1.0029212843228048
29.528709050122213,7.6550911101157695,0.02233128150890007,1.0029257152079127
29.35947690726507,7.655237431321204,0.022477602714334743,1.0029448853650669
29.190967978693642,7.655381682212014,0.022621853605144793,1.0029637842815857
29.022459050122208,7.65537961189739,0.022619783290520168,1.0029635130409507
28.85395012155078,7.655336820652156,0.022576992045286737,1.0029579067797563
28.85395012155078,7.655278844728182,0.02251901612131224,1.0029503111098705
28.685441192979354,7.655206374230338,0.022446545623468594,1.0029408164448383
28.511146550122213,7.655806153625942,0.02304632501907289,1.0030193960686011
28.3433608358365,7.65611398071555,0.023354152108680637,1.0030597257916005
28.174851907265065,7.655854468081669,0.023094639474799727,1.0030257259488558
28.006342978693638,7.65548176164784,0.022721933040970477,1.00297689610982
27.837110835836494,7.655270561098188,0.02251073249131874,1.00294922583663
27.668601907265067,7.6550697144931545,0.02230988588628513,1.0029229120773158
27.50009297869364,7.654795017180529,0.022035188573659603,1.0028869228258792
27.50009297869364,7.654544475910019,0.021784647303149995,1.0028540983592205
27.326521550122216,7.654351220458609,0.021591391851739417,1.002828779148902
27.158012621550778,7.6542400993447846,0.02148027073791514,1.0028142207039463
26.98950369297935,7.654263565282024,0.021503736675154705,1.0028172950751786
26.820994764407924,7.654474075726801,0.021714247119931862,1.0028448749348235
26.652485835836497,7.6547687884522935,0.02200895984542406,1.0028834864897669
26.48397690726507,7.65562601253865,0.022866183931780526,1.002995795026339
26.315467978693643,7.654584506735752,0.021824678128882447,1.0028593429662342
26.146959050122206,7.65371210034215,0.020952271735280803,1.0027450453316706
26.146959050122206,7.653947456933916,0.02118762832704668,1.002775880389638
25.97845012155078,7.654175220000567,0.021415391393697192,1.0028057205879104
25.80921797869364,7.653997841704268,0.021238013097398145,1.0027824815105277
25.64070905012221,7.653690012243164,0.020930183636294508,1.0027421514768289
25.472200121550785,7.653714860761649,0.020955032154780007,1.002745406985851
25.303691192979358,7.6539543579826645,0.021194529375795135,1.0027767845250888
25.13518226440792,7.654120694600967,0.021360865994097367,1.0027985769857501
24.966673335836493,7.653785260944867,0.021025432337997252,1.0027546304102477
24.798164407265066,7.653145448352036,0.020385619745166395,1.0026708058687714
24.798164407265066,7.652855566360669,0.020095737753799803,1.0026328272086438
24.628932264407926,7.65296737757937,0.020207548972500433,1.0026474760671447
24.456084050122215,7.652968757789118,0.020208929182248703,1.0026476568942346
24.28685190726507,7.652758249715836,0.019998421108966546,1.0026200773452891
24.11906619297935,7.652640225181768,0.019880396574898818,1.0026046144541834
23.94983405012221,7.652442138996234,0.01968231038936441,1.0025786623490494
23.781325121550783,7.6525256535435675,0.019765824936698095,1.0025896039415019
23.612816192979356,7.652454563255477,0.01969473464860716,1.0025802901035603
23.44430726440793,7.652763770554836,0.02000394194796673,1.0026208006536501
23.275075121550785,7.652427644422367,0.019667815815497924,1.002576763353903
23.275075121550785,7.651935535616216,0.019175707009346787,1.0025122901073709
23.107289407265064,7.651907926678231,0.019148098071361197,1.0025086729441683
22.938057264407924,7.65134403747911,0.018584208872240993,1.002434795446149
22.769548335836497,7.651286751660012,0.018526923053142852,1.0024272901898086
22.60103940726507,7.6519458895608325,0.019186060953963135,1.0025136466212465
22.432530478693643,7.652302028734674,0.0195422001278045,1.0025603059138009
22.2632983358365,7.652264068223566,0.019504239616696672,1.0025553325474224
22.095512621550778,7.652143285641493,0.019383457034623852,1.0025395083128354
21.92700369297935,7.652038375471539,0.0192785468646699,1.002525763589785
21.92700369297935,7.651826484817015,0.01906665621014536,1.0024980029030504
21.758494764407924,7.651562139077512,0.018802310470642958,1.00246336985479
21.58926262155078,7.651346797898611,0.018586969291741973,1.0024351571003296
21.420753692979353,7.65116665681132,0.0184068282044505,1.0024115560580673
21.252244764407926,7.650791882434362,0.01803205382749251,1.0023624552890962
21.0837358358365,7.650372931859432,0.017613103252562823,1.0023075668104413
20.915226907265065,7.650403301216916,0.01764347261004673,1.002311545627824
20.74599476440792,7.650319786669581,0.017559958062711267,1.002300604035371
20.57820905012221,7.6502162590808735,0.017456430474004136,1.0022870404501107
20.57820905012221,7.649991254062232,0.01723142545536227,1.0022575615953198
20.408976907265068,7.649565404810047,0.016805576203177353,1.0022017692919134
20.24046797869364,7.6496047455309055,0.016844916924036113,1.0022069234853825
20.07268226440792,7.649818016395182,0.017058187788312473,1.0022348649992077
19.90345012155078,7.649811112974938,0.01705128436806902,1.0022339605530575
19.734941192979353,7.64949914525608,0.016739316649210245,1.0021930883487875
19.566432264407926,7.649129889346627,0.01637006073975744,1.0021447105774774
19.392860835836498,7.6487827215361595,0.016022892929290045,1.002099226661009
19.22435190726507,7.64857842440675,0.015818595799880875,1.002072460833969
19.22435190726507,7.6485176856917825,0.015757857084913063,1.0020645031992037
19.055842978693637,7.648441764669566,0.015681936062696522,1.0020545564664465
18.886610835836493,7.648469373607551,0.015709545000681224,1.0020581736296488
18.718825121550783,7.64835756238885,0.015597733781980594,1.0020435247711479
18.54959297869364,7.648199507029049,0.015439678422179526,1.0020228172730279
18.38180726440793,7.648071130921856,0.015311302314986897,1.0020059981787455
18.212575121550785,7.647980715325773,0.01522088671890387,1.0019941524508418
18.044066192979358,7.64772189042527,0.014962061818400763,1.0019602427109424
17.875557264407924,7.647481012994503,0.014721184387633812,1.0019286843446142
17.707048335836497,7.647255317870985,0.01449548926411559,1.001899115076278
17.707048335836497,7.647162141855401,0.014402313248531584,1.0018869076941939
17.53853940726507,7.6470096097060924,0.014249781099223036,1.0018669238151339
17.364967978693635,7.646915743585636,0.014155914978766226,1.001854626019505
17.19573583583649,7.646927475368509,0.014167646761639396,1.0018561630497713
17.02795012155078,7.6468977961158995,0.01413796750903007,1.0018522746459337
16.859441192979354,7.6470096097060924,0.014249781099223036,1.0018669238151339
16.68514655012222,7.646866048920162,0.014106220313292894,1.0018481153121606
16.51736083583649,7.646520951424316,0.01376112281744657,1.001802902636327
16.51736083583649,7.646135130626371,0.013375302019501767,1.0017523546292355
16.348851907265065,7.645687883380076,0.01292805477320691,1.0016937588845327
16.17961976440792,7.645431131165694,0.012671302558824316,1.001660120695968
16.011110835836494,7.645194394364177,0.012434565757307503,1.0016291048109105
15.842601907265067,7.644971462031651,0.01221163342478171,1.0015998975074538
15.67409297869364,7.644814096776724,0.012054268169854332,1.0015792804228787
15.504860835836498,7.6445373267779795,0.011777498171110068,1.0015430196201076
15.33635190726507,7.6442633195702285,0.01150349096335912,1.0015071207822164
15.167842978693644,7.643993452991728,0.01123362438485831,1.0014717644255955
15.000057264407932,7.643834707527051,0.011074878920181774,1.0014509665139304
15.000057264407932,7.643834707527051,0.011074878920181774,1.0014509665139304
14.83082512155079,7.6438236658490535,0.011063837242184071,1.001449519897209
14.662316192979363,7.643796056911069,0.01103622830419937,1.0014459027340068
14.493807264407918,7.643624889558644,0.010865060951774197,1.00142347737853
14.325298335836491,7.643401954854626,0.010642126247756956,1.0013942697643743
14.156789407265064,7.643069281618025,0.010309453011155156,1.001350684843052
13.987557264407922,7.642875336061739,0.010115507454869999,1.0013252752191886
13.819048335836495,7.642793204095649,0.010033375488779583,1.0013145147645253
13.650539407265068,7.642657234463338,0.009897405856468922,1.0012967008105476
13.650539407265068,7.642405312983078,0.00964548437620838,1.0012636955167982
13.482030478693641,7.642184450965178,0.009424622358308987,1.001234759453977
13.313521550122214,7.641849014937585,0.009089186330715648,1.0011908125677753
13.145012621550787,7.641632293548935,0.008872464942065506,1.0011624189862247
12.97650369297936,7.641425926104901,0.00866609749803171,1.0011353819185496
12.807994764407933,7.641317565410575,0.008557736803705751,1.0011211851277741
12.639485835836506,7.641222319080367,0.008462490473498008,1.0011087065050548
12.470253692979362,7.640946929291373,0.00818710068450379,1.001072626529374
12.302467978693633,7.6407343485319705,0.00797451992510112,1.0010447754290936
12.302467978693633,7.6405355722415615,0.007775743634692134,1.0010187329104145
12.13323583583649,7.640245690250194,0.007485861643324654,1.0009807542502869
11.964726907265064,7.640041393120785,0.007281564513915484,1.000953988423247
11.796217978693637,7.63990335317385,0.007143524566980197,1.0009359032286338
11.62770905012221,7.63963348659535,0.006873657988480275,1.0009005468720134
11.454137621550775,7.6396051899239845,0.006845361317115106,1.0008968396059652
11.284905478693632,7.63966592626746,0.006906097660590582,1.0009047969300313
11.11711976440792,7.639567919517751,0.006808090910881859,1.0008919566531316
10.948610835836494,7.6395147743279,0.006754945721030303,1.0008849938780615
10.780101907265067,7.639451965298307,0.006692136691437867,1.0008767650026609
10.780101907265067,7.639371213541966,0.006611384935096609,1.0008661853750878
10.61159297869364,7.639238004329157,0.006478175722287816,1.0008487330752907
10.442360835836498,7.639134476740448,0.0063746481335789085,1.00083516949003
10.27385190726507,7.638991606059391,0.00623177745252157,1.0008164514006015
10.105342978693644,7.638868750791196,0.00610892218432646,1.0008003556146796
9.936834050122217,7.638816985811096,0.006057157204226726,1.0007935736666997
9.76832512155079,7.638638224933553,0.0058783963266835215,1.0007701534515276
9.599092978693648,7.638480859678627,0.0057210310717579205,1.000749536366953
9.431307264407918,7.63835593409581,0.00559610548894085,1.000733169340396
9.431307264407918,7.6381930480018845,0.005433219395015065,1.0007118289474604
9.262075121550776,7.638012216809717,0.005252388202847236,1.000688137491653
9.093566192979349,7.637726477819092,0.0049666492122222294,1.0006507016234951
8.925057264407922,7.637351010965767,0.004591182358897328,1.0006015101302794
8.755825121550778,7.637061819079274,0.004301990472404427,1.0005636218836969
8.588039407265068,7.6369990100496805,0.004239181442811102,1.000555393008296
8.414467978693633,7.636839574480127,0.004079745873257323,1.0005345046830856
8.245235835836489,7.636650462029461,0.0038906334225918826,1.0005097282647373
8.072387621550789,7.636480672515294,0.0037208439084244205,1.0004874834256514
8.072387621550789,7.636320549212362,0.0035607206054928398,1.0004665049975956
7.903878692979362,7.636306054638494,0.0035462260316245775,1.0004646060024494
7.735369764407935,7.636309505162869,0.0035496765559992483,1.0004650580701748
7.566860835836489,7.636352296408101,0.003592467801231791,1.000470664331369
7.3932894072650726,7.636239104979654,0.0034792763727846676,1.0004558346457784
7.224780478693646,7.6360810496198495,0.003321221012980047,1.000435127147658
7.055548335836503,7.636002368178135,0.0032425395712651905,1.0004248187607203
6.887762621550792,7.635876752490441,0.003116923883571765,1.0004083613206183
6.719253692979346,7.635622760695557,0.0028629320886874865,1.0003750847862338
6.719253692979346,7.635433645873397,0.0026738172665279336,1.0003503080571863
6.550021550122204,7.6353853337891655,0.002625505182296095,1.0003439784876311
6.381512621550777,7.635274210303846,0.0025143816969768196,1.000329419731976
6.21300369297935,7.635064392335439,0.002304563728569242,1.0003019305965755
6.043771550122208,7.63497604705398,0.0022162184471108404,1.0002903561093073
5.875262621550781,7.634751042035336,0.0019912134284663097,1.0002608772545158
5.707476907265069,7.634610244040395,0.0018504154335259315,1.000242430716422
5.538244764407927,7.634494289820951,0.0017344612140819393,1.0002272390659512
5.3697358358365,7.634407324749242,0.0016474961423726953,1.0002158454057728
5.3697358358365,7.634382478602252,0.0016226499953821971,1.0002125902074503
5.201226907265073,7.634617145089143,0.0018573164822734967,1.0002433348518727
5.032717978693646,7.634870446779154,0.0021106181722849726,1.0002765209727122
4.864209050122219,7.634823512533178,0.0020636839263081797,1.0002703719195478
4.695700121550792,7.63477174992457,0.002011921317700782,1.0002635902822672
4.5271911929793465,7.63463716050201,0.0018773318951401663,1.0002459571553797
4.3586822644079195,7.63441353806461,0.001653709457740682,1.0002166594383781
4.1901733358364925,7.634113992233502,0.001354163626632321,1.0001774146779199
4.021664407265066,7.633958697293197,0.001198868686327792,1.0001570688339798
4.021664407265066,7.63391935657234,0.001159527965470808,1.0001519146405111
3.848092978693649,7.633918666467465,0.0011588378605953409,1.000151824226966
3.6795840501222035,7.633854479599616,0.0010946509927469705,1.0001434148351747
3.5103519072650613,7.633766134318157,0.0010063057112876805,1.0001318403479063
3.3418429786936343,7.633735764960672,0.0009759363538028865,1.0001278615305234
3.1733340501222074,7.633623263637097,0.0008634350302276772,1.0001131222584774
3.0048251215507804,7.633358227792721,0.0005983991858515836,1.0000783987966724
2.8312536929793453,7.6333437332188545,0.0005839046119850977,1.0000764998015261
2.6627447644079183,7.633547342614882,0.0007875140080129128,1.0001031755257201
2.6627447644079183,7.633535608460513,0.0007757798536438543,1.000101638184754
2.4942358358364913,7.633381693729962,0.000621865123092924,1.0000814731679049
2.3257269072650644,7.633347873848102,0.000588045241232571,1.0000770422827965
2.1572179786936374,7.6332160472165365,0.0004562186096670473,1.0000597711207888
1.9887090501222104,7.6330835304800955,0.0003237018732260566,1.0000424095452358
1.8202001215507835,7.632841270468086,8.144186121672448e-05,1.0000106700411182
1.650967978693641,7.6325776172049515,-0.00018221140191787555,0.9999761277171024
1.4824590501222141,7.632560362211585,-0.0001994663952844533,0.9999738670677758
1.3139501215507872,7.633141506404071,0.0003816777972014407,1.0000500052151216
1.1454411929793602,7.63328299687538,0.0005231682685105099,1.00006854247746
1.1454411929793602,7.633025554556121,0.0002657259492515607,1.0000348138753503
0.9769322644079332,7.632897176077434,0.00013734747056481922,1.0000179944703684
0.8084233358365063,7.632808140691101,4.8312084231838526e-05,1.000006329569555
0.639914407265061,7.63267148332541,-8.834528145928999e-05,0.9999884255127316
0.47140547869363403,7.632599012827568,-0.00016081577930115998,0.9999789308476996
0.30217333583649164,7.632656298646668,-0.00010352996020124294,0.9999864361040403
0.13366440726506465,7.632755687977621,-4.140629248361449e-06,0.9999994575187297
-0.0348445213063623,7.632759828606869,0.0,1.0
-0.20335344987778925,7.63272876914451,-3.105946235937296e-05,0.9999959307690721
-0.20335344987778925,7.6328171144259676,5.728581909814068e-05,1.0000075052563404
-0.3718623784492162,7.632956534582654,0.00019670597578436144,1.0000257712780438
-0.5403713070206432,7.6331394360894445,0.0003796074825750395,1.0000497339744863
-0.7088802355920701,7.6331511702438135,0.00039134163694409807,1.0000512713154524
-0.8773891641634971,7.633084910689845,0.00032508208297521435,1.000042590372326
-1.0466213070206396,7.6331270118302035,0.0003671832233340666,1.0000481062199753
-1.2151302355920666,7.633252627517896,0.000492798911026604,1.0000645636600773
-1.3836391641635117,7.6333540871634735,0.0005942585566041103,1.000077856315402
-1.5521480927349387,7.633362368421971,0.0006025398151017214,1.000078941277943
-1.5521480927349387,7.633317506862114,0.0005576782552445536,1.0000730637761135
-1.7206570213063657,7.633274713245387,0.0005148846385178985,1.0000674572042196
-1.8942284498777826,7.6332201878457875,0.0004603592389180733,1.0000603136020594
-2.0634605927349248,7.633237442839154,0.00047761423228465105,1.000062574251386
-2.2319695213063517,7.633349946534221,0.000590117927351308,1.000077313834131
-2.3997552355920817,7.633361678317097,0.0006018497102280307,1.000078850864398
-2.5682641641635087,7.6332533176227715,0.0004934890159020711,1.0000646540736227
-2.7367730927349356,7.633205005538539,0.00044517693166934436,1.0000583245040675
-2.906005235592078,7.633155310873063,0.0003954822661933477,1.0000518137967227
-2.906005235592078,7.633042117073118,0.0002822884662485592,1.0000369838004322
-3.0745141641635048,7.633044879864113,0.00028505125724365143,1.0000373457653122
-3.2430230927349317,7.633168425237179,0.00040859663030978766,1.0000535319647788
-3.4115320213063587,7.633563215027004,0.0008033864201344443,1.0001052550372571
-3.5800409498777856,7.633902791683848,0.001142963076978809,1.0001497444047296
-3.7492730927349283,7.63405808662415,0.0012982580172806735,1.0001700902486692
-3.9177820213063552,7.6340698207785165,0.0013099921716470675,1.000171627589635
-4.086290949877782,7.6341747285769745,0.0014148999701051324,1.0001853720019858
-4.254799878449209,7.63419819688571,0.001438368278840585,1.0001884466839177
-4.254799878449209,7.634233396977317,0.0014735683704474312,1.0001930583961158
-4.428371307020644,7.634205788039334,0.0014459594324645053,1.0001894412329135
-4.601219521306364,7.634300344264667,0.0015405156577976697,1.0002018294420878
-4.770451664163506,7.6344791051422085,0.0017192765353390982,1.0002252496572597
-4.938960592734933,7.634662696753876,0.0019028681470070197,1.0002493027672474
-5.106746307020645,7.634807637749562,0.002047809142692536,1.0002682920973116
-5.275978449877787,7.634869756674277,0.002109928067407729,1.0002764305591667
-5.444487378449214,7.6349456776964955,0.0021858490896260463,1.0002863772919244
-5.612996307020641,7.634915998443886,0.0021561698370167193,1.0002824888880868
-5.612996307020641,7.634941537067244,0.0021817084603750203,1.0002858348106538
-5.781505235592068,7.635022288823586,0.0022624602167162777,1.0002964144382267
-5.955076664163503,7.635003653620469,0.002243825013599654,1.0002939729618099
-6.12358559273493,7.635181034288261,0.0024212056813919247,1.0003172123498918
-6.292094521306357,7.635412940355655,0.002653111748785797,1.000347595340134
-6.460603449877784,7.635533725309224,0.002773896702354506,1.0003634198854205
-6.629835592734927,7.635686257458531,0.002926428851661278,1.0003834037644803
-6.797621307020638,7.635863638126326,0.003103809519456213,1.0004066431525624
-6.966853449877781,7.635969928506024,0.0032100998991548835,1.0004205687027021
-6.966853449877781,7.635969928506024,0.0032100998991548835,1.0004205687027021
-7.1353623784492255,7.635953363617533,0.0031935350106637728,1.0004183984669208
-7.3038713070206525,7.636126603656076,0.003366775049206794,1.0004410953737322
-7.472380235592079,7.636315716106743,0.003555887499874011,1.0004658717920807
-7.640889164163506,7.636573848530876,0.003814019924006651,1.0004996908077353
-7.809398092734933,7.636750539093795,0.003990710486925231,1.0005228397822723
-7.97790702130636,7.6369085944535975,0.004148765846728075,1.0005435472803925
-8.147139164163503,7.636980374846563,0.00422054623969359,1.0005529515318792
-8.31564809273493,7.637142570835613,0.004382742228743908,1.0005742015112695
-8.484157021306357,7.637209520494455,0.004449691887585594,1.0005829728679407
-8.484157021306357,7.637257142473812,0.004497313866942854,1.0005892120239506
-8.652665949877784,7.637527009052313,0.004767180445443664,1.0006245683805715
-8.821174878449211,7.638845974958831,0.0060861463519614745,1.0007973716569925
-8.989683807020638,7.63920970765779,0.00644987905092087,1.0008450258092423
-9.15891594987778,7.638743825208381,0.005983996601511166,1.000783988588123
-9.327424878449225,7.638095731357051,0.005335902750181809,1.0006990790841057
-9.495933807020652,7.638030852012835,0.005271023405965636,1.00069057896807
-9.664442735592079,7.638271041710221,0.005511213103351231,1.0007220472315526
-9.832951664163506,7.638536767659471,0.005776939052601904,1.0007568611069027
-9.832951664163506,7.638569895064961,0.005810066458091789,1.0007612012677665
-10.001460592734933,7.6384325475943955,0.005672718987526082,1.0007432067973978
-10.16996952130636,7.638436688223645,0.005676859616775332,1.0007437492786684
-10.338478449877787,7.638555402862589,0.005795574255719416,1.0007593025833197
-10.507710592734929,7.63873692415963,0.005977095552760936,1.000783084452672
-10.676219521306356,7.638871511210698,0.006111682603828328,1.0008007172688602
-10.844728449877783,7.638940531184165,0.006180702577295527,1.0008097598661667
-11.017576664163503,7.639035777514373,0.00627594890750327,1.000822238488886
-11.186808807020645,7.639092373228597,0.00633254462172772,1.0008296533316814
-11.186808807020645,7.6393594793876,0.006599650780730215,1.000864648034122
-11.355317735592072,7.639667996582083,0.006908167975213431,1.0009050681706664
-11.523826664163499,7.639916467537968,0.0071566389310984135,1.00093762139669
-11.692335592734926,7.640068999687276,0.007309171080406962,1.00095760527575
-11.860844521306353,7.640232578257571,0.007472749650701438,1.00097903639293
-12.02935344987778,7.640463791848595,0.007703963241725731,1.0010093286589279
-12.198585592734922,7.640789564036445,0.008029735429575524,1.0010520094447988
-12.366371307020653,7.641001454690972,0.008241626084102727,1.0010797701315342
-12.535603449877796,7.641137424323283,0.008377595716413389,1.0010975840855119
-12.704112378449222,7.641263040010975,0.008503211404105926,1.001114041525614
-12.704112378449222,7.641387275488919,0.008627446882049306,1.001130318138626
-12.87262130702065,7.641474238189132,0.008714409582262661,1.0011417114881045
-13.041130235592076,7.641763430075625,0.009003601468755562,1.001179599734687
-13.210362378449219,7.642247947728153,0.009488119121283667,1.0012430784322235
-13.37814809273493,7.642633078421223,0.00987324981435389,1.0012935360257702
-13.547380235592072,7.6426461904138465,0.009886361806977106,1.0012952538831268
-13.720228449877792,7.642659994882837,0.009900166275967237,1.0012970624647277
-13.88873737844922,7.642786300675406,0.010026472068537018,1.001313610318375
-14.057969521306362,7.643071351932648,0.010311523325778893,1.001350956083687
-14.057969521306362,7.643338458091651,0.010578629484781388,1.0013859507861276
-14.287228449877794,7.643622129139144,0.010862300532274993,1.0014231157243496
-14.287228449877794,7.643753955770711,0.010994127163841405,1.0014403868863575
-14.287228449877794,7.64386162636016,0.01110179775329101,1.0014544932635876
-14.287228449877794,7.6439789607893545,0.011219132182485048,1.0014698657411487
-14.287228449877794,7.64403417629383,0.01127434768696034,1.001477099756854
-14.287228449877794,7.644290238403341,0.011530409796471908,1.001510647531874
-14.287228449877794,7.6444213749300305,0.011661546323161076,1.0015278282803364
-14.287228449877794,7.644210174380378,0.011450345773508452,1.001500158007146
-14.287228449877794,7.643918222074387,0.011158393467517236,1.0014619081063834
-14.287228449877794,7.643697360056487,0.010937531449617843,1.0014329720435622
-14.287228449877794,7.643522739808192,0.010762911201323,1.0014100943096604
-14.287228449877794,7.643446128681102,0.010686300074232769,1.0014000571633581
-14.287228449877794,7.643532403647934,0.01077257504106477,1.001411360409991
-14.287228449877794,7.643600043411653,0.010840214804783699,1.0014202221802073
-14.287228449877794,7.643622129139144,0.010862300532274993,1.0014231157243496
-14.287228449877794,7.6436352411317685,0.010875412524899097,1.0014248335817064
-14.287228449877794,7.643586238942661,0.010826410335791792,1.0014184135986064
-14.287228449877794,7.643419209847992,0.010659381241122645,1.0013965304137007
-14.287228449877794,7.643189376466717,0.01042954785984751,1.0013664189747933
-14.287228449877794,7.643134851067117,0.010375022460247685,1.001359275372633
-14.287228449877794,7.643250802915067,0.010490974308197565,1.0013744667124045
-14.287228449877794,7.643346049245275,0.010586220638405308,1.0013869453351236
-14.287228449877794,7.643342598720901,0.010582770114031526,1.0013864932673984
-14.287228449877794,7.643396434015624,0.010636605408754995,1.0013935464560133
-14.287228449877794,7.64342266274386,0.01066283413699054,1.0013969827921254
-14.287228449877794,7.643245282076068,0.01048545346919827,1.0013737434040437
-14.287228449877794,7.643124497122501,0.010364668515631337,1.0013579188587574
