Angle (degree),rho (mOhm cm),Delta rho (mOhm cm),rho/rho(theta=0)
102.16877446653668,6.537800095799053,-0.10453534742613702,0.9842622601162431
102.16877446653668,6.537783227925287,-0.10455221529990322,0.9842597206669921
102.16877446653668,6.53770862096519,-0.1046268222600002,0.9842484886295958
102.16877446653668,6.537717702466145,-0.1046177407590454,0.9842498558446413
102.16877446653668,6.537704080214713,-0.10463136301047715,0.9842478050220732
101.98186722384288,6.537727434874873,-0.1046080083503167,0.9842513210534992
101.79001970160655,6.537590545848832,-0.10474489737635828,0.9842307124848396
101.59817217937021,6.537317416475383,-0.10501802674980709,0.9841895930057373
101.40632465713387,6.537086455671781,-0.10524898755340928,0.9841548219819646
101.21447713489754,6.536832140208019,-0.10550330301717104,0.9841165349267661
101.02262961266119,6.536435746289095,-0.10589969693609458,0.9840568580371672
101.02262961266119,6.535797361800559,-0.10653808142463106,0.9839607495985024
100.82995871050109,6.535099940868416,-0.10723550235677415,0.9838557532552578
100.63893456818852,6.534311691551911,-0.10802375167327938,0.9837370827479878
100.4462636660284,6.53357988619359,-0.10875555703159989,0.9836269098480227
100.25441614379206,6.532820831874139,-0.10951461135105056,0.9835126346317319
100.06256862155571,6.53210394835367,-0.1102314948715204,0.9834047082063658
99.87072109931938,6.53119243449169,-0.11114300873350036,0.9832674802885994
99.67887357708304,6.530248482239454,-0.112086960985736,0.9831253687887657
99.4870260548467,6.529458937794804,-0.11287650543038641,0.9830065033006554
99.29517853261036,6.52870572158311,-0.11362972164207985,0.9828931070083226
99.29517853261036,6.528019979095612,-0.11431546412957783,0.982789868848588
99.10250763045026,6.52729790391689,-0.1150375393083003,0.9826811608218865
98.91066010821392,6.526342275449142,-0.11599316777604773,0.9825372914741374
98.71881258597759,6.525380806644503,-0.11695463658068661,0.9823925428668355
98.52614168381749,6.524464103353404,-0.11787133987178589,0.9822545336833285
98.3351175415049,6.52355518420598,-0.11878025901920974,0.9821176963984318
98.14327001926857,6.522485372693713,-0.11985007053147712,0.9819566368552318
97.95142249703221,6.521506387336667,-0.12082905588852277,0.9818092511404612
97.75957497479587,6.520661696291109,-0.12167374693408117,0.9816820833614807
97.75957497479587,6.519948704842476,-0.12238673838271374,0.9815747428854197
97.56690407263577,6.519204572360871,-0.12313087086431906,0.981462714143727
97.37505655039944,6.518335877976511,-0.12399956524867939,0.9813319326751027
97.18320902816309,6.517459397219339,-0.12487604600585112,0.9811999789722728
96.99136150592675,6.516682177668842,-0.12565326555634826,0.9810829689902958
96.79951398369042,6.515943885524129,-0.12639155770106125,0.980971819508156
96.60766646145407,6.515378810638413,-0.12695663258677659,0.9808867477904529
96.41581893921773,6.514874722690501,-0.12746072053468893,0.9808108576231735
96.22314803705764,6.5141571882622555,-0.12817825496293445,0.9807028332039947
96.22314803705764,6.513506478879568,-0.1288289643456224,0.980604869259197
96.0313005148213,6.512864850997837,-0.1294705922273529,0.9805082725294451
95.83945299258495,6.512151859549204,-0.13018358367598637,0.980400932053384
95.6476054703486,6.511333768786141,-0.13100167443904898,0.9802777689325125
95.45575794811226,6.510496861884256,-0.13183858134093374,0.9801517730521421
95.26308704595216,6.509678771121193,-0.13265667210399723,0.9800286099312705
95.07206290363958,6.509103966055885,-0.13323147716930528,0.9799420733403047
94.87445172193692,6.5084980199575995,-0.13383742326759052,0.9798508484837065
94.68260419970056,6.507785028508968,-0.1345504147162222,0.9797435080076456
94.68260419970056,6.507097986435055,-0.13523745679013466,0.9796400741958811
94.49075667746423,6.506384346307785,-0.13595109691740515,0.9795326360616028
94.29890915522789,6.505708336229017,-0.13662710699617264,0.9794308631107265
94.10623825306779,6.505058921974472,-0.1372765212507181,0.9793330941467684
93.91439073083144,6.504351119954959,-0.13798432327023136,0.9792265349364481
93.72254320859511,6.503709492073225,-0.1386259511519654,0.9791299382066957
93.52987230643501,6.503241085908762,-0.13909435731642805,0.9790594199125706
93.33884816412244,6.503350725973671,-0.13898471725151929,0.9790759261649039
93.1470006418861,6.502786950674371,-0.13954849255081925,0.9789910500992312
92.95432973972599,6.501700271288336,-0.1406351719368537,0.9788274511067799
92.95432973972599,6.500697931271131,-0.14163751195405894,0.9786765493605836
92.7633055974134,6.499984291143857,-0.14235115208133298,0.9785691112263047
92.57145807517706,6.4995405347677,-0.14279490845749,0.9785023039444458
92.37878717301696,6.499247294127288,-0.14308814909790168,0.978458156725005
92.18693965078063,6.498981948897518,-0.14335349432767241,0.9784182091445133
91.99426874862053,6.4986919516503034,-0.14364349157488654,0.97837455021616
91.80324460630796,6.49847202061271,-0.14386342261247975,0.9783414397176806
91.6113970840716,6.498275446464417,-0.14405999676077297,0.9783118455862229
91.41954956183527,6.498148287617966,-0.14418715560722362,0.9782927018908257
91.41954956183527,6.497904353241572,-0.14443108998361787,0.9782559777027026
91.22770203959892,6.49749692955664,-0.14483851366855038,0.9781946402878106
91.03503113743882,6.4973658786383535,-0.14496956458683652,0.9781749106431086
90.84318361520249,6.49721731116766,-0.14511813205753032,0.9781525438909379
90.65133609296615,6.497162166795887,-0.14517327642930322,0.9781442419356626
90.4594885707298,6.497202389329813,-0.14513305389537656,0.9781502974163396
90.2668176685697,6.497303596572408,-0.14503184665278201,0.9781655341118451
90.07579352625712,6.4974035064577205,-0.14493193676746952,0.9781805754909153
89.88394600402079,6.497483305076074,-0.14485213814911635,0.9781925891296476
89.88394600402079,6.497756434449519,-0.1445790087756711,0.9782337086087494
89.69209848178444,6.497906947956132,-0.1444284952690582,0.9782563683355728
89.5002509595481,6.497980906237591,-0.14435453698759915,0.9782675027147518
89.30758005738801,6.498202783311101,-0.14413265991408863,0.9783009061878837
89.11573253515165,6.498263119341128,-0.14407232388406221,0.9783099897444945
88.92388501291532,6.498104170783065,-0.1442312724421253,0.9782860601252481
88.73203749067898,6.498220948542145,-0.14411449468304482,0.9783036409535695
88.54018996844263,6.498459044810782,-0.1438763984144078,0.9783394862177348
88.3483424462063,6.498610206996033,-0.143725236229157,0.9783622436027755
88.15649492396996,6.498869714118048,-0.14346572910714173,0.9784013122593095
88.15649492396996,6.499125326939091,-0.1432101162860988,0.9784397946309433
87.96382402180984,6.499486039074565,-0.14284940415062497,0.9784940996473879
87.77197649957351,6.4998603756906075,-0.1424750675345825,0.9785504558219957
87.58012897733717,6.50023017155617,-0.14210527166901965,0.9786061283890806
87.38745807517707,6.500632405811987,-0.1417030374132029,0.9786666845382324
87.1964339328645,6.5011689321501525,-0.14116651107503753,0.9787474582875787
87.00458641062815,6.501651613702958,-0.14068382952223235,0.9788201257336797
86.81191550846805,6.502234851590583,-0.14010059163460742,0.9789079318814736
86.62089136615546,6.502840797688865,-0.13949464553632485,0.9789991567380715
86.62089136615546,6.50332801999215,-0.13900742323304005,0.9790725077916955
86.42822046399536,6.504001437585495,-0.13833400563969533,0.9791738904452969
86.23637294175903,6.50465214696818,-0.13768329625701003,0.9792718543900942
86.04452541952269,6.505165318646183,-0.1371701245790069,0.9793491121080142
85.85185451736258,6.505802405777439,-0.1365330374477507,0.9794450252302439
85.66083037505001,6.506663964696764,-0.1356714785284261,0.9795747324584754
85.46898285281367,6.507611809020835,-0.13472363420435496,0.979717429907614
85.27713533057732,6.508368268625728,-0.13396717459946217,0.9798313144910348
85.08446442841722,6.50926161502753,-0.13307382819766023,0.9799658073075204
85.08446442841722,6.510032347791631,-0.13230309543355911,0.9800818407073222
84.89344028610465,6.510806972627569,-0.13152847059762074,0.9801984600564291
84.70076938394455,6.51164063390712,-0.13069480931807043,0.9803239673101165
84.50398158216564,6.5124249889226515,-0.12991045430253845,0.9804420515324862
84.31131068000553,6.513141223764482,-0.1291942194607083,0.9805498802996347
84.11946315776919,6.513809451928709,-0.12852599129648112,0.9806504816874959
83.92761563553285,6.514623001941296,-0.1277124412838937,0.9807729612008449
83.73000445383019,6.515389840404423,-0.12694560282076672,0.9808884083157462
83.53815693159385,6.516166411276282,-0.12616903194890838,0.9810053206395059
83.53815693159385,6.5170123996791185,-0.1253230435460715,0.9811326837349212
83.3463094093575,6.51780973049658,-0.12452571272860968,0.981252721457237
83.15446188712116,6.518828938387551,-0.12350650483763914,0.9814061626526843
82.96261436488481,6.51989615518526,-0.12243928803992965,0.9815668315630144
82.76994346272473,6.5209263928422425,-0.12140905038294747,0.9817219332837552
82.57809594048838,6.521815849401342,-0.12051959382384769,0.9818558404865309
82.38624841825204,6.5226657298760164,-0.11966971334917353,0.9819837895312514
82.1944008960157,6.5235389650108555,-0.11879647821433448,0.9821152546073987
82.00255337377935,6.524355758416639,-0.11797968480855126,0.982238222411835
82.00255337377935,6.525159578249632,-0.11717586497555832,0.9823592370519211
81.81070585154302,6.525881653428354,-0.11645378979683585,0.9824679450786226
81.61803494938292,6.5267659183292,-0.1155695248959896,0.9826010706800626
81.42701080707035,6.527687162370777,-0.11464828085441336,0.9827397634710924
81.235163284834,6.528646036460859,-0.11368940676433059,0.9828841214455245
81.04249238267388,6.529562091073317,-0.11277335215187279,0.9830220329708137
80.85146824036131,6.5305099353973874,-0.11182550782780254,0.9831647304199522
80.65879733820121,6.531512924093235,-0.11082251913195496,0.9833157298243665
80.46694981596487,6.532450387329936,-0.10988505589525399,0.9834568644064294
80.27510229372854,6.5336395735449795,-0.1086958696802105,0.9836358957464164
80.27510229372854,6.534654887134976,-0.1076805560902141,0.9837887506569633
80.08243139156843,6.535359445761295,-0.10697599746389486,0.9838948215761966
79.89140724925585,6.536093848063306,-0.10624159516188403,0.9840053854446263
79.6995597270195,6.536889879294351,-0.10544556393083937,0.9841252275149115
79.50771220478318,6.537791662976739,-0.10454378024845123,0.9842609905594154
79.31586468254683,6.538799192423061,-0.10353625080212936,0.984412673571352
79.12319378038673,6.539787910188837,-0.10254753303635322,0.9845615244949808
78.93134625815038,6.540729265497375,-0.101606177727815,0.9847032450263488
78.73949873591405,6.541715386319455,-0.10062005690573539,0.9848517049815119
78.73949873591405,6.5425672150591865,-0.0997682281660035,0.9849799473364806
78.5476512136777,6.542997344725641,-0.09933809849954933,0.9850447031245811
78.35498031151761,6.543372978698962,-0.09896246452622837,0.985101254615624
78.16313278928126,6.5446361231954615,-0.09769932002972848,0.9852914203347896
77.97128526704492,6.545860988964819,-0.09647445426037127,0.9854758232123357
77.77943774480859,6.546833487535468,-0.09550195568972164,0.985622232344931
77.58182656310592,6.547643143247079,-0.09469229997811102,0.9857441255733792
77.38997904086958,6.548675975618619,-0.09365946760657096,0.9858996179269901
77.19813151863323,6.549618630513575,-0.0927168127116147,0.9860415341103888
77.19813151863323,6.550251823343855,-0.09208361988133529,0.9861368609477175
77.00628399639689,6.550970006450741,-0.0913654367744492,0.986244983025114
76.81361309423679,6.551907469687443,-0.09042797353774734,0.986386117607177
76.61682529245789,6.55271907366411,-0.08961636956107988,0.9865083041458733
76.42497777022155,6.55342298361179,-0.08891245961340033,0.9866142774068891
76.2331302479852,6.554265077713654,-0.0880703655115358,0.9867410542174044
76.04128272574886,6.555191513413482,-0.08714392981170782,0.9868805286097694
75.84861182358875,6.556092646188095,-0.08624279703709536,0.9870161936604605
75.65758768127617,6.556898412057006,-0.08543703116818424,0.9871375012751991
75.65758768127617,6.557516683049441,-0.0848187601757493,0.9872305816379299
75.46574015903984,6.55805321161674,-0.08428223160844972,0.9873113557228711
75.27306925687974,6.558476854496801,-0.08385858872838892,0.9873751349287968
75.08122173464339,6.559262506869612,-0.08307293635557755,0.9874934144676015
74.88937421240706,6.560316101415891,-0.08201934180929893,0.9876520325553636
74.69670331024696,6.561386561606798,-0.08094888161839187,0.9878131897567812
74.50567916793437,6.562136532196159,-0.0801989110290311,0.9879260974224315
74.31383164569804,6.56282811502055,-0.0795073282046399,0.9880302148417192
74.12198412346169,6.563806451698953,-0.0785289915262366,0.9881775028982718
73.92931322130158,6.564672551368758,-0.07766289185643238,0.9883078937340263
73.92931322130158,6.5651844256894805,-0.07715101753570952,0.9883849561355111
73.73746569906525,6.565869521727474,-0.07646592149771614,0.9884880969726232
73.53985451736258,6.566471573524784,-0.07586386970040593,0.9885787355443209
73.34883037505001,6.567030808073606,-0.07530463515158381,0.9886629280024708
73.15615947288991,6.567618588940844,-0.07471685428434593,0.9887514180933826
72.96431195065357,6.568306926142898,-0.07402851708229186,0.9888550468859869
72.77246442841722,6.569228821092252,-0.07310662213293817,0.9889938376708296
72.58061690618088,6.570070917423252,-0.07226452580193765,0.9891206148169401
72.38794600402078,6.570630800650715,-0.07170464257447495,0.9892049049333078
72.38794600402078,6.571088179278305,-0.0712472639468853,0.989273763037735
72.19692186170819,6.571614326758237,-0.07072111646695323,0.9893529742556009
72.00425095954809,6.572264387462284,-0.07007105576290584,0.9894508405421809
71.81240343731176,6.572894336899366,-0.06944110632582401,0.9895456790884222
71.62055591507541,6.573518448228694,-0.06881699499649585,0.989639638710706
71.42870839283908,6.5740997400804,-0.06823570314479,0.9897271518838473
71.23686087060274,6.574498730943017,-0.06783671228217258,0.9897872197419114
71.0450133483664,6.574781592725196,-0.06755385049999418,0.9898298044298718
70.85316582613007,6.575308388883767,-0.06702705434142331,0.9899091133059552
70.85316582613007,6.5761063683798655,-0.06622907484532448,0.990029248686488
70.66049492396996,6.576795356489698,-0.06554008673549205,0.9901329754729055
70.4686474017336,6.5776069582372285,-0.06472848498796147,0.9902551616760065
70.27679987949728,6.578389369445979,-0.0639460737792108,0.9903729532593191
70.08495235726093,6.579001153652018,-0.06333428957317189,0.9904650570398745
69.8931048350246,6.579369003481664,-0.06296643974352634,0.990520436632307
69.69549365332193,6.5798393556820445,-0.062496087543145507,0.9905912479010845
69.50364613108557,6.580335661715419,-0.06199978150977081,0.9906659665053491
69.31097522892549,6.580734001670261,-0.06160144155492908,0.9907259363696004
69.31097522892549,6.581070061788293,-0.06126538143689686,0.9907765300381834
69.1199510866129,6.581930972028979,-0.06040447119621106,0.9909061396081975
68.92810356437657,6.583007919006285,-0.0593275242189053,0.9910682733917908
68.73543266221647,6.583923327169239,-0.0584121160559512,0.9912060875944577
68.54440851990388,6.584906853276761,-0.05742858994842859,0.991354156916751
68.35256099766754,6.585691856970932,-0.056643586254257805,0.9914723387973381
68.15989009550744,6.586114202493711,-0.05622124073147905,0.9915359226868282
67.96721919334733,6.586503460947598,-0.05583198227759212,0.9915945253360341
67.77619505103476,6.587152224294368,-0.05518321893082234,0.9916921963061793
67.77619505103476,6.588138993795087,-0.054196449430103044,0.99184075391956
67.57858386933208,6.589147174149185,-0.0531882690760046,0.9919925349253095
67.38673634709575,6.589940612894807,-0.052394830330382725,0.9921119866983197
67.19406544493565,6.590486871641703,-0.05184857158348688,0.9921942256565243
67.00304130262306,6.591397088146407,-0.05093835507878275,0.9923312582578562
66.81037040046297,6.592315737473424,-0.050019705751766175,0.9924695604160155
66.61852287822663,6.593294722830468,-0.04904072039472229,0.9926169461307858
66.42667535599028,6.594208831407008,-0.048126611818181786,0.9927545646814226
66.23482783375395,6.595139807857313,-0.047195635367876854,0.9928947226813103
66.23482783375395,6.596195994889015,-0.04613944833617456,0.9930537310663474
66.0429803115176,6.5969933257064755,-0.04534211751871453,0.9931737687886629
65.84536912981494,6.597826986986025,-0.044508456239165106,0.9932992760423502
65.6535216075786,6.599036284468031,-0.04329915875715873,0.9934813351226757
65.46167408534225,6.600196273456884,-0.042139169768305784,0.9936559708360881
65.26982656310592,6.60135042433798,-0.04098501888721007,0.9938297276255429
65.07797904086956,6.602376769923124,-0.03995867330206604,0.9939842433969784
64.88613151863323,6.603481614540202,-0.03885382868498777,0.9941505771551155
64.69346061647313,6.604686369042596,-0.03764907418259433,0.994331952292323
64.50243647416055,6.605956649004133,-0.03637879422105694,0.9945231922518817
64.50243647416055,6.606987535339753,-0.03534790788543685,0.9946783916308397
64.30482529245789,6.607786163514492,-0.03454927971069832,0.9947986246695901
64.11215439029779,6.608709355821126,-0.033626087404064364,0.9949376107708681
63.92030686806144,6.609777869976113,-0.032557573249077265,0.9950984749976329
63.7284593458251,6.610871036148541,-0.03146440707664855,0.9952630505722592
63.536611823588764,6.6117196214950775,-0.030615821730112458,0.9953908046361406
63.34476430135241,6.612633730071616,-0.029701713153573728,0.9955284231867773
63.15209339919231,6.613650991926669,-0.028684451298521374,0.9956815714075721
62.96106925687973,6.61463386935555,-0.027701573869640228,0.9958295430716474
62.96106925687973,6.615683569600856,-0.026651873624333966,0.9959875748745093
62.76345807517707,6.616855237034358,-0.025480206190832355,0.9961639687714325
62.57078717301697,6.617984735898013,-0.024350707327177368,0.9963340142130259
62.37893965078063,6.6191278570131,-0.023207586212089737,0.9965061104771876
62.187915508468045,6.6202476234680265,-0.02208781975716345,0.9966746907099232
61.9960679862317,6.621334302854059,-0.021001140371130766,0.9968382897023741
61.804220463995364,6.622707087415469,-0.01962835580972122,0.9970449616738731
61.61154956183526,6.624160319273869,-0.018175123951320593,0.9972637449423217
61.419702039598924,6.625483148892623,-0.016852294332567297,0.9974628962242857
61.419702039598924,6.62666714344941,-0.015668299775779992,0.9976411459629367
61.22785451736259,6.627995164726415,-0.01434027849877495,0.9978410788462361
61.03600699512625,6.629453586013932,-0.012881857211257675,0.9980606433804248
60.844159472889906,6.630688832870661,-0.011646610354529408,0.9982466091250468
60.65231195065356,6.63115983374968,-0.011175609475509773,0.9983175180520417
60.46046442841722,6.632070698933023,-0.010264744292166839,0.998454648311591
60.26779352625712,6.633884642926897,-0.00845080029829326,0.998727736596484
60.07594600402078,6.635795253412887,-0.006540189812302977,0.9990153779693596
59.88327510186068,6.637201125043188,-0.005134318182001607,0.999227031181143
59.88327510186068,6.638489570235769,-0.003845872989421295,0.9994210059063874
59.69142757962433,6.6402568049093205,-0.0020786383158695187,0.9996870621284281
59.50040343731175,6.641992896320763,-0.00034254690442736546,0.9999484297492418
59.30855591507542,6.643426016912199,0.0010905736870086002,1.0001641852773517
59.11670839283908,6.644919471304523,0.0025840280793332226,1.0003890240264768
58.924860870602735,6.646516727654003,0.004181284428812937,1.000629490103978
58.73218996844264,6.6480478098657,0.005712366640509892,1.0008599937009108
58.540342446206296,6.649642473729757,0.007307030504566825,1.001100069481137
58.34849492396996,6.651078186806615,0.008742743581424683,1.0013162153065218
58.34849492396996,6.652554126875674,0.01021868365048384,1.0015384172837742
58.15664740173361,6.654061205748568,0.01172576252337798,1.001765307191063
57.959036220030946,6.6555585522127325,0.013223108987542531,1.0019907318894936
57.76718869779461,6.657057844712817,0.014722401487627046,1.0022164495625772
57.575341175558265,6.658531838745955,0.01619639552076535,1.0024383585651768
57.377729993855596,6.659918245558797,0.01758280233360665,1.0026470813592439
57.18588247161925,6.661457114143304,0.01912167091811412,1.002878757190382
56.994034949382915,6.66292591651819,0.02059047329299979,1.0030998845916463
56.80136404722281,6.664565992345293,0.022230549120102694,1.0033467971182901
56.80136404722281,6.666558996164192,0.024223552939002246,1.0036468427627678
56.61033990491024,6.668252916776648,0.025917473551458237,1.003901861592656
56.4184923826739,6.6700169080570015,0.027681464831811553,1.0041674295236092
56.2258214805138,6.671525932965816,0.029190489740625658,1.0043946124055505
56.03397395827745,6.672892877190333,0.030557433965142877,1.0046004051174966
55.84212643604111,6.674338973583698,0.03200353035850778,1.0048181141455526
55.65027891380477,6.675844755099313,0.033509311874123426,1.0050448087364063
55.458431391568425,6.677359618115884,0.03502417489069387,1.0052728705423055
55.26576048940832,6.67863898180751,0.03630353858232027,1.0054654780525045
55.074736347095744,6.679806757169174,0.03747131394398373,1.0056412860001225
55.074736347095744,6.681132181502484,0.03879673827729402,1.0058408279149564
54.88288882485941,6.682736575546136,0.04040113232094633,1.0060823685684457
54.68527764315674,6.684518081149757,0.04218263792456689,1.0063505732712716
54.49260674099664,6.686088739445876,0.04375329622068591,1.006587035026259
54.29581893921774,6.68755364751979,0.045218204294600106,1.0068075761426232
54.10397141698139,6.689071756158693,0.04673631293350322,1.007036126575205
53.91212389474505,6.690713129343074,0.048377686117883734,1.0072832344182838
53.71945299258495,6.692308439656632,0.04997299643144171,1.007523407521132
53.71945299258495,6.6939900353749415,0.051654592149751544,1.007776570844888
53.52760547034861,6.695882480629885,0.05354703740469535,1.0080614774520775
53.32999428864594,6.6980947645786015,0.05575932135341155,1.0083945356012218
53.138146766409605,6.699753654315388,0.05741821109019796,1.008644280551769
52.946299244173254,6.701180288120426,0.058844844895236115,1.0088590594977034
52.74951144239435,6.702617298554564,0.060281855329374245,1.0090754006395233
52.55684054023425,6.704227530705971,0.06189208748078112,1.0093178202169701
52.36499301799791,6.705844251872911,0.0635088086477209,1.0095612167121877
52.173145495761574,6.707211847005204,0.0648764037800138,1.0097671074179466
52.173145495761574,6.708430225988166,0.06609478276297587,1.0099505337133174
51.98047459360147,6.709898377455275,0.06756293423008497,1.0101715631207688
51.789450451288886,6.7113451225272795,0.06900967930208957,1.010389369807042
51.59760292905255,6.712587504849042,0.07025206162385178,1.0105764097920567
51.4057554068162,6.713624229292417,0.07128878606722733,1.0107324880949724
51.21390788457986,6.714550664992249,0.07221522176705886,1.010871962487338
51.022060362343524,6.7157664492606495,0.07343100603545949,1.0110549981498382
50.82938946018342,6.71711717429004,0.0747817310648502,1.011258349070751
50.637541937947084,6.71839264590983,0.07605720268464022,1.011450370631645
50.44569441571074,6.7195234421307655,0.07718799890557548,1.0116206113896737
50.44569441571074,6.720667211924491,0.07833176869930103,1.0117928053120526
50.2538468934744,6.721893375051127,0.07955793182593673,1.0119774035060336
50.061999371238066,6.723138354316585,0.08080291109139459,1.0121648344595136
49.87015184900173,6.7242412528977455,0.08190580967255556,1.0123308752429983
49.67748094684163,6.725204019059663,0.08286857583447294,1.0124758191667351
49.485633424605275,6.726391257009649,0.0840558137844587,1.0126545571964738
49.29378590236894,6.727319638745398,0.08498419552020842,1.0127943245634918
49.1019383801326,6.7284141022751065,0.08607865904991652,1.012959095454553
48.91009085789625,6.729555928262052,0.08722048503686164,1.013130996737875
48.91009085789625,6.7305284246035635,0.0881929813783735,1.0132774055348748
48.71824333565991,6.731563203011021,0.08922775978583086,1.013433190863138
48.52639581342357,6.73276731106391,0.0904318678387197,1.013614468677723
48.33454829118723,6.734094681433139,0.09175923820794907,1.0138143035672096
48.14187738902713,6.735310465701544,0.09297502247635414,1.0139973392297108
47.95002986679079,6.736431529513747,0.09409608628855715,1.014166114778881
47.75735896463069,6.737603845625888,0.09526840240069845,1.0143426063340217
47.56633482231812,6.738721666044895,0.09638622281970477,1.0145108935921046
47.373663920158016,6.739496939559473,0.09716149633428284,1.014627610599429
47.373663920158016,6.740411048136014,0.09807560491082423,1.014765229150066
47.18263977784543,6.741737121147964,0.09940167792277421,1.0149648687231174
46.99079225560909,6.743172836453958,0.10083739322876806,1.0151810148840972
46.79894473337275,6.744498260787268,0.10216281756207835,1.0153805567989311
46.60627383121265,6.745911918790381,0.10357647556519112,1.0155933822449201
46.4144263089763,6.7473872079516655,0.10505176472647548,1.01581548622836
46.222578786739966,6.7488378428663705,0.10650239964118047,1.0160338785283431
46.03073126450362,6.750309888634455,0.1079744454092646,1.016255494220695
45.83312008280096,6.751714462907476,0.1093790196822857,1.0164669521160432
45.83312008280096,6.753176778495967,0.11084133527077711,1.0166871029351323
45.641272560564616,6.754610545536906,0.11227510231171589,1.0169029557858644
45.44942503832827,6.755937918135272,0.11360247491008213,1.0171027910109462
45.257577516091935,6.757225065970574,0.11488962274538395,1.0172965704197556
45.06490661393183,6.758257898342113,0.11592245511692312,1.0174520627733665
44.873882471619254,6.759383502904797,0.11704805967960663,1.01762152193006
44.68121156945915,6.760477319985002,0.11814187675981191,1.017786195498499
44.49018742714657,6.761441383504198,0.11910594027900778,1.0179313347386707
44.29751652498647,6.762511195016467,0.12017575179127693,1.0180923942818711
44.10566900275013,6.763542730030726,0.12120728680553583,1.0182476913190466
44.10566900275013,6.764573614137212,0.12223817091202172,1.0184028903624098
43.91382148051379,6.765463070696311,0.1231276274711206,1.0185367975651853
43.721973958277445,6.766255212084655,0.12391976885946487,1.0186560540217606
43.53012643604111,6.766960417160476,0.12462497393528604,1.0187622222636161
43.33827891380477,6.767787591653629,0.12545214842843944,1.0188867529351282
43.146431391568434,6.768615414825422,0.12627997160023163,1.0190113812648578
42.94799682994199,6.769342030754624,0.12700658752943372,1.0191207728990823
42.756149307705655,6.770038803008129,0.1277033597829389,1.0192256715841097
42.56430178546932,6.770761526865491,0.12842608364030106,1.0193344772690287
42.56430178546932,6.771554316932476,0.1292188737072859,1.0194538313838217
42.37245426323298,6.772140149534658,0.12980470630946783,1.0195420281644856
42.18060674099664,6.772653972120436,0.13031852889524576,1.0196193838762184
41.9887592187603,6.773141840873223,0.13080639764803337,1.0196928322524645
41.79691169652395,6.773542777771761,0.13120733454657074,1.0197531930851813
41.604240794363854,6.773852237607298,0.13151679438210806,1.0197997820956555
41.413216652051275,6.77404816530609,0.13171272208090024,1.0198292789044914
41.22136912981494,6.7746910905451,0.13235564731991012,1.0199260709506783
41.02293456818851,6.775299631357941,0.13296418813275146,1.0200176864401462
41.02293456818851,6.775943205275593,0.1336077620504028,1.020114576144551
40.83108704595217,6.776685391721279,0.13434994849608906,1.020226311911591
40.63923952371582,6.777430172881524,0.13509472965633407,1.0203384383115013
40.44739200147948,6.77808412565741,0.1357486824322196,1.0204368905473866
40.25554447924314,6.7784136989890476,0.13607825576385757,1.0204865076337946
40.063696957006805,6.778692666470248,0.13635722324505828,1.020528506036854
39.87184943477047,6.779192215896821,0.13685677267163143,1.0206037129322063
39.680001912534124,6.779613910511825,0.1372784672866354,1.020667198827884
39.48815439029778,6.779979814305552,0.13764437108036187,1.0207222854456637
39.48815439029778,6.7803697214380785,0.1380342782128885,1.0207809857530872
39.29548348813768,6.780689562360987,0.13835411913579687,1.020829137630637
39.1044593458251,6.780865376563678,0.1385299333384884,1.020855606363539
38.911788443664996,6.780981505644119,0.13864606241892918,1.0208730895336429
38.71994092142866,6.781147589667216,0.13881214644202622,1.0208980933932819
38.52315311964975,6.781303292602943,0.13896784937775308,1.020921534385845
38.330482217489646,6.78174899501502,0.13941355178983006,1.0209886346423567
38.13863469525331,6.782423707736508,0.14008826451131817,1.021090212276798
37.945963793093206,6.782476259622861,0.14014081639767095,1.0210981239347987
37.945963793093206,6.782406839862745,0.14007139663755463,1.0210876728275473
37.75411627085687,6.7823744037016285,0.1400389604764385,1.021082789581076
37.56309212854429,6.7823964610045095,0.14006101777931956,1.0210861102960667
37.37124460630794,6.782491827910211,0.1401563846850209,1.0211004677320192
37.1793970840716,6.78261833807802,0.14028289485283008,1.0211195137691986
36.9867261819115,6.782890818772829,0.1405553755476392,1.0211605355900835
36.79487865967516,6.782773392335109,0.14043794910991902,1.0211428571035446
36.603031137438826,6.782634557273146,0.1402991140479557,1.021121955560232
36.41118361520248,6.782467175892771,0.14013173266758105,1.0210967563841582
36.41118361520248,6.782414626235555,0.14007918301036515,1.0210888450617528
36.21851271304239,6.782474960036444,0.1401395168112538,1.0210979282827681
36.027488570729794,6.7823374223317625,0.14000197910657253,1.021077222055891
35.83564104849346,6.782128521060178,0.1397930778349883,1.0210457720827046
35.64379352625712,6.782123980309703,0.1397885370845131,1.0210450884751823
35.45112262409702,6.782114247900973,0.13977880467578263,1.021043623266324
35.25927510186068,6.781813869566389,0.13947842634119922,1.0209984014708953
35.06660419970058,6.781489487893004,0.1391540446678139,1.0209495659858225
34.87558005738799,6.781344166044647,0.1390087228194572,1.020927687860335
34.683732535151655,6.7811313704720915,0.13879592724690148,1.0208956516022487
34.683732535151655,6.780917926220894,0.1385824829957043,1.0208635176859444
34.49106163299155,6.780705781556113,0.13837033833092338,1.0208315794216707
34.300037490678974,6.7805857604038335,0.13825031717864356,1.0208135103022613
34.10818996844264,6.780315874423586,0.13798043119839587,1.0207728791142472
33.915519066282535,6.779885096078492,0.137549652853302,1.020708025667929
33.72367154404619,6.779584717743908,0.1372492745187177,1.0206628038725
33.53182402180985,6.7794186337208115,0.13708319049562157,1.0206378000128613
33.33997649957351,6.778932708774807,0.13659726554961704,1.0205646442756724
33.14812897733717,6.778318329854208,0.13598288662901759,1.0204721498622464
33.14812897733717,6.777838245245096,0.13550280201990628,1.0203998733846107
32.956281455100836,6.77741330500776,0.13507786178256964,1.0203358988622506
32.76361055294073,6.776867692710366,0.13453224948517573,1.0202537572266681
32.57258641062815,6.7763499802818865,0.13401453705669653,1.0201758159012255
32.379915508468045,6.7759114155639795,0.13357597233878948,1.0201097902207017
32.18806798623171,6.775452090900472,0.13311664767528164,1.020040639141622
31.996220463995368,6.774904532567161,0.1325690893419713,1.0199582045313873
31.803549561835265,6.774336865196023,0.1320014219708332,1.0198727425164091
31.61252541952269,6.77385029157138,0.13151484834618987,1.019799489121003
31.61252541952269,6.773375396391383,0.13103995316619343,1.0197279939091073
31.419854517362587,6.772801240004715,0.13046579677952508,1.0196415549763589
31.22800699512624,6.772229031883099,0.12989358865790912,1.0195554093538581
31.0361594728899,6.77121111912027,0.1288756758950802,1.0194021631392505
30.844311950653562,6.770639559677296,0.1283041164521057,1.0193161151749675
30.652464428417222,6.770343722093189,0.12800827886799926,1.019271576987061
30.460616906180885,6.769912295069456,0.1275768518442657,1.0192066258825256
30.268769383944544,6.769444535354497,0.12710909212930677,1.0191362049110229
30.076921861708197,6.768878814019276,0.12654337079408595,1.0190510358706972
29.885074339471856,6.7682378348161825,0.12590239159099248,1.0189545367991624
29.885074339471856,6.767897882626315,0.12556243940112477,1.0189033571812744
29.692403437311757,6.7673023176154015,0.12496687439021148,1.0188136951917524
29.500555915075417,6.766523800707624,0.12418835748243406,1.01869648989334
29.30870839283908,6.765873089095803,0.12353764587061278,1.0185985256129475
29.11686087060274,6.765128307935558,0.12279286471036777,1.0184863992130373
28.92501334836639,6.764435427753889,0.12209998452869897,1.0183820864773148
28.73316582613005,6.763728276642148,0.12139283341695783,1.0182756252608067
28.541318303893714,6.762957543878049,0.12062210065285939,1.0181595918610054
28.34864740173361,6.762218600825558,0.11988315760036805,1.0180483443850523
28.34864740173361,6.7613765067236935,0.11904106349850352,1.0179215675745372
28.157623259421037,6.76038778895792,0.11805234573273005,1.0177727166509087
27.964952357260934,6.75941010318729,0.11707465996209976,1.0176255265881686
27.773104835024597,6.758669862777522,0.1163344195523317,1.017514083795781
27.581257312788246,6.757703204543767,0.11536776131857707,1.017368553922739
27.388586410628147,6.756647666190705,0.11431222296551535,1.0172096431959194
27.196738888391806,6.755600560659959,0.11326511743476875,1.017052002025928
27.00571474607923,6.754773386166807,0.11243794294161713,1.016927471354416
26.81386722384289,6.754132406963714,0.11179696373852366,1.0168309722828814
26.81386722384289,6.753488833046063,0.1111533898208732,1.0167340825784767
26.621196321682792,6.752689556192682,0.11035411296749231,1.0166137518815084
26.42934879944644,6.751728087388043,0.10939264416285344,1.0164690032742065
26.237501277210104,6.750659573233054,0.10832413000786367,1.0163081390474413
26.045653754973763,6.749615062416867,0.10727961919167672,1.0161508885103199
25.853806232737426,6.748486214460987,0.10615077123579741,1.0159809410625393
25.661135330577324,6.747393694738061,0.10505825151287063,1.015816462810535
25.47011118826475,6.746403033165503,0.10406758994031318,1.0156673192478491
25.277440286104635,6.745309216085298,0.10297377286010789,1.01550264567941
25.0855927638683,6.74426275923319,0.10192731600800009,1.015345102167636
25.0855927638683,6.7433129688732,0.10097752564800988,1.0152021117438448
24.893745241631958,6.7423242533365615,0.0999888101113715,1.0150532611558114
24.70189771939562,6.741491889414292,0.09915644618910235,1.0149279492185592
24.51005019715928,6.7404415404903455,0.09810609726515551,1.0147698197574797
24.31737929499918,6.739327612143178,0.09699216891798823,1.0146021184487024
24.126355152686592,6.73818708574265,0.09585164251746026,1.014430412817411
23.933684250526493,6.737048503148903,0.0947130599237127,1.0142589998251768
23.741836728290153,6.735951444904635,0.09361600167944495,1.014093838301245
23.549989206053816,6.734871252304998,0.0925358090798083,1.0139312158909695
23.549989206053816,6.733726182924856,0.0913907396996656,1.01375882631656
23.358141683817475,6.732657020091226,0.09032157686603615,1.013597864431577
23.16629416158114,6.731820115418478,0.08948467219328826,1.013471868886802
22.973623259421036,6.730936499196273,0.08860105597108259,1.0133388409435797
22.78259911710845,6.729939997286823,0.08760455406163281,1.0131888181213409
22.589928214948348,6.728995396355948,0.08665995313075836,1.0130466089632897
22.39808069271201,6.728087125887165,0.08575168266197508,1.0129098693366108
22.207056550399432,6.727276819267775,0.08494137604258523,1.0127878781143491
22.014385648239333,6.7262777226437676,0.08394227941857757,1.0126374646592402
22.014385648239333,6.72535842463811,0.08302298141292042,1.0124990648428633
21.822538126002993,6.7244190153654895,0.08208357214029949,1.0123576372861476
21.630690603766645,6.723330387714403,0.08099494448921263,1.012193744983449
21.438843081530305,6.722163261031376,0.0798278178061862,1.0120180346940482
21.246172179370205,6.7211025332492,0.07876709002400961,1.0118583427014887
21.05514803705763,6.720269520648289,0.07793407742309899,1.0117329331060188
20.86330051482129,6.7196285414451955,0.07729309822000552,1.0116364340344841
20.671452992584953,6.718821478219006,0.0764860349938159,1.0115149311033105
20.47878209042484,6.717937861996797,0.07560241877160667,1.0113819031600877
20.286934568188503,6.717106146753168,0.0747707035279781,1.011256688881053
20.286934568188503,6.716242641797924,0.07390719857273442,1.011126688678169
20.095087045952162,6.715247437245753,0.07291199402056314,1.010976861172365
19.903239523715825,6.714234716141178,0.07189927291598774,1.0108243965590928
19.710568621555723,6.713053967206722,0.07071852398153222,1.0106466354471244
19.519544479243148,6.711393131434018,0.06905768820882763,1.0103965975219247
19.327696957006797,6.7101721577364986,0.06783671451130857,1.0102127805936838
19.135026054846698,6.709423482275281,0.0670880390500912,1.0101000679088734
18.943178532610357,6.708647560082063,0.06631211685687344,1.0099832532433315
18.75133101037402,6.707716585860893,0.06538114263570272,1.0098430955790387
18.75133101037402,6.706747979362083,0.06441253613689302,1.0096972723957491
18.55948348813768,6.705889017386451,0.0635535741612614,1.0095679561359827
18.36681258597758,6.704891218119724,0.06255577489453401,1.009417737997309
18.17578844366499,6.703791562931762,0.06145611970657239,1.0092521855049121
17.978177261962326,6.702802845165987,0.06046740194079714,1.0091033345812834
17.78632973972599,6.701771961059503,0.05943651783431303,1.0089481355379206
17.593658837565886,6.700902615767366,0.05856717254217614,1.0088172560754833
17.40181131532955,6.700062467701421,0.05772702447623068,1.0086907722396208
17.205023513550636,6.699093861202609,0.05675841797741921,1.0085449490563307
17.205023513550636,6.698171319803756,0.05583587657856626,1.0084060609488663
17.013175991314295,6.697218286050567,0.0548828428253767,1.0082625822339872
16.820505089154196,6.696254222531368,0.053918779306178166,1.0081174429938151
16.629480946841618,6.695436129539169,0.053100686313978684,1.0079942795373484
16.43681004468152,6.694649179809077,0.05231373658388705,1.0078758046821084
16.244962522445178,6.693859633135292,0.051524189910102436,1.0077569388584031
16.05311500020883,6.693074629441122,0.05073918621593165,1.007638756977816
15.861267477972492,6.692326604887678,0.04999116166248818,1.0075261422868182
15.669419955736153,6.691461802575154,0.04912635934996423,1.0073959467674989
15.669419955736153,6.690395883134725,0.04806043990953501,1.007235473173604
15.477572433499814,6.68927481932252,0.04693937609733023,1.0070666976244336
15.284901531339713,6.688182948278233,0.045847505053043136,1.006902317030647
15.087290349637048,6.687200070849352,0.04486462762416199,1.0067543453665715
14.895442827400698,6.686357325839711,0.04402188261452089,1.0066274705622433
14.70359530516436,6.685408832836999,0.043073389611809176,1.006484675454887
14.51174778292802,6.6843266942014425,0.04199125097625256,1.0063217600699588
14.319900260691682,6.683321110791038,0.04098566756584798,1.0061703700326745
14.128052738455343,6.682418680659147,0.04008323743395703,1.0060345096655483
14.128052738455343,6.681125694716088,0.03879025149089799,1.005839851332781
13.936205216219005,6.679812595276929,0.03747715205173918,1.00564216492408
13.744357693982655,6.679151504806874,0.03681606158168371,1.005542638112207
13.552510171746317,6.67843916203688,0.036103718811689944,1.0054353952943635
13.360662649509978,6.677595119669962,0.035259676444772126,1.0053083251736006
13.167991747349877,6.676900293452374,0.03456485022718425,1.0052037194632255
12.976144225113538,6.676122425223237,0.033786981998047416,1.005086611823031
12.7842967028772,6.675135655722517,0.03280021249732723,1.0049380542096502
12.59244918064085,6.674204679272211,0.03186923604702141,1.0047978962097626
12.399778278480749,6.673341822995608,0.031006379770418313,1.0046679936650962
12.399778278480749,6.672551627643182,0.03021618441799223,1.0045490301831732
12.208754136168173,6.671815281534389,0.029479838309199202,1.0044381736756862
12.016083234008072,6.671211281472027,0.028875838246836594,1.0043472417937411
11.825059091695495,6.671004326236361,0.02866888301117143,1.0043160847952073
11.633211569459156,6.670098001803496,0.02776255857830634,1.004179638143181
11.440540667299055,6.669008727702904,0.026673284477714,1.0040156485178597
11.248693145062706,6.6680226068808235,0.025687163655633505,1.0038671885626964
11.056845622826367,6.667126014856688,0.024790571631498004,1.003732207119528
10.864174720666266,6.666283918525688,0.023948475300498373,1.0036054299734176
10.864174720666266,6.665556005239207,0.0232205620140169,1.003495843022758
10.667386918887363,6.664964980978773,0.02262953775358323,1.0034068646407588
10.475539396651024,6.664287022634951,0.02195157940976067,1.0033047983796346
10.283691874414675,6.663341775254573,0.0210063320293834,1.0031624918989612
10.091844352178336,6.662506814388608,0.020171371163417717,1.0030367889932434
9.899996829941998,6.661880757023362,0.01954531379817226,1.0029425363963074
9.708149307705659,6.661249510229,0.018914067003810153,1.002847502533631
9.51630178546932,6.6605021343541955,0.018166691129005486,1.0027349855008503
9.32363088330922,6.659715831073608,0.017380387848418444,1.0026166079682328
9.32363088330922,6.659100154795732,0.016764711570542268,1.0025239182383723
9.13178336107287,6.658694677146718,0.016359233921527938,1.0024628737981327
8.939935838836531,6.6583106103510845,0.01597516712589453,1.0024050527502624
8.748088316600192,6.657814952996349,0.01547950977115864,1.0023304318042152
8.555417414440091,6.6572031687903115,0.014867725565121503,1.00223832802366
8.364393272127515,6.656614739244434,0.014279296019243937,1.0021497402745307
8.172545749891176,6.656142438778997,0.013806995553807155,1.0020786356955051
7.979874847731076,6.655715552505739,0.01338010928054878,1.0020143681984919
7.788027325494727,6.654939630312523,0.012604187087332797,1.0018975535329502
7.788027325494727,6.653795211840155,0.011459768614964894,1.0017252619523533
7.596179803258388,6.653446824598834,0.011111381373644313,1.0016728124420422
7.404332281022049,6.653177587297224,0.010842144072033655,1.001632278912245
7.212484758785711,6.65285190826656,0.010516465041369827,1.0015832481107374
7.020637236549372,6.652635869300806,0.010300426075615654,1.0015507235615633
6.827966334389271,6.652315381928398,0.009979938703208013,1.0015024743613916
6.630355152686595,6.6517756099678955,0.009440166742705536,1.0014212119853618
6.438507630450256,6.6512663281325946,0.008930884907404568,1.0013445398811518
6.24748348813768,6.650764834899241,0.00842939167405099,1.0012690403467426
6.0548125859775785,6.650209492422254,0.007874049197064359,1.0011854338378974
6.0548125859775785,6.649781957470358,0.007446514245168068,1.0011210686826668
5.86296506374124,6.649514666204667,0.007179222979477373,1.0010808281275225
5.671117541504891,6.649259702062264,0.006924258837074149,1.001042443414106
5.479270019268553,6.648934671710242,0.006599228485051789,1.0009935102708163
5.287422497032214,6.64843382492639,0.0060983817012001396,1.0009181080590293
5.095574974795875,6.648010182046332,0.005674738821142,1.000854328853104
4.9037274525595365,6.6476274126079735,0.005291969382783535,1.000796703121668
4.711879930323198,6.6472932985258595,0.0049578553006695,1.0007464024277375
4.519209028163086,6.646995514905836,0.00466007168064575,1.0007015712651788
4.519209028163086,6.646656860073245,0.00432141684805476,1.0006505869637257
4.327361505926747,6.646300688688249,0.003965245463058764,1.000596965554804
4.135513983690409,6.6459295954654065,0.0035941522402165305,1.000541097671284
3.94366646145407,6.646055456954578,0.0037200137293877944,1.0005600460502462
3.7509955592939686,6.645788165688886,0.0034527224636962117,1.0005198054951014
3.55914803705763,6.645481300567907,0.0031458573427167735,1.0004736071174973
3.367300514821291,6.645305486365215,0.002970043140025247,1.0004471383845954
3.170512713042378,6.645204279122621,0.0028688358974306993,1.00043190168909
2.9786651908060393,6.644872111076425,0.002536667851234853,1.0003818939698117
2.9786651908060393,6.644269408371341,0.0019339651461507401,1.0002911574043016
2.785994288645938,6.64383344059713,0.0014979973719402295,1.0002255226922434
2.594970146333362,6.643622591060494,0.0012871478353035926,1.0001937794088096
2.4031226240970125,6.643523978532456,0.0011885353072660365,1.000178933346174
2.2104517219369115,6.643522681175177,0.0011872379499866526,1.000178738029739
2.018604199700573,6.64349283972862,0.0011573965034301636,1.0001742454161375
1.826756677464234,6.643488945427648,0.0011535022024578012,1.0001736591312373
1.6349091552278954,6.643418230539385,0.0010827873141954214,1.0001630130431458
1.4422382530677942,6.643103581274732,0.000768138049542344,1.0001156427669315
1.4422382530677942,6.642644905289863,0.00030946206467330484,1.0000465893460693
1.251214110755218,6.642315980636867,-1.9462588323193586e-05,0.9999970699178791
1.0585432085951063,6.6421596290224985,-0.0001758142026915266,0.9999735312670981
0.8675190662825302,6.642166764487535,-0.0001686787376549148,0.9999746055074911
0.674848164122429,6.642230343910758,-0.00010509931443181131,0.9999841773551893
0.48300064188609027,6.642181037646742,-0.00015440557844836889,0.9999767543238718
0.29115311964975155,6.642240724998129,-9.471822706075272e-05,0.9999857402222652
0.09848221748965041,6.64233544322519,0.0,1.0
-0.09254192482293624,6.642184281039939,-0.00015116218525079717,0.9999772426149593
-0.28438944705927494,6.642270566444686,-6.487678050426382e-05,0.9999902328358664
-0.28438944705927494,6.642570944779269,0.00023550155407914275,1.0000354546312953
-0.47623696929561365,6.6428323979372035,0.0004969547120134976,1.000074816262482
-0.6689078714557148,6.642934253858438,0.0005988106332477372,1.0000901506162052
-0.8607553936920536,6.6428285036362285,0.0004930604110384706,1.0000742299775813
-1.0534262958521547,6.642798662189672,0.00046321896448198174,1.00006973736398
-1.2444504381647414,6.642916086398255,0.0005806431730652761,1.0000874155149237
-1.4362979604010802,6.643019890584543,0.0006844473593528022,1.0001030431788944
-1.6281454826374187,6.643158076967866,0.0008226337426764374,1.0001238470639895
-1.8199930048737574,6.643384494791854,0.0010490515666639055,1.000157934144644
-1.8199930048737574,6.643522032496539,0.001186589271348737,1.0001786403715216
-2.0126639070338586,6.64340071398698,0.0010652707617904156,1.0001603759356774
-2.2045114292701973,6.643498677836378,0.0011632346111882796,1.0001751243400956
-2.396358951506536,6.643942431983399,0.0016069887582093045,1.0002419312863593
-2.588206473742885,6.644729383942626,0.0023939407174360383,1.0003604064771943
-2.7800539959792236,6.644753387281426,0.0024179440562361876,1.000364020166838
-2.971901518215552,6.6447001889455715,0.002364745720381478,1.000356011186215
-3.164572420375674,6.644726138320292,0.0023906950951015915,1.0003599178505114
-3.3555965626882505,6.644717705497978,0.0023822622727882603,1.000358648293684
-3.3555965626882505,6.644861729989055,0.0025262867638646824,1.0003803311027362
-3.5482674648483514,6.645125129182911,0.0027896859577207778,1.0004199857085758
-3.74011498708469,6.64553774229696,0.003202299071769943,1.0004821043892078
-3.931962509321029,6.6459101328770815,0.0035746896518915605,1.000538167589163
-4.123810031557368,6.646412277018212,0.004076833793021706,1.000613765117385
-4.315657553793707,6.646753526565362,0.004418083340172352,1.0006651400517086
-4.50915183587757,6.6468164573099475,0.00448101408475754,1.0006746142411895
-4.699352598266384,6.646684757713021,0.004349314487830824,1.0006547869382698
-4.891200120502723,6.647216094622067,0.004880651396876878,1.0007347794218757
-5.083047642739061,6.647917409855188,0.005581966629997659,1.0008403620500212
-5.083047642739061,6.648314452452752,0.005979009227561782,1.0009001365978378
-5.275718544899163,6.648556443022362,0.006220999797172055,1.0009365681469033
-5.467566067135501,6.648741340955144,0.0064058977299543685,1.000964404430446
-5.6594135893718605,6.649048854754761,0.006713411529570834,1.0010107004662672
-5.851261111608199,6.649377128499984,0.007041685274794318,1.0010601219006452
-6.043108633844538,6.649674263441369,0.007338820216179265,1.0011048554049862
-6.234956156080877,6.650024594489473,0.007689151264282934,1.001157597554355
-6.426803678317215,6.65047094558019,0.008135502354999602,1.0012247954690843
-6.619474580477316,6.650886153408798,0.008550710183608423,1.0012873047825865
-6.619474580477316,6.651257246631641,0.008921803406450657,1.0013431726661066
-6.811322102713655,6.651632231926322,0.00929678870113193,1.0013996264989318
-7.003169624949994,6.652037709575337,0.009702266350147148,1.0014606709391713
-7.1950171471863325,6.652585914358149,0.010250471132959404,1.0015432028720281
-7.386864669422671,6.653290472984468,0.010955029759277757,1.0016492737912615
-7.584475851125347,6.65396518793509,0.01162974470990008,1.0017508517612976
-7.776323373361686,6.654539993000401,0.012204549775210793,1.0018373883522638
-7.968170895598025,6.655117392780269,0.012781949555079386,1.0019243155761
-8.160841797758126,6.655699981989254,0.013364538764063738,1.0020120240656762
-8.160841797758126,6.6560957294586744,0.013760286233484464,1.002071603632653
-8.352689319994465,6.656470714753354,0.014135271528163962,1.0021280574654778
-8.544536842230803,6.657074714815719,0.014739271590529235,1.0022189893474234
-8.736384364467142,6.657790300978909,0.015454857753718798,1.0023267204563542
-8.928231886703502,6.658548057941082,0.01621261471589186,1.0024408003562102
-9.12007940893984,6.659314247725569,0.01697880450037914,1.002556149812894
-9.317690590642496,6.65995068394905,0.01761524072385967,1.0026519649413108
-9.509538112878834,6.660468398606667,0.018132955381476634,1.002729906602349
-9.701385635115173,6.660987408392426,0.018651965167236106,1.0028080432442268
-9.701385635115173,6.66136758534536,0.019032142120170015,1.0028652786783874
-9.894056537275274,6.661957960927155,0.01962251770196488,1.0029541594021691
-10.085904059511634,6.662992090655973,0.020656647430783437,1.0031098470722148
-10.277751581747973,6.663932148607234,0.021596705382044057,1.0032513722871481
-10.469599103984311,6.66510771034171,0.022772267116519807,1.0034283524689718
-10.66144662622065,6.665837569664107,0.023502126438916804,1.0035382323942834
-10.853294148456989,6.666227476796633,0.023892033571443427,1.003596932701707
-11.045141670693328,6.666754921633847,0.02441947840865666,1.0036763392360082
-11.236989192929666,6.667360867732127,0.025025424506937455,1.0037675640926058
-11.236989192929666,6.668080345967156,0.025744902741966058,1.003875881150842
-11.428836715166003,6.668987319078661,0.02665187585347084,1.004012425461086
-11.620684237402342,6.669724962544733,0.027389519319543254,1.004123477285008
-11.813355139562445,6.670433413242889,0.02809797001769887,1.0042301341535464
-12.00437928187502,6.6711373231905675,0.02880187996537753,1.004336107414562
-12.18963976472128,6.671999530788531,0.029664087563340935,1.0044659123010111
-12.18963976472128,6.672758582878847,0.030423139653657394,1.0045801871817068
-12.18963976472128,6.6731517356337084,0.030816292408518464,1.0046393761158132
-12.18963976472128,6.67340021076058,0.03106476753538967,1.004676783911459
-12.18963976472128,6.673555265017669,0.03121982179247862,1.004700127245805
-12.18963976472128,6.673452111739157,0.031116668513966772,1.0046845975756469
-12.18963976472128,6.673098537297854,0.030763094072663755,1.0046313671351905
-12.18963976472128,6.672977865237801,0.030642422012610915,1.0046132000219687
