Angle (degree),rho (mOhm cm),Delta rho (mOhm cm),rho/rho(theta=0)
100.80378572672265,7.825224781717556,-0.13240372654580224,0.9833614089413307
100.80378572672265,7.825213083950381,-0.1324154243129776,0.9833599389346368
100.80378572672265,7.825146150572517,-0.13248235769084094,0.9833515277129024
100.80378572672265,7.825168894122137,-0.13245961414122132,0.983354385794251
100.80378572672265,7.82521698246183,-0.13241152580152793,0.9833604288433383
100.80378572672265,7.825190340400763,-0.13243816786259544,0.9833570808532882
100.61687848402887,7.825229329980915,-0.1323991782824434,0.9833619805014826
100.42585434171629,7.825058422900763,-0.1325700853625955,0.9833405033641703
100.42585434171629,7.824842676240458,-0.1327858320229005,0.9833133914350219
100.23400681947996,7.824630180572517,-0.1329983276908413,0.9832866880437139
100.04133591731986,7.824606135286258,-0.1330223729771003,0.9832836663788757
99.83878445607462,7.824478118530533,-0.13315038973282523,0.9832675790790486
99.64693693383826,7.824262371870228,-0.13336613639313022,0.9832404671499002
99.45508941160192,7.8239355042366405,-0.1336930040267177,0.983199391139221
99.26324188936559,7.82368141774809,-0.1339470905152682,0.9831674612133282
99.07139436712924,7.823506609923664,-0.13412189833969457,0.9831454938867252
99.07139436712924,7.823365595896946,-0.1342629123664123,0.9831277732773035
98.87295980550283,7.8232934645038155,-0.13433504375954275,0.9831187088439669
98.68193566319025,7.822850275648854,-0.1347782326145044,0.9830630152595653
98.48926476103013,7.822390840763358,-0.1352376675000002,0.9830052801083179
98.29824061871756,7.822252423511449,-0.13537608475190943,0.982987885824108
98.10639309648121,7.8221393532824415,-0.13548915498091674,0.9829736767882262
97.91372219432111,7.821875518282442,-0.135752989980916,0.9829405218099906
97.72187467208478,7.821674068396945,-0.13595443986641342,0.9829152064933371
97.53002714984844,7.821719557729007,-0.13590895053435137,0.9829209229366236
97.33735624768833,7.821601937003815,-0.13602657125954298,0.9829061420600006
97.33735624768833,7.8212380290458,-0.13639047921755854,0.9828604113554775
97.145508725452,7.820954699255724,-0.13667380900763426,0.9828248065531446
96.95448458313942,7.820838378034351,-0.13679013022900754,0.9828101889794224
96.76181368097932,7.820677219465647,-0.1369512887977109,0.9827899368944532
96.56996615874299,7.820466670820609,-0.1371618374427488,0.9827634781769069
96.37564849673535,7.820132655916029,-0.13749585234732908,0.9827215040002746
96.17556717526139,7.819803187041984,-0.13782532122137425,0.9826801011032051
95.98371965302505,7.819649825496182,-0.1379786827671765,0.9826608288356391
95.98371965302505,7.819481517423663,-0.1381469908396955,0.9826396783041278
95.79104875086495,7.81911695971374,-0.13851154854961845,0.9825938659481546
95.59920122862862,7.818706912671755,-0.13892159559160344,0.9825423371488949
95.4024134268497,7.8184346286641215,-0.13919387959923668,0.9825081204212166
95.21056590461336,7.81815130110687,-0.13947720715648781,0.9824725158994728
95.01789500245326,7.817850425782441,-0.13977808248091694,0.9824347062273932
94.82604748021691,7.81756124822519,-0.14006726003816805,0.9823983665620079
94.63419995798058,7.817424782461832,-0.14020372580152607,0.9823812175127381
94.44235243574424,7.817274019923663,-0.14035448833969522,0.9823622718509731
94.44235243574424,7.8172278808396936,-0.14040062742366466,0.9823564737562366
94.25050491350791,7.816964697824427,-0.14066381043893106,0.9823234007100403
94.05865739127157,7.816702162328243,-0.14092634593511555,0.9822904090347049
93.86680986903522,7.816698263816793,-0.1409302444465652,0.9822899191260034
93.67496234679888,7.816786641240456,-0.14084186702290236,0.9823010251261856
93.48229144463878,7.816746352156488,-0.14088215610687005,0.9822959621750909
93.29044392240243,7.816650825229006,-0.1409776830343521,0.9822839577283662
93.09777302024234,7.816474720133586,-0.1411537881297722,0.9822618273794517
92.90674887792976,7.8161296572137395,-0.14149885104961868,0.9822184648475757
92.71490135569343,7.815746901984732,-0.14188160627862612,0.9821703656898165
92.71490135569343,7.815582492423663,-0.14204601583969545,0.9821497050670068
92.52305383345707,7.815572746145037,-0.14205576211832138,0.9821484802952528
92.32461927183064,7.815433679141219,-0.14219482912213888,0.9821310043595927
92.13359512951807,7.815275769332059,-0.14235273893129907,0.9821111605318749
91.94174760728173,7.81530761164122,-0.1423208966221381,0.9821151620141165
91.74413642557907,7.8152036379389305,-0.14242487032442774,0.9821020960985385
91.55146552341897,7.81510746125954,-0.14252104700381807,0.9820900100003637
91.35961800118261,7.814965147729006,-0.14266336053435236,0.9820721260880414
91.16859385887004,7.814826732709923,-0.1428017755534352,0.982054732084421
91.16859385887004,7.814697414217557,-0.1429310940458013,0.9820384812011043
90.97592295670994,7.8145960395228995,-0.14303246874045872,0.9820257418913272
90.78407543447359,7.814574595477098,-0.14305391278626,0.9820230471128791
90.59222791223726,7.814666221660304,-0.142962286603054,0.9820345613703129
90.4003803900009,7.81466427240458,-0.14296423585877793,0.9820343164159623
90.20853286776457,7.814477119293892,-0.143151388969466,0.9820107977118039
90.01668534552823,7.814275669408395,-0.14335283885496342,0.9819854823951504
89.8248378232919,7.8141593481870215,-0.1434691600763367,0.9819708648214283
89.63299030105556,7.814111911832059,-0.143516596431299,0.9819649037043802
89.63299030105556,7.814175594217555,-0.1434529140458034,0.981972906388274
89.44031939889545,7.814317260229006,-0.1433112480343519,0.9819907089297352
89.24929525658287,7.814373795343511,-0.14325471291984737,0.9819978134476761
89.05662435442277,7.81431011072519,-0.14331839753816844,0.9819898104831931
88.86477683218642,7.814329607748091,-0.1432989005152674,0.9819922605878796
88.66716565048377,7.814532354904579,-0.1430961533587789,0.9820177389268442
88.47531812824742,7.814809187175571,-0.14281932108778683,0.9820525272146745
88.28347060601108,7.814768246106869,-0.14286026215648917,0.9820473823315401
88.09162308377473,7.814664922156488,-0.14296358610687054,0.9820343980674123
88.09162308377473,7.814640879103053,-0.14298762916030494,0.9820313766831633
87.89977556153839,7.814589542003816,-0.14303896625954238,0.9820249253768245
87.70792803930206,7.814486867805343,-0.14314164045801547,0.9820120227641471
87.51608051706572,7.814492715572519,-0.1431357926908392,0.9820127576271996
87.32340961490561,7.814692865954197,-0.142935642309161,0.9820379096409523
87.13156209266928,7.814979444503817,-0.14264906375954123,0.9820739227005367
86.93971457043293,7.81518544265267,-0.14244306561068854,0.9820998095773417
86.7478670481966,7.815364146755724,-0.14226436150763444,0.9821222665320574
86.5551961460365,7.815471371450381,-0.14215713681297704,0.982135740985476
86.5551961460365,7.815486967729006,-0.14214154053435202,0.9821377009008715
86.36334862380015,7.81545317616412,-0.14217533209923783,0.9821334544642791
86.17232448148758,7.815483066984733,-0.14214544127862538,0.9821372107115809
85.97965357932748,7.815611735725191,-0.14201677253816758,0.9821533799434474
85.78780605709113,7.815822282137403,-0.14180622612595517,0.9821798383804043
85.59595853485479,7.816034780038166,-0.14159372822519245,0.9822065420523013
85.40411101261844,7.8162947142938926,-0.14133379396946566,0.9822392068412465
85.21226349038211,7.816531255248091,-0.14109725301526765,0.9822689318973926
85.02041596814577,7.816813935286258,-0.1408145729771002,0.9823044550482753
84.82774506598567,7.817577494255724,-0.14005101400763387,0.9824004081288537
84.82774506598567,7.8180304316221365,-0.1395980766412217,0.9824573267655985
84.63672092367308,7.81793685395038,-0.13969165431297803,0.9824455672732247
84.43828636204665,7.8182923151335855,-0.13933619312977275,0.9824902365088941
84.24726221973408,7.818478168740458,-0.13915033952290035,0.9825135919101522
84.05541469749774,7.818380042805344,-0.13924846545801461,0.9825012608576266
83.86274379533764,7.818271520839693,-0.13935698742366487,0.9824876233818965
83.6708962731013,7.818294264389312,-0.13933424387404614,0.9824904814632451
83.47904875086495,7.818592540706105,-0.13903596755725278,0.9825279645295234
83.28720122862862,7.818818033645036,-0.13881047461832186,0.9825563012304258
83.28720122862862,7.819077318148854,-0.13855119011450423,0.9825888843679207
83.09453032646852,7.819128005496183,-0.13850050276717507,0.9825952540228092
82.90350618415593,7.819181291851144,-0.13844721641221458,0.9826019502834986
82.7116586619196,7.81931450885496,-0.13831399940839795,0.982618691075517
82.51981113968326,7.819495164446564,-0.13813334381679443,0.9826413932651726
82.32714023752315,7.819811636049618,-0.13781687221374028,0.9826811628526478
82.13529271528681,7.820195038797707,-0.13743346946565094,0.9827293433812677
81.94344519305047,7.8204523740458,-0.13717613421755814,0.9827616815644118
81.75159767081414,7.820539454198472,-0.13708905406488636,0.9827726245422829
81.75159767081414,7.820668770458015,-0.1369597378053431,0.9827888751450107
81.55892676865403,7.821039178167938,-0.13658933009542018,0.9828354226446254
81.36707924641769,7.821264021354962,-0.13636448690839664,0.9828636776940777
81.1760551041051,7.821512909828242,-0.1361155984351159,0.9828949544083679
80.983384201945,7.821876817786258,-0.13575169047710034,0.982940685112891
80.79153667970867,7.8222764687977095,-0.13535203946564867,0.9829909074889465
80.59968915747233,7.822572143874046,-0.13505636438931212,0.9830280636688347
80.40784163523598,7.822900962996183,-0.13472754526717523,0.983069384914454
80.21599411299965,7.8233168578053425,-0.13431165045801574,0.9831216485767659
80.21599411299965,7.823780191202289,-0.13384831706106937,0.9831798736367149
80.02414659076331,7.824133053377861,-0.1334954548854972,0.9832242162665833
79.83229906852696,7.824287714427481,-0.1333407938358775,0.98324365183705
79.64045154629062,7.824571044217556,-0.13305746404580265,0.9832792566393828
79.44201698466419,7.824977192748091,-0.13265131551526732,0.9833302955299409
79.25099284235162,7.825506160019082,-0.13212234824427593,0.9833967685087237
79.05832194019152,7.8259032120229,-0.13172529624045826,0.9834466642789781
78.86153413841261,7.826117656946564,-0.1315108513167944,0.9834736126246367
78.66968661617626,7.826436077805342,-0.13119243045801632,0.9835136271664625
78.66968661617626,7.826851974847327,-0.13077653341603135,0.9835658911093638
78.47783909393992,7.827234078091601,-0.13039443017175678,0.9836139083350834
78.28599157170359,7.827651924389311,-0.12997658387404698,0.9836664172323354
78.09332066954349,7.828384290801526,-0.12924421746183246,0.9837584504821225
77.90147314730714,7.828846974446564,-0.12878153381679436,0.9838165938906214
77.7096256250708,7.829041926812976,-0.12858658145038238,0.983841092692772
77.51777810283446,7.8292466254580155,-0.12838188280534268,0.9838668162666769
77.32510720067435,7.829490313683206,-0.12813819458015185,0.9838974394887761
77.13408305836178,7.829618332671753,-0.128010175591605,0.983913527069192
76.94223553612544,7.829875667919847,-0.1277528403435113,0.9839458652523362
76.94223553612544,7.830239575877861,-0.12738893238549753,0.9839915959568589
76.74956463396533,7.829947799312976,-0.12768070895038264,0.9839549296856726
76.55771711172899,7.830401386431297,-0.1272271218320613,0.9840119299738677
76.36586958949265,7.831273467366412,-0.1263550408969465,0.9841215205301759
76.17402206725632,7.8319096593320605,-0.1257188489312977,0.9842014679623774
75.98217454501997,7.832346348435113,-0.1252821598282452,0.984256344751687
75.79032702278364,7.832587439885495,-0.12504106837786289,0.9842866416485744
75.5984795005473,7.832818780591602,-0.12480972767175658,0.9843157132125291
75.4058085983872,7.833128104923662,-0.12450040333969614,0.9843545846340511
75.4058085983872,7.833694112519083,-0.1239343957442749,0.984425712306678
75.21478445607461,7.8340970122900755,-0.12353149597328272,0.9844763429399845
75.01717327437194,7.834281566393129,-0.12334694187022954,0.9844995350383416
74.82532575213561,7.834490163549617,-0.12313834471374108,0.984525748520948
74.63265484997551,7.8348599215076336,-0.12276858675572466,0.9845722143691127
74.44080732773917,7.835360295229006,-0.12226821303435198,0.9846350941229053
74.24895980550282,7.835921104809159,-0.12170740345419961,0.9847055685839298
74.05711228326648,7.836480614885494,-0.1211478933778638,0.9847758797420536
73.86444138110637,7.837244823606869,-0.12038368465648919,0.9848719144740823
73.86444138110637,7.83763407635496,-0.11999443190839809,0.984920830146344
73.6734172387938,7.838215030477097,-0.11941347778626099,0.9849938360829159
73.48156971655746,7.838783639312975,-0.11884486895038293,0.9850652906419328
73.28889881439736,7.838876565,-0.11875194326335858,0.9850769682022673
73.09211101261845,7.8392495717175565,-0.11837893654580167,0.9851238423076831
72.90026349038212,7.840213281068701,-0.11741522719465713,0.9852449474020142
72.70841596814577,7.840957995,-0.11667051326335809,0.9853385323099457
72.51574506598567,7.841410932366412,-0.11621757589694592,0.9853954509466906
72.32389754374933,7.841771591564886,-0.11585691669847265,0.9854407733939622
72.32389754374933,7.841985388969465,-0.11564311929389337,0.9854676403687597
72.13205002151298,7.8419626431870215,-0.1156658650763367,0.9854647820068219
71.94020249927664,7.842290162805342,-0.11533834545801636,0.9855059399495406
71.74753159711655,7.842800934790075,-0.1148275734732831,0.9855701264071269
71.5556840748802,7.8432142305916015,-0.11441427767175671,0.9856220634636379
71.36383655264386,7.843763992156487,-0.11386451610687143,0.9856911495694185
71.16622537094119,7.844285812156487,-0.11334269610687109,0.9857567243822486
70.9752012286286,7.844920704618319,-0.11270780364503885,0.9858365085115496
70.78253032646852,7.845348297194655,-0.11228021106870312,0.9858902421805555
70.78253032646852,7.845714804160305,-0.11191370410305357,0.9859362994908797
70.59068280423217,7.8462619689503805,-0.11136653931297769,0.9860050592714484
70.39883528199583,7.846945597270992,-0.1106829109923666,0.9860909678206979
70.2069877597595,7.847648720381678,-0.10997978788167995,0.9861793261940445
70.0143168575994,7.84829790961832,-0.10933059864503836,0.9862609069358406
69.82329271528681,7.848780737805344,-0.10884777045801464,0.986321581819887
69.63144519305047,7.84958003759542,-0.10804847066793855,0.9864220262914084
69.43877429089036,7.8498133297900745,-0.1078151784732837,0.986451343090303
69.24692676865403,7.849550144541984,-0.1080783637213738,0.9864182697635178
69.24692676865403,7.850248721622136,-0.10737978664122227,0.9865060568573015
69.05507924641769,7.85142492664122,-0.10620358162213783,0.9866538653429405
68.86323172418135,7.8519434978816784,-0.10568501038167977,0.9867190318985192
68.671384201945,7.85221512990458,-0.10541337835877851,0.9867531666941582
68.47953667970866,7.852644021984732,-0.10498448627862622,0.9868070636660649
68.28768915747233,7.8529630925954175,-0.10466541566794074,0.9868471598593408
68.09501825531223,7.852976089866411,-0.10465241839694706,0.9868487931689355
67.90317073307588,7.853421877729007,-0.10420663053435142,0.9869048133591382
67.71132321083955,7.8542881108969445,-0.10334039736641376,0.9870136690523938
67.51947568860321,7.855158892328243,-0.1024696159351155,0.9871230963058015
67.51947568860321,7.856089459866411,-0.1015390483969476,0.9872400366149906
67.3268047864431,7.856712654561068,-0.10091585370228984,0.9873183507375977
67.13578064413052,7.8571961324999995,-0.10043237576335873,0.9873791072730943
66.94310974197042,7.85784532173664,-0.09978318652671803,0.9874606880148902
66.75208559965785,7.858790183816793,-0.09883832444656537,0.9875794246559851
66.55941469749774,7.859478362633587,-0.09815014562977087,0.9876659050459757
66.36262689571883,7.859826024561068,-0.09780248370229039,0.9877095941836528
66.17077937348249,7.860305603988549,-0.09732290427480894,0.9877698608104478
65.97810847132239,7.861141946335878,-0.09648656192748017,0.9878749602564022
65.97810847132239,7.861785935324425,-0.09584257293893295,0.9879558875060066
65.78708432900982,7.862424724064885,-0.09520378419847297,0.9880361612634202
65.59523680677346,7.863079111316792,-0.09454939694656606,0.9881183952168182
65.40256590461337,7.863962890019082,-0.09366561824427588,0.9882294557798204
65.20989500245327,7.864776486583969,-0.09285202167938955,0.988331696863837
65.01887086014068,7.865338595667937,-0.09228991259542152,0.9884023346277618
64.82125967843803,7.865959841106869,-0.09166866715648947,0.988480403796018
64.62941215620168,7.866581084312976,-0.09104742395038201,0.988558472683685
64.43180097449901,7.867165289427479,-0.09046321883587893,0.9886318871580974
64.43180097449901,7.8678469684923655,-0.08978153977099268,0.988717550752996
64.23995345226268,7.868586484408396,-0.08904202385496252,0.9888104824493252
64.04810593002632,7.869296105038166,-0.0883324032251922,0.9888996573371746
63.85625840778999,7.870103204083969,-0.08752530417938953,0.9890010819066885
63.66441088555365,7.870896656106869,-0.08673185215648882,0.9891007915151575
63.4725633633173,7.871615375496182,-0.08601313276717626,0.9891911098038997
63.28071584108096,7.872171636812976,-0.08545687145038183,0.9892610127047723
63.08804493892086,7.872705152347328,-0.08492335591602984,0.9893280572437072
62.89619741668452,7.873393331164122,-0.08423517709923622,0.9894145376336977
62.89619741668452,7.874119200057252,-0.08350930820610625,0.9895057543689821
62.704349894448185,7.874858713740456,-0.08276979452290245,0.9895986857847219
62.51167899228808,7.875231720458013,-0.08239678780534554,0.9896455598901377
62.320654849975504,7.875876359198472,-0.08175214906488648,0.9897265687911928
62.12880732773917,7.876606126603053,-0.08102238166030507,0.989818275435179
61.93695980550283,7.879957339293893,-0.07767116896946558,0.99023940752087
61.74428890334273,7.8814389679007615,-0.07618954036259673,0.9904255972387401
61.54750110156381,7.8808976531106865,-0.07673085515267175,0.9903575726018131
61.35565357932747,7.880631221335877,-0.07699728692748131,0.9903240912983654
61.35565357932747,7.880943792194656,-0.07668471606870231,0.9903633706965497
61.16298267716737,7.881432470381678,-0.07619603788168039,0.9904247807242376
60.971135154931034,7.882136892996183,-0.0754916152671754,0.9905133024004849
60.7792876326947,7.8829277460114495,-0.07470076225190869,0.9906126854031527
60.58661673053459,7.883493753606869,-0.07413475465648922,0.9906838130757792
60.39559258822201,7.884298903396946,-0.07332960486641227,0.9907849926909423
60.202921686061906,7.885106000209923,-0.07252250805343508,0.990886416979867
60.01107416382556,7.885516699236639,-0.07211180902671899,0.9909380277111659
59.81922664158922,7.886281557709923,-0.0713469505534352,0.9910341440946449
59.81922664158922,7.887328444236639,-0.07030006402671951,0.9911657016969668
59.62737911935288,7.888250565,-0.06937794326335833,0.9912815805373026
59.435531597116544,7.888999827194655,-0.06862868106870312,0.9913757370053857
59.24368407488021,7.889674358988549,-0.0679541492748088,0.9914605024343316
59.05183655264386,7.890482105553433,-0.06714640270992511,0.9915620083747062
58.85422537094119,7.891493903244273,-0.06613460501908541,0.9916891565181247
58.66155446878109,7.892201576851145,-0.06542693141221356,0.9917780867322126
58.47053032646851,7.8929573365648835,-0.0646711716984747,0.9918730597147983
58.27785942430841,7.893650063645036,-0.06397844461832225,0.9919601116649407
58.27785942430841,7.8943980263358755,-0.0632304819274827,0.9920541048301234
58.08683528199583,7.89538512898855,-0.0622433792748085,0.9921781496572536
57.894164379835736,7.896348838339694,-0.06127966992366396,0.9922992547515846
57.70231685759939,7.89692199543893,-0.06070651282442796,0.9923712808707532
57.510469335363055,7.89758807822519,-0.0600404300381685,0.9924549845502563
57.31779843320295,7.898273655801526,-0.059354852461832586,0.9925411380538565
57.12677429089037,7.899005374694655,-0.05862313356870352,0.9926330899327823
56.93492676865403,7.899893051908395,-0.0577354563549628,0.9927446404044862
56.73731558695136,7.900837916221373,-0.056790592041985555,0.9928633773261704
56.545468064715024,7.901743138969464,-0.055885369293894094,0.9929771326676206
56.545468064715024,7.902411171011448,-0.055217337251909804,0.9930610813014743
56.35362054247869,7.903466508778625,-0.05416199948473288,0.9931937009338284
56.161773020242336,7.904477654484731,-0.05315085377862694,0.9933207671452073
55.969925498006,7.905336740381678,-0.05229176788168033,0.9934287246725102
55.777254595845896,7.906230917347328,-0.05139759091603047,0.9935410919393061
55.585407073609545,7.907209570992364,-0.05041893727099378,0.993664075016993
55.39355955137321,7.908137539522899,-0.049490968740458996,0.9937806887203812
55.20171202913687,7.908912146507632,-0.04871636175572647,0.9938780301562031
55.009864506900534,7.909600323091602,-0.048028185171756554,0.9939645102656045
55.009864506900534,7.910265756125953,-0.04736275213740537,0.9940481322936572
54.81719360474043,7.910971480477099,-0.04665702778625924,0.9941368175533942
54.62616946242785,7.911612870458013,-0.04601563780534512,0.9942174181971977
54.434321940191516,7.912269204732824,-0.04535930353053441,0.9942998968243576
54.241651038031414,7.91292034322519,-0.04470816503816799,0.9943817225205044
54.0448632362525,7.9136631079007635,-0.043965400362594664,0.9944750624740851
53.8521923340924,7.914516993549618,-0.04311151471374064,0.9945823665091964
53.66116819177982,7.915262357232823,-0.04236615103053509,0.994676033068578
53.46849728961972,7.916254657900763,-0.041373850362595554,0.9948007311073102
53.46849728961972,7.917349634999998,-0.040278873263360104,0.9949383320393087
53.27664976738338,7.918185325362594,-0.039443182900764207,0.9950433495532236
53.084802245147046,7.918927440286258,-0.038701067977100045,0.9951366078553538
52.89213134298694,7.9199034949236635,-0.03772501333969469,0.9952592643272402
52.70110720067436,7.920634564064884,-0.036993944198473905,0.9953511345547158
52.508436298514255,7.921324040152671,-0.03630446811068744,0.9954377779670177
52.31658877627792,7.922201321335877,-0.035427186927480925,0.9955480220155173
52.12556463396533,7.923172827709922,-0.034455680553436174,0.9956701069272514
51.93289373180523,7.923872052309158,-0.03375645595420007,0.9957579753918964
51.93289373180523,7.924245059026716,-0.03338344923664227,0.9958048494973124
51.74104620956889,7.924885799255724,-0.03274270900763465,0.9958853684896657
51.54837530740879,7.925954781812976,-0.031673726450382134,0.9960197028024754
51.35735116509621,7.926667003683206,-0.030961504580152344,0.9961092045767151
51.165503642859875,7.927681400381679,-0.029947107881679536,0.9962366793259346
50.9678924611572,7.929065555038167,-0.0285629532251912,0.9964106199233188
50.77604493892086,7.930295046412213,-0.02733346185114538,0.9965651246696473
50.584197416684525,7.931083298187022,-0.026545210076336367,0.9966641807859249
50.39152651452442,7.931504393244274,-0.026124115019084293,0.9967170979404283
50.39152651452442,7.932140585209923,-0.0254879230534355,0.9967970453726298
50.200502372211844,7.932870352614502,-0.024758155648855862,0.9968887520166156
50.00783147005174,7.9337671285877835,-0.023861379675574668,0.9970014458892122
49.815983947815404,7.934654156049616,-0.022974352213742222,0.9971129147094658
49.62413642557907,7.935444359312975,-0.022184148950382898,0.9972122160606836
49.43228890334273,7.936181923740456,-0.021446584522902157,0.9973049025220728
49.23961800118261,7.936943533454197,-0.020684974809161538,0.9974006106483003
49.04283019940371,7.937567377900762,-0.02006113036259638,0.9974790064223575
48.85098267716737,7.937947531889312,-0.019680976374046644,0.9975267786937264
48.85098267716737,7.938353030667939,-0.019275477595419588,0.9975777359328343
48.65831177500727,7.9388988937213725,-0.01872961454198574,0.9976463321299133
48.46646425277093,7.9395428827099215,-0.018085625553436735,0.9977272593795179
48.27461673053458,7.940331136717556,-0.017297371545802243,0.9978263157763848
48.082769208298245,7.941185672118319,-0.016442836145039053,0.9979337014629466
47.89092168606191,7.941818613091602,-0.01580989517175624,0.9980132403573075
47.69907416382556,7.942406066965647,-0.015222441297710887,0.9980870630889713
47.50722664158922,7.943007815381678,-0.014620692881679886,0.9981626821525411
47.31537911935288,7.94377852385496,-0.013849984408397908,0.9982595336796615
47.12353159711654,7.9447994180725185,-0.012829090190839665,0.9983878249433839
47.12353159711654,7.945880748148855,-0.011747760114503514,0.9985237109143378
46.9316840748802,7.946592970019083,-0.0110355382442755,0.9986132126885773
46.739836552643865,7.947202517690839,-0.010425990572518806,0.9986898118501395
46.54798903040752,7.947870549732823,-0.009757958530535404,0.9987737604839931
46.35531812824742,7.948481396908396,-0.009147111354962156,0.9988505229484559
46.16347060601108,7.949111738874044,-0.008516769389314227,0.9989297352370157
45.97162308377474,7.949754428358778,-0.00787407990458,0.99901049918372
45.778952181614635,7.950354877270992,-0.007273630992366442,0.9990859549443891
45.58792803930206,7.950937782881679,-0.00669072538167903,0.999159206115901
45.58792803930206,7.951534333282441,-0.006094174980916911,0.9992341719678685
45.39525713714196,7.952194568301525,-0.005433939961832834,0.9993171407843191
45.19846933536305,7.952984119580151,-0.004644388683207268,0.9994163602034972
45.00579843320295,7.95363460832061,-0.003993899942748236,0.999498104248194
44.813950910966604,7.95451383875954,-0.0031146695038177796,0.9996085932510441
44.62210338873027,7.955604915114503,-0.0020235931488548076,0.9997457039937522
44.43025586649393,7.95626774914122,-0.0013607591221385107,0.9998289994160037
44.23264468479126,7.956765523854961,-0.0008629844083971605,0.9998915525639955
44.04079716255492,7.957356876240457,-0.0002716320229012581,0.9999658652043609
44.04079716255492,7.957800714847328,0.00017220658396954747,1.000021640440213
43.84894964031857,7.958351128396945,0.0007226201335868154,1.0000908084780329
43.657102118082236,7.959286893950381,0.001658385687022701,1.0002084019988242
43.4652545958459,7.960144028358777,0.0025155200954189993,1.000316114291187
43.273407073609555,7.960623610019082,0.00299510175572415,1.000376381198571
43.08073617144945,7.960987517977098,0.0033590097137397024,1.0004221119030943
42.889712029136874,7.961429407328244,0.0038008990648856766,1.0004776421845953
42.69704112697678,7.961752376450379,0.004123868187020818,1.0005182282865728
42.50601698466419,7.9622566509160295,0.004628142652671308,1.0005815982296566
42.50601698466419,7.962762224885496,0.005133716622137463,1.0006451314756408
42.31334608250409,7.963300938435113,0.005672430171754783,1.0007128292261778
42.12149856026775,7.963827958683205,0.006199450419846819,1.000779057531199
41.929651038031416,7.964360824465648,0.0067323162022896454,1.0008460204186835
41.73698013587131,7.96493593082061,0.007307422557251364,1.0009182914922032
41.54595599355873,7.965525983702289,0.007897475438930712,1.000992440829668
41.35410847132239,7.966110186583968,0.008481678320610087,1.0010658550234912
41.16226094908605,7.966791215896946,0.009162707633588063,1.0011514369669396
40.96959004692595,7.967314335400761,0.00968582713740318,1.0012171750826702
40.77774252468961,7.967821858625953,0.010193350362595055,1.0012809532830051
40.77774252468961,7.968361873912213,0.01073336564885441,1.0013488146170317
40.58589500245326,7.968918784980914,0.011290276717556225,1.0014187991693546
40.39404748021692,7.969329481774808,0.011700973511449497,1.0014704096200644
40.20219995798058,7.9699832170419835,0.012354708778625323,1.0015525616414231
40.010352435744245,7.970662949083969,0.013034440820610449,1.0016379805625601
39.81768153358414,7.971183467347328,0.013554959083969642,1.0017033917919005
39.625834011347806,7.971581169103053,0.013952660839694708,1.0017533692136051
39.43398648911147,7.97193013053435,0.014301622270991743,1.0017972216541826
39.24213896687512,7.9721744707442745,0.01454596248091633,1.0018279268083212
39.24213896687512,7.972502637881679,0.014874129618320353,1.001869166121901
39.05029144463878,7.972956224999998,0.015327716736639907,1.001926166410096
38.85844392240244,7.973374069064883,0.015745560801525116,1.001978675026759
38.6665964001661,7.973813359408395,0.016184851145037094,1.002033878702459
38.473925498006,7.974205211164121,0.016576702900763074,1.0020831209805219
38.282901355693426,7.974641902499999,0.017013394236641055,1.002137998050421
38.09023045353331,7.974983066908396,0.017354558645037876,1.0021808706735953
37.89838293129697,7.975423656755725,0.01779514849236641,1.002236237652196
37.706535409060635,7.97588374139313,0.018255233129771398,1.0022940544548937
37.706535409060635,7.976248951087785,0.018620442824427208,1.0023399487429063
37.5146878868243,7.976462096507634,0.01883358824427539,1.0023667337856648
37.322840364587954,7.976600511526716,0.01897200326335735,1.002384127789285
37.13099284235162,7.976866295782442,0.019237787519084115,1.0024175277218719
36.939145320115266,7.977281543072517,0.01965303480915903,1.0024697100133226
36.74647441795517,7.977724731927479,0.02009622366412067,1.0025254035977242
36.55545027564259,7.9780756426145025,0.020447134351144314,1.0025695009926527
36.36277937348249,7.978426555534351,0.020798047270992548,1.0026135986681706
36.17093185124615,7.97870858582061,0.02108007755725172,1.002649040167603
35.97826094908605,7.978780067461832,0.02115155919847389,1.0026580229494892
35.97826094908605,7.978852848606868,0.02122434034350995,1.0026671690342757
35.787236806773464,7.978991913377861,0.021363405114502854,1.0026846446893467
35.59538928453713,7.979251849866412,0.021623341603053348,1.0027173097588808
35.40354176230078,7.979530629160305,0.021902120896946542,1.002752342720473
35.21087086014069,7.979949774961831,0.022321266698472897,1.0028050149206253
35.01325967843802,7.980333829694656,0.022705321431297776,1.002853277381285
34.82223553612543,7.980569068912214,0.022940560648855524,1.0028828388539417
34.62956463396533,7.980762721774808,0.023134213511450064,1.0029071743531917
34.43771711172899,7.980786115076336,0.02315760681297796,1.0029101140859906
34.43771711172899,7.980812109618319,0.023183601354960892,1.0029133807051795
34.245869589492656,7.980990163969465,0.02336165570610671,1.0029357560084449
34.05402206725632,7.981299488301526,0.023670980038168032,1.0029746274299671
33.862174545019975,7.9814755933969455,0.023847085133587242,1.0029967577788814
33.67032702278364,7.981391114484731,0.02376260622137316,1.0029861416874006
33.47847950054729,7.981571118091602,0.02394260982824381,1.0030087619450168
33.28580859838719,7.981938926793892,0.024310418530533617,1.0030549828388307
33.09396107615085,7.982258647156487,0.02463013889312915,1.003095160683557
32.902936933838276,7.9823041364885485,0.024675628225190316,1.0031008771268433
32.902936933838276,7.982426305477099,0.024797797213740758,1.0031162295636182
32.710266031678174,7.98266544543893,0.02503693717557187,1.0031462812255652
32.51841850944184,7.982758371125953,0.025129862862594443,1.0031579587858994
32.326570987205486,7.9829104331679375,0.025281924904579256,1.003177067750565
32.13472346496915,7.982961120515267,0.025332612251908415,1.0031834374054536
31.942052562809046,7.983025454885496,0.02539694662213776,1.0031915220213867
31.751028420496468,7.983165821393127,0.025537313129769146,1.003209161259947
31.55835751833637,7.983392613835876,0.025764105572517515,1.0032376612637501
31.366509996100028,7.983466044732824,0.025837536469465405,1.0032468889999873
31.366509996100028,7.98345954721374,0.025831038950381746,1.0032460724854846
31.17466247386369,7.9833952128435115,0.025766704580153288,1.0032379878695514
30.98281495162734,7.983328929217556,0.025700420954198222,1.0032296582992672
30.785203769924674,7.983529729351145,0.025901221087786475,1.0032548919644704
30.593356247688337,7.9837435245229,0.026115016259542045,1.0032817586586786
30.401508725451997,7.98383905145038,0.02621054318702143,1.003293763105403
30.20966120321566,7.9837071339503805,0.02607862568702224,1.0032771856162852
30.016990301055547,7.98349528803435,0.0258667797709915,1.0032505638764275
29.82514277881921,7.983326330209923,0.025697821946565114,1.0032293316934662
29.82514277881921,7.983373119045801,0.025744610782442834,1.003235211439653
29.628354977040306,7.983575868435114,0.025947360171755918,1.003260690059207
29.435684074880204,7.983684390400763,0.026055882137404396,1.0032743275349367
29.243836552643867,7.9836765933778615,0.026048085114503294,1.0032733477175335
29.051989030407526,7.9836207057824415,0.025992197519083327,1.0032663245704536
28.86014150817118,7.9836811416412194,0.026052633377861234,1.0032739192776852
28.668293985934838,7.983677243129769,0.026048734866410683,1.0032734293689836
28.4764464636985,7.98346344572519,0.02583493746183141,1.0032465623941862
28.28459894146216,7.983493988530533,0.025865480267174945,1.0032504005735272
28.28459894146216,7.98393522812977,0.026306719866411754,1.003305849203578
28.092751419225824,7.984442101603053,0.026813593339694464,1.0033695457524627
27.900903896989472,7.98404310034351,0.026414592080151955,1.0033194050278575
27.709056374753136,7.983727930477098,0.026099422213739842,1.0032797990238722
27.516385472593033,7.983824754675572,0.026196246412213853,1.003291966492908
27.324537950356696,7.98383060467557,0.02620209641221205,1.0032927016365496
27.132690428120355,7.983605109503816,0.02597660124045742,1.003264364655058
26.94084290588402,7.983222356507633,0.025593848244274575,1.0032162657778882
26.748172003723916,7.982922780687021,0.02529427242366289,1.0031786194087091
26.556324481487568,7.982801911202289,0.025173402938930778,1.0031634302748351
26.556324481487568,7.982811009961831,0.025182501698473025,1.003164573675728
26.364476959251228,7.982885740362595,0.025257232099236582,1.0031739647148656
26.17262943701489,7.983009208854959,0.025380700591600913,1.0031894804545405
25.98078191477855,7.982876641603052,0.025248133339693446,1.0031728213139726
25.788934392542213,7.982577068015266,0.024948559751908128,1.003135175225383
25.597086870305873,7.982359372099236,0.024730863835877415,1.0031078183418838
25.404415968145774,7.982183916755724,0.024555408492365594,1.0030857696444193
25.212568445909422,7.9818882394465644,0.024259731183206235,1.0030486131839422
25.021544303596848,7.981753073187022,0.024124564923663883,1.003031627437573
25.021544303596848,7.981640652709921,0.024012144446563077,1.0030175000531412
24.82969678136051,7.981730329637403,0.02410182137404515,1.0030287693562243
24.63784925912417,7.981440502328244,0.023811994064885766,1.0029923480393887
24.445178356964067,7.981117533206105,0.023489024942747072,1.0029517619374109
24.25333083472772,7.980840051183204,0.02321154291984584,1.0029168919981302
24.061483312491383,7.980546325362594,0.022917817099235904,1.002879980772593
23.869635790255042,7.980373469026717,0.022744960763358968,1.0028582586809298
23.677788268018706,7.980250650286258,0.02262214202289936,1.0028428245927048
23.485117365858603,7.979971219007632,0.022342710744274186,1.0028077096990735
23.485117365858603,7.979962772232823,0.022334263969464807,1.0028066482302198
23.294093223546028,7.980074542958014,0.02244603469465556,1.0028206939632012
23.101422321385925,7.980097288740458,0.02246878047709977,1.002823552325139
22.909574799149578,7.979807461431296,0.02217895316793772,1.0027871310083032
22.717727276913237,7.979379866622136,0.021751358358777395,1.002733397058708
22.5258797546769,7.978929530496183,0.021301022232824707,1.0026768053083535
22.33403223244056,7.978676093759541,0.021047585496182464,1.002644957033911
22.142184710204223,7.9784661970992365,0.020837688835878332,1.0026185802484044
21.950337187967882,7.978201712347327,0.02057320408396901,1.0025853436187182
21.758489665731535,7.978070444599235,0.02044193633587721,1.0025688477810506
21.758489665731535,7.977933329083968,0.020304820820610026,1.0025516170803306
21.56087848402887,7.977734478206105,0.020105969942746604,1.0025266283694783
21.36903096179253,7.977535629561068,0.01990712129770955,1.0025016399392153
21.17636005963243,7.977412158835876,0.019783650572517963,1.0024861239189509
20.98451253739609,7.977272444312976,0.019643936049617672,1.0024685666124298
20.79266501515974,7.977148326068701,0.0195198178053424,1.0024529692213042
20.595877213380838,7.977017708072517,0.019389199809158875,1.0024365550350867
20.403206311220735,7.9768247071946545,0.019196198931296315,1.002412301467876
20.403206311220735,7.9765771182251894,0.01894860996183123,1.0023811880564863
20.20559512951807,7.976417259160304,0.018788750896946205,1.0023610992744176
20.008807327739156,7.9763269302480895,0.01869842198473126,1.002349748039295
19.816136425579057,7.976214509770991,0.01858600150763312,1.002335620654864
19.62511228326648,7.976002011870229,0.0183735036068704,1.0023089169829669
19.43244138110638,7.97577521942748,0.01814671116412203,1.002280416979164
19.24059385887004,7.975538028721373,0.01790952045801486,1.0022506102715674
19.0487463366337,7.9753684211450375,0.01773991288167931,1.0022292964371555
18.8560754344736,7.975220257614503,0.017591749351145047,1.0022106773811919
18.8560754344736,7.975003861202289,0.017375352938930888,1.0021834838005932
18.66422791223725,7.974665295801525,0.017036787538167175,1.0021409377832198
18.473203769924677,7.974430054351144,0.016801546087785724,1.002111376029974
18.281356247688336,7.974114884484732,0.01648637622137361,1.0020717700259887
18.088685345528233,7.973790615858778,0.01616210759542014,1.0020310206211105
17.896837823291897,7.973544326393129,0.01591581812977072,1.002000070512621
17.70499030105555,7.973230456030533,0.015601947767175162,1.0019606278115363
17.51314277881921,7.972990666316793,0.015362158053434882,1.0019304944981389
17.32129525658287,7.972703438015266,0.015074929751907717,1.0018943997871042
17.12944773434653,7.972488341106868,0.014859832843510112,1.0018673695094058
17.12944773434653,7.9721738209923645,0.014545312729006277,1.0018278451568707
16.93677683218643,7.971965221603052,0.014336713339694107,1.0018016313936755
16.74492930995009,7.971940528797709,0.014312020534350545,1.001798528357976
16.553081787713754,7.971799512538167,0.014171004274809107,1.0017808074679653
16.361234265477403,7.971501238454197,0.013872730190838567,1.001743324682276
16.169386743241066,7.971147076774808,0.013518568511449836,1.001698818749507
15.977539221004726,7.970956674904579,0.013328166641220385,1.0016748917880975
15.785691698768387,7.9708013641030515,0.013172855839693298,1.0016553745661807
15.593844176532048,7.9704329056488525,0.012804397385494326,1.0016090720209165
15.593844176532048,7.970029356125953,0.012400847862594766,1.0015583597361597
15.401996654295699,7.969695338988549,0.01206683072519077,1.0015163852789384
15.209325752135598,7.9694789448091585,0.011850436545800314,1.0014891919789288
15.011714570432932,7.969495840591602,0.011867332328243663,1.001491315197225
14.820690428120356,7.969387966145037,0.01175945788167887,1.0014777590923563
14.628842905884017,7.969188467748091,0.011559959484732651,1.0014526890106428
14.436172003723916,7.9690130101717545,0.011384501908396238,1.0014306400325894
14.244324481487567,7.968707586583969,0.011079078320610947,1.001392258800358
14.052476959251228,7.968296240038167,0.010667731774808509,1.001340566698198
14.052476959251228,7.968080493377862,0.010451985114503515,1.0013134547690496
13.86062943701489,7.9679225835687015,0.01029407530534332,1.0012936109413317
13.66878191477855,7.967764673759542,0.010136165496184013,1.001273767113614
13.47611101261845,7.967590515687021,0.009962007423662378,1.001251881438461
13.285086870305873,7.967391017290074,0.00976250902671616,1.0012268113567477
13.093239348069526,7.9671707223664106,0.009542214103052338,1.0011991278674475
12.900568445909425,7.967048551145038,0.009420042881679969,1.0011837751500838
12.703780644130521,7.967027756851144,0.009399248587786069,1.001181162023086
12.511933121894183,7.966932881908395,0.00930437364503689,1.0011692395084006
12.511933121894183,7.9665767709732815,0.008948262709923327,1.001124488621281
12.319262219734082,7.966443553969464,0.008815045706105806,1.0011077478292625
12.127414697497743,7.96624535284351,0.00861684458015155,1.0010828407698604
11.935567175261394,7.966015961393129,0.008387453129770961,1.0010540141602566
11.743719653025055,7.965620208893128,0.007991700629769838,1.0010042816929028
11.551872130788716,7.965201063091602,0.007572554828243483,1.0009516094927502
11.360024608552378,7.964891740992366,0.00726323272900764,1.0009127383518175
11.168177086316039,7.964698740114503,0.007070231851145081,1.0008884847846067
10.975506184155938,7.963790266374045,0.006161758110686755,1.000774320905316
10.783658661919588,7.96321256101145,0.005584052748091928,1.0007017232259954
10.783658661919588,7.963450401469465,0.005821893206106488,1.000731611585042
10.59181113968325,7.963618059790075,0.005989551526717207,1.000752680465103
10.399963617446911,7.963585567729007,0.00595705946564884,1.0007485973314114
10.20729271528681,7.963365272805344,0.005736764541985906,1.0007209138421111
10.015445193050471,7.96315862490458,0.005530116641221383,1.0006949453138556
9.824421050737895,7.962994217576335,0.005365709312976641,1.000674284971635
9.631750148577794,7.962910386183205,0.005281877919847133,1.0006637502510154
9.43496234679888,7.962907137423663,0.00527862916030486,1.000663341993764
9.243114824562541,7.962715436049616,0.0050869277862579665,1.0006392517294538
9.243114824562541,7.9625009888931295,0.004872480629771303,1.0006123031032061
9.05044392240244,7.96221636183206,0.0045878535687018385,1.0005765352785616
8.859419780089864,7.9617855182633575,0.004157009999999239,1.000522393071715
8.666748877929763,7.9614229098091585,0.003794401545800241,1.0004768256700924
8.469137696227087,7.961242254217556,0.0036137459541976114,1.000454123480437
8.277290173990748,7.961174021335875,0.003545513072516826,1.000445548955802
8.08544265175441,7.961095392423663,0.0034668841603044953,1.000435668007963
7.89359512951807,7.9609316326145025,0.0033031243511443265,1.0004150890366037
7.700924227357969,7.9608081641221355,0.0031796558587773305,1.0003995732969282
7.700924227357969,7.960747728263358,0.003119219999999423,1.0003919785896966
7.509900085045383,7.960706139675571,0.0030776314122125115,1.000386752335701
7.3180525628090445,7.960639206297707,0.0030106980343491685,1.0003783411139666
7.126205040572706,7.960554077633587,0.0029255693702285868,1.0003676433710358
6.933534138412605,7.960372772290074,0.0027442640267159035,1.0003448595299298
6.742509996100028,7.960159624637402,0.002531116374044018,1.0003180742065825
6.549839093939927,7.959879545839694,0.0022510375763360457,1.0002828779420903
6.357991571703578,7.9596982404961825,0.0020697322328242507,1.0002600941009843
6.166144049467239,7.959741780572517,0.002113272309158809,1.0002655655899197
6.166144049467239,7.959793767423663,0.0021652591603045224,1.0002720985477087
5.973473147307138,7.959624809599235,0.0019963013358763604,1.0002508663647471
5.7816256250708,7.9594642985496185,0.0018357902862602415,1.0002306956506393
5.590601482758223,7.959334982290074,0.0017064740267160872,1.0002144450479113
5.398753960521884,7.959342129561067,0.0017136212977089116,1.0002153432138645
5.206083058361783,7.959457801030533,0.001829292767174806,1.0002298791361366
5.014235536125434,7.959337581297707,0.0017090730343491956,1.0002147716537124
4.822388013889095,7.958973021354961,0.0013445130916025505,1.0001689590171503
4.630540491652757,7.958667597767174,0.0010390895038154824,1.0001305777849188
4.630540491652757,7.958483695648853,0.0008551873854951708,1.000107467618601
4.438692969416418,7.958464198625954,0.0008356903625958978,1.0001050175139148
4.246845447180079,7.958323834351145,0.0006953260877864409,1.0000873785559434
4.054174545019978,7.958196467347327,0.0005679590839688942,1.0000713729075665
3.8631504027073915,7.957998266221373,0.0003697579580146382,1.0000464658481645
3.67047950054729,7.957987867958015,0.00035935969465672457,1.000045159144371
3.478631978310952,7.9580210097709925,0.0003925015076342575,1.0000493239295132
3.286784456074613,7.957855952690837,0.00022744442747857363,1.000028581935842
3.0941135539145117,7.95772793370229,9.942543893171063e-05,1.0000124943554263
2.9030894116019357,7.957737682213738,0.00010917395037957078,1.000013719407769
2.9030894116019357,7.957931982595419,0.0003034743320604605,1.0000381362778805
2.710418509441824,7.957996316965648,0.0003678087022898069,1.0000462208938137
2.5136307076629207,7.957761725267175,0.00013321700381663248,1.0000167407920184
2.321783185426582,7.957508938282442,-0.00011956998091644522,0.9999849741690263
2.1299356631902437,7.9574563016793896,-0.0001722065839686593,0.9999783595597872
1.9380881409539048,7.95734127996183,-0.000287228301528053,0.9999639052889652
1.7462406187175556,7.957221060229007,-0.00040744803435099897,0.9999487978065414
1.5486294370148903,7.957186618912212,-0.0004418893511459743,0.9999444697184988
1.3559585348547891,7.95709304347328,-0.0005354647900785992,0.9999327105067141
1.3559585348547891,7.957028059351144,-0.0006004489122144463,0.9999245442393307
1.1641110126184504,7.957152827347328,-0.00047568091603000795,0.9999402232819067
0.9722634903821117,7.957564173893128,-6.433437023023458e-05,0.9999919153840666
0.780415968145773,7.9577474284923655,0.00011892022900727994,1.0000149441795234
0.5885684459094239,7.9577526265076335,0.00012411824427527307,1.0000155973911256
0.39672092367308515,7.957785118568701,0.00015661030534275255,1.0000196805248172
0.20405002151298401,7.957740281221374,0.0001117729580153437,1.0000140460135705
0.01220249927664531,7.957628508263358,0.0,1.0
-0.1796450229596934,7.957536232328243,-9.22759351151825e-05,0.9999884040911159
-0.1796450229596934,7.957555077366411,-7.343089694700211e-05,0.9999907722637629
-0.3714925451960321,7.957436806889312,-0.00019170137404600496,0.9999759097356898
-0.5633400674323812,7.957238605763358,-0.00038990250000026094,0.9999510026762879
-0.7551875896687199,7.956749277824427,-0.0008792304389313443,0.9998895109971496
-0.9470351119050586,7.956580969751908,-0.001047538511450341,0.9998683604656384
-1.1397060140651598,7.956880545572519,-0.0007479626908395431,0.9999060068348173
-1.330730156377736,7.957232108244274,-0.0003964000190839201,0.9999501861617852
-1.5225776786140748,7.957421210610685,-0.00020729765267279987,0.9999739498202941
-1.7152485807741864,7.957528433072518,-0.00010007519083998773,0.9999874239931236
-1.7152485807741864,7.957661000324426,3.249206106747948e-05,1.0000040831336916
-1.907096103010525,7.957735732958015,0.00010722469465651585,1.0000134744534186
-2.098943625246864,7.957732481965649,0.00010397370229053848,1.0000130659155781
-2.2907911474832026,7.957800714847328,0.00017220658396954747,1.000021640440213
-2.4826386697195413,7.9579605761450365,0.0003320678816782774,1.0000417295028705
-2.6753095718796422,7.9580950926526715,0.0004665843893132404,1.0000586335977897
-2.866333714192229,7.958193868339693,0.0005653600763348976,1.0000710463017655
-3.0581812364285677,7.958327732862593,0.0006992245992352153,1.0000878684646448
-3.2508521385886686,7.958512286965647,0.0008837787022883958,1.000111060563002
-3.4426996608250073,7.958427808053433,0.000799299790075203,1.0001004444715214
-3.4426996608250073,7.958126282977098,0.0004977747137395738,1.0000625531479916
-3.634547183061346,7.957935881106868,0.00030737284351012306,1.000038626186582
-3.8321583647640116,7.9579105385496165,0.0002820302862582835,1.0000354414994324
-4.024005887000361,7.95774937774809,0.00012086948473211123,1.000015189133874
-4.2158534092367,7.957816311125953,0.00018780286259456602,1.0000236003556084
-4.408524311396801,7.957998915973282,0.00037040770992380345,1.000046547499615
-4.599548453709377,7.958186069083968,0.0005575608206100924,1.0000700662037731
-4.791395975945716,7.95844730284351,0.0008187945801516605,1.0001028942956185
-4.984066878105817,7.958809263778624,0.0011807555152660854,1.00014838032638
-4.984066878105817,7.9590594495229,0.0014309412595414628,1.0001798200629817
-5.1759144003421556,7.959173821488548,0.0015453132251899149,1.0001941926823532
-5.367761922578494,7.959151077938931,0.00152256967557296,1.0001913346010047
-5.559609444814833,7.959544229198474,0.0019157209351154947,1.0002407401819684
-5.751456967051192,7.959294041221373,0.0016655329580146372,1.0002093001647772
-5.944127869211293,7.9597248847900754,0.0020963765267172363,1.0002634423716237
-6.140915670990186,7.960073196469465,0.002444688206106882,1.000307213160751
-6.3327631932265245,7.9603422294847315,0.0027137212213732553,1.000341021350589
-6.524610715462863,7.960493641774809,0.0028651335114506793,1.0003600486638042
-6.524610715462863,7.9606184097709916,0.0029899015076333413,1.0003757277063798
-6.716458237699223,7.9610499030916015,0.0034213948282433293,1.0004299515646766
-6.908305759935562,7.961174021335875,0.003545513072516826,1.000445548955802
-7.100976662095663,7.961142828778624,0.0035143205152659007,1.000441629125011
-7.292824184332002,7.961348177175572,0.0037196689122138693,1.000467434350366
-7.48467170656834,7.9614021155152646,0.0037736072519063413,1.0004742125430948
-7.676519228804679,7.9612786447900765,0.003650136526718306,1.0004586965228306
-7.868366751041018,7.961171422328243,0.003542914064884606,1.000445222350001
-8.061037653201119,7.961125283244273,0.0034967749809151627,1.0004394242552646
-8.061037653201119,7.961321535114504,0.0036930268511454756,1.0004640863603158
-8.252061795513695,7.961593816889312,0.003965308625954123,1.000498302807405
-8.444732697673796,7.961808264045802,0.004179755782443451,1.0005252514336531
-8.636580219910135,7.961939529561068,0.004311021297709772,1.0005417469907314
-8.828427742146474,7.96186609866412,0.004237590400761881,1.0005325192544943
-9.020275264382812,7.961587969122137,0.0039594608587787405,1.0004975679443526
-9.212946166542913,7.9616126619274805,0.003984153664122303,1.0005006709800521
-9.403970308855511,7.961793317519083,0.004164809255724933,1.0005233731697076
-9.596641211015612,7.961736130419846,0.004107622156487523,1.0005161867197272
-9.596641211015612,7.962024008473281,0.0043955002099229645,1.000552363082212
-9.787665353328189,7.962744029599236,0.00511552133587756,1.000642844954444
-9.98033625548829,7.963065699217555,0.005437190954197035,1.0006832677535211
-10.171360397800866,7.963092991030533,0.005464482767174594,1.0006866973950217
-10.364031299960967,7.963195665229006,0.0055671569656476905,1.000699600007699
-10.555878822197306,7.963213860515267,0.005585352251908482,1.000701886528896
-10.747726344433644,7.963626508797708,0.005998000534349401,1.0007537422145456
-10.939573866669983,7.9640099115458005,0.0063814032824422995,1.000801922743166
-11.131421388906322,7.964061248645037,0.0064327403816788475,1.0008083740495046
-11.32326891114266,7.963921534122137,0.006293025858778556,1.0007908167429835
-11.32326891114266,7.964648052767175,0.00701954450381681,1.0008821151297183
-11.515939813302762,7.965798265477098,0.00816975721373936,1.0010266572767572
-11.707787335539122,7.965492841889312,0.007864333625954067,1.0009882760445261
-11.89963485777546,7.964878743721373,0.007250235458014842,1.0009111050422228
-12.091482380011799,7.964598664923663,0.0069701566603050935,1.0008759087777304
-12.289093561714454,7.964827408854961,0.007198900591602886,1.0009046540164732
-12.480941083950793,7.965118535667937,0.007490027404578825,1.0009412386362093
-12.67278860618715,7.965123733683204,0.00749522541984593,1.0009418918478115
-12.86463612842349,7.965327132824426,0.007698624561068179,1.0009674521188159
-12.86463612842349,7.965682594007633,0.008054085744274353,1.0010121213544854
-13.056483650659828,7.965862599847328,0.008234091583969594,1.0010347418926906
-13.248331172896167,7.966010111393128,0.008381603129770099,1.001053279016615
-13.440178695132506,7.9662213097900745,0.008592801526716265,1.0010798193856114
-13.5546285045353,7.966503987595418,0.00887547933206001,1.001115342255905
-13.5546285045353,7.966650851622137,0.009022343358778606,1.0011337980089683
-13.5546285045353,7.966608611049617,0.008980102786258826,1.0011284898229333
-13.5546285045353,7.966461099503815,0.008832591240456544,1.0011099526990088
-13.5546285045353,7.96634542803435,0.008716919770991538,1.001095416776737
-13.5546285045353,7.966405863893129,0.008777355629771222,1.0011030114839687
-13.5546285045353,7.966544928664122,0.008916420400764125,1.0011204871390396
-13.5546285045353,7.966644354103051,0.00901584583969317,1.0011329814944654
-13.5546285045353,7.96673987879771,0.009111370534351515,1.001144985660601
-13.5546285045353,7.966843202748091,0.009214694484732888,1.0011579699247288
-13.5546285045353,7.966916635877861,0.009288127614502706,1.0011671979415548
-13.5546285045353,7.966932232156488,0.0093037238931295,1.0011691578569506
