Angle (degree),rho (mOhm cm),Delta rho (mOhm cm),rho/rho(theta=0)
98.65393523660329,4.467329806465649,-1.4905113317175562,0.7498235859017759
98.65393523660329,4.467407267610686,-1.4904338705725193,0.7498365874476782
98.65393523660329,4.468007716969465,-1.4898334212137403,0.7499373704905377
98.65393523660329,4.468379943984732,-1.4894611941984737,0.7499998473184076
98.65393523660329,4.468629481763358,-1.4892116564198474,0.7500417312446216
98.65393523660329,4.468786482366411,-1.489054655816794,0.7500680831730151
98.65393523660329,4.469173785412213,-1.4886673527709924,0.750133090452803
98.65393523660329,4.4699192790458016,-1.487921859137404,0.7502582186017914
98.65393523660329,4.470314380007633,-1.487526758175573,0.7503245347308501
98.46702799390951,4.47047865872519,-1.4873624794580156,0.7503521082618906
98.46702799390951,4.469955149816792,-1.487885988366413,0.7502642393684013
98.26941681220684,4.468466762450381,-1.4893743757328242,0.7500144194534538
98.07839266989426,4.466184012961831,-1.4916571252213746,0.7496312690075783
97.88572176773415,4.461495305839694,-1.4963458323435113,0.7488442881174556
97.69387424549782,4.450814057885496,-1.5070270802977097,0.7470514830213708
97.50202672326148,4.433661469374046,-1.5241796688091593,0.7441724890848725
97.30935582110138,4.412275578824427,-1.5455655593587787,0.7405829521949815
97.1183316787888,4.387829214778626,-1.5700119234045795,0.7364797269698028
96.92648415655246,4.361399026419846,-1.5964421117633592,0.7320435247036176
96.92648415655246,4.333192962938931,-1.6246481752442747,0.7273092488431644
96.73463663431613,4.302867908885496,-1.6549732292977097,0.722219308821252
96.54196573215603,4.270962969893129,-1.6868781682900762,0.7168641913798198
96.35011820991969,4.236611783290076,-1.7212293548931292,0.7110984809813167
96.15827068768334,4.201862116122137,-1.7559790220610685,0.705265887200789
95.96642316544701,4.16573921280916,-1.7921019253740456,0.699202801181011
95.77375226328688,4.129572380015267,-1.8282687581679387,0.6931323417721316
95.58272812097431,4.096065462732824,-1.8617756754503816,0.6875083386298355
95.3900572188142,4.064847011862595,-1.8929941263206107,0.6822684454963726
95.3900572188142,4.035225861961832,-1.9226152762213733,0.6772966529940644
95.19903307650164,4.007152364839694,-1.9506887733435114,0.6725846278710349
95.00718555426529,3.9797008924122133,-1.9781402457709922,0.6679770071254015
94.81451465210519,3.952958522152671,-2.0048826160305344,0.663488406365614
94.62266712986886,3.926714707648854,-2.0311264305343513,0.6590834862116303
94.43081960763251,3.900148313427481,-2.0576928247557245,0.654624422331744
94.23814870547241,3.874193286183206,-2.0836478519999995,0.6502679739736413
94.0413609036935,3.8481932907480916,-2.109647847435114,0.6459039778830972
93.8486900015334,3.8225686411374045,-2.135272497045801,0.6416029821001681
93.8486900015334,3.7985023011297705,-2.159338837053435,0.637563542402222
93.65766585922083,3.7751206308320606,-2.182720507351145,0.6336390217989687
93.46499495706072,3.750900669824427,-2.2069404683587783,0.6295737974255946
93.27314743482438,3.7275008029007624,-2.230340335282443,0.6256462225908617
93.0821232925118,3.704773388564885,-2.2530677496183205,0.621831516255337
92.88945239035169,3.6838954119847327,-2.273945726198473,0.6183272307103016
92.69760486811536,3.6634473666412206,-2.294393771541985,0.6148951074177783
92.50575734587902,3.64405075921374,-2.3137903789694656,0.6116394638083558
92.31390982364267,3.6252036543435113,-2.332637483839694,0.6084760520232648
92.12123892148257,3.606275448824427,-2.3515656893587784,0.6052990278159937
92.12123892148257,3.5882541576412215,-2.369586980541984,0.6022742255822265
91.93021477916999,3.571171750374045,-2.3866693878091603,0.5994070112891672
91.73754387700988,3.5559907681603047,-2.401850370022901,0.5968589436482817
91.54569635477355,3.541758028969465,-2.4160831092137407,0.5944700348370643
91.35384883253721,3.5294238541374034,-2.428417284045802,0.5923997925217711
91.15706103075831,3.5196653753587777,-2.438175762824428,0.5907618705711362
90.96439012859821,3.512261907412213,-2.4455792307709925,0.5895192278462209
90.77254260636185,3.50650980693893,-2.4513313312442753,0.5885537606006412
90.58069508412552,3.5029676730229005,-2.454873465160305,0.5879592274746522
90.58069508412552,3.5001242443511447,-2.457716893832061,0.5874819692521172
90.38390728234661,3.4971822998931295,-2.460658838290076,0.5869881755456753
90.19123638018651,3.4945486388244276,-2.463292499358778,0.5865461259831546
89.99938885795018,3.4926451354580146,-2.465196002725191,0.5862266304943922
89.80754133571384,3.4916594613664116,-2.466181676816794,0.5860611890083334
89.61569381347749,3.4924431657709922,-2.4653979724122133,0.586192730683649
89.42384629124115,3.4933563168320605,-2.464484821351145,0.5863459994667348
89.23199876900482,3.493994717061068,-2.4638464211221374,0.5864531524126091
89.04015124676847,3.4965875692442747,-2.4612535689389308,0.5868883523655903
89.04015124676847,3.500504009381679,-2.4573371288015267,0.5875457113059461
88.84748034460837,3.5069155647251904,-2.450925573458015,0.5886218654354043
88.65563282237204,3.5157286602824427,-2.442112477900763,0.5901011085627126
88.46378530013568,3.5273989610381675,-2.430442177145038,0.5920599222479133
88.27193777789935,3.540969126549618,-2.4168720116335876,0.594337620695507
88.07926687573925,3.5556237400534347,-2.4022173981297708,0.5967973394365619
87.88824273342667,3.57062510761832,-2.3872160305648853,0.599315259471177
87.69639521119034,3.586375347526717,-2.3714657906564884,0.6019588747578376
87.50454768895398,3.603105801824427,-2.3547353363587784,0.6047670151411866
87.50454768895398,3.6200743573740457,-2.33776678080916,0.6076151198751093
87.31270016671765,3.637389665198472,-2.3204514729847334,0.6105214256027753
87.12002926455754,3.655250057267175,-2.3025910809160304,0.6135192215584676
86.9281817423212,3.6735598767022895,-2.284281261480916,0.616592452114712
86.73633422008487,3.69216342329771,-2.2656777148854954,0.6197149836095839
86.54448669784853,3.7122335229160295,-2.245607615267176,0.6230836702114626
86.35263917561218,3.7344548434809157,-2.2233862947022898,0.626813430715225
86.16079165337584,3.7592503006946556,-2.19859083748855,0.6309752498437727
85.96812075121574,3.7877142205648853,-2.17012691761832,0.6357528058762435
85.96812075121574,3.818567721641221,-2.1392734165419847,0.6409314436345749
85.77627322897939,3.8474899063969463,-2.110351231786259,0.6457859176101172
85.58442570674306,3.874407992793893,-2.0834331453893125,0.6503040116264935
85.39257818450672,3.902524378900763,-2.0553167592824426,0.6550232354954677
85.20073066227039,3.9326222493206107,-2.025218888862595,0.6600750436457309
85.00805976011029,3.9642308621450373,-1.9936102760381682,0.6653804239154145
84.81621223787393,3.99757870051145,-1.9602624376717555,0.6709777262927287
84.62518809556136,4.031228062167939,-1.9266130760152667,0.6766256381581246
84.43334057332501,4.065477354274809,-1.8923637839083964,0.6823742459696639
84.24066967116491,4.099226012312976,-1.8586151258702293,0.688038824338811
84.24066967116491,4.133279053442747,-1.8245620847404584,0.6937544922023813
84.04882214892858,4.168184420816793,-1.7896567173664124,0.6996132196448337
83.85697462669224,4.203581326625954,-1.7542598115572519,0.7055544498636633
83.66512710445589,4.238763524931298,-1.7190776132519074,0.7114596422797326
83.47245620229579,4.274007328648855,-1.6838338095343506,0.7173751749198499
83.28143205998322,4.30906631791603,-1.6487748202671755,0.7232596871876387
83.08958453774687,4.34503508042748,-1.6128060577557255,0.7292969012853644
82.89691363558677,4.381685910961832,-1.5761552272213732,0.7354485977949374
82.70588949327419,4.415990050167938,-1.5418510880152674,0.7412064114745023
82.70588949327419,4.4514623361297705,-1.506378802053435,0.7471602939529212
82.51321859111408,4.486659611358778,-1.4711815268244273,0.7530680169708164
82.32137106887774,4.5217653890152665,-1.436075749167939,0.7589603824841394
82.12952354664141,4.55653481132061,-1.4013063268625956,0.7647962920861109
81.93767602440506,4.591114480167938,-1.366726658015267,0.7706003523229156
81.74582850216873,4.6240555202519085,-1.333785617931297,0.7761293752223102
81.55315760000863,4.656944052343511,-1.3008970858396944,0.7816495848634876
81.36131007777229,4.68920146321374,-1.2686396749694655,0.7870638633113459
81.16946255553594,4.720873499862594,-1.2369676383206114,0.7923798890183543
81.16946255553594,4.751448610603053,-1.2063925275801521,0.7975118000631968
80.9776150332996,4.78070845110687,-1.1771326870763357,0.8024229482165595
80.78576751106326,4.810297369740457,-1.1475437684427483,0.8073893308285353
80.59391998882693,4.838181114297709,-1.1196600238854968,0.8120695067363062
80.40207246659058,4.864863959244275,-1.0929771789389306,0.8165481164084504
80.20940156443048,4.891682490251909,-1.0661586479312968,0.8210495004476717
80.01755404219413,4.919256911816793,-1.038584226366413,0.825677757718273
79.82570651995779,4.945878931946564,-1.0119622062366416,0.8301461581862132
79.63385899772146,4.97293972261832,-0.9849014155648854,0.8346882045490016
79.44201147548512,4.999885621969465,-0.9579555162137403,0.8392109668594049
79.44201147548512,5.025242278167938,-0.9325988600152675,0.8434669810112366
79.25016395324877,5.050283894450382,-0.9075572437328239,0.8476701169629414
79.05831643101244,5.074856067435114,-0.8829850707480915,0.8517944587194296
78.86564552885233,5.0988012767175555,-0.85903986146565,0.8558135671056837
78.673798006616,5.122072214999999,-0.8357689231832062,0.8597195017794538
78.48277386430341,5.145146123496183,-0.8126950146870229,0.8635923657852268
78.28433930267698,5.167416831458014,-0.7904243067251917,0.8673304157676441
78.09331516036441,5.188772049251908,-0.7690690889312979,0.8709148043571671
77.89982087828055,5.209642228809159,-0.7481989093740467,0.8744177812028395
77.89982087828055,5.229730523267175,-0.7281106149160301,0.8777895217363816
77.70879673596797,5.24893815872519,-0.7089029794580153,0.8810134471503902
77.51694921373162,5.266518600160305,-0.6913225380229004,0.8839642545028125
77.32510169149528,5.282422981763357,-0.6754181564198483,0.8866337418614335
77.13325416925895,5.297976970694656,-0.6598641674885499,0.8892444172001253
76.9414066470226,5.314161561938931,-0.6436795762442742,0.8919609366354204
76.74955912478626,5.329965088648854,-0.6278760495343514,0.8946134959003259
76.55771160254992,5.345636567908397,-0.6122045702748089,0.8972438915245237
76.36586408031359,5.361073586312977,-0.5967675518702285,0.8998349338243335
76.36586408031359,5.375807220366412,-0.5820339178167933,0.9023079158511635
76.17319317815348,5.38970698380916,-0.5681341543740457,0.9046409360039946
75.98134565591714,5.402953789900763,-0.5548873482824428,0.9068643598557495
75.7894981336808,5.4153729629999985,-0.542468175183207,0.9089488687929956
75.59765061144446,5.427156854679388,-0.5306842835038177,0.9109267482641128
75.4058030892081,5.438385006183206,-0.5194561319999993,0.9128113489514084
75.21395556697178,5.449134357068702,-0.5087067811145038,0.9146155848543438
75.02128466481167,5.459401268725189,-0.4984398694580161,0.91633884524655
74.8302605224991,5.469249164977099,-0.48859197320610637,0.917991775565352
74.637589620339,5.478400955885496,-0.4794401822977097,0.9195278673637292
74.637589620339,5.487344278694655,-0.47049685948855036,0.9210289686186522
74.44574209810264,5.496416529251908,-0.46142460893129744,0.9225517098846303
74.25389457586631,5.50517529751145,-0.45266584067175586,0.9240218343905369
74.06204705362997,5.513164659480916,-0.44467647870228966,0.9253628171029263
73.86937615146987,5.521009496977099,-0.4368316412061066,0.9266795419558107
73.67752862923354,5.529274909282443,-0.42856622890076235,0.9280668586219722
73.48650448692095,5.537637017175571,-0.42020412100763416,0.9294704052589472
73.29465696468462,5.546023559312976,-0.4118175788702292,0.9308780530868922
73.10198606252452,5.554350316236641,-0.4034908219465647,0.9322756662038817
73.10198606252452,5.562656798221374,-0.39518433996183155,0.9336698762528033
72.91013854028816,5.571447798641222,-0.38639333954198385,0.9351454107989506
72.71829101805183,5.579885288473282,-0.3779558497099238,0.9365616099953316
72.52644349581549,5.5877883508854955,-0.37005278729770996,0.9378881076693907
72.33377259365538,5.595271878984732,-0.36256925919847305,0.9391441881733296
72.1427484513428,5.602692503061069,-0.3551486351221369,0.9403897104865678
71.9500775491827,5.60957506110687,-0.3482660770763353,0.9415449205511149
71.75823002694636,5.616818408748091,-0.3410227294351147,0.9427606877179833
71.56638250471002,5.623716043717556,-0.33412509446564975,0.9439184283843562
71.56638250471002,5.630620436106869,-0.32722070207633625,0.9450773032568439
71.37453498247368,5.637756691236641,-0.3200844469465647,0.9462750953705067
71.18268746023735,5.64481756442748,-0.31302357375572587,0.9474602349247634
70.990839938001,5.652138893015267,-0.30570224516793854,0.9486890908841588
70.7981690358409,5.659811134076335,-0.2980300041068702,0.9499768461101076
70.60714489352831,5.66752184491603,-0.2903192932671752,0.9512710583357874
70.41447399136821,5.675223718236641,-0.28261741994656475,0.9525637872189479
70.22344984905564,5.6829531446106865,-0.27488799357251903,0.953861140772823
70.03077894689554,5.690516732862594,-0.2673244053206112,0.9551306590557852
69.8389314246592,5.697791273061068,-0.2600498651221379,0.956351661769646
69.8389314246592,5.704908811763358,-0.2529323264198471,0.957546312405205
69.64708390242285,5.7120414282824425,-0.24579970990076294,0.9587434937924986
69.4552363801865,5.719308689473282,-0.23853244870992363,0.9599632747538042
69.26338885795018,5.725927154404579,-0.23191398377862615,0.9610741578367519
69.07154133571383,5.732026788641221,-0.22581434954198443,0.962097957245828
68.87969381347749,5.737863368473282,-0.21997776970992344,0.9630776040166449
68.6870229113174,5.743938568465649,-0.21390256971755672,0.9640973022347513
68.49023510953847,5.749920191679388,-0.2079209465038172,0.9651012939617888
68.29838758730214,5.755609129122137,-0.20223200906106875,0.9660561595432641
68.29838758730214,5.761224244030534,-0.19661689415267158,0.966998634305206
68.10571668514204,5.766564348206106,-0.19127678997709907,0.9678949496066243
67.9138691629057,5.771968396900762,-0.18587274128244324,0.9688019977418996
67.72202164066937,5.777636018908395,-0.18020511927481042,0.96975328561215
67.52935073850927,5.783266209847328,-0.1745749283358773,0.9706982908260101
67.33832659619668,5.78917505191603,-0.1686660862671756,0.9716900665265793
67.14565569403658,5.795057900335877,-0.16278323784732862,0.9726774792963063
66.94804451233391,5.800748397183205,-0.15709274100000048,0.973632606617654
66.75619699009756,5.806722742282442,-0.15111839590076315,0.9746353767420449
66.75619699009756,5.813038642534351,-0.14480249564885472,0.975695475543846
66.56517284778499,5.819665424290075,-0.13817571389313077,0.9768077545727804
66.37250194562489,5.826361869274809,-0.13147926890839656,0.9779317262983467
66.18065442338856,5.832537404358778,-0.1253037338244276,0.9789682653635444
65.9888069011522,5.838625081374045,-0.1192160568091607,0.9799900578004477
65.7961359989921,5.844577072328244,-0.11326406585496152,0.980989075870274
65.60511185667953,5.850308638854961,-0.10753249932824449,0.9819510965743817
65.41244095451943,5.855780269786258,-0.10206086839694706,0.9828694881199753
65.22059343228308,5.861194715404579,-0.09664642277862612,0.9837782813376428
65.22059343228308,5.8666190381450365,-0.091222100038169,0.9846887323910778
65.0295692899705,5.872186845755725,-0.08565429242748035,0.9856232668107696
64.8368983878104,5.878027065091603,-0.07981407309160282,0.986603524457864
64.64505086557406,5.883933307259541,-0.07390783092366426,0.9875948637754041
64.45320334333772,5.88978132451145,-0.06805981367175562,0.9885764302717696
64.26053244117762,5.895325217679388,-0.06251592050381749,0.9895069507471156
64.06950829886505,5.900695473916031,-0.05714566426717482,0.9904083269523697
63.87683739670494,5.9056311189160295,-0.052210019267175944,0.991236755385677
63.68581325439236,5.910265239732824,-0.04757589845038179,0.9920145741809944
63.68581325439236,5.915375561267175,-0.04246557691603048,0.9928723213776425
63.49396573215602,5.920722943557251,-0.03711819462595489,0.9937698582817074
63.30129482999592,5.926324542732823,-0.03151659545038221,0.9947100644815123
63.10944730775958,5.93177589872519,-0.0260652394580152,0.9956250529590381
62.91759978552323,5.937284960725189,-0.0205561774580163,0.9965497271610225
62.72575226328689,5.942923470274809,-0.014917667908396659,0.9974961286206859
62.53390474105055,5.948627482854961,-0.009213655328244919,0.9984535245041706
62.34123383889045,5.954349692061068,-0.003491446122137809,0.9994139746191348
62.14938631665411,5.960310520534351,0.00246938235114591,1.0004144760314806
61.95836217434154,5.966179332526717,0.00833819434351124,1.001399532842538
61.95836217434154,5.971795487038166,0.01395434885496094,1.002342182097728
61.766514652105194,5.977363294648855,0.019522156465649587,1.0032767165174201
61.5738437499451,5.982563553458014,0.024722415274808895,1.0041495593288592
61.381996227708754,5.987573540793892,0.029732402610686215,1.004990465828324
61.19014870547241,5.992657348877862,0.03481621069465657,1.0058437628475059
60.99747780331231,5.99713186919084,0.03929073100763425,1.0065947933314006
60.80645366099973,6.001017377564884,0.043176239381678805,1.0072469604979841
60.613782758839626,6.0050609261450365,0.04721978796183102,1.0079256540862098
60.42275861652704,6.009079000877863,0.051237862694657466,1.008600071990218
60.42275861652704,6.013105913129771,0.05526477494656579,1.009275973236745
60.230911094290704,6.01730906132061,0.059467923137404455,1.009981454986485
60.0382401921306,6.021209125923663,0.06336798774045782,1.0106360653583626
59.846392669894264,6.025246955793892,0.06740581761068665,1.011313799083814
59.65454514765793,6.029414753015267,0.0715736148320616,1.0120133473135686
59.46269762542158,6.033809214068702,0.07596807588549659,1.012750940168348
59.27002672326149,6.038636726061068,0.08079558787786212,1.013561218905293
59.07900258094891,6.043172072083969,0.08533093390076374,1.0143224587433
58.88633167878881,6.047214580167938,0.08937344198473252,1.0150009776883688
58.88633167878881,6.051422928160304,0.09358178997709832,1.0157073322041674
58.69530753647622,6.055735248961831,0.09789411077862553,1.0164311381435185
58.50181325439236,6.060113073687022,0.10227193550381664,1.0171659386565992
58.30502545261346,6.064475302580152,0.1066341643969464,1.017898121471138
58.11317793037711,6.068670652854961,0.11082951467175572,1.0186022943716073
57.921330408140776,6.072948142488549,0.11510700430534371,1.0193202540375967
57.72948288590443,6.07697453583206,0.11913339764885489,1.0199960681874078
57.53681198374433,6.080903193091602,0.12306205490839695,1.0206554777232486
57.34578784143175,6.0848152140229,0.12697407583969422,1.0213120949173904
57.34578784143175,6.088617022740458,0.1307758845572522,1.0219502134286735
57.1539403191954,6.092440146893129,0.13459900870992314,1.0225919096511809
56.96209279695906,6.096443145595418,0.13860200741221274,1.0232637971032705
56.76942189479896,6.100251192824426,0.14241005464122036,1.023902962723952
56.57757437256262,6.103981779801526,0.1461406416183202,1.0245291269486392
56.385726850326286,6.1077362803282425,0.14989514214503696,1.0251593049677632
56.19305594816618,6.111314025114503,0.15347288693129713,1.0257598152370504
56.001208425929846,6.114865776251908,0.1570246380687026,1.0263559625754952
55.81018428361727,6.118239732938931,0.16039859475572538,1.0269222678207626
55.61833676138093,6.121427054977098,0.16358591679389267,1.0274572471806083
55.61833676138093,6.1244901292671745,0.16664899108396902,1.0279713720488337
55.42566585922083,6.127639501328243,0.1697983631450377,1.0284999816555727
55.23464171690824,6.1309198803435105,0.17307874216030505,1.029050580259863
55.04197081474814,6.1338800196412215,0.17603888145801605,1.029547427897968
54.8501232925118,6.136840679633587,0.17899954145038155,1.030044362932605
54.65827577027545,6.139852806229006,0.18201166804580016,1.0305499364323942
54.46560486811535,6.1431591788931295,0.18531804070992397,1.031104897967527
54.27375734587901,6.146486866099236,0.18864572791603074,1.031663437063976
54.082733203566434,6.149727215931297,0.19188607774809174,1.0322073169286627
54.082733203566434,6.152854233847327,0.1950130956641214,1.032732174480837
53.89006230140634,6.156232348053434,0.19839120987022874,1.0332991775491898
53.69903815909376,6.1596442547175565,0.201803116534351,1.0338718525475639
53.50636725693366,6.162854451595419,0.20501331341221363,1.0344106713585066
53.31451973469732,6.165849942755725,0.20800880457251925,1.0349134526665056
53.122672212460984,6.168792925923664,0.2109517877404583,1.0354074207162876
52.92506103075831,6.171817529541984,0.21397639135877888,1.0359150884348738
52.73321350852196,6.174342537801526,0.2165013996183207,1.036338901054408
52.541365986285626,6.1769782789694645,0.219137140786259,1.0367812997533337
52.541365986285626,6.179486131099236,0.22164499291603068,1.0372022327845452
52.34951846404929,6.182232604282442,0.22439146609923633,1.037663217412954
52.15767094181295,6.185073174045801,0.22723203586259544,1.0381399957790562
51.9658234195766,6.18787111383206,0.2300299756488542,1.0386096188726173
51.7731525174165,6.190584835053435,0.23274369687022922,1.0390651062141618
51.58130499518016,6.193230452450382,0.23538931426717635,1.0395091625989472
51.389457472943825,6.195542834198473,0.23770169601526714,1.039897286702034
51.19678657078371,6.19757552610687,0.2397343879236642,1.0402384659750712
51.00576242847114,6.199634210770991,0.24179307258778593,1.0405840080290423
50.81391490623479,6.201793230526716,0.24395209234351078,1.0409463909301049
50.81391490623479,6.20418255272519,0.24634141454198488,1.041347429182562
50.6212440040747,6.206322857839694,0.24848171965648813,1.0417066709053375
50.43021986176212,6.2084090955572515,0.250567957374046,1.0420568376300237
50.237548959602016,6.210426191633587,0.25258505345038174,1.0423953992045187
50.04570143736568,6.212524386572519,0.25468324838931355,1.0427475729013778
49.85385391512934,6.214402675992366,0.25656153780916036,1.043062836329234
49.662006392893,6.216028829519083,0.2581876913358778,1.0433357797476637
49.4693354907329,6.217670578877861,0.25982944069465574,1.0436113408646355
49.27831134842031,6.219075267480916,0.2612341292977103,1.0438471122741906
49.27831134842031,6.220331793,0.26249065481679423,1.0440580150978713
49.085640446260214,6.221486424022899,0.2636452858396936,1.0442518153345879
48.89379292402387,6.222343170366411,0.26450203218320567,1.044395616809592
48.702768781711285,6.223236826190839,0.2653956880076338,1.0445456133945465
48.51009787955118,6.224180910801525,0.26633977261831987,1.0447040742512208
48.318250357314845,6.225252361969465,0.2674112237862598,1.0448839130792609
48.12640283507851,6.226476136419847,0.2686349982366414,1.045089318765985
47.93455531284217,6.227673916328243,0.26983277814503737,1.0452903613719584
47.742707790605834,6.228382499587786,0.2705413614045806,1.0454092942610886
47.742707790605834,6.229252761664121,0.2714116234809154,1.0455553642982296
47.55086026836949,6.230173450740458,0.27233231255725254,1.0457098983072748
47.35818936620939,6.230965732763359,0.27312459458015326,1.0458428797017976
47.16634184397305,6.231906177870228,0.2740650396870228,1.0460007296821943
46.97449432173671,6.232653230908396,0.2748120927251909,1.0461261195710554
46.77688314003404,6.233565602267175,0.2757244640839698,1.046279257484205
46.58503561779769,6.2340028134045795,0.276161675221374,1.0463526416391806
46.39318809556136,6.234250790885495,0.2764096527022897,1.0463942636756136
46.200517193401254,6.2344982494580155,0.27665711127480996,1.046435798615331
46.200517193401254,6.235130411175572,0.27728927299236616,1.0465419044518067
46.009493051088675,6.23572462291603,0.27788348473282465,1.046641640535176
45.81764552885233,6.236176389389312,0.2783352512061068,1.0467174677455369
45.62003434714966,6.236741487778626,0.2789003495954203,1.0468123172684105
45.428186824913325,6.237356494259543,0.27951535607633726,1.0469155436664719
45.23551592275322,6.237933030068701,0.28009189188549577,1.0470123129148938
45.044491780440644,6.238546476251908,0.2807053380687021,1.0471152774231742
44.8526442582043,6.239224906557251,0.2813837683740452,1.0472291492585604
44.659973356044205,6.239770770503816,0.28192963232061086,1.0473207703565226
44.659973356044205,6.240380058274807,0.28253892009160175,1.0474230368918094
44.4673024538841,6.241036653343511,0.2831955151603056,1.047533243769347
44.27133803202896,6.241811780129772,0.2839706419465662,1.0476633457254554
44.078667129868855,6.242268745511449,0.2844276073282437,1.047740045551966
43.88681960763251,6.242745466030533,0.2849043278473271,1.0478200611999209
43.69414870547241,6.243322001839694,0.2854808636564883,1.047916830448343
43.50312456315983,6.243954683358777,0.28611354517557164,1.0480230235314432
43.31045366099973,6.244607120015267,0.2867659818320618,1.0481325324359871
43.11942951868715,6.245420196778624,0.2875790585954183,1.0482690041452016
43.11942951868715,6.246131898847327,0.28829076066412185,1.048388460514077
42.927581996450805,6.2465815861145035,0.28874044793129805,1.0484639387379415
42.72914743482438,6.247516832312977,0.28967569412977134,1.0486209161021882
42.5381232925118,6.248334068381677,0.29049293019847156,1.0487580859343046
42.346275770275454,6.248753083786259,0.2909119456030531,1.0488284160077093
42.15360486811536,6.249186654526716,0.2913455163435108,1.048901189136499
41.961757345879015,6.249656617625954,0.2918154794427483,1.0489800705783396
41.76990982364267,6.250147374572519,0.2923062363893134,1.049062442184964
41.578062301406334,6.2504780121068695,0.292636873923664,1.0491179383834497
41.38621477917,6.2505632702748075,0.292722132091602,1.0491322486287147
41.38621477917,6.25057730670229,0.29273616851908457,1.0491346045873844
41.193543877009894,6.250432783122135,0.29259164493892964,1.0491103468777876
41.002519734697316,6.250250308671755,0.29240917048854964,1.0490797192651762
40.81067221246098,6.25015673189313,0.2923155937099242,1.0490640127741075
40.618001310300876,6.250100586183205,0.29225944799999937,1.0490545889394294
40.42615378806453,6.249918631534349,0.29207749335114386,1.049024048573442
40.234306265828195,6.249502216030534,0.2916610778473281,1.048954154883067
40.04245874359185,6.249066045389312,0.2912249072061064,1.0488809453712478
39.850611221355514,6.248583085465649,0.2907419472824433,1.0487998824639864
39.850611221355514,6.248126120083969,0.29028498190076313,1.0487231826374752
39.65876369911916,6.247745575351145,0.2899044371679391,1.04865930971371
39.466916176882826,6.247400381587785,0.2895592434045797,1.0486013703099304
39.27506865464649,6.246764580366411,0.2889234421832052,1.048494653597177
39.07745747294382,6.245975937847327,0.2881347996641219,1.0483622830789319
38.884786570783724,6.245322981389313,0.28748184320610726,1.048252686927764
38.69376242847113,6.244641952076335,0.2868008138931293,1.0481383788592569
38.501091526311036,6.243911014671755,0.28606987648854965,1.0480156939155623
38.30924400407469,6.243239342679389,0.28539820449618336,1.0479029564361988
38.30924400407469,6.242485531328244,0.2846443931450384,1.0477764321913152
38.117396481838355,6.241754593923663,0.2839134557404579,1.0476537472476204
37.92472557967825,6.2410959187557244,0.28325478057251896,1.0475431912336781
37.73370143736568,6.240314554351144,0.28247341616793875,1.0474120423180797
37.54103053520558,6.239470285923663,0.2816291477404578,1.0472703352117807
37.35000639289299,6.238559992877862,0.2807188546946566,1.0471175461352196
37.15815887065665,6.237572760274809,0.27973162209160307,1.0469518430591966
36.965487968496554,6.236399933519082,0.2785587953358766,1.0467549887409084
36.77281706633645,6.235204232816794,0.2773630946335883,1.046554295121432
36.77281706633645,6.233713245549618,0.2758721073664123,1.046304038823455
36.58179292402387,6.232158314656488,0.27431717647328213,1.0460430498415292
36.389945401787536,6.230842003923664,0.27300086574045856,1.0458221123068931
36.198097879551185,6.2298152610458,0.2719741228625949,1.0456497775879823
36.00625035731485,6.228763564122136,0.2709224259389309,1.045473254431478
35.813579455154745,6.2278002450687024,0.26995910688549696,1.0453115651498923
35.62173193291841,6.227034476496183,0.2691933383129772,1.0451830339328358
35.42988441068207,6.225942749496183,0.2681016113129777,1.0449997918868197
35.23803688844573,6.224644114694657,0.26680297651145146,1.0447818211871307
35.23803688844573,6.223513397221373,0.26567225903816727,1.044592034744851
35.04042570674305,6.222579190625955,0.26473805244274917,1.0444352318738528
34.848578184506714,6.221809783442747,0.2639686452595411,1.0443060899304268
34.65590728234661,6.22095719640458,0.2631160582213745,1.0441629865783244
34.46488314003404,6.219815042404579,0.26197390422137357,1.0439712805604044
34.273035617797696,6.218437387053434,0.2605962488702289,1.0437400465749402
34.08118809556135,6.217263000893129,0.2594218627099236,1.0435429305167798
33.88934057332501,6.215956568175571,0.25811542999236536,1.0433236509678194
33.69666967116491,6.214365765618321,0.25652462743511517,1.0430566410693758
33.50482214892857,6.212646036206108,0.2548048980229023,1.0427679913097856
33.50482214892857,6.211010525358778,0.25316938717557225,1.0424934773022119
33.31297462669223,6.209408285381677,0.25156714719847173,1.042224547678219
33.121127104455894,6.20793809374809,0.2500969555648842,1.0419777818448428
32.92927958221956,6.206484537549618,0.24864339936641233,1.041733808203257
32.737432059983206,6.205161988305344,0.24732085012213822,1.0415118235592224
32.54558453774687,6.204082218526717,0.24624108034351178,1.041330588485379
32.35373701551053,6.202880799114503,0.24503966093129748,1.0411289350031276
32.16106611335043,6.201237490351144,0.2433963521679381,1.0408531121462832
31.96921859111409,6.199473571557251,0.24163243337404516,1.0405570453742794
31.96921859111409,6.197952951137403,0.24011181295419792,1.040301815269183
31.77737106887775,6.1966356008015255,0.23879446261832005,1.0400807032412984
31.5855235466414,6.195214276763358,0.23737313858015252,1.039842139639953
31.393676024405064,6.19463878055725,0.23679764237404477,1.0397455448847792
31.201828502168723,6.193017825938931,0.2351766877557253,1.0394734740824998
31.00915760000862,6.190768868908397,0.23292773072519157,1.039095995566646
30.817310077772284,6.188723180175572,0.23088204199236628,1.0387526348281875
30.625462555535943,6.186943145748091,0.22910200756488575,1.0384538631110176
30.433615033299606,6.185200021694657,0.22735888351145128,1.038161286653706
30.433615033299606,6.183362801061068,0.22552166287786246,1.0378529164587011
30.24176751106326,6.181784996221374,0.22394385803816874,1.0375880881755868
30.049919988826918,6.1803699098015255,0.22252877161831996,1.0373505715337314
29.85724908666682,6.178650700190839,0.22080956200763335,1.0370620090207654
29.66622494435424,6.176680393396946,0.2188392552137408,1.036731300841713
29.474377422117904,6.174753755290076,0.21691261710687026,1.0364079222785414
29.2817065199578,6.172992435503817,0.21515129732061133,1.0361122917396586
29.089858997721453,6.171161453381679,0.21332031519847394,1.0358049686540525
28.898011475485113,6.1693533460992365,0.21151220791603098,1.0355014850195434
28.898011475485113,6.167717315450381,0.20987617726717556,1.0352268837653458
28.700400293782447,6.162992217755725,0.2051510795725191,1.0344337948619888
28.50855277154611,6.158308188847328,0.2004670506641224,1.0336475991914837
28.31670524930977,6.158619071244273,0.20077793306106795,1.0336997795685257
28.124857727073422,6.159299580755725,0.20145844257251966,1.0338140003904086
27.933010204837082,6.15897882123664,0.20113768305343438,1.0337601621775987
27.740339302676983,6.158057091664122,0.20021595348091648,1.0336054535253973
27.549315160364404,6.156663840480916,0.19882270229771049,1.0333716018413912
27.356644258204305,6.15481986153435,0.19697872335114486,1.0330620972903637
27.165620115891727,6.153003956335878,0.19516281815267256,1.032757304806584
27.165620115891727,6.151510889862594,0.19366975167938882,1.0325066995221102
26.972949213731628,6.14987641861832,0.19203528043511486,1.0322323600077854
26.781101691495277,6.148247146282442,0.19040600809923625,1.0319588931096104
26.58925416925894,6.146678698763359,0.18883756058015333,1.0316956354156395
26.3974066470226,6.144991720419847,0.18715058223664194,1.0314124827930058
26.205559124786262,6.143209605893129,0.18536846770992366,1.0311133619394306
26.01371160254992,6.141439969282442,0.18359883109923647,1.030816335454561
25.81033676138092,6.13963498080916,0.18179384262595466,1.030513375299797
25.61848923914458,6.137621004435114,0.17977986625190834,1.0301753373549551
25.61848923914458,6.135822774274809,0.17798163609160333,1.029873511556214
25.420878057441914,6.133989193145037,0.17614805496183195,1.029565752237487
25.229030535205577,6.1319299877862585,0.17408884960305304,1.0292201227869833
25.03718301296923,6.129916011412214,0.1720748732290085,1.0288820848421416
24.84533549073289,6.1279597410457995,0.17011860286259406,1.028553732621758
24.653487968496552,6.125934328145037,0.16809318996183187,1.028213775101276
24.461640446260212,6.12392866948855,0.1660875313053447,1.0278771332523298
24.26896954410011,6.121826315244275,0.1639851770610692,1.027524261432569
24.077122021863772,6.119625186206106,0.16178404802290025,1.0271548106554977
24.077122021863772,6.117638762885496,0.1597976247022901,1.0268213973813707
23.88527449962743,6.115702247656489,0.15786110947328336,1.0264963609824316
23.693426977391084,6.113997594274809,0.15615645609160378,1.0262102416747592
23.501579455154747,6.112108906145036,0.15426776796183095,1.025893232864694
23.309731932918407,6.109937409366412,0.1520962711832068,1.0255287557448347
23.11788441068207,6.107947347435115,0.1501062092519092,1.0251947317443384
22.92603688844573,6.1061309215419834,0.14828978335877796,1.0248898518640257
22.73418936620938,6.104505288709922,0.14666415052671677,1.0246169958421283
22.54234184397304,6.1029638744427475,0.14512273625954197,1.024358275572248
22.54234184397304,6.101047113458016,0.14320597527481027,1.0240365548448442
22.349670941812942,6.099019100656488,0.1411779624732823,1.0236961609413326
22.1578234195766,6.096944300358778,0.13910316217557295,1.0233479139421955
21.965975897340265,6.095215212732823,0.13737407454961748,1.0230576934435531
21.774128375103924,6.09359009880916,0.13574896062595432,1.0227849245183718
21.581457472943825,6.091732083435114,0.1338909452519088,1.022473064008675
21.389609950707474,6.0898532742137395,0.13201213603053397,1.0221577133341944
21.1985858083949,6.087977582908397,0.13013644472519115,1.0218428859895508
21.005914906234796,6.086066021725189,0.12822488354198391,1.021522038028205
21.005914906234796,6.084188771015266,0.12634763283206052,1.0212069489436888
20.81406738399846,6.082665551587786,0.12482441340458017,1.0209512826054714
20.62221986176212,6.081219273503816,0.12337813532061048,1.0207085305665322
20.430372339525782,6.079098724419847,0.1212575862366414,1.0203526048151088
20.23770143736568,6.076924628633588,0.11908349045038236,1.0199876914621284
20.040913635586765,6.074492676458014,0.11665153827480879,1.0195794979371304
19.84906611335043,6.072559280038166,0.11471814185496054,1.019254985017936
19.656395211190326,6.071184744389312,0.11334360620610617,1.0190242746621252
19.46454768895399,6.069707793549617,0.11186665536641183,1.018776374322818
19.46454768895399,6.068328058992365,0.11048692080915945,1.018544791350857
19.272700166717648,6.066518391412213,0.10867725322900768,1.0182410458265674
19.0808526444813,6.064548604419847,0.1067074662366414,1.0179104248941389
18.88900512224496,6.062777407511449,0.10493626932824363,1.0176131365194883
18.697157600008623,6.06102544593893,0.10318430775572462,1.0173190767196572
18.499546418305957,6.05949754740458,0.10165640922137431,1.017062625011914
18.307698896069617,6.058120932549618,0.10027979436641221,1.0168315656696063
18.11585137383327,6.056843091595419,0.09900195341221352,1.016617085134701
17.92400385159693,6.055271525267175,0.09743038708396945,1.0163533039609847
17.92400385159693,6.0538434420229,0.09600230383969421,1.0161136058537086
17.732156329360592,6.052672175564885,0.0948310373816792,1.0159170134252014
17.54030880712425,6.051308036839694,0.09346689865648816,1.0156880481517825
17.348461284887915,6.049813410068702,0.0919722718854965,1.0154371809775282
17.15579038272781,6.04823040632061,0.09038926813740478,1.0151714800782634
16.963942860491464,6.0465787798396935,0.08873764165648801,1.0148942611255236
16.772095338255124,6.044934950381678,0.08709381219847234,1.0146183508721467
16.580247816018787,6.043399254824427,0.08555811664122182,1.0143605904650408
16.387576913858684,6.041712276480915,0.08387113829770954,1.0140774378424071
16.19655277154611,6.040146428862594,0.08230529067938885,1.0138146165314652
16.19655277154611,6.038623209435115,0.0807820712519094,1.0135589501932478
16.00470524930977,6.0373188559236635,0.07947771774045798,1.0133400196307842
15.812857727073421,6.035939641167937,0.07809850298473187,1.0131085239054474
15.621010204837082,6.034199116122137,0.0763579779389314,1.0128163836812567
15.428339302676982,6.032605715450381,0.07476457726717545,1.0125489376996
15.236491780440643,6.03113604272519,0.07329490454198417,1.0123022589629396
15.044644258204304,6.029874318297709,0.0720331801145031,1.0120904835231086
14.852796735967965,6.028619352183205,0.07077821399999973,1.0118798424393005
14.660949213731616,6.027246895740458,0.0694057575572522,1.0116494810699865
14.660949213731616,6.026023121290075,0.06818198310686974,1.0114440753832623
14.46333803202895,6.0249916993053425,0.06715056112213702,1.0112709552948258
14.271490509792612,6.024019022931297,0.06617788474809139,1.0111076954240965
14.079642987556273,6.022841517961831,0.06500037977862583,1.010910055886191
13.885325325548648,6.021487256358778,0.06364611817557275,1.0106827484485397
13.690184283617258,6.020115839519082,0.06227470133587687,1.0104525615724738
13.49833676138092,6.018778214244274,0.060937076061068574,1.0102280464765214
13.305665859220818,6.017380283954196,0.05953914577099084,1.009993409422989
13.114641716908242,6.015920489244274,0.05807935106106843,1.0097483886720047
13.114641716908242,6.014517360045801,0.056676221862595355,1.0095128790023224
12.921970814748141,6.013164138938929,0.05532300075572394,1.0092857462078275
12.730123292511802,6.011741774404579,0.053900636221373865,1.0090470079633258
12.53333549073289,6.010215436167938,0.052374297984732365,1.0087908181453633
12.340664588572789,6.0087431644351135,0.050902026251907984,1.008543703175582
12.14881706633645,6.007185114732824,0.04934397654961842,1.008282190713911
11.956969544100112,6.005605229793892,0.047764091610686954,1.0080170132943915
11.765122021863773,6.004114242526716,0.04627310434351095,1.0077667569964146
11.573274499627423,6.002879031549616,0.04503789336641084,1.00755943173405
11.573274499627423,6.001770148419848,0.043929010236642085,1.0073733100997113
11.375663317924758,6.000594722656488,0.04275358447328248,1.0071760195483024
11.18381579568842,5.999142206061067,0.041301067877861364,1.0069322203999644
10.99196827345208,5.997565960625954,0.03972482244274822,1.0066676538567227
10.800120751215742,5.996175828251908,0.03833469006870249,1.0064343256524615
10.60744984905564,5.995058107603053,0.03721696941984742,1.006246720675603
10.415602326819291,5.994128581007633,0.03628744282442753,1.0060907033240387
10.223754804582953,5.993009300954197,0.035168162770991884,1.0059028366073077
10.031907282346614,5.991644641534351,0.03380350335114546,1.0056737839373564
10.031907282346614,5.990148976053434,0.03230783787022862,1.005422742419762
9.840059760110275,5.988709976083969,0.03086883790076378,1.0051812119834698
9.647388857950174,5.987421218404579,0.029580080221373706,1.0049648991195481
9.456364715637598,5.986224478099237,0.028383339916031147,1.004764031006823
9.264517193401248,5.985124433381679,0.02728329519847339,1.0045793928649116
9.07266967116491,5.984294720290076,0.02645358210687032,1.0044401288139981
8.879998769004809,5.983530512015266,0.02568937383206027,1.0043118594867224
8.68815124676847,5.982617100160304,0.02477596197709886,1.0041585469304162
8.495480344608369,5.981752036992365,0.02391089880915942,1.004013349509425
8.495480344608369,5.980983148717557,0.023142010534351165,1.0038842946627153
8.304456202295793,5.9801898270916025,0.02234868890839703,1.0037511387749443
8.112608680059443,5.9792551015877855,0.021413963404580016,1.0035942488072298
7.919937777899342,5.978427468595418,0.020586330412212916,1.0034553338927212
7.728090255663004,5.977703809305343,0.019862671122137243,1.0033338705516734
7.537066113350427,5.976996266541984,0.019155128358778306,1.0032151123057
7.344395211190326,5.976137440992366,0.01829630280916028,1.003070961844199
7.152547688953987,5.975081065854961,0.017239927671755417,1.002893653468077
6.960700166717649,5.974113067694655,0.016271929511449734,1.0027311788169653
6.768852644481299,5.973433077984732,0.015591939801526955,1.0026170452417067
6.768852644481299,5.972821191206106,0.014980053022900286,1.0025143424732987
6.577005122244961,5.972351747908396,0.014510609725190804,1.0024355482780825
6.38433422008486,5.97183915661832,0.013998018435114723,1.0023495118635175
6.193310077772283,5.971291213465649,0.01345007528244313,1.0022575417790587
6.000639175612182,5.970823850267174,0.012982712083968728,1.002179096720247
5.807968273452081,5.9703907984351146,0.012549660251909067,1.0021064106881736
5.616944131139495,5.969791388679389,0.011950250496183479,1.0020058021385625
5.425096608903156,5.969069809488549,0.011228671305343774,1.0018846879339196
5.2332490866668175,5.968344590793893,0.010503452610687525,1.0017629628529992
5.2332490866668175,5.967566865,0.009725726816794733,1.0016324246637702
5.041401564430479,5.966800576625954,0.008959438442748713,1.0015038062000896
4.84955404219414,5.96608575574809,0.008244617564884926,1.0013838263514692
4.656883140034038,5.965475948175572,0.0076348099923668755,1.0012814725695582
4.4650356177976995,5.96524304672519,0.007401908541984525,1.0012423809850428
4.273188095561351,5.964952959068702,0.007111820885496556,1.001193690922693
4.081340573325012,5.964563057015267,0.006721918832061746,1.0011282474097842
3.889493051088673,5.964100891832061,0.006259753648855337,1.0010506748172148
3.6976455288523344,5.963638207740457,0.005797069557251788,1.0009730151279292
3.6976455288523344,5.963086625977098,0.005245487793892778,1.000880434317101
3.505798006615996,5.962566235877862,0.004725097694656455,1.000793088903357
3.3131271044558948,5.9621794526335865,0.00433831445038102,1.0007281688701932
3.122102962143308,5.961801507801526,0.0039603696183201365,1.000664732329457
2.929432059983207,5.961351299839694,0.003510161656488542,1.0005891667090605
2.7375845377468684,5.960894334458015,0.0030531962748092667,1.0005124668825494
2.5457370155105297,5.960619843526716,0.002778705343510879,1.0004663946686498
2.3530661133504283,5.960423852450381,0.00258271426717549,1.0004334983439929
2.1620419710378522,5.9600615025572505,0.0022203643740450474,1.0003726793518906
1.9693710688777406,5.959652884969465,0.001811746786259505,1.0003040945107864
1.9693710688777406,5.959278578748091,0.0014374405648851507,1.0002412686964197
1.7775235466414019,5.959015004541984,0.0011738663587781417,1.0001970288115363
1.5856760244050632,5.958749870931297,0.0009087327480914453,1.0001525271867804
1.3938285021687244,5.958528406007632,0.0006872678244267405,1.0001153551779054
1.1970407003898216,5.958232080732824,0.00039094254961824504,1.0000656181560654
0.9994295186871456,5.9579778638473275,0.00013672566412203935,1.0000229488603256
0.8067586165270445,5.957963827419846,0.00012268923664038311,1.000020592901656
0.6099708147481414,5.958101592687022,0.00026045450381673163,1.00004371625523
0.6099708147481414,5.957956029503816,0.00011489132061015539,1.000019284052385
0.412359633045476,5.957933155557251,9.201737404573862e-05,1.0000154447511962
0.21968873088536445,5.957982023152671,0.0001408849694657377,1.0000236469832273
0.028664588572788197,5.9578411381832055,0.0,1.0
-0.16400631358731296,5.957855694412213,1.4556229007922639e-05,1.0000024432052936
-0.35503045589988924,5.958000217992367,0.0001590798091610779,1.0000267009148904
-0.546877978136228,5.958143183061068,0.0003020448778627838,1.0000506970345227
-0.7403722602200915,5.958242997458013,0.00040185927480784756,1.0000674504850813
-0.9313964025326782,5.958173854923663,0.00033271674045742827,1.0000558451849824
-0.9313964025326782,5.958051685488549,0.00021054730534331156,1.0000353395299506
-1.123243924769017,5.957834899671755,-6.238511450540329e-06,0.9999989528906015
-1.3150914470053556,5.957727286465648,-0.00011385171755762258,0.9999808904408632
-1.5069389692416943,5.958069881221373,0.00022874303816777797,1.0000383936115218
-1.6996098714017955,5.958526326801526,0.0006851886183207867,1.0001150061914088
-1.8906340137143718,5.958837209198473,0.0009960710152672192,1.0001671865684507
-2.0833049158744834,5.959177723854961,0.0013365856717557634,1.0002243406027043
-2.275152438110822,5.959531755137404,0.0016906169541988092,1.000283763349003
-2.466999960347161,5.959909181061069,0.0020680428778634408,1.0003471127930232
-2.6588474825834996,5.9603786234656475,0.00253748528244202,1.000425906838331
-2.6588474825834996,5.960814794106869,0.0029736559236637206,1.00049911635015
-2.8506950048198383,5.961201577351144,0.0033604391679382672,1.0005640363833137
-3.042542527056177,5.961639828091602,0.003798689908396824,1.0006375950315378
-3.234390049292526,5.962066641412212,0.004225503229006833,1.000709233954213
-3.427060951452627,5.962474219396946,0.004633081213740731,1.000777644302069
-3.6189084736889656,5.962885955793892,0.005044817610686536,1.0008467526229181
-3.8107559959253043,5.96321087461832,0.005369736435114625,1.0009012889586297
-4.002603518161643,5.963274299335878,0.005433161152672561,1.000911934545863
-4.194451040397982,5.963623131709923,0.005781993526717599,1.0009704846760115
-4.194451040397982,5.964280767274809,0.006439629091603116,1.0010808661967054
-4.387121942558083,5.9649051310763355,0.007063992893129978,1.0011856631839102
-4.57814608487067,5.96549674291603,0.00765560473282445,1.0012849628842502
-4.769993607107009,5.966015573610686,0.008174435427480198,1.0013720465581217
-4.967604788809674,5.966537003312976,0.00869586512977083,1.0014595664651142
-5.159452311046013,5.967041276885495,0.009200138702289529,1.0015442067837839
-5.351299833282352,5.967743620740458,0.009902482557252235,1.0016620924136075
-5.5431473555187,5.968674187832061,0.010833049648855564,1.0018182844083283
-5.735818257678802,5.969553808122137,0.011712669938931164,1.0019659251845212
-5.735818257678802,5.970371563992365,0.012530425809159418,1.002103182263262
-5.927665779915141,5.971151888793893,0.013310750610687094,1.002234156685612
