Angle (degree),rho (mOhm cm),Delta rho (mOhm cm),rho/rho(theta=0)
102.11394121745028,6.8263047964946235,-0.17404948566186285,0.975137046119865
102.11394121745028,6.826245979296763,-0.17410830285972345,0.975128644088269
102.11394121745028,6.826108088737722,-0.17424619341876468,0.97510894643391
102.11394121745028,6.825980655218098,-0.17437362693838843,0.9750907425667217
102.11394121745028,6.826164945661714,-0.17418933649477264,0.9751170684405542
102.11394121745028,6.826211343300847,-0.17414293885563925,0.9751236963392668
101.92785735468027,6.82619631228907,-0.17415796986741672,0.9751215491605424
101.73518645252017,6.826413931879357,-0.17394035027712906,0.9751526361000766
101.54333893028381,6.826594955199858,-0.17375932695662843,0.9751784952656566
101.35149140804747,6.826741993703622,-0.17361228845286458,0.9751994997031233
101.15964388581114,6.826132269939668,-0.1742220122168181,0.9751124007165037
101.15964388581114,6.8253807328234934,-0.17497354933299292,0.9750050437048606
100.96203270410848,6.825161152959337,-0.17519312919714913,0.9749736767403749
100.77018518187214,6.825016725908621,-0.1753375562478654,0.9749530453487488
100.57833765963578,6.82500823138852,-0.17534605076796606,0.9749518319072917
100.38649013739943,6.824602400806878,-0.1757518813496084,0.9748938590440215
100.1946426151631,6.823800543258387,-0.17655373889809933,0.9747793137630012
100.001971713003,6.823164024593996,-0.17719025756248996,0.9746883871271861
99.81094757069042,6.822621610302559,-0.17773267185392694,0.9746109032928579
99.61910004845409,6.822015804840902,-0.1783384773155845,0.9745243640353805
99.61910004845409,6.821583181604266,-0.17877110055222012,0.974462563843676
99.42642914629398,6.820978031812676,-0.1793762503438101,0.9743761182486106
99.23458162405764,6.820712052063943,-0.17964223009254354,0.974338123064651
99.04191072189754,6.82045326223151,-0.17990101992497642,0.9743011549596091
98.85088657958497,6.819885362134327,-0.1804689200221592,0.974220030480148
98.65821567742486,6.819176302109545,-0.1811779800469413,0.9741187413173139
98.46719153511229,6.818912938304751,-0.18144134385173505,0.9740811198207183
98.27452063295219,6.818547624540632,-0.18180665761585413,0.9740289347813054
98.08267311071583,6.818024161808712,-0.18233012034777474,0.9739541581756049
97.89000220855573,6.817552982028422,-0.18280130012806417,0.973886850184995
97.89000220855573,6.817322945124851,-0.1830313370316352,0.9738539894333388
97.69897806624314,6.817034093268864,-0.18332018888762214,0.9738127269708484
97.50630716408305,6.816629571781913,-0.18372471037457316,0.973754941111641
97.31445964184671,6.816366205731673,-0.1839880764248134,0.9737173192942836
97.12261211961037,6.816381890168074,-0.1839723919884122,0.9737195598146586
96.9315879772978,6.816261644319303,-0.18409263783718366,0.9737023827056259
96.73974045506145,6.81608715749048,-0.1842671246660066,0.9736774572773134
96.54706955290135,6.815516643694804,-0.18483763846168255,0.97359595943125
96.35522203066502,6.815267001807094,-0.18508728034939192,0.9735602981093158
96.35522203066502,6.81518988647434,-0.18516439568214604,0.9735492821907429
96.16337450842867,6.81514152856134,-0.18521275359514622,0.9735423742670791
95.97152698619234,6.8146664259878635,-0.18568785616862282,0.9734745059058039
95.77967946395599,6.814002458998413,-0.18635182315807342,0.9733796582791425
95.58783194171964,6.813589440745917,-0.18676484141056893,0.9733206586577164
95.3959844194833,6.813078395327282,-0.18727588682920437,0.9732476558641382
95.20413689724697,6.8127085075908,-0.1876457745656861,0.9731948174331713
95.01146599508687,6.812352344016852,-0.18800193813963428,0.9731439394976279
94.81961847285052,6.811812543423908,-0.18854173873257807,0.973066829029902
94.81961847285052,6.8110224497640806,-0.1893318323924058,0.9729539642193535
94.62694757069042,6.8108499232091235,-0.18950435894736284,0.9729293188159921
94.43592342837785,6.810656484820783,-0.18969779733570302,0.9729016861590517
94.2440759061415,6.810400308686842,-0.1899539734696445,0.9728650914206118
94.05222838390517,6.810373513786404,-0.1899807683700825,0.9728612637714161
93.86038086166883,6.810157201045364,-0.19019708111112266,0.9728303635151831
93.66853333943249,6.809999705502185,-0.19035457665430133,0.9728078652905462
93.47586243727238,6.809686674689697,-0.19066760746678924,0.9727631488662237
93.28401491503604,6.809322014350203,-0.19103226780628368,0.9727110571684615
93.09216739279971,6.808835803558137,-0.1915184785983497,0.9726416019991274
93.09216739279971,6.808477679710316,-0.19187660244617,0.972590444038632
92.90031987056337,6.808103218001475,-0.1922510641550117,0.9725369522161116
92.70847234832702,6.807882984712697,-0.192471297443789,0.9725054919099755
92.51580144616692,6.807790840613611,-0.19256344154287497,0.97249232913344
92.32395392393057,6.807860766030066,-0.19249351612642052,0.9725023179730952
92.13210640169423,6.808028065188036,-0.19232621696845076,0.972526216643252
91.9402588794579,6.807816326419359,-0.1925379557371274,0.9724959697785731
91.74841135722156,6.807683663257303,-0.19267061889918313,0.9724770188574184
91.55656383498521,6.8076719016140865,-0.19268238054239983,0.9724753387077085
91.55656383498521,6.807534011055047,-0.1928202711014393,0.9724556410533496
91.36471631274887,6.807139290937442,-0.19321499121904395,0.9723992553189004
91.17286879051254,6.806149222397596,-0.19420505975889046,0.972257824114144
90.98019788835244,6.806087138076619,-0.19426714407986712,0.9722489553742953
90.78835036611609,6.806790315034349,-0.1935639671221372,0.972349404141513
90.59650284387975,6.807362791349338,-0.19299149080714795,0.9724311823332895
90.4046553216434,6.807501335333001,-0.19285294682348564,0.9724509733292989
90.21280779940706,6.807844428169043,-0.1925098539874437,0.9724999841110699
90.02096027717073,6.808158765830776,-0.19219551632571008,0.9725448872186933
90.02096027717073,6.808016954723999,-0.19233732743248755,0.9725246295144312
89.82828937501063,6.807728102868011,-0.19262617928847536,0.9724833670519407
89.63150157323172,6.8074849974719776,-0.1928692846845088,0.9724486394672736
89.43965405099539,6.807300707028361,-0.1930535751281255,0.9724223135934408
89.24780652875903,6.807627462003379,-0.1927268201531076,0.9724689905131862
89.0559590065227,6.807909779613136,-0.1924445025433501,0.9725093195591714
88.8632881043626,6.807659484300801,-0.192694797855685,0.9724735648955863
88.67144058212625,6.80759413285671,-0.1927601492997768,0.972464229447485
88.47959305988992,6.807116416584744,-0.19323786557174216,0.972395987719608
88.47959305988992,6.807615698114718,-0.19273858404176814,0.9724673100427148
88.28774553765358,6.80814177454513,-0.1922125076113561,0.9725424600150173
88.09589801541723,6.808277051405677,-0.19207723075080896,0.9725617843027741
87.89828683371456,6.808532574114996,-0.19182170804149035,0.9725982856995633
87.70643931147822,6.808677654590336,-0.19167662756615034,0.97261901043284
87.51459178924189,6.808608382598502,-0.1917458995579846,0.9726091149348349
87.32274426700555,6.808553485948381,-0.19180079620810542,0.9726012729531426
87.1308967447692,6.808516889678595,-0.19183739247789156,0.9725960451791884
86.93904922253286,6.808643672019041,-0.19171061013744506,0.972614156025488
86.93904922253286,6.809112238100839,-0.19124204405564704,0.9726810906494958
86.74720170029651,6.80975398640766,-0.1906002957488262,0.972772764339277
86.54876713867009,6.809946117946755,-0.19040816420973172,0.9728002103129164
86.35774299635752,6.809935660907339,-0.19041862124914744,0.9727987165257459
86.16013181465485,6.8099062545538525,-0.1904480276026339,0.9727945158307094
85.9682842924185,6.810383317401196,-0.18997096475529052,0.972862664216936
85.77643677018216,6.811011339300042,-0.18934294285644437,0.9729523770905325
85.58458924794583,6.811420437004799,-0.18893384515168776,0.9730108166620552
85.39109496586197,6.812363454480891,-0.18799082767559572,0.9731455266264489
85.39109496586197,6.812887568391987,-0.18746671376449964,0.9732203962530379
85.20007082354938,6.812859468887749,-0.18749481326873774,0.9732163822413029
85.00822330131304,6.812829406864196,-0.18752487529229,0.9732120878838546
84.8163757790767,6.812783006979618,-0.1875712751768681,0.9732054596643805
84.62452825684036,6.812756214324626,-0.1875980678318605,0.9732016323359466
84.4269170751377,6.813134596581206,-0.1872196855752808,0.9732556842083703
84.23506955290135,6.813568526667087,-0.18678575548939946,0.9733176710833756
84.043222030665,6.813805097816889,-0.18654918433959722,0.9733514652515373
83.8505511285049,6.813997885026052,-0.18635639713043428,0.9733790048875889
83.8505511285049,6.814271050200193,-0.18608323195629328,0.9734180265089427
83.65870360626856,6.814587350381241,-0.1857669317752455,0.9734632099622793
83.46685608403223,6.814720013543297,-0.18563426861318977,0.973482160883434
83.27500856179589,6.815214067676285,-0.18514021448020124,0.9735527364733363
83.08233765963578,6.815639503242066,-0.18471477891442056,0.9736135099068846
82.8913135173232,6.816128981157249,-0.18422530099923762,0.9736834317844716
82.69946599508687,6.816540039135875,-0.18381424302061156,0.973742151380946
82.50761847285052,6.816792294722077,-0.183561987434409,0.9737781860694825
82.31494757069042,6.817377841774974,-0.18297644038151262,0.9738618314150315
82.12392342837785,6.817837257666602,-0.1825170244898846,0.9739274589351699
82.12392342837785,6.817949008995272,-0.1824052731612147,0.9739434226027451
81.93125252621775,6.818038539395867,-0.18231574276061924,0.9739562120126789
81.7394050039814,6.818469858028699,-0.18188442412778727,0.9740178258418434
81.54755748174506,6.819198520792177,-0.18115576136430978,0.9741219152541942
81.35488657958496,6.820061809237021,-0.18029247291946504,0.9742452359334126
81.16386243727239,6.820563051040865,-0.17979123111562156,0.9743168382814711
80.97201491503604,6.821029659094238,-0.17932462306224828,0.9743834932012888
80.7801673927997,6.8214733927949105,-0.17888088936157587,0.9744468805218139
80.58831987056335,6.821917126495586,-0.1784371556609008,0.9745102678423395
80.58831987056335,6.822245188319849,-0.1781090938366372,0.9745571314453859
80.39564896840325,6.822204018077701,-0.1781502640787851,0.974551250279878
80.2038014461669,6.822702646183054,-0.17765163597343214,0.9746224792613345
80.01113054400682,6.823812960571672,-0.17654132158481417,0.9747810875751234
79.82010640169423,6.824658602060802,-0.17569568009568393,0.9749018873882537
79.6282588794579,6.825192521832138,-0.1751617603243485,0.9749781577811246
79.43641135722156,6.825473530347202,-0.17488075180928409,0.9750182998230468
79.24456383498521,6.825738203246688,-0.17461607890979813,0.9750561083237052
79.05189293282511,6.82606365137246,-0.17429063078402596,0.9751025985601496
79.05189293282511,6.826161022868532,-0.17419325928795448,0.9751165080698896
78.86004541058877,6.826516533017857,-0.17383774913862915,0.9751672926637824
78.66819788835242,6.8274020401453335,-0.1729522420111529,0.9752937872798811
78.4763503661161,6.828299311161474,-0.17205497099501255,0.9754219623664517
78.28367946395599,6.828680307116548,-0.17167397503993875,0.9754763876054778
78.0926553216434,6.829176321523404,-0.17117796063308255,0.9755472432203316
77.90080779940706,6.829894529492911,-0.17045975266357516,0.9756498391662737
77.70813689724696,6.830506215776178,-0.16984806638030836,0.9757372184986063
77.51134909546806,6.8313061130507995,-0.16904816910568687,0.9758514837546749
77.51134909546806,6.832077908575738,-0.1682763735807482,0.9759617346782469
77.31867819330796,6.83263731415282,-0.1677169680036661,0.9760416457162507
77.12683067107162,6.832917669243261,-0.16743661291322542,0.9760816944165223
76.93498314883527,6.83318691611511,-0.16716736604137594,0.9761201563087348
76.74313562659893,6.833292130952103,-0.16706215120438372,0.9761351862390428
76.5512881043626,6.833515631363998,-0.1668386507924886,0.9761671132534319
76.35944058212625,6.83367508942649,-0.16667919272999665,0.976189891823782
76.16759305988992,6.834443617828313,-0.16591066432817314,0.9762996760391013
75.97574553765358,6.835431726094292,-0.1649225560621943,0.9764408272189062
75.78389801541724,6.836295665718314,-0.16405861643817232,0.9765642409190134
75.78389801541724,6.836912581644012,-0.16344170051247442,0.9766523673053122
75.59122711325713,6.837209274595478,-0.1631450075610088,0.9766947498676094
75.39937959102079,6.837568705292542,-0.16278557686394457,0.9767460945114055
75.20753206878445,6.8379059173069745,-0.16244836484951186,0.9767942652183214
75.01568454654812,6.838471857130288,-0.16188242502619854,0.9768751096728308
74.82383702431177,6.839394613952174,-0.1609596682043124,0.9770069254045343
74.63198950207543,6.840476826591106,-0.1598774555653808,0.977161519385826
74.43931859991532,6.841015973759427,-0.15933830839705898,0.9772385365119015
74.24747107767898,6.8414708179241375,-0.1588834642323489,0.9773035109612475
74.24747107767898,6.8419027877361485,-0.1584514944203379,0.977365217811301
74.05562355544265,6.842338026916722,-0.15801625523976437,0.9774273916903693
73.8637760332063,6.843137268521275,-0.15721701363521134,0.9775415632840256
73.67192851096996,6.8436875261536345,-0.15666675600285185,0.977620167538922
73.48008098873363,6.844209679790864,-0.15614460236562255,0.9776947571405598
73.28823346649727,6.845084732124371,-0.1552695500321155,0.9778197582902498
73.09638594426094,6.845984614593557,-0.15436966756292936,0.9779483064226607
72.9045384220246,6.8469465836291645,-0.15340769852732183,0.9780857236156819
72.71269089978827,6.847636036424362,-0.15271824573212456,0.9781842118874762
72.71269089978827,6.848100681958422,-0.15225360019806455,0.9782505864615809
72.52001999762817,6.848467302571784,-0.15188697958470243,0.9783029581842945
72.32817247539181,6.848585588146687,-0.15176869400979953,0.9783198552683756
72.1355015732317,6.8489397914467665,-0.1514144907097199,0.9783704531789674
71.94447743091914,6.849448874346088,-0.15090540781039863,0.9784431756268325
71.75262990868279,6.850143556783716,-0.15021072537277025,0.978542410952593
71.56078238644646,6.851359086009327,-0.14899519614715917,0.97871604919669
71.36811148428636,6.852323015318804,-0.1480312668376822,0.9788537464146628
71.17708734197379,6.852817722876417,-0.14753655928006904,0.9789244153462159
70.98441643981369,6.853134020812021,-0.1472202613444651,0.9789695984787911
70.98441643981369,6.853725448686525,-0.14662883346996125,0.9790540838991949
70.79256891757733,6.854471758405717,-0.14588252375076927,0.9791606941776339
70.600721395341,6.855045539324507,-0.14530874283197903,0.9792426587319497
70.40887387310465,6.855698398095367,-0.14465588406111962,0.979335919550552
70.21702635086831,6.856676049321928,-0.14367823283455827,0.9794755769431861
70.02435544870822,6.857667424711022,-0.14268685744546428,0.9796171948312438
69.83333130639562,6.858981634527398,-0.14137264762908863,0.9798049295891439
69.64148378415929,6.859157430450913,-0.1411968517055735,0.9798300420215194
69.44881288199919,6.8593868116844146,-0.1409674704720718,0.9798628091107632
69.44881288199919,6.8599710496426205,-0.14038323251386586,0.9799462674522496
69.25696535976284,6.860741538318312,-0.13961274383817468,0.9800563316925203
69.05935417806019,6.861505492747772,-0.1388487894087147,0.9801654625162854
68.86750665582383,6.862292319284488,-0.13806196287199857,0.9802778606185817
68.6756591335875,6.862866102448724,-0.13748817970776273,0.9803598254936593
68.48381161135116,6.86373396486593,-0.13662031729055624,0.9804837995644315
68.29196408911481,6.8646933179576015,-0.13566096419888485,0.980620843070089
68.09929318695471,6.865231156031229,-0.135123126125257,0.9806976731921014
67.90826904464214,6.865519354462593,-0.13483492769389294,0.9807388423129413
67.90826904464214,6.866095751325322,-0.1342585308311648,0.980821180554621
67.71559814248204,6.866688486049073,-0.13366579610741347,0.9809058526583262
67.52457400016945,6.867561575863266,-0.1327927062932206,0.9810305734623029
67.33190309800935,6.868817624151847,-0.13153665800463976,0.9812099998510191
67.14005557577302,6.86985082320771,-0.1305034589487768,0.9813575922462349
66.94820805353667,6.870397811471506,-0.12995647068498073,0.9814357294721165
66.75636053130033,6.871136933519842,-0.12921734863664458,0.9815413129923992
66.56368962914023,6.871905461921667,-0.1284488202348193,0.9816510972077187
66.37184210690388,6.873039955266784,-0.12731432688970212,0.9818131594833394
66.17999458466755,6.874317568813373,-0.1260367133431135,0.9819956664672852
66.17999458466755,6.875385406110596,-0.12496887604589002,0.982148206932265
65.98897044235497,6.875964416671819,-0.1243898654846678,0.9822309185405472
65.79629954019487,6.876651909193148,-0.12370237296333819,0.98232912678739
65.60445201795854,6.87760342118934,-0.12275086096714638,0.9824650501932407
65.41260449572219,6.8787261506457975,-0.12162813151068885,0.9826254319983901
65.22075697348585,6.879947562938462,-0.1204067192180247,0.9827999106381038
65.02890945124952,6.880970307200356,-0.11938397495613007,0.982946009566911
64.83623854908942,6.881629046792822,-0.11872523536366408,0.983040110460368
64.64521440677683,6.882179302179735,-0.11817497997675108,0.9831187143945025
64.64521440677683,6.8830308267359195,-0.11732345542056688,0.9832403546032494
64.45254350461673,6.88355624974171,-0.11679803241477593,0.9833154112339018
64.26069598238038,6.884016321303405,-0.11633796085308123,0.9833811324164521
64.06884846014404,6.884735182697535,-0.11561909945895099,0.9834838217040447
63.8770009379077,6.88563964138453,-0.11471464077195659,0.9836130235487712
63.68515341567136,6.886553901440867,-0.11380038071561938,0.9837436255182556
63.49248251351126,6.887206106787104,-0.11314817536938193,0.9838367929952073
63.301458371198684,6.888014498581827,-0.11233978357465979,0.9839522716927331
63.10961084896235,6.888973851673497,-0.11138043048298929,0.9840893151983905
63.10961084896235,6.8898377935429655,-0.11051648861352081,0.9842127292192595
62.916939946802245,6.890932423495184,-0.10942185866130227,0.9843690970126737
62.72509242456591,6.892397594608505,-0.10795668754798093,0.984578396578705
62.533244902329564,6.8933994270370125,-0.10695485511947389,0.9847215082539328
62.34139738009322,6.894019607840381,-0.10633467431610555,0.9848101010277227
62.149549857856876,6.89461822338574,-0.10573605877074677,0.9848956132062827
61.95770233562054,6.8952534352008845,-0.10510084695560185,0.9849863531587968
61.76585481338419,6.895868388607268,-0.10448589354921811,0.9850741991993824
61.57400729114785,6.896506869790972,-0.1038474123655142,0.9851654061809106
61.57400729114785,6.897293042903064,-0.1030612392534227,0.9852777109415561
61.37557272952144,6.898188351399888,-0.1021659307565983,0.9854056056824133
61.184548587208845,6.899243771383828,-0.1011105107726582,0.9855563723352712
60.99270106497251,6.900251484633944,-0.10010279752254192,0.985700324085354
60.8000301628124,6.9009984477777575,-0.09935583437872886,0.9858070277054433
60.60818264057606,6.902081967265939,-0.09827231489054711,0.9859618083700367
60.410571458873406,6.903396830506934,-0.09695745164955216,0.9861496364695868
60.218723936637055,6.904880299755148,-0.0954739824013382,0.9863615499225952
60.02687641440072,6.9060461642185125,-0.09430811793797389,0.9865280935597274
60.02687641440072,6.906701634442419,-0.09365264771406778,0.9866217274241701
59.835028892164374,6.90755250557398,-0.09280177658250643,0.9867432742912665
59.64318136992803,6.9087490832400755,-0.09160519891641083,0.986914205306736
59.45051046776793,6.90997049553274,-0.09038378662374669,0.9870886839464497
59.25948632545535,6.910988663576827,-0.08936561857965941,0.9872341291629414
59.06763880321901,6.911904232727856,-0.08845004942863,0.9873649181364885
58.875791280982675,6.912417891844985,-0.08793639031150136,0.9874382942966692
58.68312037882257,6.912536177419886,-0.08781810473660023,0.98745519138075
58.491272856586235,6.913164854988801,-0.08718942716768563,0.9875449979167588
58.29942533434989,6.9141921732230545,-0.0861621089334319,0.9876917502371195
58.29942533434989,6.915394633956205,-0.08495964820028146,0.9878635216482059
58.107577812113554,6.9170061901486655,-0.0833480920078209,0.9880937323100532
57.91573028987721,6.918440645813809,-0.08191363634267734,0.9882986441769853
57.723882767640866,6.919521553848941,-0.08083272830754495,0.988453051795738
57.53203524540453,6.9204018313339875,-0.07995245082249891,0.9885787993578706
57.33936434324442,6.921354650179428,-0.07899963197705873,0.9887149094470227
57.14751682100808,6.92260939161876,-0.07774489053772626,0.9888941491524373
56.95566929877174,6.923679186944409,-0.07667509521207716,0.9890469693216074
56.7638217765354,6.924528097802102,-0.07582618435438437,0.9891682361637523
56.7638217765354,6.9255554160363575,-0.07479886612012887,0.9893149884841133
56.571974254299064,6.926748073154714,-0.07360620900177217,0.9894853594496795
56.38012673206273,6.927971445721248,-0.07238283643523857,0.9896601181143448
56.187455829902625,6.92881316666264,-0.07154111549384634,0.9897803578775719
55.99643168759005,6.9295914986792555,-0.07076278347723086,0.989891542538411
55.803760785429944,6.930658680306411,-0.06969560185007495,0.9900439893409788
55.61191326319361,6.93166247300879,-0.06869180914769668,0.9901873810411584
55.4192423610335,6.932743381043923,-0.0676109011125634,0.9903417886599112
55.22821821872092,6.933585755409937,-0.0667685267465492,0.9904621217647886
55.22821821872092,6.934159538574172,-0.06619474358231425,0.990544086639866
55.035547316560816,6.934830039809856,-0.06552424234663068,0.9906398676830331
54.84452317424823,6.9359031045040656,-0.06445117765242081,0.9907931548812174
54.652675652011894,6.937290506860009,-0.06306377529647733,0.9909913451870253
54.46000474985179,6.9382224138720625,-0.06213186828442385,0.9911244680225979
54.268157227615454,6.939327500863697,-0.0610267812927896,0.9912823296031826
54.07630970537912,6.9405613282242005,-0.0597929539322859,0.9914585817342567
53.88446218314277,6.9415396328753864,-0.05881464928109992,0.9915983324685416
53.692614660906436,6.942175498115154,-0.05817878404133214,0.9916891657627063
53.49994375874633,6.943072769131293,-0.057281513025193576,0.9918173408492766
53.49994375874633,6.94394259182237,-0.05641169033411675,0.9919415949450006
53.308096236509996,6.94513394209148,-0.055220340065006646,0.9921117792272657
53.11707209419741,6.946072383349767,-0.0542818988067193,0.9922458354793441
52.92440119203731,6.946676226292109,-0.05367805586437768,0.9923320943911081
52.727613390258405,6.947917896993535,-0.05243638516295146,0.9925094669427504
52.53576586802207,6.949451033249441,-0.05090324890704512,0.9927284753234855
52.343094965861965,6.9506789797883375,-0.04967530236814888,0.9929038873797047
52.151247443625614,6.951793868149318,-0.04856041400716826,0.9930631490850476
51.95939992138928,6.952833603696857,-0.04752067845962937,0.9932116752175305
51.95939992138928,6.95356684267814,-0.04678743947834629,0.9933164183421966
51.766729019229174,6.954349095242493,-0.04600518691399369,0.9934281630529389
51.57570487691659,6.955203233497171,-0.04515104865931541,0.9935501766282883
51.383033974756486,6.956119456072824,-0.04423482608366225,0.993681058943486
51.19118645252015,6.9571670327158435,-0.043187249440642894,0.9938307051757759
51.00016231020757,6.958051232994072,-0.04230304916241412,0.9939570131085733
50.807491408047476,6.958680563987609,-0.04167371816887755,0.9940469129862325
50.61564388581113,6.958778591153747,-0.04157569100273939,0.9940609161583845
50.423796363574795,6.959291596846253,-0.041062685310233604,0.9941341989769146
50.423796363574795,6.960139852033878,-0.04021443012260839,0.9942553721566475
50.23112546141469,6.961014250942762,-0.0393400312137242,0.9943802799646869
50.04010131910212,6.962036995204655,-0.03831728695183134,0.994526378893494
49.84743041694202,6.962990465229273,-0.03736381692721302,0.994662582003535
49.65640627462943,6.963858981071104,-0.03649530108538279,0.9947866494159578
49.46373537246933,6.964688940369278,-0.03566534178720815,0.9949052090294748
49.27188785023299,6.9657600447896195,-0.03459423736686684,0.9950582162027076
49.08004032799664,6.966562555762734,-0.033791726393752164,0.9951728548253785
48.888192805760305,6.96760947898113,-0.03274480317535655,0.9953224077160179
48.888192805760305,6.9684113365296225,-0.03194294562686384,0.9954369529970384
48.69634528352396,6.968888399376963,-0.03146588277952311,0.9955051013832645
48.504497761287624,6.969694177473193,-0.030660104683293277,0.9956202067141882
48.31265023905129,6.97052609704524,-0.02982818511124652,0.9957390463526572
48.119979336891184,6.970958066857252,-0.02939621529923464,0.9958007532027109
47.92813181465485,6.971662552909673,-0.028691729246813402,0.9959013889739914
47.73628429241851,6.972600994167959,-0.027753287988526942,0.9960354452260697
47.544436770182166,6.973362986078104,-0.02699129607838202,0.9961442957041216
47.35176586802207,6.974288358843926,-0.026065923312560635,0.9962764851231886
47.16074172570948,6.9752836547807595,-0.02507062737572685,0.9964186630611496
47.16074172570948,6.97623059280459,-0.024123689351896793,0.9965539330754464
46.96889420347314,6.977101722344914,-0.023252559811572482,0.9966783738544717
46.77622330131304,6.978000297964853,-0.022353984191632925,0.9968067353035814
46.58519915900046,6.97886816038206,-0.021486121774426437,0.9969307093743536
46.38758797729779,6.979534087645383,-0.02082019451110373,0.9970258370259669
46.195740455061454,6.980563366153507,-0.019790916002979664,0.9971728693712795
46.00306955290135,6.981493966316315,-0.018860315840171005,0.9973058055235512
45.80628175112244,6.982527167617623,-0.01782711453886332,0.9974533982395286
45.61361084896234,6.983614607653543,-0.016739674502943558,0.9976087389540252
45.61361084896234,6.9846040227687665,-0.0157502593877199,0.997750076817131
45.421763326726,6.985587557062383,-0.014766725094103705,0.997890574605382
45.22991580448966,6.986844258775587,-0.013510023380899128,0.9980700943357488
45.03806828225332,6.988183300973083,-0.012170981183403207,0.9982613763971309
44.84622076001698,6.988757737561943,-0.011596544594543623,0.9983434346138591
44.65437323778064,6.989440002686286,-0.010914279470200405,0.9984408961274974
44.46170233562054,6.990196113774825,-0.01015816838166117,0.9985489065306946
44.27067819330796,6.9912038270249415,-0.009150455131544888,0.9986928582807775
44.078830671071614,6.991671088502937,-0.008683193653549637,0.9987596065422456
44.078830671071614,6.992516729992068,-0.007837552164418504,0.998880406355376
43.88698314883528,6.993206185032713,-0.007148097123772956,0.9989788949479325
43.694312246675175,6.99411129714433,-0.006242985012156588,0.9991081901343094
43.50246472443884,6.995162140910462,-0.00519214124602474,0.9992583030748516
43.3106172022025,6.99606137220047,-0.004292909956016722,0.9993867581863737
43.11876967996615,6.996643649884804,-0.0037106322716820017,0.9994699365029082
42.92609877780605,6.997448774556413,-0.0029055076000732427,0.9995849484921814
42.73507463549347,6.9980042595857554,-0.002350022570730914,0.9996642994802819
42.54240373333337,6.998598954583377,-0.0017553275731092555,0.9997492516089388
42.54240373333337,6.999564188496655,-0.0007900936598312924,0.999887135189451
42.35055621109703,7.00018894551783,-0.00016533663865647696,0.9999763816755564
42.15870868886069,7.000377156509187,2.2874352700874567e-05,1.0000032675992927
41.96686116662434,7.000686266773934,0.00033198461744721186,1.0000474239737114
41.775013644388004,7.00164235274249,0.0012880705860034425,1.0001840007711162
41.5823427422279,7.002638955528569,0.002284673372082935,1.0003263653923782
41.390495219991564,7.003212085268179,0.0028578031116923697,1.000408236925805
41.199471077678986,7.003864941793594,0.003510659637107949,1.0005014974236457
41.00680017551889,7.0044825088984695,0.004128226741983099,1.0005897168308333
40.814952653282546,7.005167389966752,0.004813107810266004,1.0006875520318357
40.814952653282546,7.006065312162068,0.005711030005581819,1.0008158201392947
40.6231051310462,7.00672274490529,0.006368462748803871,1.0009097343494509
40.43125760880986,7.007103740860362,0.006749458703875888,1.0009641595884768
40.23941008657352,7.007846783456436,0.0074925012999500495,1.0010703031586627
40.047562564337184,7.008468924533672,0.008114642377186065,1.0011591759574041
39.85571504210085,7.009196282693348,0.008842000536861683,1.0012630790072152
39.663044139940745,7.009915144087479,0.009560861930992814,1.001365768294808
39.47119661770439,7.0104608255020295,0.010106543345543173,1.0014437188373886
39.279349095468056,7.0109869019324424,0.010632619775956087,1.0015188688096912
39.279349095468056,7.0113959996372,0.011041717480713586,1.001577308381214
39.08750157323172,7.0117881060563105,0.01143382389982417,1.001633320749061
38.895654050995375,7.0125076208750645,0.012153338718578155,1.001736103378304
38.70380652875904,7.013213411531286,0.012859129374799494,1.001836925512124
38.5119590065227,7.013647997287235,0.013293715130748396,1.0018990060495414
38.32011148428635,7.014154466488064,0.01380018433157737,1.0019713551308043
38.12250030258369,7.014518473402937,0.014164191246450741,1.0020233534869163
37.93065278034735,7.015217729812926,0.014863447656439988,1.0021232422042305
37.73798187818725,7.015849674504954,0.015495392348467973,1.0022135154484917
37.73798187818725,7.0164835794708535,0.016129297314367186,1.0023040687177047
37.54695773587467,7.016980247302334,0.01662596514584802,1.0023750176742092
37.35511021363832,7.017269752582945,0.01691547042645869,1.0024163734783502
37.162439311478224,7.017861180457451,0.017506898300964302,1.0025008588987543
36.97059178924188,7.018487242082427,0.018132959925940995,1.0025902917473992
36.77874426700554,7.0189793359415455,0.018625053785059187,1.0026605873123497
36.586896744769206,7.019225057281517,0.018870775125030548,1.0026956885843807
36.39504922253287,7.01946816267755,0.019113880521063997,1.002730416169048
36.20320170029652,7.019715842045945,0.019361559889458313,1.0027657971452688
36.20320170029652,7.019714535196698,0.019360253040211717,1.0027656104619675
36.01135417806018,7.019743290371006,0.019389008214520054,1.002769718136115
35.81868327590008,7.019998159655701,0.019643877499214923,1.0028061261912538
35.626012373739975,7.020383078403958,0.020028796247471448,1.0028611118009447
35.4349882314274,7.021052926215018,0.02069864405853128,1.002956799502461
35.24314070919106,7.021614945490592,0.0212606633341057,1.003037083907067
35.05129318695472,7.021871121624533,0.021516839468046278,1.0030736786455068
34.85944566471837,7.022083511572389,0.02172922941590283,1.003104018531075
34.66183448301571,7.0223802067692995,0.022025924612813164,1.0031464014141336
34.66183448301571,7.022739637466363,0.02238535530987651,1.0031977460579296
34.469986960779366,7.023067699290628,0.022713417134141878,1.0032446096609764
34.27813943854303,7.023001040997289,0.022646758840802583,1.0032350875295737
34.08629191630669,7.02328858600403,0.022934303847543802,1.003276163308763
33.89362101414659,7.023539532495541,0.023185250339055052,1.003312010993237
33.70177349191024,7.023914647629007,0.023560365472520495,1.003365596157408
33.5099259696739,7.024277347694632,0.023923065538145494,1.0034174078302185
33.318078447437564,7.024457061920441,0.024102779763954807,1.0034430799917358
33.12540754527746,7.02449235134098,0.02413806918449346,1.0034481210823887
32.93438340296488,7.024474053206089,0.024119771049602612,1.0034455071954118
32.93438340296488,7.024345966261839,0.023991684105352462,1.0034272099865724
32.74253588072854,7.024344005987969,0.023989723831483012,1.003426929961621
32.550688358492195,7.024494967284918,0.02414068512843137,1.0034484947697526
32.3580174563321,7.0246629176220665,0.024308635465580153,1.0034724864607985
32.166169934095755,7.0249236699738145,0.024569387817328092,1.0035097349115536
31.97432241185942,7.025264149111364,0.024909866954877735,1.0035583723267223
31.78247488962308,7.025579140197721,0.0252248580412342,1.0036033687759962
31.59062736738674,7.025577179923851,0.02522289776736475,1.0036030887510445
31.39795646522663,7.025576526499229,0.025222244342742783,1.0036029954093941
31.39795646522663,7.025584367594704,0.02523008543821792,1.0036041155092004
31.206932322914053,7.025822899018378,0.02546861686189139,1.0036381897023139
31.014261420753954,7.0259398777440305,0.02558559558754414,1.0036549001030934
30.822413898517613,7.025773885435307,0.02541960327882098,1.0036311881162379
30.630566376281276,7.0258137510736525,0.025459468917166106,1.0036368829192062
30.438718854044936,7.026027447870755,0.025673165714268364,1.003667409488075
30.246871331808588,7.026090185616355,0.02573590345986876,1.0036763715695745
30.054200429648485,7.026143119747165,0.02578883759067896,1.003683933205554
29.86317628733591,7.0263600859128275,0.026005803756341095,1.0037149268034373
29.86317628733591,7.026575089559176,0.02622080740268995,1.0037456400556077
29.67132876509957,7.026392761634874,0.026038479478387444,1.0037195945274882
29.47865786293947,7.02614638687028,0.02579210471379323,1.0036843999138065
29.28681034070313,7.02592027275989,0.025565990603404032,1.003652099532815
29.094962818466794,7.02573271519316,0.025378433036673975,1.00362530695073
28.90229191630668,7.025581100471589,0.02522681831510276,1.0036036488009477
28.710444394070343,7.025879755942368,0.02552547378588166,1.003646311708958
28.51365659229144,7.026070580632217,0.025716298475730426,1.0036735709992963
28.321809070055103,7.026127435310764,0.02577315315427775,1.003681692685179
28.321809070055103,7.026050322223456,0.02569604006696924,1.0036706770873678
28.129961547818763,7.025986931053233,0.02563264889674688,1.0036616216642182
27.938114025582415,7.02589021073634,0.02553592857985354,1.003647805175367
27.745443123422312,7.025475885634595,0.025121603478108767,1.0035886188706395
27.553595601185975,7.024960266243599,0.024605984087112454,1.0035149626855075
27.361748078949635,7.025183766655494,0.02482948449900757,1.0035468896998965
27.169900556713298,7.025437329090942,0.025083046934455844,1.0035831110717341
26.978053034476957,7.025520325245306,0.0251660430888192,1.003594967065162
26.78620551224061,7.025500718015719,0.025146435859232596,1.003592166174122
26.59435799000427,7.0252909417663565,0.024936659609870127,1.0035621996551563
26.59435799000427,7.025221669774525,0.024867387618038528,1.0035523041571517
26.402510467767932,7.025752973601922,0.02539869144543605,1.0036282008626587
26.20983956560783,7.025834662907038,0.025480380750551923,1.0036398701727853
26.017992043371493,7.025333421103195,0.024979138946708446,1.0035682678247269
25.826967901058914,7.024834137327776,0.0244798551712897,1.0034969451808586
25.629356719356238,7.024972027886815,0.024617745730328267,1.0035166428352174
25.4375091971199,7.024963533366715,0.0246092512102285,1.0035154293937603
25.2448382949598,7.024545941141858,0.024191658985371234,1.0034557763807803
25.05299077272346,7.023964314636699,0.023610032480212872,1.0033726910851346
25.05299077272346,7.023681999272388,0.02332771711590187,1.0033323623599113
24.86114325048712,7.0238682499898735,0.023513967833387106,1.0033589682586956
24.669295728250784,7.02417670683,0.023822424673513254,1.0034030312914641
24.477448206014433,7.024376679464573,0.02402239730808642,1.0034315973649102
24.285600683778096,7.024271464627578,0.023917182471091536,1.0034165674346018
24.093753161541756,7.023912687355136,0.023558405198649268,1.003365316132456
23.90190563930542,7.0233866109247245,0.02303232876823813,1.0032901661601537
23.709234737145316,7.022914124295188,0.022559842138701214,1.0032226714862424
23.512446935366402,7.022760549299748,0.022406267143261438,1.0032007333115087
23.512446935366402,7.022935689553196,0.022581407396709885,1.0032257520814722
23.319776033206303,7.022654681038131,0.02230039888164459,1.00318561003955
23.127928510969962,7.02253378176474,0.022179499608253828,1.0031683395888673
22.936080988733625,7.02248476818167,0.022130486025183416,1.0031613380027913
22.744233466497285,7.02197895016002,0.021624668003533465,1.0030890819424174
22.552385944260948,7.021365303602883,0.021011021446396327,1.003001422585133
22.360538422024597,7.021215649155181,0.020861366998694564,1.0029800444603023
22.16210386039817,7.021230680166958,0.02087639801047203,1.0029821916390267
21.971079718085594,7.021120237932979,0.02076595577649254,1.002966414975514
21.971079718085594,7.020792173863271,0.020437891706784228,1.002919551051706
21.77840881592549,7.020222313492217,0.01986803133573023,1.002838146547293
21.587384673612917,7.019654413395037,0.01930013123855101,1.0027570220678326
21.39553715137657,7.0192982498210865,0.01894396766460016,1.0027061441322886
21.202866249216466,7.019427643614581,0.01907336145809424,1.0027246280244289
21.011018726980126,7.019841317537145,0.019487035380658213,1.002783721308267
20.81917120474379,7.020045866389524,0.01969158423303785,1.0028129410940287
20.627323682507452,7.020183756948564,0.019829474792077306,1.0028326387483875
20.43465278034735,7.020091610604033,0.01973732844754661,1.0028194756510904
20.43465278034735,7.019728912783852,0.01937463062736544,1.0027676642990413
20.243628638034775,7.019355757924257,0.019001475767770337,1.002714359159822
20.05095773587466,7.0189662652036375,0.01861198304715117,1.002658720158577
19.859110213638324,7.018691137510181,0.018336855353694226,1.0026194181915098
19.667262691401984,7.01836176883667,0.018007486680184037,1.0025723679051621
19.475415169165647,7.017887973112445,0.01753369095595847,1.0025046862271887
19.283567646929306,7.017499133816448,0.01714485165996127,1.0024491405675942
19.090896744769204,7.017165191170576,0.016810909014089326,1.0024014368896927
18.899872602456618,7.017030567734651,0.01667628557816503,1.0023822059435865
18.70720170029652,7.016782886120811,0.016428603964324218,1.0023468246466039
18.70720170029652,7.016767857354479,0.01641357519799236,1.0023446777886413
18.51617755798394,7.016499263907255,0.016144981750768395,1.0023063092380797
18.324330035747604,7.016429991915422,0.016075709758935908,1.002296413740075
18.1316591335875,7.0162868717139535,0.015932589557467125,1.00227596903175
17.934047951884835,7.016299942451861,0.015945660295374253,1.0022778361855227
17.742200429648488,7.015973187476841,0.015618905320354592,1.0022311592657769
17.550352907412147,7.015492857506382,0.015138575349896044,1.0021625441712976
17.35850538517581,7.015050430654956,0.014696148498469341,1.0020993435340735
17.16665786293947,7.015072649337588,0.014718367181101755,1.002102517470954
17.16665786293947,7.015178517599202,0.014824235442715938,1.0021176407429124
16.97398696077937,7.015270663943736,0.0149163817872493,1.00213080384021
16.782962818466782,7.015143881603288,0.014789599446801915,1.0021126929939104
16.590291916306683,7.014941293024779,0.014587010868292616,1.0020837532331006
16.399267773994104,7.01480144219187,0.01444716003538371,1.00206377555379
16.206596871834005,7.01458120890309,0.014226926746603752,1.0020323152476536
16.014749349597665,7.013985862726294,0.013631580569807511,1.0019472700981082
15.822901827361326,7.013616628414436,0.013262346257949531,1.001894525008792
15.631054305124987,7.013490501744057,0.013136219587570608,1.0018765078249046
15.631054305124987,7.013174201563008,0.01281991940652194,1.0018313243715677
15.43920678288864,7.01302520053993,0.012670918383443919,1.001810039588388
15.246535880728539,7.012781441719275,0.012427159562788503,1.0017752186620703
15.0546883584922,7.012480172550003,0.012125890393516414,1.0017321823874579
14.863664216179624,7.012251444741124,0.011897162584637577,1.0016995086398646
14.670993314019523,7.012376264562256,0.012021982405769904,1.0017173391404508
14.47832241185942,7.012274316848377,0.011920034691891068,1.0017027759183952
14.287298269546834,7.011642372156349,0.011288089999862194,1.0016125026741338
14.095450747310496,7.011188837086329,0.010834554929842533,1.0015477152288506
14.095450747310496,7.01074575681028,0.010391474653793864,1.001484421249976
13.903603225074157,7.010397434331808,0.010043152175321701,1.001434663414239
13.711755702837818,7.010140604773243,0.009786322616756493,1.0013979753341486
13.51990818060148,7.010062182591243,0.009707900434756667,1.0013867727322747
13.327237278441379,7.010068719082918,0.009714436926431702,1.0013877064695416
13.13538975620504,7.009830187659247,0.009475905502760895,1.0013536322764285
12.94354223396869,7.009460299922768,0.009106017766281838,1.001300793845462
12.75087133180859,7.009092374705603,0.00873809254911695,1.0012482357602086
12.559847189496013,7.008837505420909,0.008483223264422968,1.0012118277050701
12.362236007793348,7.0084944125848665,0.008140130428380132,1.001162816923299
12.362236007793348,7.008414030128996,0.008059747972509967,1.0011513342964733
12.170388485557009,7.008648641004929,0.008294358848442762,1.0011848484396833
11.97854096332066,7.008872141416823,0.00851785926033699,1.0012167754540722
11.78669344108432,7.008580675862343,0.008226393705856871,1.0011751396249795
11.594845918847982,7.008116681507463,0.007762399350976779,1.001108858071764
11.402175016687881,7.007660532738951,0.007306250582464813,1.0010436972598784
11.211150874375305,7.0070521135788,0.00669783142231406,1.0009567846357985
11.018479972215204,7.0068318802900205,0.0064775981335341015,1.000925324329662
10.826632449978854,7.006966503725946,0.006612221569459287,1.0009445552757685
10.826632449978854,7.006830573440775,0.0064762912842883935,1.000925137646361
10.634784927742515,7.006053550518852,0.005699268362366006,1.000814139989585
10.442937405506177,7.0056627509489875,0.005308468792501131,1.0007583143050391
10.245326223803511,7.005296783760245,0.004942501603758309,1.0007060359239754
10.053478701567172,7.004962841114373,0.004608558957886366,1.000658332246074
9.861631179330823,7.004882458658502,0.004528176502015313,1.0006468496192482
9.669783657094484,7.004998783959535,0.004644501803048762,1.0006634666783776
9.477936134858146,7.005401998597239,0.005047716440752303,1.0007210658542838
9.286088612621807,7.005815672519804,0.005461390363318053,1.0007801591381222
9.286088612621807,7.005722872750651,0.005368590594164502,1.0007669026991746
9.093417710461706,7.005472577438318,0.0051182952818313865,1.0007311480355898
8.901570188225367,7.005386969830909,0.00503268767442222,1.0007189189963215
8.708899286065266,7.005021002642166,0.004666720485679399,1.0006666406152578
8.51787514375268,7.004419119973691,0.00406483781720457,1.000580661728445
8.325204241592578,7.004201500383405,0.0038472182269186916,1.000549574788911
8.134180099280002,7.003977346546888,0.003623064390401609,1.0005175544328715
7.942332577043664,7.003796976651008,0.0034426944945220583,1.000491788608942
7.750485054807325,7.003531652572345,0.00317737041585886,1.0004538870873947
7.750485054807325,7.003333637966199,0.002979355809712203,1.000425600718139
7.552873873104649,7.003055243149625,0.002700960993138324,1.0003858320428185
7.36102635086831,7.00300949668967,0.0026552145331839583,1.0003792971649952
7.1691788286319715,7.002803640988046,0.0024493588315595005,1.0003498906959327
6.976507926471871,7.002573606329921,0.0022193241734349556,1.0003170302650384
6.784660404235532,7.002625887036107,0.0022716048796205257,1.0003244985593673
6.591989502075431,7.002240314863227,0.0018860327067402594,1.0002694196080257
6.400965359762844,7.0019396991185765,0.001585416962090136,1.0002264766750637
6.208294457602743,7.001916827011321,0.0015625448548348686,1.0002232093965326
6.208294457602743,7.002095890057954,0.0017416079014678232,1.0002487885371611
6.016446935366404,7.002025308971431,0.0016710268149449092,1.0002387060350937
5.825422793053828,7.001985445578532,0.0016311634220453897,1.0002330115528872
5.632751890893727,7.002116148466715,0.00176186631022901,1.0002516824490897
5.440904368657388,7.0019396991185765,0.001585416962090136,1.0002264766750637
5.244116566878475,7.001578961572265,0.001224679415778418,1.0001749453479662
5.051445664718374,7.001489431171673,0.0011351490151865207,1.000162155938033
4.859598142482035,7.001322132013702,0.0009678498572158745,1.000138257267876
4.667750620245696,7.001274425279878,0.0009201431233920587,1.000131442365101
4.667750620245696,7.0012365221608475,0.0008822400043611012,1.000126027907846
4.475903098009358,7.001166596744394,0.0008123145879075366,1.000116039068191
4.283232195849256,7.001327361656132,0.0009730794996452019,1.000139004321842
4.091384673612907,7.001273118430632,0.0009188362741454625,1.0001312556817998
3.900360531300331,7.00110647494273,0.0007521927862432776,1.0001074506740553
3.708513009063992,7.000596082948719,0.00024180079223246054,1.0000345412221276
3.515842106903891,7.000390227247092,3.594509060533824e-05,1.0000051347530647
3.32317120474379,7.000671889186779,0.0003176070302925993,1.0000453701366376
3.1321470624312138,7.000982306300777,0.0006280241442908618,1.000089713194358
2.9402995401948644,7.001138497240153,0.0007842150836667727,1.0001120250564555
2.9402995401948644,7.000779717722266,0.0004254355657797859,1.000060773433548
2.7484520179585257,7.000298080902563,-5.620125392358233e-05,0.9999919716557679
2.556604495722187,7.00033141004923,-2.2872107256155516e-05,0.9999967327214689
2.3647569734858482,7.000547069365648,0.0001927872091620486,1.0000275396360514
2.1720860713257473,7.000541841968664,0.00018755981217744022,1.0000267929028472
1.9802385490894086,7.000252990112676,-0.00010129204381037482,0.9999855304403567
1.7883910268530594,7.00014189220863,-0.00021238994785655052,0.9999696601144319
1.5957201246929582,7.000249067319493,-0.00010521483699310608,0.9999849700696919
1.404695982380382,7.000149735549552,-0.0002045466069340307,0.9999707805350001
1.404695982380382,7.000121633799869,-0.0002326483566177373,0.9999667662025034
1.212025080220281,7.000269325728254,-8.495642823191929e-05,0.9999878639816204
1.015237278441378,7.000345787636387,-8.49452009976659e-06,0.999998786558543
0.8225663762812767,7.000641827163228,0.00028754500674121886,1.0000410757791893
0.63154223396869,7.000571901746773,0.00021761959028676614,1.0000310869395341
0.43969471173235136,7.00049609550871,0.00014181335222396285,1.000020258025024
0.24784718949601264,7.000507203727302,0.00015292157081603364,1.000021844833083
0.0551762873359115,7.000354282156486,0.0,1.0
-0.1366712349004272,7.000133397688529,-0.0002208844679572053,0.9999684466729748
-0.1366712349004272,7.00011052333583,-0.0002437588206563035,0.9999651790736823
-0.3285187571367659,7.000080461312276,-0.00027382084421034847,0.9999608847162338
-0.5211896592968671,7.000147119605614,-0.00020716255087194213,0.9999704068476363
-0.7122138016094537,7.000096799173298,-0.00025748298318806206,0.9999632185782591
-0.9040613238457924,7.000453616171872,9.933401538564368e-05,1.0000141898554533
-1.0959088460821311,7.000764033285865,0.00040975112937857716,1.000058532913173
-1.2877563683184698,7.000820236785235,0.0004659546287486549,1.000066561578167
-1.480427270478571,7.000763382106689,0.00040909995020221857,1.0000584398922845
-1.6722747927149202,7.000806512622704,0.0004522304662177845,1.0000646010827439
-1.6722747927149202,7.000116406402884,-0.0002378757536023457,0.9999660194692991
-1.8649456948750214,6.999658948539679,-0.0006953336168074031,0.9999006716533505
-2.0559698371875976,6.999902053935712,-0.00045222822077395364,0.9999353992380177
-2.2478173594239363,7.000161497192767,-0.00019278496371910592,0.9999724606847098
-2.439664881660275,7.000635946341619,0.0002816641851328683,1.0000402357043343
-2.632335783820376,7.000796709007912,0.0004424268514258145,1.0000632006372239
-2.8241833060567147,7.0006764631591425,0.00032218100265613003,1.0000460235281916
-3.0160308282930535,7.000728090440704,0.000373808284217958,1.00005339848087
-3.207878350529392,7.000835267797012,0.0004809856405252333,1.0000687087568911
-3.399725872765731,7.0008764380391595,0.0005221558826731254,1.0000745899223993
-3.399725872765731,7.000971851506805,0.0006175693503189805,1.000088219727949
-3.5923967749258527,7.001242405227901,0.000888123071415059,1.0001268683034628
-3.783420917238429,7.001373105870641,0.0010188237141548484,1.0001455388789038
-3.97609181939853,7.001558049738881,0.0012037675823943772,1.000171958094387
-4.167939341634869,7.001505769032696,0.0011514868762096953,1.0001644898000583
-4.358963483947445,7.001579614996889,0.0012253328404030484,1.0001750386896169
-4.551634386107547,7.001477667283011,0.0011233851265242123,1.0001604754675613
-4.7434819083438855,7.001282922045425,0.0009286398889383207,1.0001326561273198
-4.935329430580224,7.000932639293082,0.0005783571365958196,1.0000826182666311
-4.935329430580224,7.00088820192782,0.0005339197713336574,1.0000762703928707
-5.128000332740325,7.001369185322903,0.0010149031664168362,1.0001449788290007
-5.319847854976664,7.001506422457318,0.001152140300831661,1.0001645831417088
-5.511695377213003,7.001522106893718,0.0011678247372319817,1.0001668236620835
-5.702719519525578,7.0016946334486745,0.0013403512921881244,1.000191469065445
-5.8953904216857005,7.001995902617946,0.0016416204614593255,1.0002345053400574
-6.087237943922039,7.002399117255649,0.002044835099162867,1.0002921045159636
-6.279085466158378,7.002687969111638,0.0023336869551515704,1.0003333669784542
-6.476696647861033,7.002574259754543,0.0022199775980569214,1.0003171236066888
-6.476696647861033,7.002539623758628,0.0021853416021420102,1.0003121758576865
-6.6685441700973715,7.002819325424444,0.0024650432679580447,1.0003521312163073
-6.86039169233371,7.0028997078803155,0.002545425723829098,1.0003636138431333
-7.05223921457007,7.002858535392725,0.002504253236238263,1.000357732356864
-7.244086736806409,7.002814751452084,0.0024604692955980667,1.0003514778247538
-7.435934259042748,7.002497797846414,0.0021435156899274332,1.0003062010297665
-7.6277817812790865,7.0025330872669524,0.0021788051104660866,1.0003112421204194
-7.819629303515425,7.003045439534833,0.002691157378346354,1.0003844315972987
-8.012300205675526,7.003940750277102,0.0035864681206154714,1.0005123266589173
-8.204147727911865,7.004298220700297,0.003943938543810255,1.0005633912777618
-8.204147727911865,7.004537405548592,0.004183123392105692,1.0005975588125258
-8.395995250148204,7.004370106390623,0.004015824234136822,1.0005736601423691
-8.588666152308305,7.004409316358898,0.004055034202411711,1.000579261282925
-8.779690294620881,7.004551129711123,0.0041968475546365624,1.000599519307949
-8.97153781685722,7.004677909806124,0.0043236276496374515,1.0006176298334868
-9.163385339093558,7.0047203868975165,0.0043661047410301634,1.0006236976822958
-9.35605624125368,7.004842595265603,0.004488313109116682,1.0006411551370418
-9.54790376349002,7.005017082094428,0.0046627999379413865,1.0006660805653547
-9.739751285726358,7.005341876795575,0.0049875946390889325,1.0007124774601484
-9.739751285726358,7.005390236954024,0.005035954797537379,1.0007193857045742
-9.93242218788646,7.005481074203863,0.00512679204737676,1.0007323617978086
-10.123446330199036,7.0053065873750375,0.004952305218551167,1.0007074363694954
-10.315293852435374,7.0052837130223375,0.004929430865851181,1.000704168770203
-10.507964754595475,7.005492838092524,0.005138555936037292,1.00073404226828
-10.698988896908052,7.00577842057995,0.005424138423463454,1.000774837701756
-10.89083641914439,7.005992119622499,0.005637837466012208,1.0008053645913868
-11.083507321304491,7.006147001467183,0.005792719310696803,1.0008274894494213
-11.27535484354083,7.006256136851915,0.00590185469542881,1.000843079429633
-11.27535484354083,7.006701833071904,0.006347550915418054,1.0009067470958717
-11.467202365777169,7.007433765203942,0.007079483047455426,1.0010113035372368
-11.664813547479845,7.007472321747596,0.0071180395911092376,1.0010168113361424
-11.856661069716184,7.007457944160441,0.007103662003954625,1.0010147574990684
-12.04850859195252,7.0080271511068695,0.007672868950383105,1.0010960686618307
-12.244473013807673,7.008566951699813,0.00821266954332689,1.0011731791295564
-12.244473013807673,7.008644064787122,0.0082897826306354,1.0011841947273676
-12.244473013807673,7.008227779411511,0.00787349725502473,1.001124728397689
-12.244473013807673,7.0082134018243565,0.007859119667870118,1.0011226745606152
