Angle (degree),rho (mOhm cm),Delta rho (mOhm cm),rho/rho(theta=0)
102.32425565666783,6.028530195057251,-0.21753308061068655,0.9651727702698586
102.32425565666783,6.028536042824427,-0.21752723284351116,0.9651737065023169
102.32425565666783,6.028545791335878,-0.21751748433205975,0.9651752672472248
102.32425565666783,6.028417772347328,-0.21764550332061017,0.9651547712991531
102.32425565666783,6.028563986622136,-0.21749928904580162,0.9651781803279054
102.32425565666783,6.028514598778626,-0.21754867688931157,0.9651702732924928
102.32425565666783,6.028500951755724,-0.21756232391221353,0.9651680883926127
102.13734841397404,6.028464561183205,-0.21759871448473245,0.9651622622312511
102.13734841397404,6.02840672433206,-0.21765655133587813,0.965153002502588
101.93973723227138,6.028541240839694,-0.21752203482824406,0.9651745387089465
101.74871308995878,6.028366435248091,-0.21769684041984672,0.9651465521862542
101.55604218779868,6.027488504312976,-0.2185747713549615,0.9650059947028654
101.36419466556235,6.025142591793893,-0.22092068387404495,0.9646304121294031
101.17234714332601,6.0222501664694645,-0.2238131091984732,0.9641673323947332
100.98049962108968,6.019329145362595,-0.22673413030534295,0.9636996744511691
100.78865209885333,6.016109852404579,-0.22995342326335866,0.9631842629325961
100.59680457661699,6.012733946908395,-0.2333293287595426,0.9626437776145341
100.59680457661699,6.009309953072519,-0.23675332259541904,0.9620955933127172
100.40495705438066,6.005677362080152,-0.24038591358778572,0.9615140124301608
100.21228615222056,6.001914153091602,-0.24414912257633592,0.9609115194962179
100.02043862998421,5.998274412595419,-0.24778886307251913,0.9603287939720686
99.82859110774788,5.994318852480915,-0.2517444231870227,0.9596955054605812
99.63674358551151,5.99008776183206,-0.25597551383587813,0.9590181042780895
99.44407268335144,5.9859723404198455,-0.26009093524809224,0.9583592218379698
99.24646150164877,5.981750996049618,-0.26431227961831993,0.957683381042909
99.05543735933618,5.977145599179388,-0.2689176764885497,0.9569460531185874
99.05543735933618,5.972338752423663,-0.2737245232442751,0.9561764728976423
98.86358983709985,5.967398036679389,-0.2786652389885491,0.9553854601386904
98.67091893493975,5.962372844255724,-0.2836904314122135,0.9545809225920984
98.47989479262715,5.957100712614502,-0.2889625630534356,0.9537368498684422
98.28722389046705,5.951841578244275,-0.2942216974236631,0.9528948580188376
98.0953763682307,5.946526558511449,-0.29953671715648866,0.9520439188755325
97.90352884599437,5.941310314465649,-0.304752961202289,0.9512087938030536
97.71168132375803,5.935962150687022,-0.3101011249809158,0.9503525482700534
97.51983380152168,5.930918113225189,-0.31514516244274837,0.9495449936169519
97.51983380152168,5.926234085209923,-0.31982919045801506,0.9487950767799718
97.32798627928535,5.921339508549617,-0.3247237671183205,0.948011450927289
97.13613875704901,5.916141459790076,-0.32992181587786185,0.9471792389354908
96.94346785488891,5.910727014618321,-0.33533626104961645,0.9463123816955318
96.75162033265258,5.905199496984731,-0.3408637786832065,0.945427421459038
96.55977281041623,5.899566706145038,-0.3464965695229001,0.9445256068934321
96.36792528817989,5.894100274122136,-0.3519630015458013,0.9436504265147453
96.17607776594356,5.888802799923663,-0.35726047574427433,0.9428022964262927
95.9842302437072,5.883188204370229,-0.3628750712977089,0.9419033949413674
95.9842302437072,5.877830944064884,-0.36823233160305335,0.9410456930467654
95.7915593415471,5.872200102480915,-0.373863173187023,0.9401441905586454
95.60053519923451,5.866538068339694,-0.3795252073282436,0.9392376941157936
95.40868767699818,5.861230195877861,-0.3848330797900763,0.9383878992566045
95.21684015476184,5.8559697620038165,-0.39009351366412126,0.9375456993553423
95.02416925260174,5.850634597729008,-0.3954286779389298,0.9366915350538706
94.83232173036541,5.845114227366412,-0.4009490483015261,0.9358077191014929
94.64047420812906,5.8392065557442745,-0.40685671992366323,0.9348618958907112
94.4428630264264,5.833536074828244,-0.4125272008396941,0.9339540471120861
94.25101550419005,5.827839599370228,-0.4182236762977096,0.9330420365853584
94.25101550419005,5.8224680445229,-0.42359523114503794,0.9321820461225251
94.0591679819537,5.8168359034351145,-0.42922737223282326,0.9312803355827479
93.86732045971738,5.81159691360687,-0.4344663620610678,0.9304415688913098
93.66970927801471,5.806574969942748,-0.43948830572518993,0.9296375514738614
93.47786175577836,5.801664797003816,-0.4443984786641213,0.9288514286438126
93.28601423354202,5.796818960667938,-0.4492443149999996,0.9280756061581911
93.09416671130568,5.7921056893511444,-0.4539575863167933,0.9273210074439651
92.90231918906935,5.787738780458014,-0.4583244952099239,0.9266218616459803
92.70964828690924,5.783618810782442,-0.46244446488549595,0.9259622510250597
92.70964828690924,5.77944425524809,-0.4666190204198477,0.9252939011620965
92.5178007646729,5.775562128263357,-0.4705011474045806,0.9246723693566382
92.32595324243657,5.771278398778626,-0.4747848768893119,0.9239865406521135
92.13410572020021,5.766866652538167,-0.47919662312977085,0.9232802163569938
91.94225819796388,5.762588123301526,-0.48347515236641136,0.9225952202165756
91.75041067572754,5.758846358358779,-0.4872169173091585,0.9219961604924573
91.55856315349119,5.755137087709923,-0.49092618795801446,0.9214023031322052
91.3658922513311,5.75191064524809,-0.4941526304198476,0.9208857469720391
91.17404472909476,5.748984426125954,-0.49707884954198356,0.9204172568218456
91.17404472909476,5.746763931354961,-0.49929934431297696,0.9200617537356627
90.98219720685842,5.744926191812976,-0.501137083854962,0.91976753008456
90.79034968462207,5.7428480105725175,-0.5032152650954202,0.9194348115146804
90.59850216238573,5.740496900038167,-0.5055663756297708,0.9190583967345884
90.40089098068307,5.738394025992367,-0.5076692496755708,0.9187217248257412
90.20904345844673,5.736648562385496,-0.5094147132824416,0.9184422746297001
90.01719593621038,5.7355340904961825,-0.5105291851717553,0.9182638467399835
89.82452503405028,5.735231265916029,-0.5108320097519083,0.9182153642692195
89.6335008917377,5.735535389999998,-0.5105278856679396,0.9182640547916407
89.6335008917377,5.736091651316793,-0.5099716243511443,0.9183531126977561
89.44165336950137,5.736702498492366,-0.5093607771755719,0.9184509098459137
89.24980584726502,5.737275005839694,-0.5087882698282433,0.9185425687552237
89.05795832502868,5.738321892366411,-0.5077413833015267,0.9187101761713693
88.86528742286859,5.7396774534732815,-0.5063858221946562,0.9189272026482145
88.67343990063223,5.741218868187023,-0.5048444074809151,0.9191739844443173
88.4815923783959,5.7432619583587785,-0.5028013173091592,0.9195010849044928
88.28974485615956,5.7454960979198475,-0.5005671777480902,0.9198587725330784
88.09789733392321,5.747669806087786,-0.49839346958015174,0.92020678504464
88.09789733392321,5.750076801984732,-0.4959864736832058,0.9205921471184317
87.90604981168688,5.753238912309159,-0.49282436335877833,0.9210984036491245
87.71337890952678,5.756683050687023,-0.4893802249809145,0.9216498131091089
87.52153138729042,5.760420265133586,-0.48564301053435166,0.9222481442949491
87.3296838650541,5.7650808998473275,-0.4809823758206102,0.9229943158446189
87.13783634281775,5.770200969446564,-0.4758623062213738,0.9238140433070643
86.94516544065765,5.7755634277671755,-0.47049984790076227,0.9246725774082959
86.75414129834508,5.780645805057252,-0.46541747061068595,0.9254862703002452
86.5565301166424,5.786162924427481,-0.4599003512404565,0.9263695657660023
86.5565301166424,5.791540979026717,-0.4545222966412208,0.9272305968445996
86.36468259440606,5.797097090209922,-0.4489661854580156,0.9281201349325101
86.17283507216972,5.802418609694655,-0.44364466597328267,0.928972114691579
85.98016417000962,5.807721281908396,-0.43834199375954164,0.9298210769866614
85.78914002769704,5.812550224694656,-0.4335130509732821,0.9305941948007366
85.59646912553694,5.817475341927481,-0.4285879337404568,0.9313827102248456
85.40462160330061,5.823143223835877,-0.42292005183206083,0.9322901429001558
85.21277408106425,5.828807856984732,-0.41725541868320537,0.9331970554463227
85.02092655882792,5.834436099561069,-0.41162717610686883,0.9340981418311279
84.82907903659158,5.840568614370228,-0.40549466129770995,0.9350799626258434
84.82907903659158,5.846905830057251,-0.3991574456106868,0.9360945562038031
84.63723151435524,5.852901879103052,-0.3931613965648859,0.9370545287146739
84.4453839921189,5.858960313263357,-0.38710296240458053,0.9380244891350088
84.25353646988255,5.865081782290076,-0.38098149337786147,0.9390045414906367
84.06086556772244,5.871348815839694,-0.3747144598282439,0.9400078988491879
83.86901804548611,5.877901126202289,-0.3681621494656486,0.9410569292661739
83.67717052324977,5.885035690190839,-0.3610275854770988,0.9421991789799005
83.48532300101344,5.89231322192748,-0.3537500537404581,0.9433643179507128
83.28771181931077,5.898306022213739,-0.3477572534541986,0.9443237703324403
83.28771181931077,5.903984300152671,-0.34207897551526667,0.94523286742101
83.09010063760809,5.909780201049618,-0.3362830746183194,0.946160796044392
82.89825311537176,5.915541010877861,-0.3305222647900763,0.9470831065580694
82.70640559313541,5.921243334103052,-0.32481994156488536,0.9479960533172552
82.51455807089907,5.927035334255724,-0.31902794141221413,0.9489233574281878
82.32271054866274,5.932876724484732,-0.3131865511832057,0.9498585689320104
82.13003964650262,5.938650529351143,-0.3074127463167944,0.9507829599622619
81.93901550419005,5.94427292192748,-0.3017903537404578,0.9516831097571318
81.74634460202995,5.949958349370227,-0.2961049262977111,0.952593351487294
81.74634460202995,5.955682768625954,-0.29038050704198337,0.9535098358396104
81.5544970797936,5.961015983645038,-0.2850472920228997,0.954363688063596
81.36264955755728,5.966032729293891,-0.28003054637404645,0.9551668732744145
81.16503837585459,5.970708958053435,-0.2753543176145028,0.9559155414439734
80.97401423354202,5.9753325524427465,-0.2707307232251912,0.9566557828064526
80.78134333138192,5.979722204885495,-0.26634107078244273,0.9573585698659192
80.58949580914557,5.98429316043893,-0.26177011522900795,0.958090383706365
80.39764828690925,5.988728951965648,-0.25733432370229004,0.9588005576721008
80.2058007646729,5.993085460362595,-0.2529778153053428,0.9594980383418722
80.2058007646729,5.9972444218511445,-0.24881885381679325,0.9601638915849463
80.01395324243656,6.001315003683205,-0.24474827198473292,0.960815595170454
79.82210572020021,6.005455767652671,-0.24060750801526698,0.9614785349753702
79.62943481804011,6.009451616851145,-0.23661165881679302,0.9621182738031916
79.43758729580378,6.013410427958014,-0.23265284770992345,0.9627520828012995
79.24573977356744,6.017257463874045,-0.22880581179389292,0.9633679964970536
79.05389225133109,6.02088680610687,-0.22517646956106763,0.9639490572504666
78.86204472909475,6.024509001068701,-0.22155427459923693,0.9645289737197635
78.6701972068584,6.028031118606869,-0.21803215706106904,0.9650928677091006
78.6701972068584,6.031438866412214,-0.21462440925572412,0.9656384510077233
78.47834968462207,6.035111748721373,-0.21095152694656516,0.9662264825640905
78.28650216238573,6.039451363568701,-0.20661191209923668,0.9669212585623155
78.09383126022563,6.04338092914122,-0.2026823465267178,0.9675503853257005
77.9019837379893,6.046892650648854,-0.1991706250190841,0.9681126149017782
77.71013621575295,6.050290649942747,-0.1957726257251906,0.9686566374554931
77.51828869351661,6.053427415477099,-0.19263586019083867,0.9691588362639124
77.32067751181394,6.056588876049618,-0.18947439961831947,0.9696649887687765
77.12800660965384,6.059748385133587,-0.18631489053435057,0.9701708288386773
77.12800660965384,6.062855907366411,-0.1832073683015265,0.9706683457698506
76.93698246734127,6.066134986431297,-0.17992828923664117,0.9711933290945728
76.74513494510492,6.069051457041984,-0.17701181862595394,0.9716602584998589
76.55328742286858,6.071381125763358,-0.1746821499045801,0.9720332404276035
76.36143990063223,6.073896645858778,-0.1721666298091593,0.9724359773171288
76.16382871892957,6.0759501320610685,-0.17011314360686924,0.9727647421905635
75.97198119669324,6.0782349612022895,-0.16782831446564828,0.9731305452636964
75.78013367445689,6.080803117900763,-0.1652601577671744,0.973541709317778
75.58828615222055,6.083184771240457,-0.1628785044274803,0.9739230140267732
75.58828615222055,6.085331185362595,-0.16073209030534308,0.974266656738575
75.39561525006046,6.087599118721373,-0.15846415694656457,0.9746297547826844
75.20294434790036,6.090063301717557,-0.15599997395038034,0.9750242725593109
75.01192020558777,6.092577522309159,-0.1534857533587788,0.9754268013971784
74.82007268335143,6.0948922422709915,-0.15117103339694626,0.9757973900159088
74.62822516111508,6.097290143874045,-0.1487731317938925,0.9761812960855759
74.43637763887874,6.0996562009351125,-0.14640707473282522,0.9765601038172049
74.2445301166424,6.102173022767175,-0.1438902529007624,0.9769630491158648
74.05185921448229,6.1045143870229,-0.14154888864503778,0.9773379035085262
73.86001169224596,6.106858350286259,-0.13920492538167917,0.9777131740045024
73.86001169224596,6.109661748435112,-0.13640152723282561,0.9781620004132541
73.66816417000962,6.112450200057251,-0.13361307561068703,0.9786084338704688
73.47137636823071,6.115088541125952,-0.1309747345419856,0.9790308345014357
73.2787054660706,6.117630705515265,-0.12843257015267273,0.979437837164892
73.08685794383426,6.120302186164122,-0.1257610895038157,0.9798655434706004
72.89501042159793,6.122532429446564,-0.12353084622137356,0.9802226073016906
72.70316289936159,6.124755523225189,-0.12130775244274883,0.9805785264911879
72.51131537712526,6.127078692194655,-0.11898458347328233,0.9809504678031686
72.31946785488891,6.129447998015266,-0.11661527765267188,0.9813297956639414
72.31946785488891,6.131809509045801,-0.11425376662213704,0.9817078755722469
72.12679695272881,6.134124229007633,-0.11193904666030452,0.9820784641909773
71.93494943049247,6.136343424274808,-0.10971985139312945,0.9824337592255025
71.74310190825612,6.138428103034349,-0.10763517263358846,0.982767518053669
71.55125438601978,6.140440648167938,-0.10562262749999984,0.9830897282274642
71.35940686378345,6.1428586943129755,-0.10320458135496224,0.9834768594552982
71.1675593415471,6.1452221523664114,-0.10084112330152628,0.9838552510836127
70.97571181931076,6.147460842423664,-0.09860243324427387,0.9842136672504763
70.78386429707442,6.149857442290076,-0.09620583337786215,0.9845973649110088
70.78386429707442,6.152670588950381,-0.0933926867175563,0.9850477520646684
70.59201677483809,6.155546120725189,-0.09051715494274859,0.9855081271277917
70.40016925260174,6.1583020802862585,-0.08776119538167926,0.985949358578617
70.20749835044164,6.160703230648854,-0.08536004501908412,0.9863337847774275
70.01565082820531,6.163049143167937,-0.08301413250000067,0.9867093673508898
69.82380330596897,6.165969512290077,-0.08009376337786112,0.9871769209111485
69.63195578373262,6.16941689942748,-0.07664637624045767,0.9877288505002759
69.43928488157252,6.172529621908395,-0.0735336537595428,0.9882271999955557
69.24249707979361,6.1754974296183205,-0.07056584604961724,0.9887023485137411
69.24249707979361,6.17859650284351,-0.06746677282442803,0.9891985127516638
69.05064955755728,6.18162604591603,-0.06443722975190802,0.9896835451534843
68.85797865539718,6.184378756717556,-0.06168451895038185,0.9901242564751659
68.66613113316083,6.1868864797900756,-0.059176795877862176,0.9905257450547467
68.47428361092449,6.18958590423664,-0.056477371431297385,0.9909579251860432
68.28243608868814,6.192660284656488,-0.05340299101144996,0.9914501360849984
68.0905885664518,6.1955494634541965,-0.05051381221374118,0.9919126960480016
67.89791766429171,6.1981475132061075,-0.04791576246183027,0.9923286460051581
67.70607014205537,6.2009944514312965,-0.04506882423664127,0.9927844432168642
67.51504599974278,6.203829691889312,-0.04223358377862585,0.9932383676061768
67.51504599974278,6.2064153941221365,-0.039647881545801233,0.9936523407151104
67.32237509758268,6.209005646851144,-0.037057628816794086,0.994067042362322
67.13052757534633,6.21158290230916,-0.03448037335877796,0.9944796631354826
66.93950343303376,6.214168604541983,-0.03189467112595512,0.994893636244416
66.74683253087366,6.216983050706105,-0.029080224961832712,0.9953442314497329
66.55498500863732,6.220451884122136,-0.02561139154580161,0.9958995946061621
66.36313748640099,6.224105919160305,-0.021957356507632753,0.996484608698543
66.17128996416464,6.227197195362594,-0.018866080305343758,0.9969795246265215
65.97944244192831,6.230122114980914,-0.015941160687023448,0.9974478067250577
65.97944244192831,6.233302418358776,-0.012760857309161544,0.9979569759789542
65.7867715397682,6.236703666412213,-0.009359609255724877,0.9985015186618128
65.59492401753185,6.240149756278625,-0.005913519389312505,0.9990532405567601
65.40307649529552,6.243572448377861,-0.002490827290076325,0.9996012164494427
65.21122897305916,6.246924310820609,0.000861035152671441,1.0001378524543652
65.01938145082283,6.250470473645037,0.004407197977099209,1.0007055961143185
64.82753392858649,6.253633231488547,0.007569955820609486,1.0012119563133628
64.63486302642639,6.2570032892175576,0.01094001354961982,1.0017515053989667
64.44383888411382,6.260248576717555,0.014185301049617571,1.0022710786656417
64.44383888411382,6.2633924917557255,0.017329216087787813,1.002774422115654
64.25116798195371,6.266930855324427,0.020867579656489,1.0033409171081857
64.06014383964114,6.269908411545801,0.0238451358778633,1.0038176263712784
63.86747293748103,6.272621483015266,0.026558207347328278,1.0042519914024548
63.67068513570212,6.275535352385495,0.029472076717556916,1.0047185043469489
63.47801423354202,6.27881638293893,0.032753107270992565,1.0052438001066344
63.28616671130568,6.28218968942748,0.03612641375954251,1.0057838693213814
63.094319189069346,6.285669568625953,0.03960629295801521,1.0063410009168983
62.902471666833,6.289426927614502,0.04336365194656455,1.0069425572609056
62.902471666833,6.292778790057252,0.046715514389314095,1.0074791932658285
62.710624144596665,6.2959350503816776,0.049871774713739825,1.0079845132065857
62.51877662236031,6.2994766649427465,0.053413389274808765,1.008551528685738
62.32610572020022,6.302888311259541,0.056825035591603346,1.0090977361393327
62.13508157788764,6.306180387595419,0.06011711192748148,1.0096248003381063
61.94323405565129,6.309510154007632,0.0634468783396942,1.0101578987498985
61.75056315349119,6.312612478225189,0.06654920255725116,1.010654583474442
61.5537753517123,6.315847369694656,0.06978409402671826,1.0111724923278584
61.36110444955219,6.319310353110687,0.07324707744274939,1.011726918894352
61.36110444955219,6.322525097805342,0.07646182213740449,1.0122416022321241
61.16925692731585,6.325622224007634,0.07955894833969612,1.0127374547500383
60.977409405079506,6.328644617576335,0.08258134190839694,1.0132213425102656
60.78556188284316,6.331570836698472,0.0855075610305347,1.0136898326604593
60.59371436060682,6.334844715515266,0.08878143984732834,1.0142139834210748
60.40104345844672,6.337857362805343,0.091794087137405,1.0146963107938718
60.20919593621038,6.34097788230916,0.09491460664122187,1.0151959085990963
60.01817179389781,6.343826120038166,0.09776284437022831,1.0156519138624598
59.825500891737704,6.346496950935114,0.10043367526717617,1.0160795161423395
59.63365336950137,6.349275656278625,0.10321238061068705,1.0165243892121234
59.63365336950137,6.351701499446565,0.10563822377862753,1.016912768749902
59.44180584726502,6.354421718187022,0.10835844251908444,1.0173482780651941
59.249958325028686,6.357520793645037,0.11145751797709913,1.0178444426605942
59.05728742286858,6.361022766641221,0.11495949097328317,1.0184051114917643
58.86049962108967,6.363806672232824,0.11774339656488664,1.0188508171256552
58.668652098853336,6.366341687118319,0.1202784114503812,1.0192566751475183
58.47680457661699,6.36923866293893,0.12317538727099198,1.019720483420466
58.279193394914316,6.372146034790076,0.12608275912213784,1.0201859561066735
58.08652249275422,6.375274353549617,0.12921107788167951,1.0206868025793194
58.08652249275422,6.378359129999998,0.13229585433206026,1.0211806778915338
57.89549835044164,6.380835660515266,0.13477238484732812,1.0215771725163825
57.703650828205305,6.383570178263358,0.13750690259541987,1.0220149711148603
57.5109799260452,6.38677257543893,0.14070929977099222,1.0225276776044099
57.319132403808865,6.389798219999999,0.1437349443320617,1.0230120858512581
57.12646150164876,6.39271143961832,0.14664816395038205,1.0234784947699236
56.93543735933618,6.395901491507634,0.14983821583969625,1.0239892247687281
56.74358983709983,6.3987107396564875,0.15264746398854978,1.0244389877674152
56.551742314863496,6.401215863721372,0.15515258805343457,1.024840060243681
56.551742314863496,6.404106339790075,0.1580430641221371,1.0253028279008647
56.359894792627145,6.406526984942746,0.16046370927480869,1.0256903752320135
56.16804727039081,6.408748779217556,0.16268550354961864,1.0260460863698537
55.975376368230705,6.411145379083969,0.16508210341603125,1.0264297840303864
55.78352884599437,6.413500390362596,0.16743711469465783,1.0268068233229277
55.59168132375803,6.416305737767173,0.17024246209923533,1.0272559618091652
55.399833801521694,6.418900538759542,0.17283726309160397,1.0276713916371782
55.20798627928535,6.421006661564884,0.17494338589694625,1.0280085836751691
55.01613875704901,6.423045850992365,0.17698257532442696,1.028335059622895
55.01613875704901,6.4252280059351135,0.17916473026717572,1.0286844244702302
54.82429123481268,6.427610958778625,0.18154768311068725,1.029065937230883
54.632443712576325,6.429787915706106,0.18372464003816802,1.0294144698715881
54.43977281041622,6.431968119160305,0.18590484349236736,1.02976352228396
54.247925288179886,6.4341723679007625,0.1881090922328248,1.030116424366948
54.05607776594355,6.4361972627862585,0.19013398711832075,1.0304406117464426
53.85846658424088,6.438313781622136,0.19225050595419813,1.0307794681976927
53.66661906200454,6.44045824648855,0.1943949708206123,1.031122798832009
53.4747715397682,6.4426248029198465,0.19656152725190879,1.0314696663445007
53.4747715397682,6.444758219770993,0.198694944103055,1.0318112281822516
53.282924017531855,6.446759069370229,0.20069579370229107,1.0321315658911299
53.09107649529552,6.4486117554389315,0.20254847977099377,1.0324281824937698
52.898405593135415,6.450333825744274,0.20427055007633665,1.0327038874025003
52.70738145082283,6.452273589732824,0.20621031406488655,1.0330144452535721
52.51553392858649,6.454181513645037,0.20811823797709916,1.03331990548156
52.32286302642639,6.4561843125,0.21012103683206185,1.0336405552679246
52.13101550419005,6.458220253167937,0.2121569774999994,1.033966511086507
51.939167981953716,6.460157418148853,0.2140941424809153,1.034276652834264
51.74732045971737,6.461972414141221,0.2159091384732834,1.034567235223885
51.74732045971737,6.463448844732823,0.21738556906488515,1.0348036130072087
51.555472937481035,6.465001954980916,0.21893867931297795,1.0350522672682283
51.3636254152447,6.466568064732823,0.22050478906488546,1.0353030027607757
51.170954513084595,6.468177712328244,0.2221144366603065,1.035560708698801
50.979106990848244,6.469852341812976,0.2237890661450379,1.0358288182921276
50.78808284853567,6.471456791393129,0.22539351572519095,1.036085692023523
50.59541194637557,6.472702531030533,0.22663925536259555,1.0362851359904546
50.40356442413922,6.474310876889311,0.22824760122137366,1.036542633519345
50.21171690190288,6.476236996087785,0.23017372041984707,1.0368510068280141
50.21171690190288,6.477625699007632,0.23156242333969423,1.0370733393370772
50.019869379666545,6.478493881431296,0.2324306057633585,1.0372123360755583
49.8280218574302,6.479352965095418,0.23328968942748052,1.0373498760949604
49.635350955270106,6.480646793072518,0.23458351740458028,1.0375570190456476
49.44350343303376,6.482079683587784,0.23601640791984657,1.0377864260260168
49.251655910797425,6.483773810095419,0.2377105344274817,1.038057657109159
49.05980838856109,6.485013699732824,0.2389504240648863,1.0382561644861552
48.86302058678217,6.4859221734732815,0.23985889780534375,1.0384016118984472
48.670349684622074,6.487284232099236,0.24122095643129793,1.0386196786335793
48.670349684622074,6.488641742461831,0.24257846679389328,1.0388370171879107
48.47850216238573,6.489207100305341,0.24314382463740358,1.0389275314556274
48.28665464014939,6.490024597614503,0.24396132194656506,1.0390584134645156
48.09480711791306,6.490871333759541,0.24480805809160344,1.0391939766356952
47.902136215752954,6.491628395209922,0.24556511954198434,1.039315182812605
47.71111207344037,6.492083931583968,0.2460206559160305,1.0393881145704087
47.51926455120403,6.492204801068702,0.2461415254007644,1.0394074658768875
47.32659364904393,6.491981257385496,0.2459179817175583,1.0393716763446108
47.13474612680759,6.492479032099236,0.24641575643129787,1.0394513704962343
47.13474612680759,6.494139367041984,0.2480760913740463,1.0397171915213295
46.94289860457124,6.495244740171755,0.24918146450381684,1.0398941626919669
46.750227702411145,6.495854937595419,0.24979166192748092,1.039991855814296
46.55920356009857,6.496407950152671,0.2503446744847331,1.0400803935912677
46.36735603786222,6.4970382921183205,0.2509750164503828,1.0401813118717635
46.175508515625886,6.497771308282442,0.2517080326145047,1.0402986683780573
45.98283761346578,6.498131967480915,0.2520686918129771,1.0403564102200071
45.79099009122944,6.498809098282442,0.2527458226145045,1.0404648194326012
45.5991425689931,6.4997955511832055,0.2537322755152678,1.040622751374246
45.407295046756765,6.5001822049236635,0.25411892925572577,1.0406846549642985
45.407295046756765,6.500594853206106,0.25453157753816846,1.040750720302453
45.21544752452042,6.500861934732824,0.2547986590648863,1.0407934802802072
45.02277662236032,6.501106924694655,0.2550436490267174,1.040832703379785
44.83175248004774,6.501753512690839,0.2556902370229013,1.0409362226634757
44.63908157788764,6.502491726870228,0.2564284512022903,1.041054411376399
44.44805743557506,6.503135715858777,0.2570724401908393,1.0411575145567749
44.255386533414956,6.5035555114122126,0.2574922357442748,1.0412247241790453
44.06353901117861,6.5040201443129755,0.25795686864503775,1.0412991122984505
43.871691488942275,6.504326217652671,0.2582629419847331,1.041348114898358
43.871691488942275,6.50507223332061,0.2590089576526724,1.0414675526361803
43.67902058678217,6.506238040076335,0.26017476440839715,1.0416541992813184
43.487996444469594,6.5063075724618304,0.2602442967938927,1.041665331474898
43.2953255423095,6.505736366851144,0.25967309118320614,1.0415738809747228
43.10430139999691,6.505213247347329,0.259149971679391,1.041490129100826
42.91245387776057,6.504933166316793,0.2588698906488549,1.0414452878915434
42.719782975600474,6.505121618931296,0.25905834326335864,1.0414754593141158
42.52793545336413,6.505564158034351,0.2595008823664129,1.0415463101978681
42.33608793112779,6.505889728396945,0.2598264527290075,1.0415984342875908
42.33608793112779,6.506165908683204,0.2601026330152667,1.0416426509844239
42.14341702896769,6.5063530617938925,0.26028978612595477,1.041672614355339
41.95156950673135,6.506197750992365,0.2601344753244277,1.0416477489649847
41.76054536441877,6.505701925534351,0.25963864986641294,1.0415683668908473
41.567874462258665,6.505328269064885,0.25926499339694686,1.0415085441748462
41.37602694002233,6.505757810896945,0.25969453522900743,1.041577314184547
41.18417941778599,6.50567788024809,0.2596146045801522,1.041564517220231
40.99233189554965,6.505106674637403,0.2590433989694656,1.0414730667200556
40.8004843733133,6.504541964312976,0.2584786886450381,1.0413826561206903
40.60863685107696,6.5040266440648855,0.2579633683969478,1.041300152914215
40.60863685107696,6.5036815789122135,0.2576183032442758,1.0412449076921537
40.41678932884062,6.50352042034351,0.25745714467557246,1.041219106069341
40.224941806604285,6.503360561278623,0.25729728561068566,1.0411935124981857
40.03227090444418,6.503157811889312,0.25709453622137435,1.041161052149905
39.840423382207845,6.503049287690839,0.2569860120229013,1.0411436773341718
39.64281220050517,6.506733215782441,0.2606699401145036,1.041733477329627
39.45178805819259,6.506447289217556,0.2603840135496185,1.0416877002453635
39.259940535956254,6.503848587480914,0.2577853118129765,1.0412716459049016
39.06726963379615,6.501520870248091,0.25545759458015294,1.0408989764121201
39.06726963379615,6.500004800324428,0.25394152465649,1.0406562523382914
38.875422111559814,6.4990521389885485,0.25298886332061077,1.040503730454693
38.68357458932348,6.498475083377861,0.25241180770992333,1.040411343364582
38.491727067087126,6.497771308282442,0.2517080326145047,1.0402986683780573
38.29987954485079,6.497414547595419,0.2513512719274811,1.0402415506910794
38.107208642690686,6.496976556755723,0.25091328108778566,1.040171427988128
37.91536112045435,6.49624419034351,0.250180914675572,1.040054175507663
37.723513598218005,6.49528438173664,0.24922110606870262,1.0399005093399492
37.53166607598167,6.494290779332061,0.24822750366412283,1.0397414327567116
37.53166607598167,6.493368011049618,0.24730473538168063,1.039593696776188
37.338995173821566,6.492384157156488,0.24632088148855047,1.0394361809378578
37.14797103150898,6.491493878702289,0.24543060303435116,1.0392936466062466
36.95612350927264,6.490539917862593,0.24447664219465537,1.0391409166709908
36.76345260711254,6.48937215961832,0.24330888395038208,1.0389539575908897
36.571605084876204,6.488177759312977,0.2421144836450395,1.0387627330943343
36.380580942563626,6.487238093015267,0.24117481734732937,1.0386122917273102
36.188733420327274,6.486281533167937,0.2402182574999996,1.0384591456887395
35.99606251816718,6.48560050385496,0.2395372281870225,1.0383501123211736
35.99606251816718,6.484547767328242,0.23848449166030417,1.0381815683150923
35.804214995930835,6.4832584898473264,0.2371952141793887,1.0379751539026834
35.6123674736945,6.482073186068702,0.2360099104007647,1.0377853857677302
35.42051995145816,6.480952866412212,0.23488959074427385,1.037606021645555
35.22784904929806,6.479253541889313,0.23319026622137518,1.0373339583557835
35.03600152706172,6.476867987805344,0.23080471213740594,1.0369520291343388
34.844977384749136,6.476303929465646,0.23024065379770864,1.0368617229182788
34.65230648258903,6.476259089885495,0.23019581421755753,1.0368545440636672
34.460458960352696,6.475890631431296,0.22982735576335855,1.0367955535542956
34.26861143811635,6.474776811526717,0.22871353585877952,1.036617230047885
34.26861143811635,6.473786457881678,0.22772318221374022,1.0364586735937906
34.076763915880015,6.472963764790076,0.226900489122138,1.0363269597357503
33.88409301371991,6.471309927366412,0.22524665169847413,1.0360621789689421
33.692245491483575,6.469630097633587,0.22356682196564925,1.0357932368115086
33.50122134917099,6.468243346202288,0.22218007053435063,1.0355712167374083
33.30855044701089,6.4668033061832055,0.2207400305152678,1.0353406651154462
33.11670292477455,6.465096832156489,0.21903355648855083,1.0350674571840817
32.92485540253821,6.4635918080152654,0.21752853234732772,1.0348265015493405
32.73300788030187,6.462294083759541,0.2162308080916029,1.0346187348011584
32.73300788030187,6.460933974389312,0.21487069872137443,1.0344009801435123
32.541160358065525,6.459893583148854,0.21383030748091603,1.0342344126281766
32.34931283582919,6.458838897366412,0.21277562169847464,1.0340655565446095
32.157465313592844,6.4575502696374025,0.2114869939694648,1.033859246158029
31.965617791356507,6.456204457041983,0.2101411813740457,1.0336437804260914
31.772946889196408,6.454817703377861,0.20875442770992336,1.0334217599945144
31.581099366960068,6.4532074060305336,0.20714413036259582,1.0331639500306606
31.38925184472373,6.451876539961831,0.20581326429389346,1.0329508772502605
31.19740432248738,6.450727626755725,0.20466435108778747,1.0327669352766684
31.19740432248738,6.44932007879771,0.20325680312977212,1.0325415856610958
31.005556800251043,6.447633101793893,0.2015698261259553,1.0322714992195463
30.813709278014702,6.446537474942747,0.20047419927480892,1.0320960884363393
30.616098096312037,6.4459012852099224,0.19983800954198472,1.031994233923385
30.423427194151937,6.446935176698472,0.20087190103053398,1.0321597608229567
30.231579671915597,6.4457589694465645,0.19969569377862673,1.031971449049605
30.03973214967925,6.442557219790075,0.19649394412213717,1.031458846228407
29.84870800736667,6.439918231202289,0.19385495553435117,1.0310363419290882
29.656037105206572,6.437994063492366,0.19193078782442807,1.0307282810553826
29.46418958297023,6.436361670114503,0.1902983944465655,1.0304669334983987
29.46418958297023,6.434815057385495,0.18875178171755724,1.0302193194956664
29.272342060733894,6.433324330019084,0.18726105435114615,1.029980652786634
29.080494538497543,6.432302786049617,0.18623951038167963,1.0298171027352847
28.887823636337444,6.430933577919847,0.18487030225190892,1.0295978913585597
28.695976114101104,6.429455847824426,0.18339257215648797,1.0293613055235782
28.50495197178853,6.428252348759542,0.18218907309160404,1.029168624307944
28.312281069628426,6.4269669720229,0.18090369635496195,1.0289628344079842
28.12043354739209,6.425620507442747,0.1795572317748091,1.0287472642927409
27.927762645231986,6.424277293854962,0.17821401818702398,1.0285322146641185
27.927762645231986,6.422775518473282,0.17671224280534403,1.0282917791585207
27.7367385029194,6.421023557347326,0.1749602816793887,1.0280112887041926
27.54489098068306,6.4192339061450365,0.1731706304770988,1.0277247640368454
27.35222007852296,6.417821807690839,0.17175853202290092,1.0274986858829946
27.161195936210383,6.416574121030534,0.1705108453625961,1.027298930196054
26.969348413974046,6.415175671832061,0.169112396164123,1.0270750372995603
26.776677511813944,6.413325584770991,0.1672623091030534,1.026778836800235
26.584829989577596,6.411538530343511,0.1654752546755729,1.0264927278787257
26.38721880787493,6.409332982099236,0.163269706431298,1.0261396177440802
26.38721880787493,6.407490042309159,0.16142676664122124,1.025844561528871
26.196194665562352,6.405911587270991,0.1598483116030529,1.0255918495455778
26.003523763402253,6.4043474290076325,0.1582841533396948,1.0253414264879934
25.811676241165912,6.40276312620229,0.15669985053435198,1.0250877782722423
25.619828718929565,6.400577072748091,0.15451379708015356,1.024737789269935
25.427157816769462,6.398624311488549,0.15256103582061087,1.024425150544812
25.23037001499056,6.396943832003816,0.1508805563358786,1.02415610436155
25.038522492754222,6.395407615305343,0.14934433963740545,1.0239101547720768
24.84667497051788,6.394127436583967,0.14806416091602959,1.0237051970787465
24.84667497051788,6.392441109332059,0.14637783366412105,1.023435214663026
24.654004068357782,6.390629362099236,0.14456608643129787,1.0231451524025488
24.46215654612143,6.388855954694654,0.14279267902671666,1.022861228380919
24.270309023885094,6.386881099637404,0.14081782396946618,1.0225450524201434
24.078461501648757,6.384775626583969,0.1387123509160313,1.0222079644079811
23.886613979412417,6.382521989999999,0.13645871433206125,1.0218471552895803
23.69476645717608,6.375016366316793,0.12895309064885563,1.0206454986056903
23.502095555015977,6.372756232213739,0.12669295654580104,1.0202836492290022
23.31024803277963,6.373497697385495,0.12743442171755692,1.0204023584285462
23.31024803277963,6.373742685114502,0.1276794094465643,1.020441581170647
23.11840051054329,6.373229963874045,0.1271666882061071,1.0203594940674865
22.927376368230714,6.372123940992366,0.12606066532442828,1.0201824188710205
22.73470546607061,6.37091589366412,0.12485261799618197,1.0199890094745847
22.542857943834274,6.369542137270991,0.12347886160305332,1.019769069917059
22.351010421597934,6.367874652824427,0.12181137715648926,1.019502104250371
22.159162899361586,6.365875104961831,0.11981182929389345,1.019181974950627
21.966491997201484,6.364238813072518,0.11817553740458031,1.018920003238671
21.77546785488891,6.362451760877862,0.1163884852099244,1.0186338946746385
21.582796952728806,6.360942838225189,0.11487956255725162,1.0183923148849252
21.582796952728806,6.359300698568703,0.11323742290076488,1.018129406940511
21.390126050568707,6.357618919580153,0.11155564391221517,1.0178601527055913
21.19910190825613,6.356068408339694,0.11000513267175638,1.0176119145478866
21.00725438601978,6.354557534198472,0.10849425853053418,1.01737002232321
20.81540686378344,6.353035616507633,0.10697234083969498,1.0171263620169226
20.623559341547104,6.351525394351143,0.10546211868320565,1.016884574175552
20.431711819310763,6.3502426143893125,0.10417933872137475,1.0166792000214302
20.239864297074426,6.348989727480916,0.10292645181297821,1.016478611770383
20.048016774838086,6.347541240687022,0.10147796501908424,1.0162467078126474
20.048016774838086,6.3457704345229,0.09970715885496251,1.0159632002518098
19.856169252601738,6.344089952805343,0.09802667713740565,1.0156941537110706
19.663498350441635,6.342752589217556,0.09668931354961785,1.015480040672383
19.4716508282053,6.341430819675572,0.09536754400763403,1.0152684242535848
19.279803305968958,6.339609323931297,0.09354604826335944,1.0149768012482
19.08795578373262,6.337909349656487,0.09184607398854894,1.0147046339325994
18.89528488157252,6.3365817323473275,0.09051845667938974,1.0144920812813427
18.698497079793604,6.3353223479198455,0.08925907225190777,1.0142904527720082
18.505826177633505,6.334232568835877,0.08816929316793942,1.0141159782212599
18.505826177633505,6.333186981812976,0.0871237061450385,1.0139485788567715
18.314802035320927,6.33192954664122,0.08586627097328225,1.013747262424923
18.12295451308459,6.330189281049617,0.08412600538167947,1.0134686444355119
17.93110699084825,6.328562737671754,0.08249946200381597,1.0132082334684631
17.739259468611912,6.327162339217555,0.08109906354961716,1.012984028494483
17.5465885664518,6.32607126062977,0.08000798496183226,1.0128093458920773
17.354741044215462,6.324897004866412,0.07883372919847442,1.0126213465536889
17.16289352197912,6.323502454179388,0.0774391785114501,1.012398077812167
16.971045999742785,6.321900603606869,0.07583732793893105,1.0121416201840865
16.971045999742785,6.320271461221373,0.07420818555343534,1.0118807931137233
16.779198477506444,6.3186949554389304,0.07263167977099272,1.0116283932079164
16.587350955270107,6.317151593702289,0.07108831803435134,1.0113812996918046
16.395503433033756,6.315642021297709,0.06957874562977118,1.0111396158762627
16.202832530873657,6.314472313797709,0.06840903812977128,1.010952344718675
16.010985008637316,6.312897107519084,0.06683383185114611,1.0107001528645256
15.81913748640098,6.311178285973281,0.06511501030534284,1.0104249680849382
15.62728996416464,6.309612828206106,0.06354955253816819,1.0101743369756966
15.435442441928302,6.308198132977099,0.06213485730916091,1.009947843076008
15.242771539768201,6.307145396450381,0.06108212078244346,1.0097792990699268
15.242771539768201,6.306383786736641,0.06032051106870284,1.0096573647122158
15.050924017531852,6.305491559026717,0.05942828335877959,1.0095145183031187
14.859899875219275,6.3042022815458,0.05813900587786236,1.0093081038907095
14.667228973059174,6.30265696832061,0.056593692652672445,1.0090606979396346
14.475381450822836,6.301223428053435,0.055160152385496986,1.0088311869334365
14.283533928586497,6.300350045381678,0.054286769713740135,1.0086913576308487
14.091686406350158,6.299683312843511,0.05362003717557329,1.0085846131889913
13.899015504190057,6.298853470248091,0.05279019458015366,1.008451754689358
13.707167981953708,6.298130850114503,0.05206757444656507,1.0083360625963234
13.707167981953708,6.296964393606869,0.05090111793893115,1.0081493119253564
13.516143839641131,6.295912306832061,0.04984903116412287,1.007980871945104
13.32347293748103,6.2945736415076325,0.04851036583969481,1.0077665504972821
13.131625415244692,6.293264867003816,0.04720159133587831,1.007557014595058
12.93895451308459,6.292024977366411,0.04596170169847369,1.007358507218062
12.747106990848252,6.2907681919465634,0.04470491627862572,1.0071572948120422
12.556082848535665,6.28946396793893,0.043400692270992636,1.006948487448096
12.364235326299326,6.288262420362595,0.04219914469465724,1.006756118667425
12.171564424139225,6.286949747347327,0.0408864716793893,1.0065459586102283
12.171564424139225,6.2856624191221355,0.039599143454197794,1.0063398562753054
11.980540281826649,6.284707158778625,0.03864388311068723,1.0061869182883927
11.78869275959031,6.283694711335878,0.03763143566794014,1.0060248245986454
11.596021857430209,6.282896711049617,0.036833435381678825,1.0058970640795726
11.40417433519386,6.281912857156489,0.03584958148855133,1.0057395482412428
11.21232681295752,6.280858821125952,0.034795545458014665,1.0055707961835039
11.020479290721182,6.27988601524809,0.03382273958015247,1.0054150491417388
10.828631768484843,6.278724104770991,0.03266082910305368,1.0052290262940957
10.631020586782178,6.277350348377861,0.03128707270992326,1.0050090867365697
10.439173064545828,6.276000637270992,0.02993736160305449,1.00479299684966
10.439173064545828,6.274884216125955,0.028820940458016864,1.0046142568824576
10.24732554230949,6.273709310610686,0.027646034942748088,1.0044261535182402
10.055478020073151,6.272512958816792,0.02644968314885432,1.0042346165867213
9.86280711791305,6.271458922786258,0.02539564711832032,1.0040658645289828
9.665195936210385,6.270471170381678,0.024407894713740497,1.0039077245356804
9.4741717938978,6.269617934484731,0.023554658816792973,1.0037711207487365
9.281500891737698,6.268672420419847,0.022609144751909227,1.0036197431492546
9.08965336950136,6.267816583282442,0.021753307614504003,1.0034827229015189
8.89780584726502,6.267182342805342,0.021119067137404635,1.0033811804660506
8.89780584726502,6.266477920190839,0.020414644522901426,1.0032684018111742
8.705958325028682,6.26559739024809,0.01953411458015264,1.0031274282244704
8.514110802792343,6.2649956395992366,0.018932363931298823,1.003031087437915
8.322263280555994,6.2644036374618315,0.018340361793893756,1.0029363073962667
8.123828718929566,6.263532856030533,0.017469580362595494,1.0027968945544707
7.93280457661699,6.262788791851143,0.016725516183205613,1.0026777692516118
7.740957054380651,6.26199339057252,0.01593011490458185,1.0025504248358545
7.549109532144312,6.261061523530534,0.014998247862596514,1.0024012321362519
7.357262009907963,6.259895716774809,0.013832441106870874,1.0022145854911135
7.357262009907963,6.25892745692748,0.012864181259542029,1.0020595662726721
7.164591107747862,6.258717560267174,0.01265428459923612,1.0020259616402754
6.972743585511523,6.25857914524809,0.012515869580152383,1.0020038012789445
6.780072683351422,6.2584803695610685,0.012417093893130726,1.0019879872081192
6.5882251611150835,6.257829233301526,0.011765957633588009,1.0018837397436275
6.397201018802507,6.256938954847327,0.010875679179389586,1.0017412054120163
6.204530116642406,6.2561987914122135,0.010135515744275736,1.0016227046216069
6.013505974329819,6.255962900209922,0.009899624541984231,1.0015849382411077
5.82165845209348,6.255845279484732,0.009782003816794393,1.0015661070637727
5.82165845209348,6.255123309103053,0.009060033435114967,1.0014505189965668
5.6298109298571415,6.254270073206107,0.00820679753816922,1.0013139152096233
5.4371400276970405,6.2540341820038154,0.007970906335877714,1.001276148829124
5.245292505460702,6.254042631011449,0.007979355343511685,1.0012775015223743
5.053444983224363,6.253659226030533,0.007595950362595083,1.0012161180614654
4.861597460988014,6.253058777118319,0.006995501450381525,1.001119985684044
4.668926558827913,6.2524121868893126,0.00634891122137482,1.0010164660428766
4.477079036591574,6.251761700381678,0.00569842471374038,1.0009123226042136
4.285231514355235,6.251129409160305,0.005066133492367619,1.0008110922462319
4.285231514355235,6.2508818201908385,0.004818544522900758,1.0007714530433387
4.093383992118897,6.250535457767176,0.0044721820992386085,1.0007160001270976
3.895772810416231,6.25015790278626,0.004094627118321981,1.0006555532561243
3.703925288179882,6.249755652767175,0.0036923770992371985,1.0005911526887057
3.5120777659435434,6.2494385314122125,0.0033752557442747744,1.000540381292233
3.3202302437072047,6.249160401870228,0.003097126202289857,1.000495852517914
3.128382721470866,6.249209139961831,0.003145864293893297,1.0005036555274982
2.936535199234527,6.249244880782441,0.00318160511450305,1.000509377663031
2.7446876769981885,6.248901764885495,0.0028384892175576937,1.0004544445184562
2.7446876769981885,6.248317562003816,0.0022542863358783194,1.0003609131442297
2.5528401547618396,6.247631334675572,0.001568059007634126,1.000251047570034
2.360992632525501,6.247327210591601,0.0012639349236636122,1.0002023570476122
2.162558070899073,6.247075723110686,0.0010124474427479768,1.0001620936897473
1.9715339285864966,6.24685217942748,0.0007889037595418813,1.0001263041574706
1.7796864063501578,6.246794342576336,0.0007310669083979704,1.0001170444288079
1.5870155041900462,6.246913262805342,0.0008499871374043622,1.0001360836578002
1.3951679819537075,6.246974348416031,0.0009110727480932113,1.000145863515607
1.203320459717369,6.247075073358778,0.001011797690840588,1.0001619896639187
1.0114729374810303,6.246989294942749,0.0009260192748108409,1.0001482564671444
1.0114729374810303,6.246794342576336,0.0007310669083979704,1.0001170444288079
0.818802035320929,6.24650841601145,0.00044514034351195164,1.0000712673445442
0.6277778930083527,6.246263426049618,0.00020015038167997545,1.0000320442449662
0.4359303707720037,6.246379097519083,0.00031582185114498174,1.0000505633448151
0.23831918906933822,6.2464700739503805,0.00040679828244272187,1.0000651287482192
0.045648286909237064,6.246063275667938,0.0,1.0
-0.14619923532710163,6.24585013024809,-0.00021314541984729374,0.9999658752384598
-0.3372233776396779,6.245875472805343,-0.00018780286259456602,0.9999699326032565
-0.5298942797997791,6.245978147003815,-8.512866412235809e-05,0.9999863708290542
-0.5298942797997791,6.246112663511449,4.938784351082859e-05,1.0000079070354126
-0.7225651819598802,6.246222487213739,0.000159211545801341,1.0000254899028036
-0.9135893242724669,6.246419386603053,0.0003561109351153391,1.0000570136611493
-1.1054368465088056,6.2464128890839685,0.00034961341603079177,1.000055973402862
-1.2981077486689068,6.2459787967557245,-8.447891221319281e-05,0.999986474854883
-1.4948955504478096,6.245894967595419,-0.0001683080725189967,0.9999730537355946
-1.6867430726841588,6.24633035942748,0.00026708375954243024,1.000042760335231
-1.8785905949204975,6.247127709961832,0.0010644342938945783,1.000170416828475
-2.0704381171568365,6.2472596274618315,0.0011963517938937684,1.0001915369315189
-2.0704381171568365,6.246961351145037,0.0008980754770995247,1.0001437826415558
-2.2631090193169374,6.2471095146755715,0.0010462390076337869,1.0001675037477942
-2.454956541553276,6.247500716679389,0.0014374410114514902,1.0002301355186476
-2.646804063789615,6.247734658625953,0.0016713829580154993,1.0002675898216604
-2.838651586025964,6.247665126240458,0.0016018505725199361,1.0002564576280808
-3.0304991082623025,6.247512414446564,0.001449138778625958,1.0002320083410412
-3.2223466304986412,6.247646930954199,0.001583655286260921,1.0002535445474
-3.4150175326587426,6.248217486812977,0.00215421114503922,1.0003448910217467
-3.6060416749713187,6.2488894195992355,0.0028261439312977643,1.0004524680277107
-3.6060416749713187,6.24954575610687,0.0034824804389321784,1.0005575480563091
-3.7978891972076574,6.2498518294465635,0.0037885537786257473,1.0006065506562165
-3.989736719443996,6.250124760973281,0.0040614853053435596,1.0006502472239058
-4.1824076216040975,6.250860376145037,0.00479710047709947,1.0007680198335145
-4.374255143840436,6.251800689961831,0.005737414293893295,1.00091856486889
-4.566102666076775,6.252364100782443,0.0063008251145051375,1.0010087674165984
-4.758773568236896,6.25253695711832,0.006473681450382074,1.0010364418618045
-4.949797710549473,6.2529911939885485,0.006927918320610793,1.0011091655679505
-5.142468612709574,6.253509113244275,0.007445837576336878,1.001192084877741
-5.142468612709574,6.253908764255724,0.007845488587785887,1.0012560693418442
-5.33349275502215,6.253839231870228,0.007775956202290324,1.0012449371482646
-5.526163657182251,6.254173246774808,0.008109971106870617,1.0012984132162837
-5.71801117941859,6.254705465038167,0.00864218937022887,1.0013836218092595
-5.909858701654929,6.255378695095419,0.009315419427481153,1.001491406509404
-6.101706223891267,6.256288468339694,0.010225192671756034,1.0016370619733534
-6.294377126051369,6.256980545667939,0.01091727000000109,1.0017478641374848
-6.485401268363945,6.257432181297708,0.011368905629770332,1.0018201713828387
-6.6772487906002835,6.257781144961832,0.011717869293894623,1.0018760407598724
-6.6772487906002835,6.258455676755724,0.012392401087786276,1.001984033869151
-6.875683352226722,6.25932320942748,0.013259933759542264,1.0021229265818035
-7.067530874463061,6.259758599026716,0.01369532335877821,1.0021926328239628
-7.258555016775637,6.260129656488549,0.01406638082061118,1.0022520394366494
-7.451225918935738,6.260470171145037,0.014406895477098836,1.0023065561204323
-7.643073441172077,6.260663824007633,0.014600548339695152,1.0023375601071114
-7.834920963408416,6.260943253053435,0.014879977385497511,1.002382296933088
-8.026768485644753,6.261904363396945,0.015841087729007164,1.0025361715099361
-8.218616007881113,6.26337624572519,0.017312970057251853,1.002771821112459
-8.410463530117452,6.264498514637403,0.018435238969464862,1.0029514973121199
-8.410463530117452,6.26537579582061,0.019312520152672263,1.00309195076968
-8.602311052353791,6.26640773582061,0.020344460152672106,1.0032571652342885
-8.794981954513892,6.267394190954199,0.021330915286260854,1.0034150975334106
-8.986006096826468,6.268242228835877,0.022178953167939497,1.0035508691137247
-9.17867699898657,6.268948600706106,0.022885325038168425,1.0036639598460875
-9.370524521222908,6.2696276807633575,0.023564405095419794,1.0037726811361674
-9.562372043459247,6.27032690759542,0.024263631927482265,1.0038846279418916
-9.754219565695585,6.2709955893893135,0.02493231372137572,1.0039916844612353
-9.951830747398262,6.2717312045610685,0.025667928893130743,1.0041094570708438
-9.951830747398262,6.272595488473281,0.02653221280534357,1.0042478296543524
-10.144501649558363,6.273486416679388,0.02742314101145027,1.0043904680117923
-10.336349171794701,6.274431278759541,0.028368003091602922,1.004541741227969
-10.52819669403104,6.275646475591603,0.02958319992366487,1.0047362952659973
-10.719220836343617,6.2765497490839675,0.030486473416029725,1.0048809101141822
-10.911068358579955,6.277510859427481,0.03144758375954293,1.0050347846910308
-11.103739260740056,6.278624681564886,0.03256140589694834,1.0052131085549187
-11.295586782976395,6.279551348358779,0.033488072690841086,1.0053614686904144
-11.487434305212734,6.280487113912213,0.034423838244275196,1.005511285544989
-11.487434305212734,6.281336451297709,0.03527317562977128,1.0056472651769606
-11.679281827449094,6.282273518587785,0.036210242919847424,1.0057972904406696
-11.871129349685432,6.283495212938931,0.03743193727099303,1.005992884736985
-12.034158574590126,6.284970344026716,0.03890706835877822,1.0062290544686514
-12.034158574590126,6.286190738874045,0.04012746320610727,1.0064244407133094
-12.034158574590126,6.2867593454770985,0.04069606980916074,1.00651547511017
-12.034158574590126,6.286997835687022,0.040934560019084465,1.0065536575939837
-12.034158574590126,6.287215531603052,0.04115225593511429,1.006588510893802
-12.034158574590126,6.287138199961832,0.04107492429389392,1.0065761300328009
-12.034158574590126,6.286537751049617,0.040474475381679476,1.0064799976553793
-12.034158574590126,6.286153046564884,0.04008977089694632,1.0064184061428132
-12.034158574590126,6.2860893641793885,0.04002608851145073,1.0064082105391687
-12.034158574590126,6.286045174351145,0.03998189868320701,1.0064011357103857
-12.034158574590126,6.286176442099236,0.04011316643129792,1.0064221517876006
-12.034158574590126,6.286218680438931,0.04015540477099311,1.0064289141814209
-12.034158574590126,6.286072468396945,0.04000919272900738,1.0064055055101453
-12.034158574590126,6.285737151755725,0.03967387608778683,1.006351821032992
-12.034158574590126,6.285426530152671,0.039363254484733545,1.0063020902522837
-12.034158574590126,6.285496712290074,0.0394334366221365,1.006313326471692
-12.034158574590126,6.285737801507633,0.03967452583969511,1.0063519250588207
-12.034158574590126,6.285853472977099,0.039790197309161,1.0063704441586698
-12.034158574590126,6.28617839135496,0.04011511568702186,1.0064224638650867
-12.034158574590126,6.286321354637404,0.040258078969466204,1.0064453524072186
-12.034158574590126,6.286427927347327,0.04036465167938896,1.0064624147879886
-12.034158574590126,6.286598186908395,0.04053491124045738,1.0064896734873572
-12.034158574590126,6.286290162080152,0.04022688641221439,1.0064403584524866
-12.034158574590126,6.285999685019083,0.03993640935114495,1.006393852829945
-12.034158574590126,6.285878165782441,0.039814890114503676,1.0063743974976376
-12.034158574590126,6.2859554974236636,0.03989222175572582,1.006386778358639
-12.034158574590126,6.285681916145037,0.03961864047709884,1.0063429777651207
-12.034158574590126,6.285476565515266,0.03941328984732806,1.006310100956048
-12.034158574590126,6.285887264541984,0.039823988874045924,1.0063758542167165
-12.034158574590126,6.286473416679389,0.04041014101145102,1.0064696976684293
-12.034158574590126,6.2866755163167936,0.040612240648855824,1.0065020539908816
-12.034158574590126,6.286703460114502,0.040640184446564476,1.00650652781647
-12.034158574590126,6.286662519045802,0.040599243377863914,1.0064999731168305
-12.034158574590126,6.286430528587786,0.04036725291984844,1.0064628312487807
-12.034158574590126,6.285967192958015,0.03990391729007747,1.0063886508235558
-12.034158574590126,6.285446024942749,0.03938274927481089,1.006305211384622
-12.034158574590126,6.285044424675571,0.0389811490076335,1.006240914843032
-12.034158574590126,6.2846974125,0.03863413683206218,1.006185357900962
-12.034158574590126,6.284210033816793,0.03814675814885504,1.0061073281625978
-12.034158574590126,6.283913057003815,0.03784978133587735,1.006059781924292
-12.034158574590126,6.283418531049617,0.037355255381679164,1.0059806079018123
-12.034158574590126,6.28293310385496,0.036869828187022335,1.0059028905984113
-12.034158574590126,6.282567894160305,0.03650461849236741,1.0058444202181835
-12.034158574590126,6.282080515477098,0.03601723980916027,1.0057663904798193
-12.034158574590126,6.28140403442748,0.03534075875954201,1.0056580852930541
-12.034158574590126,6.280764595935113,0.03470132026717554,1.0055557106509563
-12.034158574590126,6.280340252118319,0.03427697645038119,1.0054877728478848
-12.034158574590126,6.280218730648854,0.03415545498091621,1.0054683171581005
-12.034158574590126,6.280290214522901,0.034226938854962974,1.0054797617866436
-12.034158574590126,6.280024430267174,0.03396115459923621,1.0054372095030697
-12.034158574590126,6.279962045152671,0.03389876948473347,1.0054272215936058
-12.034158574590126,6.279954248129769,0.03389097246183148,1.0054259732836612
-12.034158574590126,6.279854172938931,0.03379089727099327,1.0054099511611783
-12.034158574590126,6.279873667729007,0.03381039206106884,1.0054130722935164
-12.034158574590126,6.279694963625953,0.03363168795801563,1.0053844616158518
-12.034158574590126,6.279307010381679,0.03324373471374109,1.0053223499741422
-12.034158574590126,6.279179641145037,0.03311636547709895,1.0053019580518991
-12.034158574590126,6.2791062102480915,0.03304293458015373,1.0052902017033474
-12.034158574590126,6.2786877141984725,0.03262443853053476,1.0052232001327341
-12.034158574590126,6.2783751433396935,0.032311867671755756,1.0051731572745395
-12.034158574590126,6.278338752767175,0.03227547709923684,1.005167331113178
-12.034158574590126,6.278303661698474,0.03224038603053625,1.005161713003474
-12.034158574590126,6.278303011946564,0.032239736278626197,1.005161608977645
-12.034158574590126,6.278186040973282,0.032122765305344636,1.0051428818261385
-12.034158574590126,6.277997588358779,0.031934312690840905,1.0051127104035662
-12.034158574590126,6.277536851736641,0.031473576068703046,1.005038946081656
-12.034158574590126,6.276989689179389,0.030926413511450868,1.00495134489462
-12.034158574590126,6.276892862748091,0.030829587080153154,1.0049358429012802
-12.034158574590126,6.2768935125,0.03083023683206232,1.004935946927109
-12.034158574590126,6.276555599083968,0.030492323416030587,1.0048818467041178
-12.034158574590126,6.276237178225189,0.03017390255725161,1.0048308672559878
-12.034158574590126,6.275942150667938,0.029878875000000527,1.0047836330951683
-12.034158574590126,6.275489215534352,0.02942593986641384,1.004711117798157
-12.034158574590126,6.2753228567175565,0.029259581049618788,1.0046844836112374
-12.034158574590126,6.275472319751907,0.029409044083969604,1.0047084127691333
-12.034158574590126,6.275332605229007,0.029269329561069313,1.0046860443561452
-12.034158574590126,6.274899162652671,0.028835886984733605,1.0046166498339948
-12.034158574590126,6.274497562385495,0.0284342867175571,1.004552353292405
-12.034158574590126,6.27410960914122,0.02804633347328256,1.0044902416506953
-12.034158574590126,6.273783391259541,0.027720115591603367,1.0044380138926208
-12.034158574590126,6.27351760923664,0.027454333568702083,1.0043954619665243
-12.034158574590126,6.272965896183206,0.02690262051526826,1.0043071322412103
-12.034158574590126,6.272265372080152,0.026202096412213827,1.0041949777413057
-12.034158574590126,6.2717896911641215,0.02572641549618382,1.0041188208253353
-12.034158574590126,6.2715862920229,0.025523016354962458,1.0040862564512258
-12.034158574590126,6.2713549490839675,0.02529167341602978,1.0040492182515275
-12.034158574590126,6.271161948206106,0.02509867253816811,1.0040183186481544
-12.034158574590126,6.270996239141221,0.02493296347328311,1.0039917884870637
-12.034158574590126,6.270449726335877,0.024386450667939208,1.0039042913258562
-12.034158574590126,6.269777143797708,0.02371386812977061,1.0037966102940632
-12.034158574590126,6.269330056431296,0.02326678076335842,1.00372503122951
-12.034158574590126,6.268913509637404,0.02285023396946606,1.0036583417363831
-12.034158574590126,6.268701663721373,0.02263838805343532,1.0036244250265003
-12.034158574590126,6.268336454026716,0.022273178358778623,1.0035659546462723
-12.034158574590126,6.267734705610686,0.02167142994274851,1.0034696142171937
-12.034158574590126,6.2672330301526715,0.021169754484733794,1.003389295553121
-12.034158574590126,6.266956849866411,0.020893574198473708,1.003345078856288
-12.034158574590126,6.266613736202289,0.020550460534351167,1.00329014606919
-12.034158574590126,6.2660626729007625,0.019999397232824734,1.0032019203697045
-12.034158574590126,6.265672770400762,0.019609494732824473,1.0031394966505087
-12.034158574590126,6.265514860591603,0.019451584923665166,1.0031142151568397
-12.034158574590126,6.265298464179389,0.019235188511451007,1.0030795699086787
-12.034158574590126,6.264842278053435,0.018779002385497456,1.003006534125047
-12.034158574590126,6.264482918358778,0.018419642690839844,1.002949000334754
-12.034158574590126,6.26427821971374,0.01821494404580193,1.0029162279089872
-12.034158574590126,6.2641618984923655,0.018098622824427757,1.0028976047833094
-12.034158574590126,6.263864923912213,0.017801648244275547,1.0028500589024807
-12.034158574590126,6.263524409255724,0.017461133587786115,1.0027955422186976
-12.034158574590126,6.26321638442748,0.017153108759542235,1.002746227183827
-12.034158574590126,6.262838179694657,0.016774904026719106,1.002685676287025
-12.034158574590126,6.26235080101145,0.016287525343511966,1.0026076465486606
-12.034158574590126,6.261801689198472,0.015738413530534068,1.0025197332841382
-12.034158574590126,6.261576196259541,0.015512920591603141,1.0024836316743757
-12.034158574590126,6.261299363988548,0.015236088320610186,1.0024393105942369
-12.034158574590126,6.260988742385496,0.014925466717558677,1.0023895798135287
-12.034158574590126,6.26085552538168,0.014792249713742045,1.0023682516588275
-12.034158574590126,6.260434430324427,0.014371154656489082,1.0023008339848993
-12.034158574590126,6.260035431297709,0.013972155629771166,1.0022369539041016
-12.034158574590126,6.2595746969083965,0.013511421240458787,1.0021631899396686
-12.034158574590126,6.258945004694656,0.012881729026718247,1.0020623756850016
-12.034158574590126,6.258478420305343,0.012415144637405007,1.001987675130633
-12.034158574590126,6.257975445343511,0.011912169675572848,1.001907148414903
-12.034158574590126,6.257471173110686,0.011407897442747839,1.0018264140049922
-12.034158574590126,6.2571209099427465,0.01105763427480877,1.0017703365763015
-12.034158574590126,6.256918810305343,0.010855534637404851,1.0017379802538493
-12.034158574590126,6.256734905954197,0.01067163028625906,1.001708537012078
-12.034158574590126,6.256613386717556,0.010550111049618671,1.0016890816797706
-12.034158574590126,6.256303414866411,0.010240139198473663,1.0016394549248908
-12.034158574590126,6.255947303931297,0.009884028263359212,1.0015824412637417
-12.034158574590126,6.255736755286258,0.009673479618320435,1.0015487322480392
-12.034158574590126,6.255397540133587,0.009334264465649333,1.0014944236159138
-12.034158574590126,6.25489001914122,0.00882674347328205,1.0014131690768595
-12.034158574590126,6.254619036870229,0.008555761202290846,1.0013697845866565
-12.034158574590126,6.254188193301526,0.008124917633588247,1.0013008061678208
-12.034158574590126,6.253358350706105,0.007295075038166843,1.0011679476681874
-12.034158574590126,6.252842380706107,0.006779105038169142,1.0010853404358835
-12.034158574590126,6.252235432041984,0.006172156374046445,1.000988167442698
-12.034158574590126,6.251730507824427,0.0056672321564894546,1.0009073286494818
-12.034158574590126,6.25127757269084,0.0052142970229018815,1.0008348133524703
-12.034158574590126,6.251077422309159,0.005014146641221018,1.0008027691075039
-12.034158574590126,6.250865574160304,0.004802298492366575,1.000768852040144
-12.034158574590126,6.250390542996183,0.004327267328244844,1.0006927991500025
-12.034158574590126,6.250048079083969,0.003984803416031468,1.0006379703887334
-12.034158574590126,6.2494229351335875,0.003359659465649756,1.0005378843148671
-12.034158574590126,6.248818587709923,0.002755312041985647,1.0004411277824736
-12.034158574590126,6.248105716087786,0.002042440419848468,1.0003269964343469
-12.034158574590126,6.247378547690838,0.0013152720229001602,1.0002105761605111
-12.034158574590126,6.246581846908397,0.0005185712404589538,1.0000830236930962
-12.034158574590126,6.246191294656487,0.00012801898854952753,1.0000204959480716
-12.034158574590126,6.24615425433206,9.097866412233202e-05,1.0000145657608812
-12.034158574590126,6.245757852080151,-0.00030542358778706813,0.999951101425921
-12.034158574590126,6.245601241774808,-0.0004620338931298207,0.9999260279839095
-12.034158574590126,6.2455291103816775,-0.0005341652862602686,0.9999144796870149
-12.034158574590126,6.245092419045801,-0.0009708566221364734,0.9998445650357212
-12.034158574590126,6.244820137270991,-0.0012431383969468968,0.9998009724938604
-12.034158574590126,6.244523812442747,-0.0015394632251908291,0.9997535306388605
-12.034158574590126,6.244015637232823,-0.002047638435114685,0.9996721713590236
