Angle (degree),rho (mOhm cm),Delta rho (mOhm cm),rho/rho(theta=0)
99.71416469777634,6.802731569370228,-0.14816488362595326,0.9786840611670906
99.71416469777634,6.802749764656487,-0.14814668833969424,0.9786866788562452
99.71416469777634,6.8029011769465635,-0.1479952760496177,0.9787084619875435
99.71416469777634,6.802892078187022,-0.14800437480915907,0.9787071529823521
99.71416469777634,6.802591854847328,-0.14830459814885355,0.9786639609506876
99.71416469777634,6.802535967251908,-0.14836048574427352,0.9786559206071437
99.52808083500634,6.8026418924427485,-0.14825456055343267,0.9786711596761699
99.33540993284623,6.802855037862594,-0.14804141513358715,0.978701824126617
99.33540993284623,6.80284854034351,-0.1480479126526708,0.9787008893523576
99.14438579053363,6.80264838996183,-0.14824806303435079,0.978672094450429
98.9525382682973,6.802397552232824,-0.14849890076335726,0.9786360073455925
98.76069074606096,6.802354664141221,-0.14854178885495983,0.9786298371930241
98.56884322382462,6.802500876183205,-0.14839557681297588,0.9786508721836865
98.37617232166453,6.802565210553434,-0.14833124244274742,0.9786601277337674
98.18432479942818,6.80225458895038,-0.1486418640458016,0.9786154397420596
97.99247727719184,6.802277332499999,-0.14861912049618198,0.9786187117731958
97.80062975495551,6.802546365515266,-0.1483500874809156,0.9786574165671869
97.80062975495551,6.802664635992365,-0.1482318170038166,0.9786744317073057
97.60878223271916,6.802387805954197,-0.14850864704198408,0.9786346051842033
97.41693471048282,6.801970609408396,-0.1489258435877856,0.9785745846460436
97.22426380832273,6.801674284580152,-0.14922216841602953,0.9785319534789347
97.03323966601013,6.801737966965648,-0.14915848603053306,0.9785411152303617
96.84139214377379,6.801912774790076,-0.14898367820610492,0.9785662641914503
96.64872124161369,6.801763311755724,-0.1491331412404575,0.9785447614924297
96.45193343983479,6.801745116469465,-0.14915133652671653,0.9785421438032752
96.2592625376747,6.801726921183205,-0.14916953181297643,0.9785395261141205
96.06741501543836,6.801689231106869,-0.1492072218893119,0.9785341037809596
96.06741501543836,6.801810750343511,-0.14908570265267063,0.9785515863082082
95.875567493202,6.801934868587786,-0.14896158440839535,0.9785694427451606
95.6828965910419,6.801765261011449,-0.1491311919847318,0.9785450419247076
95.49187244872932,6.801475433702289,-0.14942101929389207,0.9785033455318581
95.30002492649298,6.801458537919848,-0.14943791507633364,0.9785009147975555
95.10817740425664,6.801286331335877,-0.14961012166030407,0.9784761400673988
94.91550650209653,6.801256438282441,-0.14964001471374022,0.9784718394633489
94.7236589798602,6.801411099332061,-0.14948535366412052,0.9784940899817771
94.5268711780813,6.801325970667938,-0.14957048232824288,0.9784818428328377
94.5268711780813,6.801266836545801,-0.14962961645038053,0.9784733354233923
94.33502365584495,6.80119925341603,-0.14969719958015126,0.9784636124861816
94.14235275368485,6.8011706598664095,-0.14972579312977174,0.9784594988369835
93.9505052314485,6.801275283320609,-0.14962116967557204,0.9784745506299295
93.75865770921217,6.801315572404579,-0.14958088059160257,0.9784803468727943
93.56681018697583,6.801485829732823,-0.14941062326335786,0.9785048411706732
93.37413928481573,6.801447489904579,-0.1494489630916025,0.9784993253600861
93.1822917625794,6.801275283320609,-0.14962116967557204,0.9784745506299295
92.99126762026681,6.8013604119847315,-0.14953604101144968,0.9784867977788689
92.99126762026681,6.801674934332061,-0.14922151866412037,0.9785320469563608
92.79859671810671,6.801763311755724,-0.1491331412404575,0.9785447614924297
92.60674919587036,6.801697677881679,-0.14919877511450252,0.9785353189874969
92.41490167363403,6.801734068454198,-0.1491623845419836,0.978540554365806
92.22305415139769,6.801837392404579,-0.14905906059160223,0.9785554192038999
92.03120662916135,6.802104476164121,-0.1487919768320598,0.9785938435656133
91.839359106925,6.8020810828625935,-0.1488153701335877,0.978590478057051
91.64751158468866,6.801970609408396,-0.1489258435877856,0.9785745846460436
91.45484068252856,6.801810100591601,-0.1490863524045798,0.9785514928307821
91.45484068252856,6.80193681784351,-0.1489596351526714,0.9785697231774382
91.26299316029223,6.802334519599237,-0.14856193339694457,0.9786269390715917
91.07114563805588,6.80237675793893,-0.14851969505725116,0.9786330157467341
90.87929811581955,6.802307875305342,-0.14858857769083933,0.9786231058546714
90.6874505935832,6.802279931507632,-0.14861652148854887,0.9786190856828996
90.49560307134686,6.802153214255724,-0.14874323874045725,0.9786008553362435
90.30375554911052,6.802076532366412,-0.14881992062976934,0.9785898233938415
90.10614436740785,6.8021551635114506,-0.14874128948473064,0.9786011357685215
89.91429684517152,6.801925120076334,-0.14897133291984677,0.978568040262543
89.91429684517152,6.801851039427479,-0.14904541356870205,0.9785573825510728
89.72244932293516,6.801877683721372,-0.14901876927480906,0.9785612157679928
89.52977842077506,6.801682731354961,-0.14921372164122015,0.978533168685472
89.33793089853873,6.801563811125952,-0.1493326418702292,0.978516060067927
89.14608337630239,6.801617747232823,-0.14927870576335778,0.978523819657965
88.95423585406604,6.801971259160305,-0.14892519383587643,0.9785746781234697
88.76156495190595,6.802103176660305,-0.14879327633587636,0.9785936566107615
88.57054080959337,6.801882231984732,-0.14901422101144934,0.9785618701099745
88.37869328735702,6.801969959656488,-0.148926493339693,0.9785744911686178
88.18602238519692,6.802212998129769,-0.1486834548664122,0.9786094562231146
88.18602238519692,6.80191927230916,-0.14897718068702126,0.9785671989657098
87.98923458341801,6.801821796125954,-0.14907465687022725,0.9785531754244492
87.79162340171536,6.801678832843511,-0.14921762015266982,0.9785326078209164
87.599775879479,6.801635942519084,-0.14926051047709699,0.9785264373471197
87.4071049773189,6.801887430000001,-0.14900902299618046,0.9785626179293823
87.21608083500632,6.802114874427479,-0.1487815785687019,0.9785953395256565
87.02423331276998,6.802054438568701,-0.1488420144274798,0.9785866448401311
86.83238579053365,6.801762012251909,-0.1491344407442723,0.9785445745375781
86.63971488837355,6.801655439541985,-0.14924101345419594,0.9785292423123545
86.63971488837355,6.801785405553435,-0.14911104744274617,0.9785479400461401
86.4478673661372,6.801871183969465,-0.14902526902671642,0.9785602806725053
86.25601984390086,6.801826346622136,-0.1490701063740456,0.9785538300876588
86.06417232166451,6.801810100591601,-0.1490863524045798,0.9785514928307821
85.87232479942818,6.801809450839694,-0.14908700215648718,0.9785513993533563
85.68047727719184,6.801890029007633,-0.14900642398854824,0.9785629918390859
85.48780637503174,6.801653488053433,-0.14924296494274802,0.978528961558848
85.29595885279541,6.801491679732823,-0.14940477326335788,0.9785056827887348
85.10411133055905,6.801468284198473,-0.1494281687977086,0.9785023169589445
85.10411133055905,6.801444241145037,-0.14945221185114388,0.9784988579729564
84.91226380832272,6.801442941641221,-0.14945351135496043,0.9784986710181046
84.72041628608638,6.801700926641221,-0.14919552635496025,0.9785357863746266
84.52774538392627,6.801719771679389,-0.14917668131679207,0.9785384975412071
84.3367212416137,6.801832844141221,-0.14906360885496017,0.9785547648619184
84.1440503394536,6.801885480744273,-0.14901097225190796,0.9785623374971042
83.95220281721726,6.801706124656488,-0.14919032833969315,0.9785365341940341
83.76035529498091,6.801356513473282,-0.14953993952289935,0.9784862369143134
83.56850777274457,6.801058237156488,-0.1498382158396936,0.9784433249936983
83.56850777274457,6.801021196832059,-0.14987525616412256,0.978437996137963
83.37666025050824,6.801151814828243,-0.14974463816793815,0.9784567876704032
83.1848127282719,6.801402652557251,-0.1494938004389299,0.9784928747752398
82.99296520603555,6.801386406526717,-0.1495100464694641,0.9784905375183631
82.8011176837992,6.801466334942746,-0.1494301180534352,0.9785020365266666
82.60927016156286,6.801547565095418,-0.1493488879007634,0.9785137228110503
82.41659925940277,6.801565760381679,-0.1493306926145026,0.978516340500205
82.22475173716643,6.801583305916028,-0.14931314708015275,0.9785188647119335
82.03290421493008,6.8015761586450365,-0.1493202943511447,0.9785178364602481
81.84105669269375,6.801596303187022,-0.14930014980915907,0.9785207345816808
81.84105669269375,6.801775659274807,-0.14912079372137388,0.9785465378847508
81.6492091704574,6.802023246011449,-0.1488732069847325,0.9785821572812294
81.4565382682973,6.802101877156487,-0.1487945758396938,0.9785934696559095
81.26469074606096,6.802169460286259,-0.14872699270992218,0.9786031925931203
81.07284322382462,6.802313073320611,-0.14858337967557045,0.9786238536740792
80.88181908151205,6.802517771965649,-0.14837868103053253,0.9786533029179892
80.68914817935195,6.802687379541984,-0.14820907345419698,0.978677703738442
80.4973006571156,6.802433293053434,-0.1484631599427475,0.9786411492464756
80.30545313487926,6.802466434866412,-0.14843001812976908,0.9786459172376553
80.30545313487926,6.8027601629198475,-0.14813629007633367,0.9786881748162887
80.11278223271916,6.802896628683205,-0.14799982431297654,0.9787078076455619
79.91599443094026,6.8031169236068685,-0.1477795293893127,0.9787395006689227
79.72414690870391,6.803304076717556,-0.14759237627862554,0.9787664257011042
79.53229938646757,6.803391154637403,-0.14750529835877835,0.9787789532823215
79.33962848430747,6.803466534790075,-0.14742991820610651,0.9787897979486434
79.14284068252856,6.80341454793893,-0.14748190505725134,0.9787823187908835
78.94440612090213,6.8035061763549605,-0.14739027664122073,0.9787955010353107
78.94440612090213,6.8038102982061055,-0.1470861547900757,0.9788392539315308
78.75338197858956,6.8041144245229,-0.14678202847328148,0.9788830074702075
78.5615344563532,6.804538768339693,-0.14635768465648802,0.9789440562600525
78.36968693411687,6.804840291183205,-0.1460561618129761,0.978987435246569
78.17783941188053,6.8046784828625935,-0.14621797013358773,0.9789641564764555
77.9859918896442,6.80454851461832,-0.1463479383778612,0.9789454584214418
77.79414436740785,6.8048311946564874,-0.14606525833969375,0.9789861265626059
77.60147346524775,6.805225645419846,-0.14567080757633555,0.9790428747484011
77.4096259430114,6.8054621863740445,-0.14543426662213665,0.9790769050286389
77.21777842077506,6.805523921736642,-0.14537253125953953,0.9790857866690164
77.21777842077506,6.805803350782442,-0.14509310221373894,0.9791259871018224
77.02593089853873,6.80605418851145,-0.1448422644847316,0.979162074206659
76.83408337630239,6.806217296335876,-0.14467915666030517,0.979185539931624
76.64141247414229,6.806175057996182,-0.14472139499999948,0.9791794632564815
76.45038833182971,6.8063505133396935,-0.14454593965648765,0.9792047053737678
76.25771742966961,6.806483080591603,-0.1444133724045784,0.9792237773384858
76.06586990743325,6.806808648721374,-0.1440878042748075,0.9792706156322184
75.87402238519692,6.807184254446564,-0.14371219854961748,0.9793246526514331
75.68217486296058,6.8075865044656485,-0.1433099485305327,0.9793825228875681
75.68217486296058,6.807848390209923,-0.14304806278625826,0.9794201994298739
75.49032734072425,6.808173308587785,-0.1427231444083965,0.9794669442461805
75.29765643856415,6.808338365667938,-0.1425580873282435,0.9794906904034236
75.1058089163278,6.80863729173664,-0.14225916125954097,0.9795336958014645
74.91478477401523,6.8090245952290065,-0.1418718577671747,0.9795894157355746
74.72211387185513,6.809518471431297,-0.1413779815648839,0.9796604678949082
74.53026634961877,6.809744614122136,-0.1411518388740456,0.9796930022151025
74.33841882738244,6.809828443282443,-0.141068009713738,0.9797050624091903
74.14574792522234,6.810188452729006,-0.14070800026717478,0.9797568556489541
74.14574792522234,6.810771358339694,-0.14012509465648737,0.979840716143011
73.95472378290977,6.811434192366411,-0.13946226062977019,0.9799360756453717
73.76205288074966,6.8120508873091605,-0.13884556568702067,0.9800247972868059
73.57102873843708,6.812798200248091,-0.1380982527480903,0.9801323104606797
73.37341755673441,6.813273881164121,-0.13762257183206028,0.9802007449308588
73.18157003449807,6.8134571357633575,-0.13743931723282365,0.9802271090984847
72.98889913233796,6.813769059103053,-0.13712739389312834,0.9802719843662727
72.79787499002538,6.814147263835876,-0.1367491891603052,0.980326395295191
72.60520408786527,6.814366909007632,-0.13652954398854877,0.9803579948411262
72.60520408786527,6.814808798358778,-0.1360876546374028,0.9804215678427001
72.41335656562894,6.815565207824426,-0.13533124517175477,0.9805303897005371
72.2215090433926,6.816043489980916,-0.13485296301526528,0.9805991984016483
72.02966152115626,6.817032541889312,-0.1338639111068689,0.9807414896751675
71.83781399891993,6.818114521717556,-0.13278193127862536,0.9808971501479655
71.64514309675982,6.8188702814312965,-0.13202617156488472,0.9810058785283767
71.45329557452348,6.819388852671755,-0.13150760032442577,0.9810804834723528
71.2622714322109,6.81995291101145,-0.13094354198473113,0.981161632478601
71.06960053005079,6.820451987461832,-0.13044446553434952,0.9812334327785703
70.87775300781446,6.821047888110686,-0.1298485648854948,0.9813191628211461
70.87775300781446,6.821624943721372,-0.12927150927480913,0.9814021816971411
70.68508210565436,6.822341064103052,-0.12855538889312879,0.9815052073121137
70.49405796334177,6.822786851965649,-0.12810960103053226,0.9815693411782431
70.30221044110543,6.823192350744273,-0.12770410225190787,0.9816276788015075
70.11036291886909,6.823902623358778,-0.1269938296374029,0.9817298631196466
69.917692016709,6.824564807633586,-0.1263316453625949,0.9818251291445811
69.72584449447265,6.825198398358777,-0.1256980546374038,0.9819162815203178
69.53399697223631,6.826181602499999,-0.12471485049618192,0.9820577314970037
69.34214944999998,6.827062132442746,-0.1238343205534349,0.9821844101130213
69.34214944999998,6.827886777022901,-0.12300967597328061,0.9823030487067237
69.14947854783988,6.828578202366412,-0.12231825062976931,0.9824025215370538
68.95763102560353,6.829166955744274,-0.1217294972519074,0.9824872233279441
68.76578350336719,6.830084526011449,-0.12081192698473231,0.9826192307996968
68.57393598113084,6.830998847519082,-0.11989760547709949,0.9827507708843198
68.38208845889451,6.831523266526718,-0.11937318646946338,0.9828262171251296
68.19024093665817,6.832039238759541,-0.1188572142366402,0.9829004481594016
67.99839341442183,6.832544810496183,-0.11835164249999863,0.9829731829124021
67.80654589218548,6.833231689809159,-0.11766476318702246,0.9830720017219788
67.80654589218548,6.834160957843511,-0.11673549515267023,0.9832056921086271
67.61469836994914,6.8349433618511455,-0.11595309114503571,0.9833182537059584
67.42202746778904,6.8356490839694635,-0.11524736902671773,0.9834197833608872
67.23100332547646,6.836696622480915,-0.1141998305152665,0.9835704888876541
67.03833242331636,6.837906619064885,-0.11298983393129625,0.9837445666619603
66.84648490108003,6.839239436622137,-0.11165701637404446,0.9839363142395949
66.65463737884369,6.840255132824428,-0.11064132017175332,0.9840824387300344
66.46278985660734,6.841025189312976,-0.1098712636832051,0.9841932239350444
66.270942334371,6.841521664522901,-0.1093747884732803,0.9842646500040819
66.0782714322109,6.8422962715076325,-0.10860018148854866,0.9843760898723017
66.0782714322109,6.8431540579007635,-0.10774239509541772,0.9844994964571835
65.88642390997455,6.843824039198472,-0.10707241379770949,0.9845958842112292
65.69539976766198,6.8443153163931285,-0.10658113660305268,0.9846665624608592
65.50272886550188,6.8451912980725185,-0.10570515492366273,0.9847925867348953
65.3117047231893,6.84650461860687,-0.1043918343893111,0.9849815293472954
65.11903382102919,6.847517715801526,-0.10337873719465485,0.985127279928031
64.92718629879286,6.848704968835877,-0.10219148416030421,0.9852980856712008
64.73533877655652,6.849961754255725,-0.10093469874045624,0.9854788947838594
64.54266787439641,6.850992396984732,-0.09990405601144925,0.9856271695763235
64.54266787439641,6.852103617881678,-0.09879283511450332,0.985787036854517
64.35082035216007,6.853374050324427,-0.09752240267175427,0.9859698093143486
64.1597962098475,6.854358553969465,-0.09653789902671583,0.9861114462458863
63.967948687611155,6.855302118778624,-0.09559433421755692,0.986247193457133
63.77527778545105,6.856868226297708,-0.0940282266984731,0.9864725036066474
63.583430263214716,6.858089920648854,-0.0928065323473275,0.9866482642958487
63.39158274097837,6.859123162385495,-0.09177329061068651,0.9867969129980165
63.19973521874203,6.859993943816792,-0.09090250917938913,0.9869221891314169
63.00212403703937,6.86099274423664,-0.08990370875954135,0.9870658828875535
63.00212403703937,6.862303465763358,-0.08859298723282283,0.9872544515902499
62.81027651480302,6.863105366793892,-0.08779108620228904,0.9873698181528159
62.618428992566685,6.863659676622135,-0.08723677637404581,0.9874495646764465
62.42658147033034,6.86449796822519,-0.08639848477099132,0.9875701666173218
62.233910568170245,6.865655328206106,-0.08524112479007506,0.987736671756442
62.042063045933894,6.8672623767938905,-0.08363407620229069,0.9879678719474752
61.85021552369756,6.868723860858778,-0.08217259213740302,0.9881781303040441
61.65342772191865,6.8696212865839685,-0.08127516641221266,0.9883072396543644
61.46158019968231,6.870356901755724,-0.08053955124045675,0.9884130699133433
61.46158019968231,6.871221185667938,-0.07967526732824304,0.9885374112724843
61.26396901797965,6.872246630381678,-0.07864982261450315,0.9886849382455408
61.07212149574331,6.8733071639312975,-0.07758928906488372,0.9888375133208266
60.88027397350696,6.874381344503816,-0.07651510849236498,0.9889920517432851
60.68842645127062,6.875189093301526,-0.07570735969465492,0.9891082596026846
60.49575554911052,6.8761963404961834,-0.07470011249999775,0.9892531685653585
60.30308464695042,6.877302365610686,-0.07359408738549522,0.9894122883453726
60.11206050463783,6.87836094990458,-0.0725355030916015,0.9895645829883806
59.920212982401495,6.879565748473282,-0.07133070452289925,0.9897379129432791
59.920212982401495,6.880926507595419,-0.06996994540076251,0.9899336803714575
59.72836546016515,6.882152750209924,-0.06874370278625719,0.9901100954026404
59.536517937928814,6.883239930286259,-0.06765652270992195,0.9902665040160743
59.34384703576871,6.884150351049619,-0.0667461019465625,0.9903974829149136
59.15282289345614,6.885048426526717,-0.06584802646946386,0.9905266857426599
58.96015199129604,6.885747651125953,-0.06514880187022776,0.9906272806233295
58.7683044690597,6.8866756196564864,-0.06422083333969475,0.9907607840551254
58.576456946823356,6.887901862270992,-0.06299459072518943,0.9909371990863084
58.38460942458701,6.888955898301526,-0.061940554694655425,0.9910888393873346
58.19276190235067,6.890057372919846,-0.06083908007633543,0.9912473045041391
58.19276190235067,6.891284917270991,-0.059611535725189846,0.9914239068114021
58.00091438011433,6.892341552309159,-0.05855490068702185,0.9915759210221321
57.80824347795423,6.893388441068701,-0.057508011927479785,0.991726533071473
57.616395955717884,6.89436644496183,-0.056530008034351376,0.9918672349075227
57.42454843348155,6.895398387194655,-0.05549806580152605,0.9920156966548389
57.2327009112452,6.8965401508969455,-0.0543563020992357,0.9921799580145083
57.040853389008866,6.897506459255724,-0.053389993740457165,0.9923189772568913
56.84900586677253,6.898264170458015,-0.05263228253816621,0.9924279863908088
56.65633496461243,6.899030978187023,-0.051865474809158485,0.9925383042086893
56.65633496461243,6.899860820782443,-0.05103563221373797,0.992657690621799
56.46448744237609,6.901025330267174,-0.049871122729006956,0.9928252243338325
56.27346330006351,6.902439375744274,-0.048457077251907066,0.9930286578746228
56.08079239790341,6.903703960419846,-0.04719249257633518,0.9932105890376207
55.888944875667065,6.904784638511449,-0.046111814484731894,0.9933660622343388
55.69709735343072,6.905936150725188,-0.04496030227099279,0.9935317260766253
55.505249831194384,6.9071338020229,-0.04376265097328158,0.9937040277798387
55.31340230895803,6.907829128110685,-0.04306732488549603,0.9938040617959527
55.121554786721696,6.908673917232822,-0.04222253576335877,0.9939255985110872
55.121554786721696,6.909487513797709,-0.04140893919847244,0.9940426476673202
54.92970726448536,6.910681264351144,-0.04021518864503726,0.9942143881847495
54.73785974224902,6.91186656812977,-0.03902988486641146,0.9943849134956416
54.54601222001268,6.912709407996181,-0.03818704499999992,0.9945061697784983
54.35334131785258,6.9137536955152665,-0.03714275748091467,0.9946564075969072
54.16067041569248,6.914808381297709,-0.03608807169847239,0.9948081413753593
53.9696462733799,6.915967043015265,-0.03492940998091587,0.9949748337905595
53.7769753712198,6.916915805839694,-0.03398064715648719,0.9951113288212141
53.58595122890721,6.917482463187022,-0.03341398980915944,0.995192851737166
53.58595122890721,6.918203783816793,-0.03269266917938829,0.9952966254927742
53.38834004720455,6.919243523072518,-0.031652929923662754,0.9954462089692016
53.19649252496821,6.920316404141221,-0.030580048854960573,0.9956005604368082
53.00464500273187,6.92114624673664,-0.029750206259540946,0.9957199468499178
52.81279748049553,6.92223407433206,-0.028662378664121135,0.9958764486195495
52.62094995825918,6.923465517194655,-0.02743093580152589,0.9960536117913681
52.42827905609908,6.92449550793893,-0.02640094505725088,0.996201792785178
52.23643153386274,6.9252642671564875,-0.025632185839693733,0.9963123913565646
52.04376063170264,6.9258764138358755,-0.025020039160305707,0.9964004586560168
51.851913109466295,6.926750444026717,-0.024146008969464283,0.9965262021765472
51.851913109466295,6.9276251262022885,-0.023271326793892655,0.9966520394957313
51.66006558722995,6.928247668912212,-0.02264878408396953,0.9967416024339988
51.46904144491738,6.929134048854961,-0.021762404141219882,0.9968691226680784
51.277193922681036,6.930444120629771,-0.02045233236641053,0.9970575978933488
51.08452302052094,6.931295407270991,-0.019601045725190502,0.9971800693827425
50.892675498284596,6.932053118473281,-0.018843334522900435,0.9972890785166598
50.70082797604826,6.9329362474236635,-0.01796020557251765,0.9974161310423815
50.50321679434558,6.9337608897709915,-0.01713556322518972,0.9975347693148553
50.311369272109246,6.934492608664121,-0.01640384433205977,0.9976400390305068
50.311369272109246,6.935262015400762,-0.015634437595418937,0.997750730758091
50.11952174987291,6.936144494599235,-0.014751958396946208,0.9978776898063865
49.927674227636565,6.9370926076717545,-0.013803845324426689,0.9980140913596149
49.73582670540023,6.938164838988549,-0.012731614007631897,0.9981683493497959
49.543155803240126,6.93936184053435,-0.011534612461831628,0.9983405575755829
49.346368001461215,6.939914850858778,-0.01098160213740318,0.9984201171443621
49.15452047922488,6.940597179675572,-0.010299273320609537,0.9985182812907291
48.961849577064775,6.9412385696564876,-0.00965788333969364,0.9986105557168053
48.7708254347522,6.941732445858777,-0.009164007137404617,0.9986816078761388
48.7708254347522,6.942174335209923,-0.008722117786257755,0.9987451808777128
48.578154532592094,6.9425765852290064,-0.008319867767174749,0.9988030511138476
48.38630701035576,6.9428657627862576,-0.008030690209923641,0.998844654029271
48.19445948811942,6.943813875858779,-0.007082577137402346,0.9989810555824998
47.996848306416744,6.945319549751908,-0.005576903244273623,0.999197671367717
47.80500078418041,6.946376834541985,-0.004519618454196461,0.999349779055873
47.61315326194407,6.946966887423663,-0.003929565572518001,0.9994346678016152
47.421305739707726,6.947453616354961,-0.003442836641220026,0.9995046917092635
47.22945821747139,6.9480144259351135,-0.00288202706106766,0.9995853733283819
47.22945821747139,6.94876758664122,-0.002128866354961012,0.9996937277990894
47.03761069523504,6.949696854675571,-0.001199598320610562,0.9998274181857373
46.8457631729987,6.950539694541985,-0.00035675845419635976,0.9999486744685943
46.653915650762364,6.951220074103054,0.0003236211068724515,1.0000465581826834
46.461244748602255,6.951713300553434,0.0008168475572531975,1.000117516864591
46.26939722636592,6.9526360688358775,0.0017396158396962846,1.0002502721557514
46.07754970412958,6.953421071851143,0.002524618854962135,1.0003632076627862
45.88487880196948,6.954128095706106,0.00323164270992482,1.0004649245937955
45.6938546596569,6.954594677862595,0.0036982248664134687,1.0005320500587833
45.6938546596569,6.955283506431296,0.004387053435114474,1.000631149300638
45.502007137420556,6.955920348148854,0.005023895152672431,1.0007227693847327
45.31015961518421,6.956507799790075,0.005611346793894079,1.000807283899543
45.118312092947875,6.957095903416029,0.006199450419847707,1.0008918922130075
44.92564119078777,6.957834119828244,0.006937666832063094,1.0009980967029184
44.733793668551435,6.958368934866412,0.007472481870230752,1.0010750385825429
44.54194614631509,6.958822521984732,0.007926068988551194,1.0011402944990118
44.34927524415499,6.959477556755724,0.008581103759542685,1.0012345319510325
44.15825110184242,6.960219671679388,0.009323218683206846,1.0013412973054991
43.96640357960607,6.960937091564884,0.010040638568702853,1.0014445098753233
43.96640357960607,6.961694802767175,0.01079834977099381,1.0015535190092408
43.77455605736973,6.9623446395229,0.011448186526719084,1.0016470086418543
43.58188515520963,6.962938590916029,0.012042137919848095,1.001732458252152
43.39003763297329,6.963619620229006,0.012723167232825183,1.0018304354436673
43.198190110736945,6.9640621615648834,0.01316570856870225,1.001894102243895
43.00634258850061,6.964390328702288,0.013493875706107161,1.0019413144473315
42.813671686340506,6.965041464961831,0.014145011965649879,1.002034991034797
42.6168838845616,6.965832967729007,0.014936514732825756,1.0021488616373198
42.42503636232526,6.966585478683206,0.015689025687025016,1.0022571226306014
42.42503636232526,6.967299000057251,0.016402547061069583,1.0023597743358699
42.233188840088914,6.9680898530725175,0.017193400076336296,1.0024735514609666
42.04134131785258,6.9688098719656475,0.0179134189694663,1.0025771379404946
41.84949379561623,6.969375232041982,0.018478779045801197,1.0026584742228228
41.657646273379896,6.96987040774809,0.01897395475190855,1.0027297133370086
41.46497537121979,6.970097200190839,0.019200747194657808,1.002762341134629
41.27312784898345,6.970191427614503,0.019294974618321525,1.0027758972887597
41.08128032674711,6.970474105419847,0.01957765242366616,1.0028165651086958
40.889432804510776,6.9712136213358775,0.020317168339696323,1.0029229565534585
40.889432804510776,6.972040215171754,0.02114376217557279,1.0030418755794381
40.69758528227443,6.972637415324426,0.02174096232824496,1.0031277925768658
40.504914380114336,6.972880453797709,0.021984000801527515,1.0031627576313629
40.31389023780175,6.97327945505725,0.022383002061069135,1.003220160480368
40.12121933564165,6.973848061660304,0.022951608664122602,1.0033019638285978
39.929371813405304,6.974282803740458,0.02338635074427664,1.0033645085784864
39.73752429116897,6.974499849904579,0.02360339690839819,1.0033957342147175
39.54567676893263,6.975073007003815,0.024176554007634188,1.003478192226157
39.35300586677253,6.97552334312977,0.024626890133588653,1.0035429804342682
39.35300586677253,6.975726742270991,0.024830289274810013,1.0035722427233262
39.16198172445994,6.9763986750572515,0.025502222061070334,1.0036689112308783
38.970134202223605,6.977012121240458,0.02611566824427669,1.0037571654851827
38.77828667998727,6.977100498664121,0.026204045667939546,1.0037698800212518
38.585615777827165,6.97721487062977,0.026318417633588886,1.003786334296815
38.39376825559083,6.977755535667938,0.026859082671756518,1.003864117794501
38.201920733354484,6.9783065967366396,0.02741014374045836,1.003943396931002
38.01007321111815,6.978764082366411,0.02786762937023024,1.0040092137120267
37.81740230895804,6.974280204732824,0.023383751736642644,1.0033641346687827
37.6255547867217,6.973309348110686,0.022412895114504394,1.0032244610844179
37.6255547867217,6.975794325400762,0.024897872404580745,1.003581965660537
37.43453064440912,6.977924493492366,0.02702804049618468,1.003888425137528
37.242683122172785,6.979313846164121,0.02841739316794012,1.0040883062149042
37.05001222001268,6.980275604026716,0.029379151030535233,1.0042266707940775
36.858164697776346,6.980548535553434,0.029652082557253046,1.0042659364526243
36.666317175539994,6.980468607137404,0.029572154141222384,1.0042544374443205
36.47446965330366,6.980631065209922,0.02973461221374052,1.0042778096918596
36.28262213106731,6.980653810992365,0.029757357996183842,1.0042810820442243
36.090774608830976,6.980831215591602,0.029934762595420494,1.0043066045937883
36.090774608830976,6.981007320687023,0.03011086769084148,1.0043319401885007
35.89892708659464,6.98128610221374,0.03038964921755838,1.0043720474651092
35.7070795643583,6.981324442041985,0.030427989045803905,1.0043775632756964
35.514408662198186,6.981254259904579,0.0303578069083974,1.0043674664287816
35.32256113996185,6.981442062767175,0.030545609770993742,1.004394484938389
35.13071361772551,6.981768930400763,0.0308724774045821,1.0044415101869737
34.938866095489175,6.982241362557251,0.031344909561069834,1.004509477270023
34.74701857325283,6.982396673358776,0.031500220362595144,1.0045318212658767
34.555171051016494,6.982368082041983,0.03147162904580192,1.0045277079379071
34.555171051016494,6.982258908091603,0.03136245509542146,1.0045120014817517
34.36250014885639,6.9823557345228995,0.031459281526718286,1.0045259315455861
34.171476006543806,6.982655960095418,0.03175950709923647,1.0045691238984789
33.9788051043837,6.982769680076333,0.031873227080152056,1.0045854843753876
33.786957582147366,6.982857407748091,0.03196095475191019,1.0045981054340312
33.59511005991103,6.982854158988548,0.031957705992367025,1.0045976380469013
33.40326253767469,6.982978929217556,0.03208247622137517,1.0046155882825079
33.21059163551459,6.983141387290075,0.03224493429389419,1.0046389605300472
33.019567493202004,6.98320377240458,0.032307319408398705,1.0046479356478506
32.82771997096566,6.983259008015266,0.032362555019084915,1.00465588219274
32.82771997096566,6.983544936812976,0.03264848381679464,1.004697017721034
32.63587244872932,6.983632014732823,0.03273556173664183,1.004709545302251
32.44320154656922,6.983921192290076,0.03302473929389471,1.0047511482176747
32.25135402433288,6.983713244885495,0.032816791889313635,1.0047212315866347
32.059506502096546,6.983428615591602,0.032532162595420466,1.004680283013193
31.867658979860195,6.983368831717557,0.03247237872137543,1.0046716821263217
31.67581145762386,6.983452658645037,0.03255620564885575,1.004683741999181
31.483963935387518,6.983540388549617,0.03264393555343581,1.0046963633790522
31.29129303322742,6.983453960381678,0.0325575073854969,1.004683929275261
31.29129303322742,6.983207021164122,0.03231056816794098,1.0046484030349803
31.099445510991078,6.983118643740457,0.03222219074427546,1.004635688498911
30.90759798875474,6.983093298950379,0.03219684595419814,1.0046320422368427
30.71575046651839,6.983089400438931,0.032192947442749364,1.0046314813722872
30.523902944282053,6.9829340896374035,0.03203763664122228,1.0046091373764332
30.33123204212195,6.982917843606869,0.032021390610688094,1.0046068001195565
30.140207899809376,6.983005571278625,0.03210911828244356,1.0046194211781996
29.947536997649273,6.983091349694655,0.032194896698474196,1.004631761804565
29.756512855336698,6.982903546832061,0.03200709383587963,1.0046047432949576
29.756512855336698,6.982714444465648,0.03181799146946673,1.0045775378304984
29.563841953176595,6.982496748549618,0.03160029555343691,1.0045462187168412
29.371994430940248,6.982639064312976,0.0317426113167949,1.0045666931641763
29.180146908703907,6.982654658358777,0.031758205362596215,1.0045689366223989
28.98829938646757,6.982292699656488,0.03139624666030638,1.004516862950357
28.79645186423123,6.9822511110687016,0.03135465807252036,1.0045108797526403
28.604604341994893,6.982319343950381,0.03142289095419937,1.004520696167277
28.412756819758545,6.982636463072517,0.03174001007633542,1.004566318933244
28.220909297522205,6.981761133377861,0.03086468038168011,1.0044403884578623
28.028238395362102,6.980815619312977,0.029919166316795476,1.0043043608143376
28.028238395362102,6.9809917266412205,0.030095273645039278,1.0043296967302782
27.836390873125765,6.981517442919847,0.030620989923665576,1.004405329604711
27.643719970965662,6.981776079904579,0.03087962690839774,1.0044425387598872
27.451872448729326,6.9817754301526715,0.03087897715649035,1.0044424452824614
27.260848306416747,6.981564881507633,0.030668428511451573,1.0044121544204894
27.0690007841804,6.981458958549618,0.03056250555343709,1.004396915672692
26.8763298820203,6.981106096374044,0.030209643377863138,1.004346150684613
26.68448235978396,6.980937788301525,0.03004133530534414,1.004321936819012
26.487694558005057,6.980815619312977,0.029919166316795476,1.0043043608143376
26.487694558005057,6.983541688053434,0.032645235057252364,1.004696550333904
26.29584703576872,6.985606872022899,0.03471041902671779,1.004993660783388
26.103176133608617,6.983881552958015,0.03298509996183352,1.004745445452236
25.91132861137227,6.9819775297900755,0.03108107679389427,1.0044715206166677
25.71948108913593,6.980870854923662,0.029974401927480798,1.004312307359227
25.527633566899592,6.980214520648854,0.029318067652672752,1.0042178829523543
25.33578604466325,6.979966931679388,0.02907047868320678,1.0041822632346473
25.143938522426915,6.9799526349045795,0.029056181908398315,1.0041802064100485
24.952091000190563,6.979681002881679,0.028784549885497945,1.0041411277063537
24.952091000190563,6.979204672213739,0.028308219217557884,1.0040725997587485
24.759420098030464,6.979089650496182,0.028193197500001155,1.0040560520057593
24.567572575794124,6.9789089971374025,0.02801254414122134,1.0040300620690654
24.375725053557787,6.978694549980916,0.027798096984734677,1.0039992103425381
24.183877531321446,6.9784593085305335,0.027562855534352337,1.0039653670171524
23.99203000908511,6.978057058511449,0.027160605515267555,1.0039074967810173
23.799359106925007,6.977588527099235,0.026692074103054075,1.003840090883752
23.60751158468867,6.97712519370229,0.02622874070610859,1.003773432805894
23.41566406245232,6.976844462919845,0.025948009923664195,1.0037330450970074
23.22381654021598,6.976808722099235,0.025912269103053553,1.0037279031961244
23.22381654021598,6.976454560419846,0.025558107423664822,1.0036769512531938
23.026205358513316,6.975858659770992,0.02496220677481098,1.0035912212106182
22.835181216200738,6.975692950706105,0.024796497709924203,1.0035673812547208
22.64251031404064,6.975657209885495,0.024760756889313562,1.0035622393538377
22.450662791804287,6.975409620916029,0.02451316791984759,1.0035266196361308
22.25881526956795,6.975232216316793,0.024335763320611825,1.0035010970865668
22.06696774733161,6.9751009485687,0.024204495572519136,1.0034822120767006
21.875120225095273,6.974833867041984,0.023937414045803074,1.0034437880362157
21.683272702858932,6.974437464790076,0.023541011793894562,1.0033867590969143
21.683272702858932,6.974044313530534,0.023147860534352915,1.003330197865971
21.491425180622585,6.973806473072519,0.022910020076337467,1.0032959806308814
21.299577658386244,6.973532242041984,0.0226357890458031,1.0032565280174828
21.107730136149907,6.97326125977099,0.02236480677480923,1.0032175427912136
20.915059233989805,6.972727092251907,0.021830639255726147,1.003140694067787
20.723211711753468,6.972443764694655,0.021547311698474125,1.003099932770425
20.531364189517127,6.972226718530534,0.021330265534352577,1.003068707134194
20.33375300781445,6.972138341106869,0.021241888110687945,1.0030559925981248
20.141082105654352,6.972086354255723,0.021189901259542232,1.0030485134403646
20.141082105654352,6.9719758808015255,0.02107942780534433,1.0030326200293573
19.94923458341801,6.971752986870227,0.020856533874045624,1.0030005530962924
19.758210441105437,6.9714475632824415,0.020551110286260332,1.0029566129239922
19.565539538945334,6.971276656202289,0.020380203206108227,1.0029320251486875
19.373692016708997,6.971446913530532,0.020550460534351167,1.0029565194465662
19.18266787439641,6.971224669351145,0.020328216354963402,1.0029245459909277
18.98999697223631,6.970621619198471,0.01972516620228948,1.002837787375438
18.798149449999972,6.970234315706107,0.01933786270992588,1.0027820674413284
18.60630192776363,6.970117996717557,0.01922154372137541,1.0027653330547155
18.60630192776363,6.969782030324427,0.018885577328245695,1.0027169988009397
18.414454405527295,6.969139340839694,0.018242887843513245,1.0026245374200113
18.21684322382463,6.968801425190838,0.01790497219465692,1.0025759227339575
18.024995701588278,6.968729943549617,0.017833490553435638,1.002565638932191
17.83314817935194,6.968592828034351,0.01769637503817023,1.0025459126254919
17.6413006571156,6.968362134847327,0.01746568185114583,1.0025127236420874
17.449453134879263,6.9680898530725175,0.017193400076336296,1.0024735514609666
17.257605612642923,6.968234118091601,0.017337665095420007,1.0024943063405796
17.064934710482824,6.968131441660305,0.017234988664124096,1.0024795346586834
17.064934710482824,6.967626519675573,0.016730066679391697,1.002406893383109
16.873087188246473,6.967175531564885,0.016279078568703476,1.0023420113763437
16.675476006543807,6.966755736011449,0.015859283015267955,1.00228161692848
16.47786482484114,6.966604975706106,0.015708522709925177,1.0022599275958362
16.286017302604805,6.966448363167937,0.015551910171756056,1.0022373963239017
16.094993160292216,6.966218971717556,0.015322518721374578,1.0022043946165777
15.902322258132116,6.966065610171756,0.015169157175574988,1.002182331053002
15.710474735895778,6.965831018473281,0.014934565477100037,1.002148581205042
15.518627213659439,6.965751087824426,0.014854634828244784,1.00213708187551
15.518627213659439,6.965678956431296,0.014782503435115224,1.0021267045963176
15.3267796914231,6.9654684077862585,0.014571954790077335,1.002096413734346
15.134932169186762,6.965264358893128,0.014367905896946809,1.0020670579678617
14.94226126702666,6.96502391942748,0.01412746643129914,1.0020324668230685
14.751237124714073,6.964884854656487,0.013988401660306238,1.0020124600840912
14.559389602477735,6.964633367175572,0.013736914179390602,1.0019762795018288
14.366718700317634,6.96437993043893,0.013483477442749248,1.0019398184872883
14.174871178081295,6.963735291698472,0.012838838702291078,1.0018470766740823
13.983023655844956,6.963123794770992,0.01222734177481044,1.0017591028520558
13.983023655844956,6.962663710133587,0.011767257137405451,1.0016929121613276
13.791176133608618,6.962598076259541,0.01170162326335955,1.0016834696563945
13.599328611372268,6.962591578740457,0.011695125744275892,1.0016825348821352
13.40748108913593,6.962280305152672,0.011383852156490626,1.0016377530917733
13.214810186975829,6.96209055303435,0.011194100038168564,1.0016104541498878
13.02296266473949,6.9620645607251905,0.011168107729009336,1.001606714731622
12.831115142503151,6.961933292977099,0.011036839980917534,1.0015878297217562
12.639267620266812,6.961662960458015,0.010766507461833719,1.0015489379729132
12.447420098030463,6.961176233759541,0.010279780763359447,1.001478914386493
12.255572575794124,6.960610873683205,0.009714420687023662,1.0013975781041646
12.255572575794124,6.960217722423663,0.009321269427482015,1.0013410168732213
12.063725053557786,6.960030569312977,0.009134116316795726,1.00131409184104
11.871054151397685,6.960176783587786,0.009280330591605157,1.0013351271529307
11.680030009085108,6.960147540286257,0.00925108729007551,1.0013309200263065
11.487359106925007,6.959736193740457,0.008839740744275737,1.0012717411062086
11.295511584688658,6.959399577595419,0.008503124599237744,1.0012233133750068
11.103664062452319,6.959317697690839,0.008421244694657659,1.001211533613197
10.910993160292218,6.959074659217556,0.008178206221375106,1.0011765685587
10.719969017979642,6.958794578187022,0.007898125190840766,1.0011362743272396
10.719969017979642,6.958501502118321,0.007605049122139995,1.0010941105472606
10.528121495743303,6.9583442420610675,0.007447789064886301,1.0010714861191288
10.336273973506964,6.958007625916029,0.007111172919847419,1.0010230583879267
10.144426451270615,6.957697651832061,0.006801198835879596,1.0009784635524168
9.951755549110514,6.95759367812977,0.006697225133589058,1.0009635052368968
9.759908026874175,6.957182331583969,0.006285878587787508,1.0009043263167987
9.568060504637836,6.9567631857824415,0.005866732786260265,1.000844025346361
9.376212982401498,6.9566351690267165,0.005738716030535329,1.0008256080448532
9.183542080241397,6.956639067538167,0.00574261454198588,1.000826168909409
9.183542080241397,6.956754739007632,0.005858286011450886,1.000842810139824
8.99251793792882,6.956433069389312,0.005536616393130522,1.0007965327106467
8.80067041569247,6.956000926316793,0.005104473320611369,1.0007343618704623
8.608822893456132,6.955646764637404,0.004750311641222638,1.0006834099275317
8.416975371219793,6.955276359160305,0.004379906164123426,1.0006301210489528
8.224304469059692,6.9550944040648846,0.004197951068703354,1.0006039438361787
8.032456946823354,6.954987831354961,0.004091378358779707,1.000588611610955
7.840609424587015,6.955087254561067,0.004190801564885938,1.000602915263265
7.6487619023506666,6.955117797366412,0.004221344370230362,1.0006073093447407
7.456091000190566,6.954868261374045,0.00397180837786415,1.0005714095159843
7.456091000190566,6.954478358874044,0.003581905877863001,1.0005153156721704
7.264243477954227,6.95421647312977,0.0033200201335885637,1.0004776391298646
7.0674556761753236,6.954150839255725,0.0032543862595435513,1.0004681966249318
6.875608153938985,6.954350989637403,0.0034545366412217504,1.0004969915268602
6.6837606317026355,6.954371134179388,0.003474681183206485,1.0004998896482926
6.4910897295425345,6.953915600038167,0.0030191470419858035,1.0004343536207743
6.299242207306196,6.95337428524809,0.002477832251909007,1.000356476645662
6.107394685069857,6.953266410801525,0.002369957805344214,1.0003409571443584
5.915547162833518,6.95332879591603,0.002432342919848729,1.0003499322621616
5.915547162833518,6.953204677671755,0.002308224675573456,1.0003320758252094
5.72369964059718,6.953162437099237,0.0022659841030554517,1.0003259988288387
5.53185211836083,6.95304676562977,0.002150312633588669,1.0003093575984234
5.339181216200729,6.952898602099236,0.002002149103054407,1.0002880418542548
5.148157073888153,6.953007126297708,0.002110673301526589,1.0003036548329844
4.956309551651814,6.953416523587785,0.0025200705916041954,1.000362553320805
4.763638649491713,6.953640717022899,0.00274426402671768,1.0003948072087212
4.571791127255374,6.9535224465458,0.002625993549618677,1.0003777920686023
4.379943605019036,6.953204677671755,0.002308224675573456,1.0003320758252094
4.379943605019036,6.952645817347328,0.0017493643511468093,1.0002516746383687
4.188096082782686,6.9520895560305345,0.0011931030343532711,1.0001716473612319
3.996248560546348,6.951795827977098,0.0008993749809169671,1.0001293897825985
3.7986373788436825,6.951880958874045,0.000984505877863917,1.000141637252766
3.6067898566073437,6.951743191374046,0.000846738377864753,1.0001218171474127
3.414942334371005,6.9517100495610675,0.0008135965648863319,1.000117049156233
3.222271432210904,6.951736044103053,0.0008395911068719286,1.0001207888957273
3.0312472898983174,6.951728247080151,0.0008317940839699389,1.0001196671666157
2.8385763877382164,6.951644417919847,0.0007479649236659114,1.0001076069725285
2.8385763877382164,6.951432569770992,0.00053611677481058,1.0000771291557047
2.6467288655018777,6.951209675839694,0.00031322284351276153,1.00004506222264
2.454881343265539,6.95136173788168,0.0004652848854984626,1.0000669388313643
2.2630338210292003,6.951547591488549,0.0006511384923681973,1.0000936769086939
2.071186298792851,6.95149690414122,0.0006004511450390382,1.0000863847057857
1.8793387765565122,6.951719798072519,0.0008233450763377448,1.0001184516388506
1.6874912543201737,6.952074609503817,0.0011781565076356415,1.000169497059207
1.495643732083835,6.952100601812976,0.00120414881679487,1.0001732364774727
1.3029728299237338,6.9517893304580145,0.000892877461833308,1.000128455008339
1.3029728299237338,6.951368885152671,0.00047243215648951065,1.0000679670830495
1.111125307687395,6.95095364009542,5.718709923918652e-05,1.0000082272983961
0.9135141259847191,6.950762588473281,-0.0001338645229003177,0.9999807414016587
0.7216666037483804,6.950801578053434,-9.487494274740271e-05,0.9999863506896716
0.5298190815120417,6.950663812786258,-0.00023264020992286305,0.9999665309055463
0.337971559275703,6.9506800588167925,-0.00021639417938867922,0.999968868162423
0.14530065711560186,6.950845115896945,-5.1337099236548056e-05,0.999992614319666
-0.04572348519697439,6.950896452996181,0.0,1.0
-0.23839438735707555,6.950973134885496,7.668188931475584e-05,1.0000110319424025
-0.23839438735707555,6.951480658110686,0.0005842051145048544,1.000084047448909
-0.4302419095934247,6.951864063091601,0.0009676100954196798,1.000139206518463
-0.6212660519060009,6.951480008358779,0.0005835553625974654,1.0000839539714832
-0.8139369540661021,6.951244766908396,0.00034831391221512575,1.0000501106460973
-1.0057844763024408,6.951030969503814,0.00013451650763318668,1.0000193523969956
-1.2033956580051062,6.9510582635496165,0.00016181055343533757,1.0000232790913417
-1.3952431802414553,6.9509900306679375,9.357767175632858e-05,1.000013462676705
-1.587090702477794,6.950886056965647,-1.0396030534209899e-05,0.999998504361185
-1.7789382247141328,6.950659914274808,-0.0002365387213734138,0.9999659700409906
-1.7789382247141328,6.950797679541983,-9.877345419795347e-05,0.999985789825116
-1.9707857469504715,6.950934145305343,3.7692309161840853e-05,1.0000054226543895
-2.168396928653137,6.951183031545801,0.0002865785496197759,1.00004122900572
-2.360244450889486,6.9511817320419835,0.00028527904580233354,1.000041042050868
-2.5520919731258247,6.951038768759541,0.00014231576335976825,1.0000204744473353
-2.7439394953621634,6.951028370496183,0.00013191750000185465,1.0000189784872922
-2.935787017598502,6.951184333282442,0.000287880286260922,1.0000414162818
-3.128457919758603,6.951320796812976,0.00042434381679523625,1.0000610487898454
-3.320305441994942,6.951583982061068,0.0006875290648871157,1.000098912287003
-3.512152964231291,6.951999879103052,0.001103426106871197,1.0001587458703107
-3.512152964231291,6.9523527390458,0.0014562860496187824,1.0002095105371611
-3.70400048646763,6.952363787061068,0.0014673340648867494,1.0002110999746305
-3.8958480087039686,6.952346891278625,0.0014504382824434003,1.0002086692403278
-4.08851891086407,6.952607475286258,0.0017110222900766914,1.0002461585065534
-4.279543053176646,6.953095503721372,0.0021990507251912206,1.0003163693690535
-4.471390575412984,6.953248865267175,0.002352412270993476,1.0003384329326297
-4.664061477573086,6.952949941431297,0.002053488435115547,1.0002954278558172
-4.855908999809435,6.952608125038168,0.0017116720419867448,1.0002462519839797
-5.047756522045773,6.952829719465648,0.0019332664694671209,1.0002781319621923
-5.047756522045773,6.953150089580151,0.0022536365839700423,1.0003242224365174
-5.239604044282112,6.953315148893129,0.0024186958969476535,1.0003479689149886
-5.432274946442213,6.953638118015266,0.0027416650190845715,1.0003944332990176
-5.624122468678552,6.953981881431297,0.0030854284351153893,1.0004438892819048
-5.8159699909148905,6.954093654389311,0.003197201393129845,1.000459969647764
-6.006994133227467,6.954129395209923,0.0032329422137413744,1.0004651115486476
-6.199665035387568,6.954012424236639,0.0031159712404580375,1.0004482833633803
-6.391512557623907,6.954118996946565,0.0032225439503834608,1.0004636155886044
-6.583360079860267,6.954314599064885,0.00341814606870372,1.0004917561485511
-6.583360079860267,6.9542886045229,0.0033921515267190117,1.000488016409057
-6.775207602096605,6.954278858244273,0.0033824052480921907,1.0004866142476678
-6.967055124332944,6.9541768337977095,0.00328038080152826,1.0004719363644259
-7.159726026493045,6.954471859122135,0.0035754061259538616,1.0005143805766827
-7.350750168805622,6.954963136316793,0.004066683320611553,1.0005850588263128
-7.543421070965723,6.954959887557251,0.004063434561070167,1.000584591439183
-7.735268593202061,6.954670060248091,0.003773607251909894,1.0005428950463338
-7.9271161154384,6.954743491145037,0.003847038148856008,1.0005534592803778
-8.118963637674739,6.9550710107633575,0.004174557767176346,1.0006005783276166
-8.310811159911077,6.955250364618319,0.004353911622137829,1.0006263813094585
-8.310811159911077,6.955652614637404,0.0047561616412226115,1.0006842515455934
-8.502658682147416,6.955866412041985,0.0049699590458036624,1.000715009794695
-8.695329584307517,6.955687705706106,0.004791252709924976,1.0006892999690506
-8.892117386086431,6.955620122576335,0.004723669580154244,1.00067957703184
-9.08396490832277,6.955678606946563,0.00478215395038184,1.000687990963859
-9.27663581048287,6.95608020721374,0.005183754217559233,1.0007457677225684
-9.46848333271921,6.956616323988549,0.005719870992368037,1.0008228968782729
-9.659507475031786,6.957127745725191,0.006231292729009574,1.000896473249335
-9.852178377191887,6.957251863969466,0.006355410973284847,1.0009143296862875
-9.852178377191887,6.957372733454198,0.006476280458016959,1.00093171873611
-10.044025899428245,6.957428621049617,0.006532168053436038,1.0009397590796538
-10.235873421664584,6.957503351450382,0.006606898454200483,1.00095051026855
-10.427720943900923,6.957737943148854,0.006841490152672769,1.0009842601165098
-10.619568466137261,6.9579257460114485,0.007029293015267335,1.001011278626117
-10.8114159883736,6.958335143301526,0.007438690305344942,1.0010701771139374
-11.004086890533703,6.958592478549618,0.007696025553436847,1.0011071989930334
-11.195934412770042,6.95886346082061,0.00796700782442894,1.0011461842193023
-11.38778193500638,6.959066210209922,0.008169757213741136,1.0011753530309346
-11.38778193500638,6.959354088263357,0.00845763526717569,1.0012167689915061
-11.579629457242719,6.959632867557251,0.008736414561069772,1.0012568759468865
-11.771476979479058,6.959670559866411,0.008774106870229836,1.0012622986012758
-11.963324501715396,6.959517848072518,0.008621395076336746,1.0012403285151257
-12.155172023951735,6.959447013950381,0.008550560954200037,1.001230137869557
-12.347019546188093,6.959803124885495,0.0089066718893136,1.0012813702447652
-12.538867068424432,6.9601975778816785,0.00930112488549728,1.001338118751789
-12.731537970584533,6.960491953454197,0.009595500458015493,1.00138046948662
-12.923385492820872,6.960919546030533,0.010023093034352115,1.0014419856635948
-12.923385492820872,6.961240565896945,0.010344112900764202,1.001488169615346
-13.116056394980973,6.961229520114503,0.010333067118321715,1.0014865804991049
-13.30708053729355,6.960928644790075,0.010032191793893475,1.0014432946687861
-13.498928059529888,6.961178183015267,0.010281730019086055,1.0014791948187711
-13.690775581766227,6.961826070515265,0.010929617519083834,1.0015724040191065
-13.883446483926328,6.962287454656487,0.011391001660305378,1.0016387816646866
-14.075294006162666,6.962261460114504,0.011365007118322445,1.0016350419251927
-14.267141528399005,6.962299802175571,0.011403349179389899,1.0016405580570078
-14.458989050635344,6.9627949778816784,0.011898524885497253,1.0017117971711935
-14.644249533481604,6.9632895038358775,0.012393050839696329,1.0017829428079532
-14.644249533481604,6.963593627919846,0.012697174923665067,1.0018266960254014
-14.644249533481604,6.963699550877861,0.012803097881679548,1.001841934773199
-14.644249533481604,6.963875008454198,0.01297855545801685,1.0018671772117138
-14.644249533481604,6.963878257213739,0.012981804217558235,1.0018676445988435
-14.644249533481604,6.963826920114502,0.012930467118320799,1.0018602589185093
-14.644249533481604,6.963566983625953,0.012670530629772081,1.0018228628084813
-14.644249533481604,6.963353838206106,0.012457385209924787,1.001792198358034
-14.644249533481604,6.963487055209923,0.01259060221374142,1.0018113638001778
-14.644249533481604,6.9638418666412205,0.012945413645039316,1.0018624092205344
-14.644249533481604,6.96385811043893,0.012961657442748908,1.0018647461561827
