Angle (degree),rho (mOhm cm),Delta rho (mOhm cm),rho/rho(theta=0)
105.15776785714286,5.054440106674811,-0.10298650844518775,0.9800314156398731
105.15776785714286,5.05446211528684,-0.10296449983315892,0.9800356830029732
105.15776785714286,5.054452816158324,-0.10297379896167413,0.9800338799470677
105.15776785714286,5.054199564814932,-0.10322705030506629,0.9799847757402043
105.15776785714286,5.054139429882498,-0.1032871852375008,0.979973115868543
105.15776785714286,5.05406968482103,-0.10335693029896831,0.9799595926394847
105.15776785714286,5.054048297144966,-0.10337831797503227,0.9799554456728558
105.15776785714286,5.053965223794157,-0.10346139132584131,0.9799393381531549
104.99432142857142,5.053886489539622,-0.10354012558037695,0.9799240719631708
104.82508928571428,5.054037448339209,-0.10338916678078913,0.9799533421420513
104.65730357142857,5.0542345928459245,-0.10319202227407409,0.9799915675054791
104.486625,5.054061626499378,-0.10336498862062093,0.9799580301700103
104.486625,5.053880599701036,-0.10354601541896269,0.9799229299520429
104.31522321428571,5.05397824214805,-0.10344837297194864,0.9799418623488176
104.14599107142857,5.053954683858779,-0.10347193126121912,0.9799372945108185
103.97314285714285,5.0536639260658776,-0.103762689054121,0.9798809179853533
103.8039107142857,5.053463682204682,-0.10396293291531666,0.9798420916721279
103.63540178571428,5.053119608059205,-0.10430700706079321,0.9797753773645568
103.46761607142857,5.052947571519002,-0.10447904360099614,0.9797420203140272
103.29838392857143,5.052948811260795,-0.10447780385920336,0.9797422606939464
103.129875,5.0527147791103975,-0.1047118360096011,0.9796968829953647
103.129875,5.05248105689545,-0.10494555822454821,0.9796515653917635
102.96136607142857,5.052463698380213,-0.10496291673978586,0.9796481996598717
102.79285714285714,5.05231862941921,-0.10510798570078883,0.9796200714921189
102.62434821428572,5.052043370528857,-0.10538324459114179,0.9795667001286669
102.45583928571429,5.051827316764593,-0.10559929835540594,0.9795248083519364
102.28660714285715,5.051703946480172,-0.10572266863982627,0.9795008874523042
102.11882142857142,5.051681008061798,-0.1057456070582008,0.9794964398042646
101.94958928571428,5.051649080450357,-0.10577753466964168,0.9794902491952994
101.78108035714286,5.051378781592244,-0.1060478335277546,0.9794378395580357
101.78108035714286,5.051062915832832,-0.10636369928716682,0.9793765947196726
101.61112499999999,5.0510126998998075,-0.10641391522019106,0.9793668580938761
101.43900000000001,5.051078104799932,-0.10634851032006676,0.9793795397867058
101.27049107142858,5.050796026264648,-0.10663058885535026,0.9793248461271864
101.10198214285714,5.050464661602687,-0.10696195351731141,0.9792605961268103
100.93347321428571,5.050335401479681,-0.10709121364031748,0.9792355332160503
100.76496428571429,5.050409175701975,-0.10701743941802366,0.9792498376798457
100.59645535714286,5.050350280511334,-0.1070763346086645,0.9792384181881039
100.4272232142857,5.050012716075338,-0.10741389904466025,0.97917296608162
100.4272232142857,5.049546822387752,-0.10787979273224657,0.9790826315558274
100.254375,5.049243355111335,-0.10818326000866385,0.9790237907231674
100.08514285714284,5.049058299152169,-0.10836831596782925,0.9789879092704632
99.91735714285714,5.048985144800771,-0.10844147031922713,0.9789737249966273
99.74812499999999,5.049079068022406,-0.10834754709759231,0.9789919362536443
99.57961607142856,5.049159042018734,-0.10826757310126478,0.9790074428235475
99.41110714285713,5.048676098686288,-0.10875051643371059,0.9789138024543311
99.2425982142857,5.048742433392756,-0.10868418172724237,0.9789266644321
99.07408928571428,5.049469637810459,-0.10795697730953968,0.9790676658407426
99.07408928571428,5.049866407372543,-0.10756020774745512,0.9791445975339481
98.90558035714285,5.049713279024818,-0.10771333609518052,0.9791149066902091
98.73707142857143,5.049389663814131,-0.10803695130586721,0.9790521592708394
98.5685625,5.049066358538892,-0.10836025658110682,0.9789894719464495
98.39933035714286,5.048522350467667,-0.10890426465233194,0.9788839914206325
98.23082142857143,5.048601394657651,-0.10882522046234744,0.9788993177055966
98.06231249999999,5.048329235121779,-0.10909737999821978,0.9788465472919421
97.88801785714286,5.04795168475269,-0.10947493036730815,0.9787733421070188
97.72023214285714,5.047881319820325,-0.10954529529967338,0.9787596986880007
97.72023214285714,5.04795850333255,-0.10946811178744831,0.9787746641965741
97.551,5.048022358555432,-0.10940425656456654,0.9787870454145045
97.38321428571429,5.047726331859913,-0.10970028326008574,0.9787296472743833
97.21470535714285,5.047685415055403,-0.10974120006459565,0.9787217137044921
97.04619642857142,5.047643567379481,-0.1097830477405175,0.9787135996431501
96.872625,5.0474699811620365,-0.10995663395796207,0.9786799421177215
96.70339285714286,5.0475632834477056,-0.10986333167229301,0.9786980329782673
96.53054464285714,5.047522986514094,-0.1099036286059043,0.978690219598336
96.36203571428571,5.04753197677223,-0.10989463834776814,0.9786919627657734
96.36203571428571,5.047381017972643,-0.11004559714735596,0.9786626925868929
96.19280357142857,5.047360559037853,-0.11006605608214581,0.9786587256986913
96.02501785714286,5.046857777706586,-0.11056883741341217,0.9785612388377455
95.85650892857143,5.046726038099994,-0.11070057702000469,0.978535695167147
95.68727678571429,5.047152565725383,-0.11027404939461594,0.9786183968044594
95.51876785714285,5.047284925202871,-0.11014168991712747,0.9786440606650174
95.35025892857142,5.04714295559635,-0.11028365952364894,0.9786165334470623
95.18175,5.047012765666999,-0.11041384945299981,0.9785912902513629
95.01324107142857,5.046784003484292,-0.11064261163570688,0.9785469343739499
94.84473214285714,5.047038804504925,-0.11038781061507397,0.9785963390557123
94.84473214285714,5.046799192451391,-0.1106274226686077,0.9785498794409828
94.6755,5.0463233786993245,-0.1111032364206741,0.9784576214628138
94.50699107142857,5.046316868989842,-0.11110974613015667,0.9784563592617262
94.33848214285715,5.04635282682718,-0.11107378829281878,0.9784633313119406
94.16997321428572,5.04615816180405,-0.11126845331594826,0.9784255867083512
94.00074107142858,5.046213647704763,-0.11121296741523512,0.9784363451553159
93.83223214285715,5.046093996645719,-0.11133261847427978,0.9784131453954407
93.66372321428572,5.045760152500174,-0.11166646261982471,0.9783484146352267
93.4952142857143,5.045714275663424,-0.11171233945657466,0.9783395193391471
93.4952142857143,5.045081614338253,-0.1123450007817457,0.9782168493774813
93.32670535714284,5.044843861897409,-0.11258275322258982,0.9781707503326307
93.15819642857142,5.044862461219508,-0.11256415390049046,0.9781743566509532
92.98968749999999,5.04493499570001,-0.11249161941998853,0.9781884207348297
92.82117857142856,5.045341374326058,-0.11208524079394078,0.9782672155789205
92.65266964285713,5.045433126934486,-0.11199348818551247,0.9782850059645674
92.48416071428571,5.045912040041036,-0.11151457507896279,0.9783778648925345
92.31565178571428,5.046440550274782,-0.11098606484521678,0.9784803404628503
92.14641964285714,5.046804462419081,-0.11062215270091791,0.9785509012621513
92.14641964285714,5.0469613099921835,-0.11046530512781505,0.9785813132456477
91.9728482142857,5.046443649629262,-0.11098296549073616,0.978480941412648
91.80433928571428,5.04623100622,-0.11119560889999835,0.9784397108872074
91.63655357142856,5.046704339423413,-0.11072227569658555,0.9785314878990267
91.46732142857142,5.0471789134336875,-0.11024770168631104,0.9786235054972768
91.2988125,5.04699416740997,-0.11043244771002847,0.9785876841395524
91.13030357142857,5.04690117505975,-0.11052544006024867,0.9785696533739866
90.96179464285714,5.046772844743088,-0.11065377037691082,0.9785447707481658
90.79328571428572,5.046737506776646,-0.11068910834335277,0.9785379188879109
90.79328571428572,5.046972158797939,-0.11045445632205997,0.9785834167764518
90.62477678571429,5.046890945059819,-0.11053567006017939,0.9785676698266297
90.45626785714285,5.046983008668765,-0.1104436064512333,0.9785855205137681
90.28775892857142,5.047771277825246,-0.10965533729475219,0.9787383620790112
90.11852678571428,5.047698433409296,-0.10972818171070298,0.9787242379001548
89.94495535714286,5.047030125247306,-0.11039648987269235,0.9785946561897665
89.77716964285715,5.046382584890485,-0.1110440302295137,0.9784691012560476
89.60866071428572,5.047592421640114,-0.10983419347988477,0.9787036827324146
89.43942857142856,5.045998833682293,-0.1114277814377056,0.9783946937585047
89.43942857142856,5.045686998148775,-0.11173961697122348,0.9783342303613904
89.27091964285714,5.046336708053736,-0.11108990706626276,0.9784602059599683
89.10241071428571,5.0461048454514765,-0.11132176966852203,0.9784152489262454
88.93390178571428,5.0463962231152735,-0.11103039200472509,0.9784717456416698
88.76466964285714,5.046465038370397,-0.1109615767496015,0.9784850885857889
88.59688392857143,5.0450568163071905,-0.11236979881280806,0.9782120411595632
88.428375,5.044103639125813,-0.11332297599418517,0.9780272247283254
88.25914285714286,5.045153838883306,-0.11227277623669263,0.9782308533663778
88.09063392857144,5.046061449163382,-0.11136516595661661,0.978406834596516
87.92140178571428,5.046522693819245,-0.11090392130075344,0.9784962676976117
87.92140178571428,5.046727277841787,-0.1106993372782119,0.9785359355470662
87.75361607142858,5.047121567920286,-0.1103050471997129,0.9786123864804335
87.58004464285715,5.0470078066998285,-0.11041880842017004,0.9785903287316865
87.41153571428572,5.046874206415478,-0.11055240870452021,0.9785644242846977
87.24302678571429,5.047032604730893,-0.1103940103891059,0.978595136949605
87.07379464285714,5.046962239798528,-0.11046437532147024,0.9785814935305871
86.90600892857144,5.047169924240619,-0.11025669087937917,0.9786217625363509
86.73677678571428,5.047115988017149,-0.11031062710284978,0.9786113045642855
86.56899107142856,5.047976481718684,-0.10945013340131471,0.9787781501184253
86.56899107142856,5.047729741149841,-0.10969687397015715,0.9787303083191606
86.39975892857143,5.047344750199857,-0.11008186492014183,0.9786556604416987
86.23124999999999,5.0474544822594885,-0.10997213286051011,0.9786769369557086
86.06274107142856,5.0478125045652025,-0.10961411055479608,0.9787463557438818
85.89423214285713,5.04762682873514,-0.10979978638485832,0.9787103541012181
85.725,5.0477852270505545,-0.10964138806944401,0.9787410667661254
85.55649107142857,5.047965942848376,-0.1094606722716227,0.9787761066826007
85.38870535714285,5.048047466521944,-0.10937914859805442,0.9787919137274027
85.21947321428571,5.048430907794687,-0.10899570732531139,0.9788662611299657
85.21947321428571,5.048573806142483,-0.10885280897751581,0.978893968426348
85.05096428571429,5.048816517550498,-0.10861009756950057,0.9789410289908752
84.88245535714286,5.048688498234355,-0.10873811688564317,0.9789162066665464
84.71394642857143,5.048489493049881,-0.10893712207011763,0.978877620526728
84.54471428571429,5.048428427246032,-0.10899818787396676,0.9788657801636155
84.37620535714285,5.048357443507841,-0.10906917161215723,0.9788520167611499
84.20841964285714,5.0485555178209,-0.10887109729909827,0.9788904224095168
84.0391875,5.048889361966448,-0.10853725315355067,0.9789551531697315
83.87067857142857,5.049075967602855,-0.10835064751714363,0.9789913350973346
83.87067857142857,5.049403613039438,-0.10802300208056081,0.9790548639579533
83.69710714285715,5.049132693245359,-0.10829392187463949,0.9790023339242182
83.52859821428572,5.049345027784244,-0.10808158733575457,0.9790435045611909
83.36008928571428,5.049796042440179,-0.10763057267981946,0.9791309541149302
83.19158035714285,5.04995815998097,-0.10746845513902858,0.9791623879195946
83.02307142857143,5.049906084435258,-0.10752053068474066,0.9791522907239197
82.8545625,5.04955922087075,-0.10786739424924896,0.9790850355615309
82.68533035714285,5.049650663543727,-0.10777595157627129,0.9791027658521975
82.51682142857142,5.049811231407278,-0.10761538371272028,0.9791338991819631
82.34903571428572,5.050017056236682,-0.10740955888331616,0.9791738076178488
82.34903571428572,5.0501525150686515,-0.10727410005134708,0.9792000724282044
82.17980357142856,5.050222880001016,-0.10720373511898273,0.9792137158472223
82.01129464285714,5.050732790912662,-0.10669382420733697,0.9793125850992154
81.84278571428571,5.050886229195835,-0.1065403859241636,0.9793423360379342
81.67427678571428,5.050999060609949,-0.10642755451004948,0.9793642135017421
81.50504464285714,5.051136070184229,-0.10629054493576984,0.9793907789935085
81.33725892857143,5.0511419600228145,-0.1062846550971841,0.9793919210046363
81.16875,5.05151486136018,-0.10591175375981887,0.9794642247648627
80.99951785714286,5.051644741354083,-0.10578187376591597,0.9794894078655825
80.99951785714286,5.051863584537379,-0.10556303058261918,0.9795318404971307
80.83173214285713,5.052155582072073,-0.1052710330479254,0.9795884574025149
80.6625,5.052406972737706,-0.10501964238229267,0.9796372008329877
80.49326785714285,5.052622096695627,-0.10480451842437155,0.979678912324779
80.32548214285714,5.052781733687762,-0.10464488143223694,0.9797098651630931
80.15697321428571,5.052735857916082,-0.10469075720391618,0.9797009700735256
79.98340178571428,5.052793513364932,-0.10463310175506635,0.9797121491853488
79.81489285714285,5.053161144734609,-0.10426547038538914,0.9797834311244071
79.64638392857142,5.053839682896529,-0.10358693222346993,0.9799149963821522
79.64638392857142,5.054178487074316,-0.10324812804568229,0.979980688868555
79.47715178571428,5.053839682896529,-0.10358693222346993,0.9799149963821522
79.30936607142857,5.053640367776607,-0.10378624734339148,0.9798763501473541
79.14013392857143,5.053974522922672,-0.10345209219732698,0.9799411412090602
78.971625,5.054181896364246,-0.1032447187557528,0.9799813499133326
78.80311607142858,5.053955613665124,-0.10347100145487431,0.9799374747957579
78.63460714285715,5.054021638436144,-0.10340497668385495,0.9799502766785468
78.46609821428571,5.054317046325838,-0.103109568794161,0.9800075548352205
78.29686607142857,5.0545148107034485,-0.10291180441655001,0.9800459003886077
78.29686607142857,5.05479378988425,-0.1026328252357489,0.9800999930983292
78.12908035714285,5.054892052202159,-0.1025345629178398,0.9801190456850633
77.9598482142857,5.055335318471888,-0.10209129664811023,0.9802049928643076
77.7920625,5.055524093656433,-0.1019025214635656,0.9802415954567694
77.62283035714285,5.055391424243497,-0.10203519087650115,0.9802158715012318
77.45432142857142,5.0555628409128035,-0.10186377420719506,0.9802491083618017
77.28581249999999,5.055945041378685,-0.10148157374131372,0.9803232151779337
77.11730357142856,5.0555262632045705,-0.10190035191542801,0.9802420161216279
76.94807142857142,5.055393283856186,-0.10203333126381242,0.9802162320711104
76.7795625,5.055881186155802,-0.10154542896419638,0.9803108339600032
76.7795625,5.056383657551623,-0.10104295756837534,0.9804082607259698
76.60599107142856,5.0569059680113355,-0.10052064710866304,0.9805095341901778
76.43748214285714,5.05713876041994,-0.10028785470005896,0.9805546715088401
76.26969642857142,5.057210675029545,-0.10021594009045387,0.980568615402757
76.10046428571428,5.057545758916884,-0.09988085620311438,0.9806335865428906
75.93195535714285,5.057739804069117,-0.09968681105088173,0.9806712109565203
75.76344642857143,5.057784751099522,-0.09964186402047659,0.9806799259676605
75.5949375,5.058172840338918,-0.09925377478108022,0.9807551745884084
75.42642857142857,5.058601537512444,-0.09882507760755477,0.9808382968905791
75.42642857142857,5.058778534084887,-0.0986480810351118,0.980872615667297
75.25791964285715,5.058975369721225,-0.09845124539877315,0.9809107811422573
75.08941071428572,5.059209091936173,-0.09821752318382515,0.9809560987458588
74.92017857142856,5.059651427334488,-0.0977751877855102,0.9810418654336519
74.75166964285714,5.05988979964623,-0.09753681547376836,0.9810880846684623
74.58388392857142,5.059930716450738,-0.09749589866926023,0.9810960182383532
74.41465178571428,5.060094693604219,-0.09733192151577974,0.9811278126128965
74.24541964285714,5.060511922101092,-0.0969146930189062,0.9812087111943034
74.07763392857143,5.060897221921455,-0.09652939319854337,0.9812834189602333
74.07763392857143,5.061380165253901,-0.09604644986609756,0.9813770593294495
73.909125,5.0619018547776475,-0.09552476034235102,0.9814782123971862
73.73989285714286,5.062261427825672,-0.09516518729432644,0.9815479318667703
73.57210714285715,5.062594652100323,-0.09483196301967567,0.9816125424370252
73.40359821428571,5.062904937956599,-0.09452167716339943,0.9816727053592404
73.23436607142857,5.063204994878015,-0.09422162024198322,0.9817308849406109
73.06585714285714,5.063399040030247,-0.09402757508975146,0.9817685093542404
72.8973482142857,5.06359525579569,-0.09383135932430875,0.9818065546392413
72.72811607142856,5.064192269218969,-0.09323434590102941,0.981922312645672
72.72811607142856,5.064467528109322,-0.09295908701067646,0.981975684009124
72.55960714285713,5.0643082010526355,-0.0931184140673631,0.9819447912657897
72.39182142857142,5.064581909200678,-0.0928447059193207,0.981997861947831
72.22258928571428,5.065039744566611,-0.0923868705533879,0.982086634004149
72.04974107142857,5.065371109228572,-0.09205550589142675,0.982150884004525
71.88123214285713,5.065653187763855,-0.09177342735614324,0.9822055776640444
71.7127232142857,5.065913877558004,-0.0915127375619944,0.9822561241504228
71.54349107142856,5.066103583613963,-0.09132303150603516,0.9822929072343358
71.37498214285714,5.0663118868618815,-0.09111472825811706,0.9823332962235475
71.37498214285714,5.0666897482314885,-0.09073686688851001,0.9824065617099627
71.20647321428571,5.06675887342206,-0.09066774169793845,0.9824199647490615
71.03796428571428,5.066978646411701,-0.09044796870829774,0.9824625776655489
70.86945535714285,5.067357436522582,-0.09006917859741659,0.9825360232303915
70.70094642857143,5.067845339887269,-0.08958127523272985,0.9826306253257963
70.53171428571429,5.067968090300793,-0.08945852481920546,0.9826544260354688
70.36320535714286,5.068241179643009,-0.0891854354769892,0.9827073767340625
70.19469642857143,5.068539686887184,-0.08888692823281463,0.9827652558405339
70.0261875,5.068918786933514,-0.08850782818648462,0.9828387615003562
69.85767857142856,5.0691181020534355,-0.08830851306656307,0.9828774077351543
69.85767857142856,5.069353683881073,-0.08807293123892546,0.9829230859086346
69.68772321428571,5.069853985728757,-0.087572629391242,0.9830200920097426
69.52066071428571,5.070252304968082,-0.08717431015191668,0.9830973241778471
69.35215178571428,5.0704153523152184,-0.08701126280478011,0.9831289382674511
69.18364285714286,5.07069774078595,-0.08672887433404863,0.9831836920219502
69.01441071428572,5.071012056868122,-0.08641455825187627,0.9832446363854146
68.84517857142858,5.071459662234126,-0.08596695288587242,0.9833314248943759
68.67739285714286,5.071688115546456,-0.08573849957354263,0.9833757208833213
68.50888392857144,5.071593262518475,-0.08583335260152314,0.9833573293413645
68.50888392857144,5.0719447751147095,-0.08548184000528902,0.9834254859284508
68.34037500000001,5.07227800045443,-0.08514861466556845,0.9834900967052176
68.17186607142857,5.072876253619504,-0.08455036150049455,0.9836060950915678
67.99757142857143,5.073494966784437,-0.08393164833556188,0.9837260605726313
67.82978571428572,5.07398503969726,-0.08344157542273845,0.9838210833328945
67.66127678571429,5.0743523611314885,-0.0830742539885101,0.983892305176973
67.49204464285715,5.074728051887888,-0.08269856323211044,0.9839651497920177
67.32425892857142,5.074862891914031,-0.0825637232059675,0.9839912946189256
67.15502678571428,5.075111493160632,-0.08231512195936652,0.9840394971945807
67.15502678571428,5.075527790786092,-0.08189882433390672,0.9841202152845366
66.98651785714286,5.075910611122869,-0.08151600399712944,0.9841944422906281
66.81800892857142,5.076449660226922,-0.08097695489307632,0.9842989612967683
66.64949999999999,5.076944692106918,-0.08048192301308088,0.9843949455767083
66.48099107142856,5.077294655025908,-0.08013196009409018,0.984462801688895
66.31248214285714,5.077663837137896,-0.0797627779821024,0.9845343843093642
66.13891071428571,5.078102453310833,-0.0793241618091658,0.9846194298573999
65.96967857142857,5.078481244486785,-0.07894537063321394,0.9846928756287544
65.80116964285713,5.0788290378576395,-0.07859757726235905,0.984760311076083
65.80116964285713,5.07922642729062,-0.07820018782937854,0.9848373629592481
65.63338392857142,5.079713709719341,-0.07771290540065756,0.9849318446581814
65.46415178571428,5.080196962987235,-0.07722965213276378,0.9850255451223775
65.29564285714285,5.080695715157677,-0.07673089996232196,0.9851222507485864
65.12279464285713,5.081120382105307,-0.07630623301469175,0.9852045916095082
64.9542857142857,5.081309778225817,-0.07611683689418136,0.9852413145984414
64.78505357142856,5.081352554643015,-0.07607406047698362,0.9852496087382111
64.61654464285714,5.081598675340959,-0.07582793977903979,0.9852973303475157
64.4473125,5.082037602514416,-0.07538901260558273,0.9853824361970435
64.4473125,5.0827660466739095,-0.07466056844608904,0.9855236779856048
64.27952678571428,5.083328343066716,-0.07409827205328234,0.9856327045282527
64.11101785714285,5.083899939653107,-0.07352667546689151,0.9857435343333177
63.94250892857143,5.0842037157999025,-0.07322289932009607,0.9858024350544458
63.76821428571428,5.084593975652506,-0.0728326394674923,0.9858781045465641
63.600428571428566,5.08500283482721,-0.07242378029278829,0.9859573803570052
63.43191964285714,5.085231287074469,-0.0721953280455292,0.9860016761394385
63.26341071428571,5.085526694964162,-0.07189992015583613,0.986058954296112
63.09417857142857,5.085932143783866,-0.07149447133613229,0.9861375688552635
63.09417857142857,5.086447013662684,-0.07097960145731452,0.9862373996269334
62.925669642857144,5.086930886801474,-0.0704957283185248,0.9863312202810889
62.75716071428572,5.087365163878136,-0.07006145124186247,0.9864154244994076
62.58865178571428,5.08779262130987,-0.06963399381012891,0.9864983064216594
62.41941964285714,5.088190630613748,-0.06923598450625068,0.9865754784947842
62.25163392857143,5.088527575178847,-0.06889903994115176,0.9866408104113085
62.083124999999995,5.088997499092329,-0.06842911602766932,0.9867319263783499
61.91389285714285,5.089509579552113,-0.06791703556788597,0.9868312162952015
61.74538392857142,5.089884030566719,-0.06754258455328,0.9869038205303269
61.74538392857142,5.090111553007635,-0.06731506211236393,0.9869479360278212
61.5718125,5.090410990058155,-0.06701562506184366,0.9870059954192321
61.40330357142857,5.090774902202455,-0.0666517129175439,0.9870765562185332
61.234794642857146,5.091269934082448,-0.06615668103755024,0.9871725404984728
61.066285714285705,5.091864779022662,-0.0655618360973369,0.9872878780465573
60.89777678571428,5.092406617545749,-0.06501999757424937,0.9873929379075156
60.72926785714285,5.093069036934225,-0.06435757818577326,0.9875213778132884
60.560758928571424,5.093684029808709,-0.06374258531128962,0.9876406219480824
60.39080357142857,5.094246636136964,-0.06317997898303496,0.9877497085857101
60.22374107142857,5.094679363536386,-0.0627472515836125,0.98783361232913
60.22374107142857,5.095044825357926,-0.06238178976207287,0.9879044736033299
60.053785714285716,5.095416177018052,-0.06201043810194662,0.9879764768886579
59.886,5.095869052351746,-0.06155756276825297,0.9880642872187876
59.717491071428576,5.096304879105649,-0.06112173601434989,0.9881487919120052
59.548258928571435,5.096657321508226,-0.060769293611772746,0.9882171287840305
59.380473214285715,5.097032393458798,-0.06039422166120012,0.9882898534156274
59.21196428571429,5.0975153357261735,-0.05991127939382501,0.9883834935783316
59.03839285714286,5.098083521957565,-0.05934309316243347,0.9884936621321072
58.869883928571426,5.098512839001989,-0.05891377611800941,0.988576904624238
58.869883928571426,5.098879851565839,-0.05854676355415922,0.9886480665798486
58.70065178571428,5.099200676292423,-0.058225938827575874,0.9887102729378882
58.53214285714285,5.099528321729007,-0.057898293390991284,0.9887738017985072
58.363633928571424,5.099973137675977,-0.05745347744402185,0.9888600494526503
58.195125,5.100545044197817,-0.05688157092218127,0.9889709393526954
58.02661607142857,5.1011671655876105,-0.05625944953238804,0.9890915656720248
57.858107142857136,5.101694436079564,-0.055732179040434815,0.9891938008624214
57.688874999999996,5.102399321949786,-0.05502729317021249,0.9893304748129834
57.52108928571428,5.102919771731742,-0.054506843388256954,0.9894313875008014
57.52108928571428,5.103434022804732,-0.05399259231526621,0.9895310982890234
57.35185714285714,5.103929674555623,-0.053496940564375706,0.9896272027589227
57.18407142857143,5.104295136377162,-0.05313147874283697,0.9896980640331223
57.01483928571429,5.104761960936163,-0.05266465418383515,0.9897885790503662
56.84633035714286,5.105232194785094,-0.052194420334904734,0.9898797551123875
56.67782142857143,5.1054262399373265,-0.05200037518267209,0.9899173795260173
56.5093125,5.105658411409965,-0.05176820371003377,0.9899623964482083
56.34080357142857,5.106132365549343,-0.051294249570655204,0.9900542938564989
56.172294642857146,5.106451020727789,-0.050975594392209445,0.99011607954968
56.00378571428572,5.106949462962784,-0.05047715215721471,0.9902127250809093
56.00378571428572,5.1075328381612755,-0.0498937769587231,0.9903258387017181
55.83455357142857,5.107933637949258,-0.04949297717074064,0.990403551836173
55.66676785714285,5.108286390287282,-0.049140224832716406,0.9904719488031779
55.49753571428571,5.108667660946819,-0.04875895417317988,0.9905458753343706
55.32830357142857,5.109247006984485,-0.048179608135513696,0.9906582077204422
55.16051785714286,5.109858279568521,-0.047568335551477325,0.9907767305089671
54.99200892857143,5.110332233707901,-0.047094381412097874,0.9908686279172579
54.8235,5.1107742602358375,-0.046652354884161085,0.9909543347165831
54.65499107142857,5.1113086592430985,-0.04611795587690004,0.9910579520915147
54.65499107142857,5.11188025476442,-0.04554636035557813,0.9911687816900681
54.48648214285714,5.112209759813692,-0.04521685530630659,0.9912326711205653
54.3121875,5.112506717380627,-0.04491989773937188,0.991290249752138
54.14440178571429,5.1128498606546895,-0.044576754465309065,0.991356783568258
53.97589285714286,5.113341173309306,-0.04408544181069285,0.9914520467084402
53.80666071428572,5.113653628713719,-0.04377298640627991,0.9915126302955138
53.63815178571428,5.1141787285924645,-0.043247886527534085,0.9916144446145401
53.46964285714285,5.114723357599657,-0.04270325752034143,0.9917200455368287
53.301133928571424,5.11523357844675,-0.042193036673248585,0.9918189748838012
53.301133928571424,5.115648636330418,-0.04177797878958067,0.991899452593838
53.132625,5.116072373471703,-0.041354241648295265,0.9919816131698206
52.96339285714286,5.116331823524059,-0.041094791595939206,0.9920319192762798
52.79488392857143,5.116582594318797,-0.04084402080120153,0.9920805425167933
52.626374999999996,5.116843905048913,-0.04058271007108516,0.9921312093996434
52.45786607142857,5.117223626031208,-0.040202989088790275,0.992204835455937
52.28935714285714,5.1177251676206845,-0.039701447499314035,0.9923020819369641
52.120848214285715,5.118103957731566,-0.03932265738843288,0.9923755275018067
51.951616071428575,5.118576982064599,-0.038849633055399124,0.9924672446251579
51.951616071428575,5.118911136145594,-0.03851547897440444,0.992532035480352
51.78310714285715,5.119286208096168,-0.038140407023830925,0.9926047601119491
51.610258928571426,5.119900580034686,-0.03752603508531216,0.9927238838502719
51.44175,5.120383213431684,-0.037043401688314326,0.9928174641245084
51.27324107142857,5.1209318715997005,-0.03649474352029802,0.9929238462815337
51.10400892857143,5.121454180994343,-0.03597243412565554,0.99302511953923
50.935500000000005,5.12170681246684,-0.03571980265315844,0.9930741035561342
50.76699107142858,5.1222858475039885,-0.03514076761601004,0.9931863756407143
50.59848214285714,5.122811877189078,-0.03461473793092029,0.9932883702446796
50.59848214285714,5.123020491437516,-0.03440612368248264,0.9933288195353833
50.429249999999996,5.123419740483186,-0.03400687463681251,0.9934062319884271
50.26146428571428,5.123802871820483,-0.033623743299515674,0.9934805192960107
50.092955357142856,5.124092698741969,-0.033333916378029294,0.9935367153300244
49.923,5.124533485528113,-0.032893129591885284,0.9936221817494305
49.755937499999995,5.125034717182141,-0.032391897937857905,0.9937193681354777
49.586705357142854,5.125473333355078,-0.031953281764920405,0.9938044136835136
49.413133928571426,5.125871962529852,-0.031554652590146226,0.993881705946598
49.24028571428572,5.126211696513985,-0.031214918606013775,0.9939475787179403
49.24028571428572,5.126499664887852,-0.03092695023214631,0.9940034143885872
49.07105357142857,5.126876285450597,-0.030550329669401854,0.9940764392885713
48.90326785714285,5.127315832494949,-0.030110782625049737,0.9941616653280584
48.73403571428571,5.127798464826875,-0.02962815029312349,0.9942552453957827
48.56552678571428,5.1281385087464555,-0.029288106373543066,0.9943211782621048
48.397017857142856,5.128611843014939,-0.02881477210505956,0.9944129554804361
48.22850892857143,5.129104395411348,-0.028322219708650564,0.9945084590005375
48.06,5.129444129395479,-0.02798248572451989,0.9945743317718795
47.89149107142857,5.129883055503864,-0.027543559616134417,0.994659437414895
47.72298214285714,5.13039327635096,-0.027033338769038906,0.9947583667618681
47.72298214285714,5.1307729973332545,-0.02665361778674402,0.9948319928181617
47.54941071428571,5.131047016481815,-0.026379598638183843,0.9948851238016947
47.380901785714286,5.131555997587117,-0.025870617532882,0.9949838127687484
47.21239285714286,5.131985624566989,-0.025440990553009968,0.9950671153558589
47.04316071428572,5.13229653029416,-0.025130084825838672,0.9951273984680334
46.875375,5.13284301891404,-0.02458359620595818,0.9952333599602006
46.70614285714285,5.133374007566301,-0.024052607553697314,0.9953363160838425
46.537633928571424,5.133847031899337,-0.02357958322066178,0.9954280332071941
46.369125,5.1339115069931145,-0.023515108126884066,0.995440534615084
46.369125,5.134191414915191,-0.02323520020480796,0.9954948074032329
46.20061607142857,5.134512860577741,-0.02291375454225797,0.9955571341577442
46.03210714285714,5.134729844148348,-0.022696770971650793,0.9955992062194137
45.862875,5.135074537099651,-0.02235207802034722,0.9956660405104325
45.69508928571428,5.135574838947334,-0.02185177617266465,0.9957630466115404
45.526580357142855,5.135906203609296,-0.02152041151070261,0.9958272966119166
45.357348214285715,5.136120087825421,-0.021306527294577826,0.9958687677237882
45.18883928571429,5.136397206328462,-0.02102940879153614,0.9959224996571189
45.02033035714286,5.136738489989836,-0.020688125130162938,0.99598867290336
45.02033035714286,5.137128439906991,-0.02029817521300714,0.9960642823004986
44.85182142857143,5.137440896376475,-0.019985718743523506,0.9961248660940843
44.6833125,5.137846965067074,-0.019579650052924613,0.9962036008431951
44.51408035714285,5.138240635274678,-0.019185979845320666,0.996279931586603
44.34050892857143,5.138540072325197,-0.018886542794801287,0.9963379909780138
44.172000000000004,5.138797972700314,-0.018628642419684205,0.9963879966095744
44.00421428571428,5.139288044548066,-0.018138570571932355,0.9964830191633255
43.834982142857136,5.139803845298299,-0.01762276982169997,0.9965830304264465
43.66647321428571,5.140182636474249,-0.01724397864574989,0.9966564761978007
43.66647321428571,5.140614742937706,-0.016811872182292298,0.9967402595447495
43.49796428571428,5.141091486496118,-0.016335128623880202,0.9968326978078582
43.329455357142855,5.141496935315821,-0.015929679804177255,0.9969113123670095
43.160223214285715,5.141807221172097,-0.015619393947901905,0.9969714752892246
42.99171428571429,5.141975228551474,-0.015451386568524406,0.997004051105017
42.823205357142854,5.142261957183551,-0.015164657936447945,0.9970596463957452
42.65469642857143,5.14269654313059,-0.014730071989408344,0.9971439105025316
42.484741071428566,5.143035657243827,-0.01439095787617184,0.9972096630839143
42.313339285714285,5.1431032327571575,-0.01432338236284103,0.9972227656481143
42.313339285714285,5.143286118103116,-0.014140497016882136,0.9972582262294482
42.14483035714286,5.143667698698101,-0.013758916421897638,0.9973322128556206
41.976321428571424,5.144054239325326,-0.013372375794672209,0.9974071612079815
41.807089285714284,5.14422100696291,-0.013205608157088378,0.9974394966438546
41.63424107142857,5.144477046660267,-0.012949568459731609,0.9974891414990245
41.46500892857143,5.1448893151249,-0.012537299995098117,0.997569078354243
41.2965,5.145157754370324,-0.012268860749674815,0.997621127421628
41.127991071428575,5.145424643938506,-0.012001971181492266,0.997672876014114
40.95875892857142,5.145531276643657,-0.011895338476341166,0.9976935515783264
40.95875892857142,5.145829473952384,-0.011597141167614566,0.9977513705898179
40.78591071428571,5.146055755586437,-0.011370859533561983,0.997795245500881
40.617401785714286,5.146213843966402,-0.011212771153596535,0.9978258980708083
40.44889285714286,5.146484762695411,-0.010941852424587672,0.9978784278980316
40.28038392857143,5.146969875575993,-0.010456739544005167,0.9979724889321063
40.111875,5.1473170490759514,-0.010109566044047114,0.9980398041894752
39.94264285714285,5.147672281962632,-0.009754333157366624,0.9981086821228304
39.77413392857142,5.147932351885885,-0.009494263234113731,0.9981591084192494
39.605624999999996,5.148146855972907,-0.009279759147091227,0.9982006997210807
39.605624999999996,5.148343690544173,-0.009082924575825935,0.9982388649895284
39.436392857142856,5.148676604883375,-0.00875001023662314,0.9983034154648035
39.26860714285714,5.149001149900406,-0.008425465219592532,0.9983663431691123
39.09503571428571,5.149264010307764,-0.00816260481223452,0.9984173105268616
38.92580357142857,5.149301517822343,-0.00812509729765587,0.9984245830519749
38.75801785714285,5.149493702296816,-0.007932912823182647,0.998461846689214
38.589508928571426,5.149870943795526,-0.007555671324472435,0.9985349919856694
38.420276785714286,5.150337457354009,-0.007089157765989285,0.9986254467014216
38.25176785714286,5.150618296147499,-0.00680831897249945,0.9986798999810216
38.25176785714286,5.150612406308913,-0.006814208811085187,0.9986787579698937
38.08398214285714,5.150710979627342,-0.006715635492656524,0.9986978708581198
37.91041071428571,5.1509056446504715,-0.006520970469527043,0.9987356154617092
37.74117857142857,5.151086980319189,-0.00633963480080979,0.998770775568144
37.571223214285716,5.151348909855131,-0.006077705264867284,0.9988215624344418
37.39982142857142,5.151555974426327,-0.00587064069367127,0.9988617112502464
37.231312499999994,5.151766758222902,-0.005659856897096915,0.9989025812058083
37.062080357142854,5.151925466473764,-0.005501148646234633,0.9989333539656954
36.89357142857143,5.1521303604317525,-0.005296254688246016,0.9989730819101296
36.89357142857143,5.152298057875682,-0.0051285572443164895,0.9990055976309423
36.7250625,5.152355093453634,-0.005071521666364376,0.9990166565528056
36.55655357142857,5.15254169909004,-0.0048849160299582195,0.9990528384804086
36.38804464285714,5.152828736592495,-0.004597878527503596,0.9991084936596045
36.2188125,5.152842375882354,-0.004584239237644283,0.9991111382517388
36.05030357142857,5.152958616586397,-0.00446799853360158,0.999133676760324
35.88251785714286,5.153104615353744,-0.004321999766254692,0.9991619852130161
35.70894642857143,5.153283472603947,-0.004143142516051412,0.9991966647661248
35.540437499999996,5.153537652688614,-0.0038889624313842575,0.9992459490514158
35.540437499999996,5.153915204122773,-0.003511410997225184,0.9993191544428512
35.371205357142856,5.154237579591668,-0.003189035528330386,0.9993816614823018
35.20269642857143,5.154503538288435,-0.0029230768315633426,0.9994332295833365
35.0341875,5.154772908405274,-0.0026537067147245352,0.9994854591421728
34.864955357142854,5.154846992563016,-0.0025796225569827413,0.999499823700948
34.69716964285715,5.154754619018623,-0.0026719961013759175,0.99948191291883
34.52866071428572,5.154961683589817,-0.00246493153018168,0.9995220617346342
34.36015178571428,5.155213694126349,-0.0022129209936494476,0.9995709253550672
34.19091964285714,5.155479653888186,-0.001946961231812594,0.9996224936626137
34.02241071428571,5.155665019782801,-0.0017615953371974413,0.999658435210298
34.02241071428571,5.155701596425964,-0.001725018694034297,0.9996655272439597
33.853901785714285,5.15582434790456,-0.0016022672154383244,0.9996893281601447
33.68539285714286,5.1560323412170295,-0.0013942739029690898,0.9997296570543764
33.51688392857143,5.156144552760247,-0.0012820623597518122,0.9997514143282247
33.348375,5.156333329009861,-0.0010932861101373703,0.9997880171271982
33.17914285714285,5.1563686659112316,-0.0010579492087670062,0.9997948687809409
33.00629464285714,5.156350687525098,-0.0010759275949006053,0.9997913828590898
32.837785714285715,5.1565348126128505,-0.0008918025071480429,0.999827083820343
32.66927678571429,5.156475917422209,-0.0009506976977897708,0.9998156643286009
32.66927678571429,5.156722039185223,-0.0007045759347752423,0.9998633861444175
32.500767857142854,5.156864317662121,-0.000562297457877392,0.9998909732508401
32.33153571428571,5.157041314234566,-0.00038530088543264895,0.9999252920275583
32.1586875,5.157403986637072,-2.2628482926556615e-05,0.99999561244694
31.990178571428572,5.15762437949761,0.00019776437761187537,1.0000383455533874
31.820946428571432,5.157720782202829,0.00029416708283047655,1.0000570375702424
31.652437500000005,5.157972482803913,0.0005458676839147358,1.0001058410956958
31.483928571428567,5.157866161099281,0.00043954597928230754,1.0000852258329753
31.31541964285714,5.157860581196144,0.00043396607614543115,1.0000841439168273
31.31541964285714,5.1582000052448285,0.0007733901248299091,1.0001499565931897
31.146910714285713,5.1582929986601185,0.0008663835401199194,1.0001679875652676
30.978401785714286,5.158430628105295,0.0010040129852963986,1.0001946732469935
30.80989285714286,5.158446436943291,0.0010198218232924106,1.0001977385039862
30.641383928571432,5.158383821462201,0.0009572063422025323,1.0001855976659748
30.472874999999995,5.158249291371506,0.0008226762515075592,1.0001595129340466
30.303642857142854,5.1579975907704245,0.0005709756504259644,1.000110709408594
30.135133928571427,5.1579142074841675,0.0004875923641689539,1.000094541793913
29.966625,5.158089654379371,0.0006630392593720558,1.0001285600957324
29.966625,5.158315316142526,0.0008887010225278047,1.0001723148168358
29.797392857142857,5.158664660255692,0.0012380451356932554,1.000240050945575
29.629607142857147,5.158797019733179,0.0013704046131808312,1.000265714806133
29.46109821428571,5.158828327473723,0.0014017123537248821,1.0002717852251384
29.292589285714282,5.158762612638153,0.001335997518154386,1.0002590434373293
29.124080357142855,5.158991374820861,0.0015647597008623393,1.0003033993147425
28.952678571428567,5.159031981689921,0.001605366569922495,1.0003112727896537
28.781276785714287,5.158976805724657,0.0015501906046582192,1.000300574437669
28.61276785714286,5.15904376030202,0.0016171451820214955,1.0003135566053971
28.61276785714286,5.159183870295853,0.0017572551758542332,1.0003407232534733
28.444258928571426,5.159181079811749,0.0017544646917500017,1.0003401821921434
28.27575,5.159344127158885,0.0019175120388865707,1.0003717962817473
28.10724107142857,5.159525463892674,0.00209884877267541,1.0004069565946945
27.938008928571428,5.159496635635714,0.002070020515715143,1.0004013669355267
27.7695,5.1596054378890015,0.0021788227690029416,1.0004224631645975
27.600991071428574,5.159497875377507,0.0020712602575088113,1.000401607315446
27.433205357142853,5.159365515900018,0.001938900780019459,1.000375943454888
27.263973214285713,5.159304141225791,0.001877526105792171,1.0003640432033076
27.263973214285713,5.159412942414009,0.0019863272940101595,1.0003851392258665
27.095464285714286,5.159450449928587,0.002023834808588809,1.0003924117509797
26.926232142857142,5.159624036146032,0.002197421026033375,1.0004260692764084
26.756999999999998,5.159761045720311,0.002334430600312132,1.0004526347681746
26.589937500000005,5.159699980981533,0.002273365861534593,1.0004407946115743
26.41636607142857,5.159643254273957,0.002216639153958866,1.0004297955781785
26.247857142857143,5.15972725849618,0.0023006433761816325,1.0004460835893305
26.078625,5.159959740969337,0.0025331258493386244,1.0004911608130134
25.91083928571429,5.160000037902949,0.002573422782950807,1.0004989741929446
25.91083928571429,5.160029794901183,0.002603179781184295,1.0005047439305395
25.741607142857145,5.160107909284822,0.0026812941648231003,1.0005198899305638
25.573821428571424,5.160054282996798,0.0026276678767995776,1.000509492053478
25.40458928571428,5.160140456767159,0.0027138416471608195,1.0005262007294888
25.236080357142853,5.160253908052168,0.002827292932169101,1.0005481983832558
25.067571428571426,5.160166494540015,0.0027398794200168552,1.0005312493273262
24.8990625,5.160003757128327,0.0025771420083282592,1.0004996953327019
24.730553571428572,5.160195632732422,0.002769017612423319,1.0005368990814731
24.561321428571432,5.160283666115473,0.002857050995474175,1.0005539683273628
24.39353571428571,5.1602278702793125,0.0028012551593139534,1.0005431497854185
24.39353571428571,5.16038223836883,0.0029556232488312517,1.0005730810090765
24.224303571428567,5.160383788046071,0.0029571729260720048,1.0005733814839755
24.056517857142858,5.160464691848742,0.003038076728743455,1.0005890683388179
23.887285714285714,5.1603732491757635,0.0029466340557648962,1.0005713380481511
23.718776785714287,5.160389677884656,0.0029630627646577423,1.0005745234951033
23.549544642857146,5.160542186361484,0.0031155712414854264,1.0006040941488825
23.376696428571424,5.160529166942521,0.0031025518225220594,1.0006015697467079
23.208187499999998,5.160464381913293,0.003037766793294594,1.0005890082438378
23.03967857142857,5.1603989770131715,0.002972361893172959,1.0005763265510088
23.03967857142857,5.160354959789111,0.002928344669112626,1.0005677918248082
22.871169642857144,5.160471511493673,0.003044896373674,1.0005903906348852
22.701937500000003,5.16059891200399,0.0031722968839913435,1.0006150929757665
22.534151785714283,5.160526377523489,0.0030997624034903026,1.00060102889189
22.36491964285714,5.160526687458936,0.0031000723389373874,1.0006010889868697
22.19641071428571,5.160497549266529,0.0030709341465300355,1.0005954392327225
22.027901785714285,5.160372939240315,0.002946324120316035,1.000571277953171
21.859392857142858,5.160217020408486,0.0027904052884872854,1.0005410460481021
21.69088392857143,5.1600939600595135,0.0026673449395149262,1.0005171852434498
21.69088392857143,5.160069781899346,0.0026431667793476166,1.0005124972154908
21.52165178571429,5.16007598167338,0.002649366553381327,1.0005136993215986
21.35386607142857,5.160217020408486,0.0027904052884872854,1.0005410460481021
21.184633928571426,5.160319312952291,0.0028926978322925123,1.0005608800760852
21.016125,5.160361159563145,0.0029345444431463363,1.0005689939309157
20.847616071428572,5.160375108788452,0.0029484936684536223,1.0005716986180297
20.679107142857145,5.160374488917555,0.002947873797556788,1.00057157842807
20.509875,5.1604327642373,0.003006149117301682,1.0005828777298524
20.34208928571428,5.160671446484491,0.0032448313644923843,1.0006291570596428
20.173580357142853,5.160673306097179,0.003246690977180222,1.0006295176295212
20.173580357142853,5.160650057743357,0.0032234426233586078,1.000625009886502
20.005071428571426,5.160662456226353,0.0032358411063544423,1.000627413892205
19.8365625,5.160595501648989,0.003168886528990278,1.0006144317244767
19.66733035714286,5.160400836625859,0.002974221505860797,1.0005766871208872
19.498821428571432,5.160207411344523,0.002780796224524096,1.000539182897217
19.330312499999994,5.159995697741604,0.0025690826216058227,1.0004981326567157
19.161803571428567,5.159855278877394,0.0024286637573958103,1.0004709061201715
18.99329464285714,5.15990518487497,0.0024785697549711827,1.0004805826509882
18.8240625,5.159996627547948,0.0025700124279497416,1.000498312941655
18.8240625,5.160029794901183,0.002603179781184295,1.0005047439305395
18.656276785714287,5.160243679117309,0.0028170639973108536,1.0005462150424114
18.48776785714286,5.16041602559296,0.002989410472961751,1.0005796321879206
18.31853571428572,5.160477090331739,0.003050475211740178,1.000591472344521
18.15002678571428,5.16017424399129,0.002747628871291319,1.0005327519083327
17.981517857142855,5.160020495772668,0.0025938806526690783,1.000502940874634
17.813008928571428,5.160124337993714,0.0026977228737150583,1.000523075377516
17.64305357142857,5.160174863862185,0.0027482487421863766,1.000532872098292
17.470928571428566,5.160216090602142,0.0027894754821433665,1.000540865763163
17.470928571428566,5.160264136987028,0.0028375218670291247,1.0005501817241007
17.30241964285714,5.160177654346289,0.002751039226290608,1.0005334131596222
17.13391071428571,5.160185712667941,0.0027590975479423463,1.0005349756290964
16.965401785714285,5.160201831441386,0.0027752163213872194,1.000538100981069
16.796169642857144,5.16021113163497,0.002784516514971358,1.0005399042434862
16.627660714285717,5.160130227832299,0.002703612712300796,1.000524217388644
16.45915178571429,5.160072882318898,0.002646267198899821,1.0005130983718007
16.290642857142863,5.160149445960226,0.002722830840227175,1.0005279436904142
16.12141071428572,5.16006079270628,0.002634177586281261,1.0005107542545655
16.12141071428572,5.159940521776341,0.002513906656342435,1.000487434304731
15.953625000000008,5.159913864132589,0.0024872490125904534,1.000482265516934
15.785116071428563,5.159912314455347,0.002485699335348812,1.000481965042035
15.616607142857136,5.159940211840892,0.002513596720893574,1.000487374209751
15.445928571428563,5.159881936521146,0.002455321401147792,1.0004760749079686
15.273803571428576,5.159770654784275,0.0023440396642762096,1.00045449791906
15.10529464285715,5.159613187340276,0.002186572220277405,1.000423965745604
14.936785714285723,5.159491986603991,0.002065371483992884,1.00040046551083
14.768276785714278,5.159332968417681,0.001906353297682628,1.0003696326559632
14.768276785714278,5.1590980064609395,0.0016713913409409642,1.0003240746724424
14.599044642857136,5.15927748251697,0.0018508673969712675,1.000358874208999
14.426196428571433,5.15952267447364,0.002096059353641877,1.0004064157398764
14.257687500000007,5.159738727172834,0.0023121120528353245,1.0004483073100947
14.08917857142858,5.159673632208158,0.002247017088158998,1.0004356857122447
13.920669642857135,5.159570410923079,0.0021437958030805504,1.0004156716058346
13.752160714285708,5.159533833214844,0.0021072180948458197,1.0004085793656603
13.583651785714281,5.159235016035221,0.0018084009152223857,1.0003506401642093
13.414419642857139,5.158997264659446,0.0015706495394471887,1.0003045413258702
13.414419642857139,5.158866143858681,0.0014395287386825828,1.0002791176387198
13.245910714285712,5.159029812141783,0.0016031970217840197,1.000310852124795
13.078125,5.159180150005405,0.0017535348854060828,1.0003400019072042
12.908892857142858,5.15927748251697,0.0018508673969712675,1.000358874208999
12.74038392857143,5.159404883027285,0.0019782679072868348,1.0003835765498799
12.571875000000004,5.1594761777659945,0.0020495626459959837,1.0003974002538374
12.402642857142862,5.159278102387866,0.0018514872678672134,1.0003589943989584
12.23485714285715,5.159199059262953,0.0017724441429542992,1.0003436683205067
12.066348214285723,5.159432160541935,0.0020055454219365387,1.0003888655276367
11.89711607142858,5.1593769856417415,0.0019503705217429612,1.0003781673821641
11.89711607142858,5.159114125234384,0.0016875101143858373,1.000327200024415
11.728607142857134,5.159122804492003,0.0016961893720042198,1.0003288828903607
11.560098214285707,5.159251134808666,0.0018245196886672588,1.0003537655161818
11.39158928571428,5.1590874675906315,0.0016608524706329675,1.000322031236618
11.222357142857138,5.15863614193418,0.0012095268141818494,1.0002345213813875
11.054571428571426,5.158620023160735,0.001193408040736088,1.0002313960294147
10.8860625,5.1586562909335205,0.0012296758135219577,1.0002384281746088
10.716830357142857,5.158381961849512,0.0009553467295138063,1.0001852370960962
10.549044642857146,5.158208374566998,0.0007817594469994305,1.0001515793641558
10.549044642857146,5.158101742926919,0.0006751278069208055,1.0001309040064557
10.379812500000003,5.158181097052349,0.0007544819323506147,1.0001462903863991
10.211303571428576,5.158298267562738,0.0008716524427390127,1.0001690091799238
10.037732142857141,5.158450466104117,0.0010238509841187238,1.0001985197387233
9.869223214285714,5.158637691611421,0.0012110764914226024,1.0002348218562862
9.700714285714287,5.158718285478645,0.0012916703586460798,1.0002504486161488
9.53220535714286,5.1587347141875375,0.001308099067538926,1.0002536340631012
9.362973214285718,5.158586545872053,0.00115993075205445,1.0002249049455505
9.195187500000007,5.158628702418355,0.001202087298356247,1.0002330788953608
9.195187500000007,5.158485803005489,0.0010591878854908643,1.0002053713924666
9.02667857142858,5.158639862224629,0.0012132471046299997,1.0002352427276566
8.853107142857144,5.158692247705788,0.001265632585789156,1.0002454000183112
8.684598214285717,5.158697207738029,0.0012705926180300864,1.0002463617444997
8.515366071428575,5.158716115930508,0.0012895008105093808,1.0002500279512905
8.347580357142864,5.158730375091263,0.0013037599712646397,1.0002527927333842
8.178348214285721,5.158555238131509,0.001128623011510399,1.000218834526545
8.009839285714294,5.158348173560312,0.0009215584403134969,1.0001786857107402
7.836267857142859,5.158348173560312,0.0009215584403134969,1.0001786857107402
7.836267857142859,5.15830446733677,0.000877852216771835,1.0001702112860313
7.667758928571432,5.158261071048678,0.0008344559286790343,1.0001617969563024
7.499250000000005,5.158077254831303,0.0006506397113046347,1.000126155883517
7.330741071428578,5.158132120861119,0.0007055057411200494,1.000136794140522
7.162232142857151,5.15815226879539,0.0007256536753912357,1.0001407007272316
6.992999999999991,5.158025799156488,0.0005991840364893974,1.0001161788778017
6.824491071428564,5.1580815939275775,0.0006549788075789209,1.000126997213234
6.655982142857137,5.15819628601945,0.0007696708994515689,1.0001492354534323
6.488196428571426,5.158266649886744,0.0008400347667452124,1.0001628786659382
6.488196428571426,5.158160018246664,0.0007334031266656993,1.000142203308238
6.318964285714283,5.1580912040566105,0.0006645889366119206,1.000128860570631
6.150455357142856,5.158181716923245,0.0007551018032465606,1.0001464105763584
5.981946428571429,5.158232552727165,0.0008059376071667401,1.0001562673921145
5.813437500000002,5.1582988874336335,0.0008722723136349586,1.0001691293698833
5.64420535714286,5.158295168208256,0.0008685530882575065,1.000168408230126
5.475696428571433,5.158353753463448,0.0009271383434494851,1.000179767626888
5.3021249999999975,5.158493242521314,0.0010666274013155785,1.000206813878493
5.133616071428571,5.158633972386043,0.0012073572660442622,1.0002341007165287
5.133616071428571,5.158519281359241,0.0010926662392423125,1.0002118626828425
4.963660714285712,5.158440237169258,0.0010136220492595882,1.0001965363978786
4.792258928571424,5.158301987853185,0.0008753727331862748,1.000169730526193
4.623749999999997,5.1581544383435265,0.0007278232235279347,1.00014112139209
4.4545178571428545,5.158100193249678,0.0006735781296791643,1.0001306035315567
4.286008928571428,5.158334225400074,0.0009076102800751329,1.000175981230138
4.117500000000001,5.158367392753308,0.0009407776333096862,1.0001824122190226
3.9489910714285736,5.158412648654091,0.0009860335340921011,1.0001911871186304
3.7804821428571467,5.158357783689346,0.0009311685693473848,1.0001805490681375
3.7804821428571467,5.158254251403748,0.0008276362837493778,1.0001604746602353
3.6112500000000045,5.157965663158983,0.0005390480389841912,1.0001045187996285
3.4434642857142927,5.15762437949761,0.00019776437761187537,1.0000383455533874
3.2691696428571424,5.1574687716663,4.215654630179699e-05,1.0000081739498101
3.1013839285714306,5.157431574087171,4.958967172008499e-06,1.0000009615196768
2.9328750000000037,5.157367098993391,-5.9516126607483955e-05,0.9999884601117865
2.7643660714285767,5.157357489929428,-6.912519057067357e-05,0.9999865969609014
2.5951339285714345,5.157493259761915,6.664464191619146e-05,1.0000129220727485
2.4266250000000076,5.157471871020781,4.5255900782414926e-05,1.0000087748996078
2.4266250000000076,5.157399646475728,-2.696864427065293e-05,0.9999947709107112
2.2537767857142876,5.157435294377618,8.679257619270686e-06,1.000001682865946
2.0845446428571455,5.157504108567671,7.749344767216115e-05,1.000015025603553
1.91097321428571,5.157480860213849,5.4245093850546766e-05,1.0000105178605336
1.7424642857142831,5.157467531924507,4.0916804508128735e-05,1.0000079335698908
1.5746785714285716,5.157404606507969,-2.2008612029722485e-05,0.9999957326368998
1.4054464285714292,5.157323082834401,-0.0001035322855971188,0.9999799255920979
1.2369375000000022,5.1569755993989945,-0.0004510157210040333,0.9999125502397491
1.0677053571428599,5.1571203584245495,-0.00030625669544903644,0.9999406183125221
1.0677053571428599,5.157226060258284,-0.00020055486171433046,0.9999611133852828
0.8999196428571484,5.157337032059708,-8.958306029072105e-05,0.9999826302792117
0.7306875000000059,5.157438083796651,1.1468676652803822e-05,1.000002223720764
0.5571160714285708,5.15748736992333,6.075480333134209e-05,1.0000117800616208
0.3886071428571439,5.157585012370343,0.0001583972503444997,1.0000307124583954
0.22082142857143236,5.157359039606669,-6.757551332992051e-05,0.9999868974358003
0.05231250000000541,5.157426615119999,0.0,1.0
-0.11619642857142155,5.157488919600571,6.230448057209514e-05,1.0000120805365198
-0.29049107142857217,5.157440253344788,1.3638224789502829e-05,1.0000026443856225
-0.29049107142857217,5.157227609935524,-0.00019900518447446558,0.9999614138601816
-0.45899999999999913,5.157093699715727,-0.0003329154042717164,0.9999354493182131
-0.6325714285714342,5.157030155493361,-0.0003964596266374798,0.999923128401774
-0.8010803571428612,5.156983348850268,-0.0004432662697304579,0.9999140528207554
-0.9688660714285727,5.156885396467807,-0.0005412186521915885,0.9998950603290011
-1.1380982142857152,5.157022715977536,-0.00040389914246219405,0.9999216859157476
-1.3066071428571422,5.157065802330181,-0.0003608127898173663,0.9999300401504968
-1.4751160714285692,5.157240319419041,-0.0001862957009572952,0.9999638781673769
-1.6436249999999961,5.1572458982571066,-0.00018071686289200528,0.9999649598770126
-1.6436249999999961,5.156780934375865,-0.0006456807441335144,0.9998748056361596
-1.812133928571423,5.156584718610424,-0.0008418965095744468,0.9998367603511592
-1.98064285714285,5.156662213123167,-0.0007644019968315874,0.9998517861612242
-2.149874999999992,5.156788063956243,-0.0006385511637558849,0.9998761880272065
-2.317660714285722,5.157050923298529,-0.00037569182146945934,0.9999271551784434
-2.4868928571428643,5.157306034254612,-0.00012058086538679902,0.9999766199551859
-2.6554017857142913,5.1574582317309225,3.161661092399015e-05,1.0000061303074737
-2.8239107142857183,5.157517127986634,9.051286663552816e-05,1.0000175500057278
-2.9924196428571452,5.157694744429974,0.000268129309975329,1.000051988972405
-3.161651785714288,5.158018669576109,0.0005920544561108798,1.0001147964867547
-3.161651785714288,5.158068885509133,0.0006422703891342252,1.000124533112551
-3.335223214285723,5.157784947361161,0.0003583322411628842,1.0000694788831532
-3.5030089285714343,5.157630579271644,0.0002039641516455859,1.000039547659495
-3.6715178571428613,5.157689164526838,0.0002625494068393408,1.0000509070562573
-3.8400267857142882,5.157690714204078,0.0002640990840792057,1.000051207531156
-4.00925892857143,5.157558044791142,0.0001314296711436569,1.0000254835756186
-4.177767857142857,5.1573444705104645,-8.214460953404057e-05,0.9999840725587267
-4.346276785714284,5.157346021252775,-8.059386722347739e-05,0.9999843732401374
-4.514785714285711,5.157360899219357,-6.571590064119448e-05,0.9999872580056789
-4.514785714285711,5.157374228573769,-5.23865462298545e-05,0.9999898425028334
-4.683294642857138,5.157611360078646,0.0001847449586476202,1.0000358211512126
-4.851803571428565,5.157925056289922,0.0004984411699231472,1.000096645324717
-5.020312499999992,5.157855002358077,0.0004283872380783649,1.0000830622071912
-5.188821428571419,5.15798302167422,0.0005564065542218444,1.00010788453152
-5.35805357142858,5.158032307800899,0.0006056926809003826,1.000117440872377
-5.526562500000007,5.157935595160231,0.0005089800402320321,1.0000986887605419
-5.695071428571434,5.158061755928755,0.0006351408087565957,1.000123150721504
-5.863580357142861,5.158190396180865,0.0007637810608667195,1.0001480934423046
-5.863580357142861,5.1583382545609,0.0009116394409014461,1.0001767624648752
-6.037151785714278,5.158291137982358,0.0008645228623596068,1.0001676267888766
-6.205660714285723,5.158087483766163,0.0006608686461646585,1.000128139224362
-6.37416964285715,5.158005340221699,0.000578725101700428,1.0001122119896004
-6.542678571428577,5.158161567923905,0.0007349528039064523,1.000142503783137
-6.711187500000004,5.158276260015778,0.0008496448957791003,1.0001647420233355
-6.880419642857147,5.1583035375304265,0.0008769224104279161,1.0001700310010921
-7.048928571428574,5.158268510564502,0.0008418954445037485,1.0001632394423288
-7.218160714285716,5.158215194211928,0.0007885790919290869,1.0001529016602229
-7.218160714285716,5.158166527956146,0.0007399128361473828,1.0001434655093255
-7.385946428571428,5.15833143491597,0.0009048197959717896,1.000175440168808
-7.554455357142855,5.15831810662663,0.000891491506631148,1.0001728558781655
-7.722964285714282,5.158208374566998,0.0007817594469994305,1.0001515793641558
-7.892196428571424,5.158121580925741,0.0006949658057422425,1.0001347504981855
-8.06070535714285,5.158100503185127,0.0006738880651280255,1.0001306636265366
-8.228491071428563,5.158132120861119,0.0007055057411200494,1.000136794140522
-8.397723214285723,5.158201554922068,0.000774939802069774,1.0001502570680885
-8.570571428571425,5.158273779467122,0.00084716434712373,1.0001642610569852
-8.570571428571425,5.158327715690593,0.0009011005705943376,1.0001747190290509
-8.739080357142852,5.158463485523081,0.0010368704030820908,1.0002010441408982
-8.907589285714279,5.158648541482247,0.0012219263622483822,1.0002369255936026
-9.07682142857142,5.158769431218012,0.0013428160980133441,1.0002603655268845
-9.245330357142866,5.158674889190551,0.001248274070552391,1.0002420342864198
-9.413839285714293,5.158639862224629,0.0012132471046299997,1.0002352427276566
-9.58234821428572,5.158739054348882,0.0013124392288830222,1.00025447559933
-9.750857142857146,5.158871723761817,0.001445108641818571,1.0002801995548676
-9.919366071428573,5.15886118489151,0.0014345697715114625,1.000278156119043
-9.919366071428573,5.158976805724657,0.0015501906046582192,1.000300574437669
-10.087875,5.159034461173506,0.001607846053507167,1.0003117535494919
-10.256383928571427,5.1589160509213245,0.001489435801325989,1.000288794376048
-10.42561607142857,5.158980526015104,0.0015539108951054814,1.0003012957839381
-10.594124999999996,5.158975875918312,0.0015492607983134121,1.0003003941527295
-10.762633928571423,5.1591082353958,0.0016816202758018761,1.0003260580132876
-10.93114285714285,5.159231916680739,0.0018053015607408796,1.0003500392144113
-11.099651785714277,5.159168681328752,0.001742066208753279,1.0003377781864402
-11.268160714285724,5.159031981689921,0.001605366569922495,1.0003112727896537
-11.437392857142866,5.158823987312379,0.0013973721923807858,1.0002709436889095
-11.437392857142866,5.158664349255173,0.001237734135174584,1.0002399906440833
-11.605178571428578,5.158749903154638,0.00132328803463988,1.0002565791301345
-11.77441071428572,5.158760132089498,0.0013335169694990157,1.0002585624709792
-11.942919642857147,5.158766331863531,0.0013397167435327262,1.0002597645770868
-12.111428571428574,5.158830497021862,0.0014038819018633575,1.000272205889997
-12.2799375,5.158838866344031,0.0014122512240328788,1.000273828660963
-12.448446428571428,5.15871239564006,0.0012857805200612304,1.000249306605021
-12.61767857142857,5.158845685988961,0.0014190708689625353,1.00027515095703
-12.785464285714282,5.159137993459105,0.0017113783391060622,1.0003318279573943
-12.785464285714282,5.159110406009007,0.0016837908890083852,1.0003264788846578
-12.954696428571424,5.159119705137521,0.0016930900175227137,1.000328281940563
-13.12320535714285,5.159087157655184,0.0016605425351858827,1.0003219711416382
-13.291714285714278,5.159134274233725,0.0017076591137268338,1.0003311068176366
-13.460223214285723,5.159208358391468,0.0017817432714695158,1.000345471376412
-13.62873214285715,5.159245864840977,0.0018192497209783554,1.0003527436950135
-13.797241071428576,5.159312510547963,0.001885895427964357,1.000365665974274
-13.966473214285719,5.159317159579685,0.001890544459686616,1.0003665673989706
-14.13425892857143,5.159214248230053,0.0017876331100543652,1.0003466133875398
-14.13425892857143,5.159194099230712,0.0017674841107133688,1.000342706594318
-14.374366071428579,5.159347537513885,0.0019209223938867481,1.000372457533037
-14.374366071428579,5.159568240309871,0.002141625189872265,1.000415250734464
-14.374366071428579,5.1598187011691605,0.0023920860491619678,1.0004638138799977
-14.374366071428579,5.159801342653924,0.0023747275339252027,1.000460448148106
-14.374366071428579,5.159682621401225,0.0022560062812262416,1.0004374286731705
-14.374366071428579,5.159705249884151,0.002278634764152798,1.0004418162262305
-14.374366071428579,5.159589319115557,0.0021627039955580685,1.000419337812625
-14.374366071428579,5.159451999605827,0.002025384485828674,1.0003927122258784
-14.374366071428579,5.15953104379581,0.0021044286758113984,1.0004080385108423
-14.374366071428579,5.159389384124738,0.001962769004739684,1.0003805713878673
-14.374366071428579,5.159100485944526,0.0016738708245274125,1.0003245554322808
-14.374366071428579,5.159213937229534,0.001787322109535694,1.000346553086048
-14.374366071428579,5.159347537513885,0.0019209223938867481,1.000372457533037
-14.374366071428579,5.159287402581452,0.0018607874614531283,1.000360797661376
