Angle (degree),rho (mOhm cm),Delta rho (mOhm cm),rho/rho(theta=0)
104.74197351196055,4.305706664605062,-0.1003973866177219,0.9772140227623859
104.74197351196055,4.305663603569619,-0.10044044765316507,0.9772042497214085
104.74197351196055,4.305506493303796,-0.10059755791898795,0.9771685923097821
104.74197351196055,4.304947875470885,-0.10115617575189884,0.9770418095950717
104.74197351196055,4.3045463705696205,-0.10155768065316373,0.9769506848970171
104.74197351196055,4.304918004926581,-0.10118604629620354,0.9770350302398959
104.74197351196055,4.304959900997468,-0.10114415022531631,0.9770445388829965
104.74197351196055,4.304696109835443,-0.10140794138734144,0.9769846694021675
104.74197351196055,4.305041755086075,-0.10106229613670958,0.9770631163127746
104.74197351196055,4.305382743144303,-0.10072130807848101,0.9771405062369036
104.74197351196055,4.3053513210911385,-0.10075273013164576,0.9771333747545783
104.74197351196055,4.304020339754429,-0.10208371146835482,0.9768312980625085
104.55588964919053,4.30306952873924,-0.1030345224835445,0.9766155040176706
104.35827846748785,4.302208715901265,-0.10389533532151951,0.9764201357676321
104.35827846748785,4.300373038329113,-0.10573101289367148,0.9760035142918767
104.16643094525152,4.30109652397215,-0.10500752725063389,0.9761677150539619
103.97376004309142,4.301067818392404,-0.10503623283038,0.9761612000966635
103.78273590077883,4.3015810479265815,-0.10452300329620279,0.9762776815796723
103.59006499861873,4.301666391577214,-0.10443765964557006,0.9762970509930227
103.39904085630616,4.301372340660759,-0.10473171056202535,0.976230313822716
103.20636995414606,4.301012342620252,-0.10509170860253203,0.9761486094334593
103.00958215236714,4.3004440291898725,-0.1056600220329118,0.9760196262265779
102.8177346301308,4.300515406594936,-0.105588644627848,0.9760358258905518
102.8177346301308,4.300472734769619,-0.10563131645316481,0.9760261411838765
102.62588710789447,4.300234548835442,-0.1058695023873426,0.9759720830110761
102.43321620573437,4.298941195587341,-0.10716285563544314,0.9756785463099303
102.24136868349802,4.29682077881772,-0.1092832724050643,0.9751973010317957
102.0495211612617,4.29562208093924,-0.11048197028354423,0.974925247111928
101.85767363902535,4.294770966364556,-0.11133308485822813,0.9747320799590897
101.665826116789,4.294319805182277,-0.11178424604050718,0.9746296853771566
101.47315521462892,4.294456743167088,-0.11164730805569612,0.9746607645308077
101.28130769239257,4.295307857741771,-0.1107961934810131,0.9748539316836458
101.28130769239257,4.2959308711898725,-0.11017318003291177,0.9749953294901567
101.08946017015623,4.296193110843038,-0.10991094037974669,0.975054846843836
100.89761264791987,4.2967334944481,-0.10937055677468432,0.9751774911569935
100.70576512568354,4.296163240298734,-0.1099408109240505,0.9750480674886605
100.5139176034472,4.294454805113923,-0.11164924610886118,0.9746603246743852
100.3212467012871,4.292924814774683,-0.11317923644810168,0.9743130813225593
100.13022255897452,4.29166598926329,-0.11443806195949424,0.9740273809630675
99.93837503673818,4.290814874688606,-0.11528917653417814,0.9738342138102293
99.74652751450184,4.290724873845569,-0.11537917737721504,0.9738137874104006
99.55385661234175,4.290323755488607,-0.11578029573417759,0.9737227504416184
99.55385661234175,4.289885398253164,-0.11621865296962053,0.9736232618162144
99.3620090901054,4.289423373843037,-0.11668067737974752,0.973518401739204
99.17016156786906,4.288086962225316,-0.1180170889974681,0.9732150926021105
98.97831404563273,4.2869534357164545,-0.11915061550632977,0.9729578298376175
98.78564314347263,4.286572103096201,-0.11953194812658285,0.9728712833975379
98.59461900116003,4.286053054070885,-0.12005099715189882,0.9727534811352033
98.40277147892368,4.284762803840505,-0.12134124738227925,0.9724606486883567
98.21092395668735,4.283315443344303,-0.12278860787848167,0.9721321588298839
98.01825305452725,4.282440664260759,-0.12366338696202561,0.971933620830469
98.01825305452725,4.281364551577215,-0.1247394996455693,0.9716893885856028
97.8264055322909,4.279706159217721,-0.12639789200506346,0.9713130033844786
97.63455801005458,4.278097033929113,-0.1280070172936716,0.9709477997329302
97.44271048781823,4.2763676480430375,-0.12973640317974677,0.9705553019920757
97.25086296558189,4.275525069432911,-0.13057898178987326,0.9703640721435902
97.05901544334556,4.274327920397467,-0.13177613082531714,0.9700923697458423
96.86716792110921,4.271871559306328,-0.13423249191645592,0.9695348792593304
96.67532039887287,4.270335752141772,-0.13576829908101207,0.969186315733208
96.48347287663654,4.26865330606329,-0.1374507451594944,0.9688044713512045
96.48347287663654,4.266359098974682,-0.13974495224810202,0.9682837829920699
96.29080197447641,4.265785352597468,-0.14031869862531643,0.9681535667351353
96.09813107231632,4.265550269681012,-0.14055378154177234,0.9681002128166343
95.90628355007998,4.264699541650631,-0.141404509572153,0.9679071333930686
95.7152594077674,4.263266923154429,-0.14283712806835513,0.9675819893475474
95.52341188553106,4.262137275417721,-0.14396677580506356,0.9673256069009287
95.33156436329472,4.26074694220253,-0.1453571090202539,0.9670100598328099
95.13889346113461,4.259472596270885,-0.14663145495189944,0.9667208369917624
94.94704593889828,4.257929804650632,-0.14817424657215206,0.9663706882884369
94.75519841666194,4.2568059764050625,-0.14929807481772173,0.9661156266211443
94.75519841666194,4.255657321351898,-0.15044672987088603,0.9658549303144274
94.56335089442561,4.254212288118986,-0.15189176310379793,0.965526968646679
94.37150337218927,4.25274242807848,-0.15336162314430446,0.9651933723395063
94.17965584995292,4.251707824921518,-0.15439622630126593,0.9649585610084679
93.98698494779282,4.250724813432911,-0.15537923778987306,0.9647354588127005
93.79596080548023,4.249436117377214,-0.15666793384557032,0.9644429790980329
93.6041132832439,4.24780526563291,-0.1582987855898743,0.9640728444563302
93.4114423810838,4.2457244176708855,-0.16037963355189877,0.9636005796305718
93.21959485884746,4.24455132235443,-0.16155272886835448,0.9633343364137031
93.21959485884746,4.243997750924049,-0.16210630029873485,0.963208699019773
93.02774733661111,4.243512451215189,-0.16259160000759554,0.963098556430488
92.83589981437477,4.242684225394936,-0.1634198258278481,0.962910584060652
92.64322891221467,4.24270012969367,-0.1634039215291141,0.9629141936664509
92.4522047699021,4.242413838987341,-0.16369021223544333,0.962849217736922
92.26035724766575,4.241472723569619,-0.16463132765316502,0.962635624184255
92.06850972542941,4.240414845113923,-0.16568920610886106,0.9623955303409417
91.8758388232693,4.23969989276962,-0.16640415845316436,0.9622332662781797
91.68399130103298,4.238375893222783,-0.16772815800000096,0.9619327741582833
91.68399130103298,4.237454950086075,-0.16864910113670906,0.9617237588635916
91.49214377879663,4.23636991489367,-0.16973413632911427,0.9614775015850999
91.29947287663653,4.236159658784809,-0.16994439243797554,0.9614297823060233
91.10844873432396,4.2357973334810115,-0.17030671774177275,0.9613475497260422
90.91083755262127,4.235420655387341,-0.170683395835443,0.9612620596674119
90.71899003038494,4.23549746573924,-0.17060658548354457,0.961279492381439
90.5271425081486,4.2347538078151885,-0.17135024340759575,0.9611107133613782
90.33529498591226,4.235068028346835,-0.1710360228759491,0.961182028184631
90.14344746367593,4.236454096245569,-0.16964995497721524,0.9614966072056029
90.14344746367593,4.237260211731645,-0.16884383949113957,0.9616795614610413
89.95077656151582,4.2343934205645555,-0.17171063065822878,0.9610289206378193
89.75892903927947,4.235495914230379,-0.1706081369924055,0.9612791402542892
89.56131785757681,4.2363753478405055,-0.16972870338227874,0.9614787346351533
89.36947033534047,4.237682664668354,-0.16842138655443062,0.9617754404806463
89.17762281310412,4.238974466407594,-0.16712958481519014,0.9620686250546425
88.98577529086779,4.240814022751898,-0.1652900284708867,0.962486126848272
88.79392776863143,4.241393199410125,-0.164710851812659,0.9626175755502305
88.6020802463951,4.240173164286075,-0.16593088693670932,0.9623406789745104
88.6020802463951,4.239104033392405,-0.16700001783037965,0.9620980313018178
88.41023272415876,4.239188990498733,-0.16691506072405105,0.9621173129858954
88.21756182199866,4.239605626610126,-0.16649842461265862,0.9622118718312038
88.02653767968609,4.239655669435442,-0.16644838178734211,0.9622232294443548
87.83386677752598,4.2394275656430365,-0.1666764855797478,0.9621714594929978
87.64201925528964,4.2397736001037964,-0.1663304511189878,0.9622499947379074
87.4501717330533,4.239608729627847,-0.16649532159493763,0.962212576085503
87.25832421081695,4.239277439832911,-0.1668266113898733,0.9621373872585747
87.06647668858062,4.240430749412656,-0.16567330181012796,0.9623991399467404
86.87380578642052,4.241973927577215,-0.16413012364556945,0.962749376379339
86.87380578642052,4.241661645098733,-0.16444240612405103,0.9626785014125087
86.68278164410795,4.241319881286076,-0.1647841699367083,0.9626009354248052
86.49011074194784,4.2429674130835435,-0.16313663813924073,0.9629748557358815
86.29826321971149,4.245268991172151,-0.16083506005063342,0.9634972170014917
86.10641569747516,4.246897512987341,-0.15920653823544306,0.9638668228474405
85.91456817523881,4.247110485569619,-0.15899356565316491,0.9639151586515436
85.72272065300247,4.247647766156961,-0.15845628506582354,0.9640370987104019
85.53004975084238,4.249316245989872,-0.15678780523291191,0.9644157733430285
85.3390256085298,4.249908223929114,-0.15619582729367032,0.9645501273964869
85.3390256085298,4.251524333673417,-0.1545797175493675,0.9649169162252379
85.14635470636969,4.253806515235443,-0.15229753598734153,0.9654348752964479
84.9553305640571,4.255026939569619,-0.15107711165316484,0.9657118602064702
84.75771938235445,4.256199259131645,-0.1499047920911396,0.9659779273597641
84.56587186011811,4.25758028329367,-0.14852376792911404,0.9662913616649849
84.373200957958,4.259922205944303,-0.14618184527848133,0.9668228794465458
84.18135343572166,4.261111205559493,-0.14499284566329163,0.9670927322692134
83.98950591348532,4.261550727759492,-0.14455332346329186,0.9671924852924944
83.79683501132521,4.2635582575974675,-0.14254579362531672,0.9676481099928275
83.79683501132521,4.265116177762025,-0.1409878734607597,0.9680016922383772
83.60581086901264,4.266459960379746,-0.13964409084303853,0.9683066742819466
83.4139633467763,4.267645470432909,-0.13845858078987483,0.968575735121042
83.22211582453997,4.268847271329113,-0.13725677989367124,0.9688484932952095
83.03026830230361,4.270073899032911,-0.13603015218987302,0.9691268861088013
82.83759740014351,4.2709870846253155,-0.13511696659746875,0.9693341407677445
82.64574987790718,4.272082593835441,-0.13402145738734283,0.969582775207011
82.45390235567083,4.273412410207594,-0.1326916410151906,0.969884587501204
82.26205483343449,4.274651841858227,-0.13145220936455715,0.9701658862713248
82.07020731119816,4.275514981959493,-0.1305890692632916,0.9703617827120877
82.07020731119816,4.275617784083543,-0.13048626713924083,0.9703851144634162
81.87835978896182,4.276194244268353,-0.12990980695443088,0.9705159466403481
81.68651226672547,4.2772757898987335,-0.12882826132405079,0.9707614119352678
81.49384136456537,4.278998191329113,-0.12710585989367118,0.9711523244989194
81.30199384232903,4.280090594855696,-0.1260134563670885,0.9714002540788574
81.1101463200927,4.2813761905594925,-0.12472786066329178,0.9716920301442548
80.91829879785635,4.283256091465821,-0.12284795975696294,0.9721186884538349
80.72645127562001,4.285508789027848,-0.12059526219493666,0.972629955899142
80.5337803734599,4.286256714934177,-0.11984733628860766,0.972799703571379
80.5337803734599,4.287450758286075,-0.11865329293670968,0.9730707011097977
80.34275623114732,4.289341908964556,-0.1167621422582279,0.9734999126437279
80.15008532898723,4.289744578830379,-0.1163594723924053,0.9735913017396598
79.95741442682713,4.290754355179746,-0.11534969604303846,0.9738204784312738
79.76639028451454,4.291011940306328,-0.11509211091645621,0.9738789394035041
79.57454276227821,4.29193094272405,-0.11417310849873452,0.9740875142367441
79.38269524004187,4.292706411911391,-0.11339763931139313,0.9742635130734321
79.19084771780553,4.293890756999998,-0.11221329422278625,0.9745323095146505
78.99817681564542,4.294748077610126,-0.11135597361265859,0.9747268851760877
78.99817681564542,4.295171308967088,-0.11093274225569605,0.9748229408642971
78.80632929340908,4.2957625111518976,-0.1103415400708867,0.9749571188541803
78.6153051510965,4.296871597397468,-0.10923245382531643,0.9752088347085216
78.4226342489364,4.298502835686075,-0.1076012155367092,0.9755790570794969
78.22502306723374,4.298722014303796,-0.10738203691898818,0.9756288013921988
78.03317554499739,4.2991180889240495,-0.1069859622987348,0.9757186936452298
77.84132802276105,4.299695327529113,-0.10640872369367127,0.9758497024907661
77.64865712060094,4.301211351622784,-0.10489269960000058,0.9761937760932153
77.45763297828837,4.302235869972151,-0.10386818125063346,0.976426298597781
77.45763297828837,4.302808451384809,-0.10329559983797498,0.9765562504568388
77.2600217965857,4.303699910521518,-0.10240414070126658,0.9767585741256275
77.06817427434936,4.304793092468353,-0.10131095875443119,0.9770066803741697
76.87632675211302,4.305798214291138,-0.1003058369316463,0.9772348006843349
76.68447922987669,4.306236960736708,-0.09986709048607612,0.9773343776440411
76.49180832771658,4.305743906149366,-0.1003601450734184,0.977222475024037
76.300784185404,4.3055514923924045,-0.10055255883037972,0.977178805207182
76.10893666316765,4.306610925022784,-0.0994931262000005,0.9774192517826743
75.91626576100755,4.307023679696202,-0.09908037152658267,0.9775129297050791
75.91626576100755,4.307857725007594,-0.09824632621519047,0.9777022228542412
75.72441823877121,4.30769596021519,-0.0984080910075944,0.9776655090611661
75.53257071653488,4.306864628711391,-0.09923942251139284,0.977476831832001
75.34072319429853,4.3064262714759485,-0.09967777974683578,0.977377343206597
75.14805229213843,4.307217644962025,-0.09888640626075951,0.9775569516490841
74.95702814982586,4.308630091177213,-0.09747396004557096,0.9778775174366298
74.76518062758952,4.310251631202531,-0.09585242002025307,0.9782455387104052
74.57250972542941,4.310370724169619,-0.09573332705316506,0.9782725677968052
74.38066220319307,4.310474691258227,-0.09562935996455746,0.9782961639460107
74.38066220319307,4.311483302643038,-0.09462074857974656,0.978525076239748
74.18387440141417,4.3129803194202525,-0.09312373180253175,0.978864835982099
73.99120349925407,4.3136425124658215,-0.09246153875696272,0.9790151259066833
73.79935597701773,4.313841132258227,-0.09226291896455763,0.9790602042321372
73.60750845478138,4.314651126516455,-0.0914529247063296,0.97924403880545
73.41566093254504,4.3152050871569605,-0.09089896406582376,0.979369764533682
73.22381341030871,4.315719868199999,-0.09038418302278561,0.9794865981438404
73.03196588807236,4.316291673858227,-0.0898123773645576,0.9796163739393233
72.83929498591226,4.317341797435442,-0.08876225378734226,0.9798547077519177
72.64250718413335,4.3177398101088595,-0.08836424111392471,0.979945039861371
72.64250718413335,4.318217738817721,-0.08788631240506284,0.9800535095441805
72.450659661897,4.318591700437974,-0.08751235078481034,0.9801383830777841
72.25881213966068,4.319319843273417,-0.0867842079493677,0.9803036408263479
72.06696461742433,4.320693109891138,-0.08541094133164595,0.9806153144958203
71.86935343572166,4.321946891665822,-0.08415715955696257,0.9808998701395608
71.67668253356156,4.322680853992404,-0.08342319723038027,0.9810664486674506
71.48565839124898,4.323952869994936,-0.08215118122784837,0.9813551427127443
71.29298748908887,4.325009199607593,-0.08109485161519103,0.9815948850339371
71.10113996685254,4.325383936982277,-0.08072011424050718,0.9816799346311157
71.10113996685254,4.326189663258227,-0.07991438796455697,0.9818628005522523
70.9092924446162,4.327073364850632,-0.07903068637215238,0.9820633635852926
70.7166215424561,4.327788317194936,-0.0783157340278482,0.9822256276480548
70.52559740014351,4.328803913035442,-0.0773001381873426,0.9824561251189948
70.33374987790717,4.330256317268353,-0.07584773395443101,0.9827857596932188
70.14190235567084,4.330883209488607,-0.07522084173417731,0.982928037817604
69.95005483343449,4.331700185536708,-0.07440386568607593,0.9831134569630903
69.75738393127439,4.333308535070885,-0.07279551615189916,0.9834784845510635
69.56553640903806,4.3342224937518985,-0.07188155747088576,0.9836859146685524
69.56553640903806,4.334174005101265,-0.0719300461215191,0.9836749097875804
69.37368888680172,4.334152667855695,-0.0719513833670895,0.983670067131728
69.18101798464161,4.335976706445568,-0.07012734477721594,0.9840840470488312
68.98999384232903,4.3375412218556955,-0.0685628293670888,0.9844391261372819
68.79814632009268,4.33839466369367,-0.06770938752911437,0.9846328214808446
68.6054754179326,4.339858704243037,-0.06624534697974749,0.9849650970086912
68.41445127562001,4.340800595415189,-0.06530345580759533,0.9851788666249331
68.22178037345991,4.3415842113569605,-0.06451983986582377,0.9853567144316716
68.02416919175724,4.344537895017721,-0.061566156205063116,0.9860270761903643
68.02416919175724,4.3440444512202525,-0.062059600002531745,0.9859150852360582
67.8323216695209,4.347135075531645,-0.05896897569113957,0.9866165267534309
67.64047414728456,4.348931570840505,-0.05717248038227929,0.9870242555060831
67.4486266250482,4.350294749984809,-0.055809301237975006,0.9873336397440531
67.25677910281188,4.350672593043037,-0.05543145817974704,0.9874193942005606
67.06410820065177,4.350195053544303,-0.055908997678481676,0.9873110128520534
66.87308405833919,4.350533327794936,-0.055570723427848634,0.987387786856185
66.68123653610286,4.351783620007594,-0.05432043121519037,0.9876715505163535
66.48938901386651,4.3529501200784795,-0.05315393114430478,0.9879362968903211
66.48938901386651,4.355600057225315,-0.05050399399746919,0.9885377209865361
66.29671811170641,4.356976040316455,-0.04912801090632968,0.9888500111810352
66.10487058947008,4.358433099075948,-0.04767095214683614,0.9891807021367082
65.91302306723374,4.3602346381215185,-0.0458694131012658,0.9895895756051117
65.7211755449974,4.361291740822784,-0.04481231040000022,0.98982949338485
65.52932802276105,4.362072253746835,-0.04403179747594965,0.9900066369372893
65.3374805005247,4.363232158572152,-0.042871892650632404,0.9902698864683565
65.14563297828836,4.36412129044557,-0.04198276077721452,0.9904716819464208
64.95296207612826,4.366924072541772,-0.03917997868101253,0.991107795407115
64.76111455389193,4.36862862895443,-0.03747542226835421,0.9914946579035159
64.76111455389193,4.3695899166531635,-0.036514134569620715,0.9917128297141582
64.56926703165558,4.369883964903797,-0.036220086318987654,0.9917795662794355
64.37741950941924,4.370834002830379,-0.03527004839240533,0.991995184865728
64.18557198718291,4.372308903941771,-0.03379514728101363,0.9923299252836222
63.99372446494657,4.3747128976101255,-0.03139115361265876,0.9928755305712884
63.80187694271023,4.37654663446329,-0.029557416759494082,0.9932917115855919
63.61002942047389,4.377656883007594,-0.02844716821519011,0.9935436912327807
63.41735851831379,4.379106184222784,-0.026997867000000397,0.9938726215527053
63.22551099607744,4.380451518349365,-0.025652532873419176,0.9941779557234242
63.22551099607744,4.380926730584809,-0.025177320637975065,0.994285808881207
63.0336634738411,4.382261979903797,-0.0238420713189873,0.9945888542254533
62.83605229213843,4.383709340399999,-0.02239471082278488,0.9949173440839261
62.644204769902096,4.38497980489367,-0.021124246329113916,0.9952056860020699
62.45235724766576,4.386035358751897,-0.02006869247088705,0.9954452522596878
62.26050972542941,4.387702673620252,-0.018401377602532243,0.9958236624944375
62.06866220319307,4.390936058073417,-0.01516799314936712,0.9965575045498171
61.876814680956734,4.391480706994936,-0.014623344227848278,0.9966811169101215
61.68414377879663,4.391378683291138,-0.01472536793164636,0.9966579618273972
61.68414377879663,4.392725182382278,-0.013378868840506541,0.9969635603959934
61.493119636484046,4.3947466758,-0.011357375422784699,0.9974223542406737
61.30044873432394,4.395504689179747,-0.010599362043037353,0.9975943913444133
61.108601212087606,4.395780892412657,-0.010323158810127353,0.9976570778424394
60.91675368985126,4.396763514691139,-0.009340536531645682,0.9978800917039048
60.724906167614925,4.3988199223898725,-0.00728412883291174,0.9983468096195117
60.53305864537859,4.400005818987341,-0.006098232235443035,0.9986159581878802
60.340387743218486,4.400958570721518,-0.005145480501266064,0.9988321926941698
60.14854022098215,4.402729076924049,-0.0033749742987350118,0.9992340230145499
60.14854022098215,4.405312677736708,-0.0007913734860762744,0.9998203915575129
59.95669269874581,4.4068190035670884,0.0007149523443041872,1.000162264062762
59.76484517650946,4.407264345258227,0.0011602940354427105,1.000263337865369
59.572997654273124,4.408118176306328,0.002014125083543483,1.0004571215432339
59.38115013203678,4.4094898914151885,0.003385840192404288,1.0007684430855563
59.189302609800436,4.410782466243037,0.004678415020253013,1.001061803118098
58.99663170764033,4.412017629911391,0.005913578688606869,1.0013421332360424
58.805607565327755,4.413950290116454,0.007846238893669977,1.0017807656838
58.61376004309142,4.415974886551897,0.009870835329112815,1.0022402637827796
58.42191252085508,4.416900484215188,0.010796432992403737,1.0024503354589203
58.42191252085508,4.417886598721518,0.011782547498733642,1.0026741419089873
58.22924161869498,4.419391370377214,0.013287319154430044,1.0030156616820574
58.03739409645864,4.421199504668353,0.01509545344556873,1.0034260319933614
57.8455465742223,4.422253893562024,0.01614984233923966,1.0036653338531027
57.65369905198596,4.422911821291139,0.016807770068354877,1.0038146557305405
57.461851529749616,4.423818798182277,0.017714746959493155,1.0040205012758554
57.27000400751327,4.424958141516455,0.018854090293670467,1.004279084214645
57.078156485276935,4.426168089167088,0.020064037944303337,1.0045536913588629
56.88054530357427,4.427696914541771,0.02159286331898702,1.0049006703128118
56.88054530357427,4.429465869235441,0.023361818012657132,1.005302148506042
56.68787440141417,4.43076659081772,0.024662539594936028,1.0055973575086343
56.496850259101585,4.431728265060759,0.02562421383797453,1.0058156170485495
56.30500273686524,4.432058781767088,0.02595473054430375,1.0058906304169328
56.112331834705145,4.4322422703493665,0.026138219126582207,1.0059322745951331
55.9204843124688,4.433630665511392,0.027526614288607476,1.0062473818068296
55.72863679023246,4.435484963855695,0.029380912632910317,1.0066682294134104
55.53678926799611,4.4371732267594926,0.031069175536708293,1.0070513939697103
55.34411836583602,4.438001841789872,0.03189779056708808,1.0072394546738486
55.34411836583602,4.438112014913924,0.03200796369113945,1.007264459331653
55.15227084359967,4.4390946371924045,0.032990585969620234,1.0074874731931183
54.9612467012871,4.440291007807594,0.034186956584809636,1.0077589989222615
54.768575799127,4.441192940962025,0.035088889739240514,1.0079636997518255
54.57672827689066,4.442396682577214,0.036292631354429616,1.0082368983874446
54.38488075465432,4.443652018526581,0.03754796730379706,1.0085218067633643
54.19303323241798,4.444453090275948,0.03834903905316356,1.0087036163030514
54.00118571018163,4.445464418134176,0.03936036691139133,1.0089331451218153
53.80933818794529,4.446800443207594,0.040696391984809566,1.0092363665296364
53.80933818794529,4.447671343518986,0.04156729229620204,1.0094340242111772
53.61749066570896,4.448454570250632,0.042350519027848144,1.0096117836836138
53.425643143472605,4.449301416843038,0.043197365620253336,1.0098039821842757
53.23379562123627,4.450765846602531,0.04466179537974657,1.0101363460464243
53.041124719076166,4.451425323174683,0.04532127195189872,1.0102860194459822
52.84927719683983,4.452179457782278,0.046075406559493715,1.0104571762318475
52.65742967460349,4.453297077326581,0.0471930261037965,1.0107108287855116
52.46558215236715,4.454542328468353,0.048438277245568706,1.0109934483349585
52.27291125020705,4.455479175903797,0.04937512468101257,1.0112060732354493
52.08106372797071,4.456241841144303,0.05013778992151874,1.0113791661156082
52.08106372797071,4.4570859739291135,0.050981922706329286,1.011570748696273
51.88921620573437,4.458137646349367,0.052033595126582455,1.0118094340309876
51.697368683498034,4.459428672334177,0.05332462111139247,1.012102442541409
51.50552116126168,4.460951291673417,0.054847240450632384,1.012448012986759
51.313673639025346,4.4626073567696185,0.05650330554683425,1.0128238699971586
51.12182611678901,4.463941830334177,0.05783777911139243,1.01312673927783
50.92997859455266,4.464604023379746,0.058499972156961455,1.0132770292024145
50.73813107231632,4.465061779807594,0.05895772858480974,1.0133809206272484
50.54546017015622,4.46621508938734,0.060111038164555985,1.0136426733154142
50.54546017015622,4.4673369769139235,0.06123292569113925,1.0138972945212552
50.35443602784364,4.468104299346835,0.06200024812405047,1.0140714443878929
50.16176512568354,4.468415806070886,0.062311754848101586,1.0141421432911484
49.9699176034472,4.469059378344303,0.06295532712151886,1.014288207084907
49.77807008121086,4.46967967798481,0.06357562676202555,1.0144289889714206
49.58539917905076,4.470187088027847,0.06408303680506311,1.0145441496751033
49.39437503673818,4.4703317835569605,0.06422773233417622,1.0145769894645025
49.20252751450184,4.470845402301265,0.06474135107848067,1.0146935592818136
49.010679992265494,4.471227899886075,0.06512384866329057,1.01478037011977
49.010679992265494,4.4720390564430375,0.0659350052202532,1.0149644684859302
48.81883247002916,4.473183056969619,0.06707900574683467,1.0152241084111981
48.626161567869055,4.473762233627847,0.06765818240506238,1.0153555571131567
48.43431404563271,4.475118820192404,0.06901476896961967,1.0156634451132553
48.24164314347261,4.475914461660759,0.06981041043797465,1.0158440222079188
48.05061900116003,4.476419155230379,0.07031510400759444,1.0159585663865747
47.85794809899993,4.476937039291138,0.07083298806835359,1.0160761042510325
47.666923956687356,4.477468889597468,0.07136483837468344,1.016196811864867
47.47425305452725,4.4781974189772145,0.0720933677544302,1.0163621573427035
47.282405532290916,4.477544534984808,0.07144048376202417,1.0162139801810168
47.282405532290916,4.478088410817721,0.07198435959493654,1.0163374170827761
47.09055801005457,4.479334824258227,0.07323077303544245,1.0166203004250705
46.898710487818235,4.480189431060758,0.0740853798379737,1.01681426016651
46.70686296558189,4.480585116470885,0.07448106524810072,1.016904064085239
46.51419206342179,4.4808399851240495,0.0747359339012652,1.0169619085324424
46.32316792110921,4.481250801744303,0.07514675052151887,1.017055146598425
46.13132039887287,4.481850926437974,0.07574687521518975,1.0171913496219338
45.93864949671277,4.48308104636962,0.07697699514683531,1.0174705350241269
45.74186169493386,4.483818498258227,0.07771444703544272,1.0176379055355889
45.74186169493386,4.48447642598734,0.07837237476455616,1.0177872274130264
45.550014172697516,4.484931076731645,0.07882702550886034,1.0178904139785314
45.35734327053742,4.484468665777214,0.07836461455443011,1.0177854661722485
45.16055546875852,4.484415519934176,0.07831146871139172,1.0177734043047981
44.9678845665984,4.485123877032911,0.07901982581012668,1.0179341715246595
44.77603704436206,4.4854388759848085,0.07933482476202425,1.0180056630165162
44.584189522125726,4.485913312465822,0.07980926124303789,1.018113340110724
44.39151861996562,4.485624691830379,0.079520640607595,1.0180478353854414
44.200494477653045,4.485750769253163,0.0796467180303786,1.0180764496490442
44.200494477653045,4.486618953091138,0.0805149018683533,1.0182734908055584
44.00782357549295,4.487117051415189,0.08101300019240476,1.0183865381413137
43.81679943318036,4.487855668268353,0.08175161704556899,1.0185541730506527
43.62412853102026,4.488500405506328,0.08239635428354397,1.0187005012422885
43.43310438870768,4.488894539407594,0.08279048818481005,1.0187899530338675
43.235493207005014,4.4891168237088594,0.08301277248607519,1.0188404022058983
43.04364568476868,4.489743326718986,0.08363927549620165,1.0189825919959812
42.851798162532326,4.490724010944303,0.08461995972151914,1.0192051660010242
42.65912726037223,4.491127453898733,0.0850234026759491,1.0192967305555014
42.65912726037223,4.49056030543291,0.08445625421012615,1.019168011746497
42.467279738135886,4.4905238396430365,0.08441978842025222,1.0191597355484203
42.27543221589955,4.491686071731644,0.08558202050885999,1.0194235132702119
42.08358469366321,4.492683436010125,0.08657938478734106,1.0196498729446286
41.891737171426875,4.492309860934176,0.0862058097113918,1.0195650871402975
41.69906626926677,4.492118612141771,0.0860145609189864,1.0195216817213193
41.50804212695419,4.491411806551898,0.08530775532911417,1.019361266628608
41.315371224794085,4.491191852179745,0.08508780095696089,1.0193113462523309
41.12352370255775,4.490870647192405,0.08476659596962044,1.0192384462518755
41.12352370255775,4.490804310858227,0.0847002596354427,1.0192233906986234
40.9316761803214,4.491512278746835,0.08540822752405042,1.0193840695841825
40.73982865808507,4.491297754655696,0.08519370343291133,1.0193353816529296
40.54221747638239,4.491582496518986,0.08547844529620185,1.019400006060338
40.35036995414605,4.491516935939239,0.08541288471645458,1.0193851265706606
40.15852243190972,4.491852104506329,0.0857480532835444,1.0194611957154638
39.96667490967337,4.492234991301265,0.08613094007848066,1.0195480948877222
39.774827387437035,4.491940940384809,0.08583688916202448,1.0194813577174155
39.58215648527693,4.491400167569619,0.08529611634683487,1.0193586250699558
39.58215648527693,4.491528185711392,0.08542413448860753,1.0193876797950108
39.390308963040596,4.491902147331644,0.08579809610886002,1.0194725533286144
39.19928482072801,4.491910294086075,0.08580624286329108,1.0194744022986653
39.00661391856791,4.492235377845569,0.08613132662278478,1.019548182616995
38.81476639633157,4.492511583744302,0.0864075325215179,1.0196108697200508
38.622918874095234,4.493126450437973,0.08702239921518906,1.0197504185565112
38.4310713518589,4.493286277177215,0.08718222595443059,1.0197866924931642
38.23922382962255,4.492851409503797,0.08674735828101277,1.0196879958513323
38.04737630738621,4.492035206544303,0.08593115532151874,1.0195027521643913
37.854705405226106,4.491068102020252,0.08496405079746783,1.0192832601794524
37.854705405226106,4.490780259805063,0.08467620858227853,1.019217932122774
37.66285788298977,4.490563019240505,0.08445896801772079,1.0191686276664942
37.471010360753425,4.489927204511392,0.08382315328860734,1.0190243245084838
37.27916283851709,4.490166168865821,0.08406211764303695,1.0190785593498883
37.08731531628075,4.490730992734176,0.0846269415113916,1.0192067505731977
36.8954677940444,4.490470304589873,0.08436625336708836,1.019147585346668
36.70362027180806,4.489688242822784,0.08358419159999997,1.0189700902721086
36.511772749571726,4.488698636088607,0.08259458486582272,1.0187454912334404
36.31992522733538,4.4878052388987335,0.08170118767594925,1.018542727708229
36.31992522733538,4.487485196210125,0.08138114498734073,1.0184700915006208
36.12725432517529,4.487767221599999,0.08166317037721438,1.0185340993830028
35.93540680293894,4.488051571587341,0.08194752036455633,1.0185986348510798
35.74273590077885,4.4879243318658215,0.08182028064303726,1.0185697567946292
35.551711758466254,4.4867818828481,0.08067783162531583,1.0183104689965108
35.35986423622992,4.485969172116454,0.07986512089367004,1.0181260178981715
35.16801671399358,4.486257792751898,0.08015374152911381,1.0181915226234546
34.97616919175724,4.4865793842835435,0.08047533306075927,1.0182645103531829
34.7843216695209,4.487033648483544,0.08092959726075932,1.0183676091894152
34.7843216695209,4.486369514718986,0.08026546349620212,1.018216878803379
34.591650767360804,4.486004086397468,0.07990003517468391,1.0181339419690985
34.39980324512445,4.486981278394936,0.0808772271721514,1.0183557233855398
34.207955722888116,4.486386970526581,0.08028291930379705,1.0182208405363276
34.01610820065177,4.485458272511392,0.07935422128860736,1.018010065210917
33.823437298491676,4.485388833159492,0.07928478193670774,1.0179943054033653
33.63158977625533,4.485864045394936,0.07975999417215185,1.018102158561148
33.44056563394275,4.48521853240253,0.07911448117974551,1.0179556543059372
33.24871811170641,4.484190911035442,0.0780868598126574,1.0177224275470722
33.05604720954631,4.483820049767088,0.07771599854430367,1.0176382576627385
33.05604720954631,4.483708327799999,0.07760427657721447,1.017612901482814
32.86419968730997,4.483648197501265,0.0775441462784805,1.0175992544381607
32.67235216507363,4.483197425529113,0.07709337430632868,1.0174969481905298
32.48050464283729,4.481338086113923,0.07523403489113889,1.017074956473227
32.28865712060095,4.480451670713923,0.07434761949113877,1.0168737775201895
32.0968095983646,4.480367100151898,0.0742630489291134,1.0168545835653844
31.9041386962045,4.479777449475948,0.0736733982531641,1.0167207577026507
31.713114553891927,4.47995434547848,0.07385029425569556,1.0167609056429796
31.520443651731824,4.480590160207594,0.0744861089848099,1.0169052088009902
31.520443651731824,4.48083920936962,0.07473515814683562,1.0169617324688678
31.328596129495487,4.480030380075948,0.07392632885316353,1.0167781622934318
31.136748607259147,4.478974826217721,0.07287077499493666,1.016538596035814
30.9449010850228,4.478510477210125,0.07240642598734048,1.0164332083731082
30.752230182862696,4.4780705657999995,0.07196651457721526,1.0163333670155255
30.561206040550122,4.47821409903038,0.07211004780759556,1.0163659430120775
30.36853513839002,4.4781830661873405,0.07207901496455626,1.016358899864054
30.177510996077444,4.477138762101265,0.07103471087848057,1.0161218868307857
29.98484009391734,4.4755676514455685,0.0694636002227842,1.0157653108994342
29.98484009391734,4.475198344351898,0.06909429312911364,1.0156814937472796
29.792169191757242,4.475251103650632,0.06914705242784791,1.0156934678854572
29.601145049444654,4.4752848529670874,0.06918080174430319,1.015701127558507
29.409297527208317,4.475265456440506,0.06916140521772185,1.0156967253641067
29.217450004971976,4.474796839450632,0.06869278822784786,1.0155903690492247
29.024779102811877,4.474407360075948,0.06830330885316371,1.0155019736390947
28.832931580575536,4.47424559261772,0.06814154139493578,1.0154652592409898
28.6410840583392,4.474143955458227,0.0680399042354427,1.0154421918875385
28.44923653610285,4.473682709468354,0.0675786582455693,1.0153375084791325
28.25738901386651,4.471764404718986,0.06566035349620147,1.0149021341150533
28.25738901386651,4.470530792559492,0.06442674133670767,1.0146221561242585
28.06554149163017,4.4702968719417715,0.06419282071898724,1.0145690659986053
27.873693969393834,4.470620404192403,0.0645163529696191,1.0146424941897854
27.67608278769117,4.47065492926329,0.06455087804050574,1.01465032992641
27.48423526545482,4.469778598670885,0.06367454744810086,1.0144514397998454
27.29238774321848,4.4686931742683536,0.0625891230455693,1.0142050941870515
27.09971684105838,4.468259085015189,0.06215503379240506,1.014106574213824
26.90786931882204,4.467683787129113,0.061579735906328814,1.0139760058297396
26.716021796585704,4.466716293394935,0.060612242172150665,1.0137564255104983
26.716021796585704,4.46544776695443,0.05934371573164565,1.013468523448777
26.524174274349363,4.465213070582278,0.059109019359493864,1.0134152572595487
26.332326752113026,4.465076132597468,0.05897208137468368,1.0133841781058979
26.140479229876675,4.464659885696202,0.05855583447341761,1.0132897075948915
25.947808327716576,4.4645097572202515,0.058405705997467194,1.0132556347554385
25.756784185403998,4.464615273151898,0.05851122192911351,1.0132795824267644
25.5641132832439,4.463515495959493,0.057411444736708894,1.0130299793353215
25.37308914093132,4.462206627622784,0.056102576399999826,1.0127329213626788
25.18041823877122,4.46139624415443,0.055292192931645445,1.012548998455064
25.18041823877122,4.460654526949366,0.05455047572658156,1.0123806598964549
24.98857071653487,4.459937633886075,0.05383358266329097,1.0122179553722412
24.796723194298533,4.4596013003544295,0.05349724913164522,1.0121416218295614
24.604875672062192,4.459870521797468,0.053766470574683645,1.0122027237554143
24.413028149825855,4.460203365767088,0.05409931454430339,1.012278265314522
24.220357247665753,4.459555136301264,0.053451085078480176,1.0121311445342844
24.029333105353178,4.458499971653164,0.05239592043037966,1.0118916666109687
23.836662203193065,4.457279549984809,0.05117549876202432,1.0116146823059755
23.644814680956728,4.456249987898733,0.05014593667594891,1.0113810150856588
23.452967158720387,4.456184040774682,0.05007998955189752,1.0113660478667088
23.452967158720387,4.455743742820252,0.04963969159746817,1.0112661187798533
23.26111963648405,4.454573361311391,0.04846931008860711,1.0110004914829815
23.06927211424771,4.453587636015189,0.04748358479240444,1.010776773367217
22.87660121208761,4.454385215536708,0.0482811643139236,1.0109577903183027
22.68475368985127,4.4537397052101255,0.047635653987341264,1.0108112866681216
22.493729547538685,4.452641479526581,0.0465374283037967,1.010562035703828
22.301882025302344,4.45181790823291,0.04571385701012609,1.010375119715441
22.109211123142245,4.451319031488606,0.045214980265821936,1.0102618957110816
21.917363600905905,4.4505780900379746,0.0444740388151903,1.0100937332160478
21.917363600905905,4.449872446746835,0.043768395524050874,1.0099335819161839
21.725516078669568,4.448576766235442,0.042472715012658036,1.0096395170243133
21.533668556433227,4.447852504837973,0.041748453615189085,1.009475140198653
21.34182103419688,4.448558921217721,0.04245486999493675,1.0096354669570626
21.149150132036777,4.448999997592404,0.042895946369619686,1.0097355727125226
20.958125989724202,4.449317321141772,0.04321326991898733,1.0098075917900746
20.7654550875641,4.4495442599696196,0.043440208746835296,1.0098590973435546
20.573607565327762,4.4491264615594925,0.04302241033670828,1.0097642747053985
20.381760043091422,4.44852168233924,0.04241763111645547,1.0096270153004407
20.381760043091422,4.447567376430379,0.04146332520759444,1.0094104280619718
20.184972241312508,4.445886095316456,0.03978204409367159,1.0090288480778458
19.99230133915241,4.444815802124049,0.038711750901264885,1.0087859366123053
19.800453816916068,4.444328953572151,0.038224902349366374,1.0086754425009001
19.603666015137165,4.44387313786329,0.03776908664050538,1.008571991537518
19.410995112977055,4.442962668744302,0.03685861752151798,1.0083653534036012
19.218324210816952,4.442207761048101,0.03610370982531652,1.0081940211591909
19.026476688580615,4.441518024721518,0.03541397349873332,1.0080374800701553
18.83545254626804,4.441611515126581,0.03550746390379711,1.0080586984535562
18.83545254626804,4.441270527068354,0.03516647584556942,1.0079813085294276
18.6436050240317,4.44072354821772,0.03461949699493605,1.007857167373369
18.451757501795363,4.440228939455695,0.0341248882329106,1.0077449120211857
18.25908659963526,4.440089671541771,0.033985620318986776,1.007713304071781
18.067239077398913,4.438802526994936,0.03269847577215135,1.007421176484263
17.875391555162572,4.4385387358329105,0.03243468461012622,1.0073613070034342
17.683544032926235,4.439016275331644,0.032912224108859967,1.0074696883519412
17.491696510689895,4.4393169188278465,0.03321286760506226,1.0075379217601192
17.299848988453558,4.43883317329367,0.03272912207088563,1.0074281319030136
17.299848988453558,4.4375130525189865,0.03140900129620228,1.0071285201009916
17.107178086293455,4.435972588162024,0.029868536939240187,1.0067788995883906
16.91039028451454,4.434900743460759,0.02879669223797432,1.0065356359957007
16.718542762278204,4.435610652068354,0.02950660084556933,1.0066967553427115
16.526695240041864,4.435941944529113,0.029837893306329022,1.0067719447746697
16.334847717805527,4.435543539979746,0.029439488756962007,1.0066815237258848
16.142176815645424,4.435252205536708,0.02914815431392359,1.0066154030806045
15.950329293409075,4.434423979716454,0.028319928493670155,1.0064274307107683
15.758481771172736,4.433602735686075,0.027498684463290957,1.006241042913106
15.758481771172736,4.4334285561569615,0.027324504934177263,1.0062015114978036
15.566634248936397,4.433350970050632,0.027246918827847466,1.0061839027202015
15.374786726700059,4.432769076918986,0.026665025696201994,1.0060518374932161
15.18293920446372,4.432742309392404,0.026638258169620066,1.00604576239234
14.991091682227381,4.4322705893848084,0.02616653816202419,1.005938701823159
14.799244159991034,4.43123404550886,0.02512999428607543,1.0057034500306685
14.60657325783093,4.430917108503797,0.024813057281012796,1.0056315186823894
14.414725735594592,4.430126510772151,0.024022459549366992,1.0054520863034773
14.222878213358253,4.429217982372151,0.023113931149366884,1.0052458886310123
14.030207311198152,4.427965749440506,0.021861698217721326,1.004961684509392
14.030207311198152,4.427506830713923,0.021402779491138446,1.0048575292917103
13.839183168885578,4.428274539691138,0.02217048846835379,1.0050317668876205
13.646512266725475,4.427290365903796,0.021186314681012064,1.0048084008990057
13.45548812441289,4.426955197336707,0.020851146113923136,1.0047323317542027
13.263640602176551,4.426815153668353,0.02071110244556884,1.004700547741223
13.07096970001645,4.425942704513923,0.01983865329113854,1.0045025385375619
12.879122177780111,4.424814221741771,0.018710170518986935,1.0042464204888204
12.687274655543773,4.424654005792404,0.018549954569619942,1.0042100582178652
12.495427133307434,4.424962020288607,0.01885796906582282,1.0042799645325193
12.495427133307434,4.423928192886075,0.017824141663290938,1.0040453292650555
12.303579611071084,4.423326127473417,0.017222076250632767,1.0039086857800947
12.110908708910983,4.422947508660759,0.01684345743797433,1.0038227552600125
11.919061186674645,4.4229312178177205,0.016827166594936216,1.0038190579249409
11.728037044362068,4.423133716382277,0.01702966515949278,1.003865016568269
11.535366142201967,4.422281826053164,0.0161777748303793,1.003671673351856
11.343518619965629,4.422102602787341,0.01599855156455643,1.0036309972208024
11.145907438262952,4.421811268344302,0.015707217121518013,1.0035648765755223
10.954059916026614,4.421431098022784,0.015327046799999522,1.0034785939282904
10.954059916026614,4.420822050820252,0.014717999597468001,1.0033403658711564
10.762212393790275,4.418880470772151,0.01277641954936648,1.0028997089948024
10.570364871553936,4.418475473643038,0.012371422420253353,1.0028077917081464
10.37275368985127,4.417947115564556,0.011843064341771736,1.0026878766829133
10.180906167614921,4.417000569865822,0.010896518643037645,1.0024730506852224
9.983294985912256,4.416607209053164,0.010503157830379806,1.0023837743521888
9.78568380420959,4.416245272959492,0.010141221736708061,1.0023016301065095
9.594659661897014,4.416035016850632,0.009930965627847677,1.002253910827433
9.401988759736902,4.41530920127848,0.009205150055695555,1.0020891812695938
9.401988759736902,4.415017480291138,0.008913429068353906,1.002022972895041
9.210141237500563,4.41376059283291,0.007656541610125522,1.0017377123919715
9.018293715264225,4.413430078792405,0.007326027569620308,1.001662699628618
8.826446193027886,4.413503396916455,0.0073993456936705115,1.0016793397540436
8.62883501132522,4.41357865309367,0.0074746018708857775,1.0016964197358915
8.436987489088873,4.414699767531644,0.008595716308859913,1.0019508654831868
8.245139966852534,4.415777820934176,0.009673769711391778,1.002195538189505
8.053292444616195,4.415351097349366,0.009247046126581893,1.002098689912694
7.861444922379856,4.414522484984809,0.008418433762024335,1.0019106298135851
7.861444922379856,4.4142144678227835,0.008110416599999226,1.0018407228939017
7.668774020219755,4.414578733845568,0.008474682622783725,1.0019233959353346
7.476926497983416,4.413987531660759,0.007883480437974377,1.0017892179454515
7.285078975747077,4.413023140944302,0.006919089721518112,1.0015703418805095
7.093231453510728,4.412196466632911,0.006092415410126506,1.0013827216378233
6.901383931274389,4.411741037468354,0.005636986245569631,1.0012793584037138
6.7095364090380505,4.4114116857265815,0.005307634503797232,1.0012046094332077
6.5168655068779495,4.411863622663291,0.005759571440506761,1.0013071800787157
6.325841364565373,4.411746467749366,0.005642416526582039,1.0012805908487377
6.325841364565373,4.410851129840506,0.004747078617722167,1.0010773868620748
6.133170462405272,4.410527597589872,0.0044235463670876385,1.0010039586708943
5.941322940168924,4.410986516316455,0.004882465093670518,1.001108113888576
5.749475417932585,4.412087845017721,0.005983793794936965,1.0013580691071688
5.551864236229919,4.413150380665821,0.00704632944303718,1.0015992199369603
5.360016713993581,4.412097543281012,0.005993492058228078,1.0013602702043691
5.167345811833479,4.41186944215443,0.00576539093164552,1.0013085008580416
4.9763216695208925,4.41150905756962,0.005405006346835606,1.0012267087395124
4.7836507673607915,4.410902724174682,0.004798672951897842,1.001089096602375
4.7836507673607915,4.410583459906328,0.004479408683543795,1.0010166370633713
4.591803245124453,4.4102428583924045,0.004138807169620229,1.0009393348685154
4.400779102811876,4.4101489814430375,0.004044930220253207,1.0009180287558417
4.208108200651775,4.409919715351897,0.003815664129112939,1.0008659950116372
4.016260678415437,4.409458855906329,0.0033548046835445433,1.0007613993325042
3.824413156179098,4.40832998392405,0.002225932701265698,1.0005051929494602
3.6325656339427486,4.40821515893924,0.002111107716455507,1.0004791325152365
3.44071811170641,4.408435889065822,0.0023318378430374764,1.000529228955088
3.248870589470071,4.406843054620253,0.0007390033974683519,1.0001677226386116
3.05619968730997,4.4068283152860745,0.0007242640632902919,1.0001643774306894
3.05619968730997,4.408112746025315,0.0020086948025310747,1.00045588909821
2.8651755449973937,4.40889364549367,0.0027895942708857646,1.000633120379922
2.6733280227610448,4.409049204250632,0.0029451530278477023,1.0006684256643985
2.480657120600944,4.408658559911392,0.0025545086886076263,1.0005797658563915
2.288809598364605,4.385053125683543,-0.021050925539241483,0.9952223267325248
2.0969620761282664,4.382786459210125,-0.023317592012658928,0.9947078889328118
1.9042911739681652,4.395016672997468,-0.01108737822531669,0.9974836322301014
1.7132670316555887,4.402631318536708,-0.0034727326860766183,0.9992118359789727
1.5214195094192502,4.405337893754429,-0.0007661574683552885,0.9998261145312393
1.5214195094192502,4.406437281736708,0.0003332305139238656,1.0000756292883803
1.329571987182901,4.407324475556961,0.001220424334176684,1.0002769849100224
1.1377244649465623,4.407580895718986,0.0014768444962021121,1.0003351814843755
0.9401132832438969,4.406552109387341,0.0004480581645571746,1.0001016903276336
0.7482657610075582,4.40484444995696,-0.0012596012658239175,0.9997141235769331
0.5564182387712194,4.40569905409367,-0.0004049971291140153,0.9999080827133436
0.36374733661111824,4.4058643137797455,-0.00023973744303873445,0.9999455897000499
0.17189981437476914,4.405831726762025,-0.00027232446075942107,0.9999381938198477
-0.01994770786156956,4.406104051222784,0.0,1.0
-0.01994770786156956,4.406594394668353,0.0004903434455689748,1.000111287305036
-0.21179523009790827,4.407409043453163,0.001304992230378943,1.0002961782597977
-0.40364275233424696,4.407578568455695,0.0014745172329106992,1.000334653293651
-0.6012539340369228,4.406298403032911,0.0001943518101263919,1.0000441096732775
-0.7931014562732616,4.406611850475949,0.0005077992531647979,1.000115249037985
-0.9849489785096003,4.4079858928481,0.0018818416253161274,1.000427098771032
-1.1833835401360178,4.408189942921518,0.002085891698733633,1.0004734095415098
-1.3744076824486149,4.408245805237973,0.0021417540151889014,1.0004860879339865
-1.5662552046849536,4.406649092020253,0.0005450407974683102,1.0001237012996362
-1.5662552046849536,4.406195603574683,9.155235189872712e-05,1.0000207785269786
-1.7589261068450546,4.407088614220252,0.0009845629974680747,1.0002234543229171
-1.9507736290813933,4.407969210129113,0.0018651589063285456,1.0004233124966286
-2.1426211513177322,4.408553819734176,0.002449768511391781,1.0005559942486406
-2.334468673554071,4.408738084070885,0.002634032848100709,1.0005978144904157
-2.5263161957904097,4.408057270253163,0.0019532190303790387,1.0004432984350056
-2.7181637180267484,4.40697611383291,0.0008720626101261786,1.0001979214743884
-2.910011240263087,4.406761203197467,0.0006571519746829679,1.0001491458138627
-3.102682142423188,4.407052537640505,0.0009484864177204955,1.0002152664591426
-3.102682142423188,4.407219732713924,0.0011156814911394974,1.000253212697242
-3.293706284735764,4.406721245179746,0.0006171939569616924,1.0001400770271847
-3.4855538069721237,4.406655687265823,0.0005516360430384282,1.0001251981425372
-3.678224709132225,4.407710076159492,0.001606024936707584,1.000364500002278
-3.870072231368564,4.40761076626329,0.0015067150405059238,1.0003419608395512
-4.0619197536049025,4.407083570483543,0.0009795192607588987,1.0002223096071658
-4.253767275841241,4.407715506440505,0.0016114552177208807,1.0003657324473019
-4.44561479807758,4.408193432483544,0.0020893812607596374,1.000474201525082
-4.637462320313919,4.408286536344303,0.0021824851215184182,1.00049533217921
-4.637462320313919,4.4090375652683536,0.0029335140455692965,1.0006657841057465
-4.83013322247402,4.410091178407594,0.003987127184809758,1.000904909901913
-5.021980744710358,4.409842905,0.0037388537772153896,1.0008485622976102
-5.213828266946697,4.4094185113443025,0.003314460121518259,1.0007522428165532
-5.405675789183036,4.40926140107848,0.0031573498556953794,1.000716585404927
-5.598346691343137,4.409481744660758,0.0033776934379741164,1.000766594115506
-5.789370833655713,4.409602778346835,0.003498727124050305,1.0007940636633579
-5.981218355892072,4.409889069053164,0.0037850178303795445,1.000859039592887
-6.173889258052174,4.410613719660758,0.004509668437973957,1.001023504752849
-6.36491340036475,4.410891087858227,0.004787036635442554,1.0010864556487526
-6.36491340036475,4.410834060577214,0.004730009354429576,1.0010735128583985
-6.557584302524852,4.410939579174683,0.00483552795189901,1.001097461134754
-6.74943182476119,4.41074716541772,0.0046431141949359045,1.0010537913178985
-6.941279346997529,4.410653675012657,0.004549623789873003,1.0010325729344975
-7.133126869233867,4.41089729389367,0.004793242670885434,1.0010878641573513
-7.324974391470206,4.411239446916455,0.00513539569367083,1.0011655184793573
-7.516821913706544,4.4117608232050625,0.005656771982278208,1.0012838489324165
-7.709492815866646,4.4120230628582275,0.005919011635443283,1.001343366286096
-7.901340338102985,4.412272112020252,0.006168060797468122,1.0013998899539733
-7.901340338102985,4.413309045106328,0.00720499388354412,1.0016352300807658
-8.093187860339324,4.413407190037973,0.007303138815188959,1.0016575048456158
-8.285035382575662,4.413374603020252,0.007270551797467384,1.0016501089654135
-8.476882904812022,4.413529388688606,0.007425337465821968,1.0016852387913449
-8.669553806972123,4.414010806959492,0.007906755736708071,1.001794500457726
-8.861401329208462,4.4147882142,0.008684162977215415,1.0019709391508367
-9.0532488514448,4.415068298870885,0.008964247648100887,1.0020345065717668
-9.244272993757376,4.414872395551898,0.008768344329113553,1.0019900447713395
-9.436120515993714,4.41517963429367,0.009075583070885962,1.0020597750224185
-9.436120515993714,4.414915067377214,0.008811016154429474,1.0019997294780145
-9.616440719297401,4.414607052881012,0.008503001658227483,1.0019298231633609
-9.616440719297401,4.415334806506328,0.009230755283543779,1.0020949925776224
-9.616440719297401,4.416418290189872,0.010314238967088052,1.0023408977289643
-9.616440719297401,4.416826776881011,0.010722725658227183,1.0024336069991928
-9.616440719297401,4.417030051199999,0.010925999977215106,1.0024797417060958
-9.616440719297401,4.417535133979746,0.011431082756962141,1.0025943742190542
-9.616440719297401,4.417386946222784,0.011282894999999904,1.0025607418410531
-9.616440719297401,4.416813975599999,0.010709924377215074,1.0024307016476932
-9.616440719297401,4.416042774394936,0.009938723172151498,1.0022556714631814
-9.616440719297401,4.416606433298734,0.010502382075949335,1.0023835982886138
-9.616440719297401,4.416683632860758,0.010579581637974123,1.002401119336943
