Angle (degree),rho (mOhm cm),Delta rho (mOhm cm),rho/rho(theta=0)
101.39546509380531,4.945548031330608,-0.10384544684660657,0.9794340751428043
101.39546509380531,4.945577097676546,-0.10381638050066844,0.9794398315462345
101.39546509380531,4.945792127695204,-0.1036013504820108,0.9794824168625872
101.39546509380531,4.946076856002823,-0.10331662217439153,0.9795388054781408
101.39546509380531,4.945768992424693,-0.1036244857525217,0.9794778350706135
101.39546509380531,4.945467061960161,-0.10392641621705323,0.9794180396781893
101.20855785111155,4.945482484794444,-0.10391099338277066,0.9794210940716227
101.0167103288752,4.94562603516334,-0.10376744301387486,0.9794495233016909
100.82486280663885,4.946058171077055,-0.10333530710015992,0.9795351050484061
100.63301528440252,4.94577166242772,-0.10362181574949414,0.9794783638475921
100.44034438224242,4.945158012166945,-0.10423546601026956,0.9793568343483706
100.24932023992983,4.944864978315555,-0.1045284998616598,0.979298800873131
100.24932023992983,4.944851038250127,-0.10454243992708712,0.9792960401325614
100.0574727176935,4.944682869841865,-0.10471060833534995,0.9792627354576555
99.86562519545716,4.944283656492203,-0.10510982168501126,0.9791836738136409
99.67295429329705,4.9441798484050175,-0.10521362977219706,0.979163115287625
99.48110677106072,4.944110742204512,-0.10528273597270221,0.9791494292477464
99.28925924882438,4.943766991543701,-0.10562648663351393,0.9790813516336137
99.09741172658804,4.943567680913098,-0.10582579726411634,0.9790418794412674
98.9055642043517,4.943903721175852,-0.10548975700136243,0.9791084300605063
98.7128933021916,4.943791312010211,-0.10560216616700391,0.9790861681460552
98.7128933021916,4.943333965968671,-0.10605951220854326,0.9789955936951799
98.521869159879,4.942663072677332,-0.10673040549988233,0.978862727580816
98.3291982577189,4.942521005077293,-0.1068724730999211,0.9788345920036121
98.13735073548257,4.942256147910528,-0.1071373302666867,0.9787821387400845
97.94550321324623,4.942157678810314,-0.10723579936690086,0.9787626375662029
97.75365569100988,4.942029551275701,-0.1073639269015132,0.9787372627295683
97.56180816877355,4.941910616908003,-0.10748286126921158,0.9787137085406915
97.36996064653721,4.941763210320993,-0.1076302678562211,0.9786845156113533
97.1772897443771,4.9412744255033445,-0.10811905267387001,0.9785877149124651
97.1772897443771,4.940818858784433,-0.10857461939278146,0.9784974928450266
96.98626560206453,4.940523452502871,-0.10887002567434312,0.9784389895252045
96.79359469990443,4.940388503212432,-0.10900497496478234,0.9784122636835717
96.60174717766809,4.940056615721561,-0.10933686245565344,0.9783465354941753
96.40989965543176,4.93999344161557,-0.10940003656164432,0.9783340242675767
96.21805213319541,4.940226860006225,-0.10916661817098916,0.9783802512830913
96.02620461095906,4.940436847591683,-0.1089566305855314,0.9784218379778825
95.83353370879895,4.940462947380822,-0.10893053079639259,0.978427006873761
95.63674590702006,4.939894675961583,-0.10949880221563113,0.9783144643631221
95.63674590702006,4.939576135428596,-0.10981734274861843,0.9782513794531494
95.44407500485995,4.939851076442675,-0.10954240173453922,0.9783058297579766
95.25222748262362,4.940115637055669,-0.10927784112154537,0.9783582242909313
95.06120334031102,4.940434771715284,-0.10895870646193018,0.9784214268638729
94.86853243815092,4.940580101406806,-0.10881337677040825,0.9784502084773776
94.67668491591458,4.940135212661838,-0.10925826551537643,0.978362101114208
94.48483739367825,4.939202427741446,-0.11019105043576882,0.9781773690420444
94.2929898714419,4.938599157881755,-0.11079432029545977,0.9780578953146952
94.10114234920557,4.9381510070453,-0.11124247113191466,0.9779691419152242
93.90929482696923,4.938546958303475,-0.11084651987373917,0.9780475575229376
93.90929482696923,4.938814187900412,-0.11057929027680213,0.9781004806310479
93.71744730473289,4.938873506807376,-0.11051997136983882,0.9781122283602
93.52559978249656,4.93927627982138,-0.11011719835583467,0.9781919949729119
93.33292888033645,4.939616768390706,-0.10977670978650877,0.9782594265507435
93.14108135810011,4.939210139158588,-0.11018333901862665,0.9781788962387614
92.94923383586377,4.938908801801599,-0.11048467637561554,0.9781192183074828
92.75656293370366,4.938341122470818,-0.11105235570639671,0.9780067930561661
92.56553879139109,4.9381854113591235,-0.11120806681809103,0.9779759554689653
92.37369126915475,4.9384704372396,-0.11092304093761474,0.9780324030169151
92.37369126915475,4.938316802004306,-0.1110766761729085,0.9780019765437242
92.18102036699464,4.938611911732095,-0.1107815664451195,0.9780604211329732
91.9891728447583,4.93872698988168,-0.11066648829553483,0.9780832116225799
91.79814870244572,4.9384387019097185,-0.11095477626749606,0.9780261180383293
91.60547780028563,4.93828625288951,-0.11110722528770456,0.9779959264874297
91.41363027804928,4.938285659781968,-0.1111078183952463,0.9779958090262842
91.22178275581294,4.93864928260272,-0.11074419557449477,0.9780678221942664
91.02993523357661,4.938996592927875,-0.11039688524933933,0.9781366047770966
90.83808771134025,4.938561491476445,-0.11083198670076921,0.9780504357246529
90.83808771134025,4.938105331649991,-0.1112881465272233,0.9779600961960688
90.64541680918015,4.937906614126932,-0.11148686405028219,0.9779207414648684
90.45356928694382,4.93770819417673,-0.11168528400048494,0.9778814456660639
90.26172176470747,4.937471512675504,-0.1119219655017103,0.977834572412425
90.06987424247114,4.937097509453668,-0.1122959687235463,0.9777605034725707
89.8780267202348,4.937404185797628,-0.11198929237958666,0.9778212387559835
89.68617919799846,4.937987584516464,-0.11140589366075027,0.9779367771313067
89.49433167576211,4.937919367977273,-0.11147411019994191,0.9779232672831465
89.30248415352577,4.937681796814734,-0.11171168136248077,0.9778762178377892
89.11063663128944,4.937018318386765,-0.11237515979044943,0.9777448201895694
89.11063663128944,4.9366630000906975,-0.11273047808651704,0.9776744516794497
88.91302544958677,4.936610800512419,-0.11278267766479555,0.9776641138876923
88.72035454742667,4.937014463187736,-0.11237901498947878,0.9777440566921224
88.52850702519032,4.937608835415199,-0.11178464276201527,0.9778617683004636
88.33665950295398,4.9377565385559805,-0.111636939621234,0.9778910199603748
88.14481198071763,4.93780992536843,-0.11158355280878407,0.9779015928762469
87.9529644584813,4.937717091808958,-0.11167638636825661,0.9778832077850723
87.76111693624496,4.937719167685357,-0.11167431049185783,0.9778836188990818
87.56926941400863,4.937854710083339,-0.11153876809387508,0.9779104622018604
87.56926941400863,4.937697219649017,-0.11169625852819731,0.9778792722312227
87.37742189177227,4.938355359090016,-0.11103811908719852,0.9780096125273084
87.18475098961217,4.938524713713366,-0.11086876446384863,0.978043152124506
86.9937268472996,4.938401627592866,-0.11099185058434813,0.9780187757076093
86.80187932506325,4.938555559381932,-0.1108379187952826,0.978049260911373
86.60920842290315,4.938729955419394,-0.11066352275782076,0.9780837989283082
86.41736090066682,4.938735590960136,-0.11065788721707825,0.9780849150110154
86.22468999850672,4.938924224635883,-0.11046925354133119,0.9781222727009167
86.03366585619413,4.93904612352221,-0.11034735465500489,0.9781464139936983
86.03366585619413,4.93961024318865,-0.10978323498856479,0.9782581342763179
85.84181833395779,4.939990178504999,-0.1094032996722154,0.9783333780294522
85.64997081172146,4.940006491000597,-0.10938698717661755,0.9783366086146043
85.45235963001879,4.940204911969885,-0.10918856620732953,0.978375904615232
85.26051210778245,4.940630819235315,-0.10876265894189974,0.9784602528180945
85.0686645855461,4.940963003279956,-0.10843047489725866,0.9785260397380635
84.875993683386,4.941162313910558,-0.10823116426665624,0.9785655119304097
84.68496954107343,4.941221928352207,-0.10817154982500732,0.9785773181883112
84.49229863891333,4.9411741770805,-0.10821930109671474,0.9785678613551462
84.49229863891333,4.9403487588925525,-0.10904471928466197,0.9784043925758731
84.29962773675322,4.940124832260753,-0.10926864591646179,0.9783600453423354
84.10860359444064,4.94057861863795,-0.1088148595392644,0.9784499148245136
83.91593269228055,4.941015796984864,-0.10837768119235047,0.9785364951927902
83.71914489050162,4.941127018916335,-0.10826645926087952,0.9785585219831269
83.5272973682653,4.941154899047188,-0.10823857913002666,0.9785640434642657
83.33544984602895,4.941554705504392,-0.10783877267282271,0.978643222569426
83.14360232379262,4.940460574950651,-0.10893290322656313,0.9784265370291786
82.95175480155626,4.94121510659638,-0.10817837158083421,0.978575967183313
82.95175480155626,4.941518818421712,-0.10787465975550248,0.9786361153628209
82.75990727931993,4.941926632849829,-0.10746684532738549,0.9787168803952707
82.56723637715983,4.941957775072168,-0.1074357031050468,0.9787230479127109
82.37538885492349,4.942469694141243,-0.10692378403597136,0.9788244302017497
82.18354133268714,4.944574020340565,-0.10481945783664948,0.9792411785119015
81.99087043052705,4.944556521629882,-0.1048369565473326,0.9792377130044582
81.79408262874813,4.944049940528692,-0.10534353764852256,0.9791373878657302
81.6022351065118,4.943854782669974,-0.10553869550724038,0.9790987381032268
81.4095642043517,4.943851520578488,-0.1055419575987262,0.9790980920669257
81.4095642043517,4.944138918889136,-0.10525455928807848,0.979155009459458
81.21854006203911,4.944612873980046,-0.10478060419716861,0.9792488732260586
81.02669253980278,4.945207246207509,-0.10418623196970511,0.9793665848343996
80.83484501756642,4.9455474382230635,-0.10384603995415098,0.9794339576816583
80.64217411540633,4.946039781685971,-0.1033536964912436,0.9795314631474208
80.45032659316999,4.94631146162765,-0.10308201654956495,0.9795852676177701
80.25847907093365,4.946539244477562,-0.1028542336996523,0.9796303785505776
80.06580816877354,4.946938162292537,-0.10245531588467749,0.9797093816658425
79.87396064653721,4.947123531838627,-0.10226994633858766,0.9797460929157958
79.68211312430087,4.9472258571569565,-0.102167621020258,0.9797663577889478
79.68211312430087,4.947656509282728,-0.10173696889448625,0.9798516456809755
79.49108898198828,4.947774850542884,-0.1016186276343305,0.9798750824087067
79.29841807982818,4.947910096387095,-0.10148338179011951,0.9799018669809123
79.10739393751561,4.948315834938813,-0.1010776432384013,0.9799822208993526
78.91472303535551,4.948941349388615,-0.1004521287885991,0.9801061000251339
78.72287551311916,4.949372595641016,-0.10002088253619856,0.9801915055801306
78.53020461095906,4.949317429505937,-0.10007604867127728,0.9801805802808214
78.33918046864648,4.94950428283997,-0.09988919533724427,0.9802175853854623
78.14650956648637,4.94977744453142,-0.09961603364579474,0.9802716833068523
78.14650956648637,4.949886294032719,-0.09950718414449522,0.9802932402526062
77.95466204425004,4.9499669678684795,-0.09942651030873506,0.9803092171884716
77.76363790193746,4.950032810958414,-0.0993606672188001,0.980322256990226
77.57179037970113,4.950698958370326,-0.09869451980688826,0.9804541832136013
77.37911947754102,4.95114266090021,-0.09825081727700447,0.9805420556544799
77.18644857538092,4.951306381001903,-0.09808709717531183,0.9805744793707936
76.99542443306834,4.951461795559826,-0.09793168261738838,0.9806052582274216
76.80275353090823,4.951408705301146,-0.09798477287606833,0.9805947440421221
76.60596572912934,4.951668223480941,-0.09772525469627347,0.9806461399535155
76.60596572912934,4.951922107139079,-0.09747137103813586,0.980696419984025
76.414118206893,4.952406147096386,-0.09698733108082891,0.980792280993748
76.22227068465665,4.952523301122371,-0.09687017705484369,0.9808154825973647
76.02959978249655,4.952850739287585,-0.09654273888962983,0.9808803296263454
75.83857564018396,4.953211693124394,-0.0961817850528206,0.9809518142191721
75.64590473802387,4.953867162562364,-0.09552631561485025,0.9810816257382788
75.45405721578753,4.954059058329596,-0.09533441984761826,0.9811196294644812
75.26220969355118,4.954045414817941,-0.09534806335927382,0.9811169274544844
75.07036217131484,4.954500091875538,-0.09489338630167676,0.9812069733302043
75.07036217131484,4.95429514672328,-0.09509833145393465,0.9811663852569746
74.8785146490785,4.954724019526423,-0.09466945865079168,0.9812513207655652
74.68666712684217,4.955068957421405,-0.09432452075580944,0.9813196335038125
74.49399622468206,4.955310383782972,-0.09408309439424212,0.9813674464466166
74.30297208236948,4.955722944090518,-0.09367053408669612,0.9814491513700552
74.11030118020939,4.956017460710766,-0.09337601746644886,0.9815074784981588
73.91845365797305,4.9564484104093935,-0.09294506776782097,0.9815928253225824
73.7266061357367,4.957227855629177,-0.09216562254803762,0.9817471894503044
73.53475861350036,4.958247245460757,-0.09114623271645783,0.9819490730697896
73.34291109126401,4.958945128202551,-0.09044834997466378,0.9820872842717508
73.34291109126401,4.959214434694971,-0.09017904348224359,0.9821406186956938
73.15106356902768,4.958636671516876,-0.09075680666033836,0.9820261964030775
72.95839266686758,4.958329105511602,-0.0910643726656124,0.9819652849279463
72.767368524555,4.95837685678331,-0.0910166213939041,0.9819747417611114
72.5746976223949,4.9585462114066585,-0.09084726677055599,0.9820082813583086
72.37790982061598,4.959003260894428,-0.09039021728278662,0.9820987970786114
72.18523891845588,4.959342858783354,-0.09005061939386039,0.9821660522629011
71.99339139621955,4.959491749158306,-0.08990172901890858,0.9821955390469268
71.8015438739832,4.959323580750042,-0.09006989742717231,0.9821622343720207
71.8015438739832,4.959599708998292,-0.08979376917892257,0.9822169198009625
71.60969635174686,4.959842914682489,-0.08955056349472557,0.9822650851272038
71.41784882951052,4.959978754653327,-0.08941472352388757,0.9822919873623781
71.22517792735042,4.960751081563511,-0.08864239661370377,0.9824449417545287
71.03415378503784,4.961312828799779,-0.0880806493774351,0.9825561921925657
70.8423062628015,4.961944868451638,-0.08744860972557689,0.9826813635927725
70.65045874056517,4.962100876117104,-0.0872926020601108,0.9827122599105462
70.45778783840507,4.962156042252182,-0.08723743592503208,0.9827231852098554
70.26594031616872,4.9624817010947675,-0.08691177708244702,0.9827876798553989
70.26594031616872,4.963014678538868,-0.08637879963834649,0.9828932326205784
70.07409279393238,4.96383564740116,-0.08555783077605472,0.9830558202394359
69.88224527169604,4.9642404962915645,-0.08515298188565001,0.9831359979661578
69.6903977494597,4.96425117324642,-0.08514230493079467,0.9831381124686028
69.49278656775704,4.96431701735544,-0.08507646082177445,0.9831511524721804
69.30093904552069,4.9641535948266045,-0.08523988335061006,0.9831187876882629
69.10826814336059,4.96427638439333,-0.0851170937838841,0.9831431053745864
68.91642062112425,4.965074812111739,-0.08431866606547533,0.983301228864439
68.72539647881167,4.966339483503915,-0.08305399467329977,0.9835516889241752
68.72539647881167,4.967300147536074,-0.08209333064114066,0.9837419422756541
68.53272557665157,4.967984980892839,-0.08140849728437516,0.9838775691305873
68.34087805441523,4.96834830715982,-0.0810451710173945,0.9839495235679967
68.14903053217888,4.968584394534418,-0.08080908364279615,0.9839962791586669
67.95718300994254,4.969107288131205,-0.08028619004600923,0.9840998348825467
67.7653354877062,4.97015574328964,-0.0792377348875748,0.9843074747036393
67.57348796546987,4.971140431234536,-0.07825304694267832,0.9845024858369867
67.38081706330976,4.9716203184199586,-0.07777315975725596,0.9845975244168669
67.18896954107342,4.971680526988237,-0.07771295118897736,0.9846094483377376
66.99712201883709,4.97199105955031,-0.07740241862690489,0.9846709473204203
66.99712201883709,4.972448109038078,-0.07694536913913641,0.9847614630407229
66.80527449660075,4.973005703502462,-0.07638777467475233,0.9848718910489171
66.6134269743644,4.973428941783948,-0.07596453639326661,0.9849557106766239
66.42157945212806,4.974051489676952,-0.07534198850026286,0.9850790022948537
66.22396827042539,4.974244868213041,-0.07514860996417383,0.98511729967392
66.03129736826529,4.974774880119427,-0.07461859805778737,0.9852222651333712
65.84027322595271,4.9754089946286015,-0.07398448354861298,0.9853478474457648
65.64842570371638,4.975968072880926,-0.07342540529628838,0.9854585693086461
65.45657818148003,4.976754339856537,-0.07263913832067725,0.9856142844413663
65.45657818148003,4.977743773680863,-0.07164970449635177,0.9858102354657026
65.2647306592437,4.978646008467373,-0.07074746970984158,0.985988917279748
65.07288313700735,4.978866080919229,-0.07052739725798585,0.986032501217662
64.88021223484725,4.979171571048104,-0.07022190712911058,0.9860930015787837
64.68342443306835,4.979967033228798,-0.06942644494841677,0.9862505377629079
64.49075353090825,4.981175945378353,-0.06821753279886167,0.9864899550621895
64.29890600867189,4.981719896331081,-0.06767358184613315,0.9865976810603869
64.10705848643556,4.9822715597200355,-0.06712191845717896,0.9867069344571243
63.91521096419922,4.9829294026072635,-0.06646407556995104,0.9868372160226373
63.91521096419922,4.9839609521625565,-0.06543252601465799,0.9870415077974318
63.72254006203911,4.984487700958372,-0.06490577721884261,0.9871458270187585
63.53069253980277,4.984866153505864,-0.06452732467135025,0.9872207771190286
63.33390473802387,4.985410104458593,-0.06398337371862173,0.9873285031172261
63.142057215787524,4.986166416446036,-0.06322706173117876,0.9874782858566207
62.95020969355119,4.987101277242825,-0.06229220093438936,0.9876634290427934
62.75753879139108,4.987530743153512,-0.061862735023702875,0.9877484820125298
62.5665146490785,4.987757339788339,-0.061636138388875494,0.987793358023046
62.373843746918396,4.9878083541706175,-0.06158512400659699,0.9878034610943355
62.373843746918396,4.988044441545216,-0.061349036631998644,0.9878502166850057
62.18199622468206,4.988038510469788,-0.061354967707426766,0.9878490420735492
61.99014870244572,4.9890059952386885,-0.06038748293852603,0.988040646228203
61.798301180209386,4.989908231044284,-0.059485247132930574,0.9882193282440718
61.60563027804928,4.99019118104836,-0.05920229712885483,0.9882753646780115
61.414606135736705,4.990383372350277,-0.05901010582693722,0.9883134269329632
61.2219352335766,4.9906959818078365,-0.058697496369378044,0.9883753372314793
61.030087711340265,4.9911260408260665,-0.05826743735114803,0.9884605076623615
60.838240189103914,4.992163522475871,-0.05722995570134337,0.9886659742504356
60.838240189103914,4.993271593095039,-0.05612188508217564,0.9888854205312526
60.64639266686758,4.994262806241994,-0.05513067193522048,0.989081723939026
60.45454514463124,4.9947237119478745,-0.054669766229340055,0.9891730033585984
60.26269762239489,4.994936665071047,-0.054456813106167345,0.989215177359118
60.070026720234786,4.995306219986313,-0.054087258190901544,0.9892883653403801
59.879002577922215,4.995798564468304,-0.053594913708910674,0.9893858710079655
59.68633167576211,4.996652751429334,-0.05274072674788055,0.989555037258273
59.494484153525775,4.997652269100973,-0.05174120907624147,0.9897529853239088
59.30263663128943,4.998234777139411,-0.051158701037803844,0.9898683473056903
59.30263663128943,4.99861975488896,-0.05077372328825458,0.989944589680386
59.110789109053094,4.9993903034956,-0.050003174681614304,0.9900971918909229
58.91894158681676,5.000385668395355,-0.04900780978185981,0.9902943175267158
58.72709406458042,5.000630654421265,-0.04876282375594965,0.9903428354382173
58.53524654234407,5.000788441409359,-0.04860503676785566,0.9903740841394278
58.342575640183966,5.001349002430541,-0.04804447574667314,0.9904850996551735
58.151551497871395,5.002119550018096,-0.04727392815911813,0.9906377016638871
57.95888059571128,5.0027305312949295,-0.046662946882285006,0.9907587025879532
57.76703307347494,5.003320750750509,-0.04607272742670521,0.9908755917664517
57.57436217131484,5.003793519626333,-0.0455999585508815,0.9909692206107609
57.57436217131484,5.004408653675052,-0.0449848245021629,0.99109104396467
57.38333802900227,5.005105053647987,-0.044288424529227655,0.9912289615137667
57.19149050676592,5.005616972717061,-0.0437765054601531,0.9913303438028054
56.99881960460583,5.0061241459067105,-0.043269332270504,0.991430786200856
56.806972082369484,5.006966469697799,-0.042427008479415385,0.991597603026427
56.61512456013315,5.007461186609961,-0.04193229156725309,0.991695578538595
56.42327703789681,5.007863959623966,-0.041529518553248934,0.991775345151307
56.23142951566047,5.008542564332448,-0.0408509138447668,0.9919097384623878
56.03958199342412,5.008868223175034,-0.04052525500218085,0.9919742331079315
56.03958199342412,5.010541006568182,-0.03885247160903216,0.9923055171325136
55.847734471187785,5.011189950804098,-0.03820352737311694,0.9924340363771952
55.655886948951434,5.0112884199043135,-0.038105058272901005,0.992453537551077
55.4640394267151,5.0117914413411615,-0.03760203683605301,0.9925531577211077
55.27219190447875,5.012617749190423,-0.03677572898679138,0.9927168026920994
55.080344382242416,5.013051367872994,-0.0363421103042203,0.9928026780916785
54.88767348008231,5.014743132745685,-0.03465034543152967,0.9931377212765684
54.695825957845976,5.01518802250974,-0.03420545566747446,0.9932258288415617
54.50397843560964,5.015319116601152,-0.034074361576062806,0.9932517911857478
54.50397843560964,5.015211749868708,-0.03418172830850619,0.9932305278928578
54.3121309133733,5.015142940221974,-0.03425053795524047,0.9932169005835519
54.114519731670626,5.015220647500935,-0.03417283067627963,0.9932322900118657
53.92267220943428,5.015552238438035,-0.03384123973917941,0.9932979594706896
53.730824687197945,5.015990603000033,-0.0334028751771811,0.9933847747612572
53.53897716496161,5.01650489449928,-0.032888583677934236,0.9934866268948788
53.34712964272527,5.01737391118705,-0.03201956699016417,0.993658730077474
53.15528212048893,5.018263096588533,-0.031130381588681644,0.9938348275444917
52.96261121832883,5.018748322760926,-0.03064515541628854,0.9939309234765061
52.77076369609248,5.019739535907881,-0.029653942269333378,0.9941272268842796
52.77076369609248,5.020715919328094,-0.02867755884912082,0.9943205933597646
52.57891617385614,5.021614002361804,-0.027779475815410848,0.9944984529457904
52.3870686516198,5.022287268083314,-0.02710621009390035,0.9946317889047368
52.195221129383455,5.022749952092739,-0.02664352608447551,0.9947234205059231
52.00337360714711,5.022658009213666,-0.026735468963548392,0.9947052118082904
51.810702704987015,5.022815203094217,-0.026578275082997926,0.9947363430483551
51.61885518275067,5.023070866074983,-0.026322612102231524,0.9947869754623017
51.427007660514334,5.023709726463584,-0.025683751713630798,0.9949134976656835
51.235160138278,5.024041910508226,-0.025351567668988828,0.9949792845856528
51.235160138278,5.024812459114867,-0.024581019062347664,0.9951318867961898
51.04331261604166,5.025883751970954,-0.02350972620626024,0.9953440494768597
50.85146509380532,5.026767598385466,-0.02262587979174846,0.9955190895917432
50.65961757156898,5.027292567858653,-0.022100910318561873,0.9956230564296328
50.4620063898663,5.027261722190086,-0.0221317559871288,0.9956169476427655
50.270158867629966,5.0275007761214825,-0.021892702055732016,0.9956642907409872
50.07831134539363,5.027981849521991,-0.021411628655223502,0.9957595642431588
49.88564044323353,5.028993231382657,-0.020400246794557653,0.9959598619353542
49.69379292099719,5.029743018168044,-0.0196504600091707,0.9961083524003235
49.69379292099719,5.030472636239717,-0.0189208419374971,0.99625284858087
49.50029863891332,5.031062855695297,-0.018330622481917302,0.9963697377593685
49.3100978765245,5.031619263944595,-0.01777421423261938,0.9964799308452714
49.11825035428816,5.032349475123814,-0.01704400305340048,0.9966245444869641
48.92640283205182,5.032630052697718,-0.016763425479496163,0.9966801110763213
48.72879165034916,5.033114684743484,-0.016278793433730954,0.9967760893453668
48.53694412811282,5.033676431979752,-0.01571704619746228,0.9968873397834038
48.34509660587647,5.033917265233777,-0.015476212943437595,0.9969350352650623
48.153249083640134,5.034206146313281,-0.015187331863933728,0.9969922463104586
48.153249083640134,5.034839075626456,-0.01455440255075846,0.9971175939023844
47.96057818148003,5.034987964982321,-0.014405513194893693,0.9971470804845864
47.768730659243694,5.035773342296617,-0.01362013588059785,0.997302619425588
47.57688313700734,5.036808451516253,-0.012585026660961951,0.99750761616908
47.385035614771006,5.037146567655406,-0.012246910521808374,0.9975745779023287
47.19318809253466,5.037184531633573,-0.012208946543641908,0.9975820964247671
47.001340570298325,5.037593829849634,-0.011799648327580847,0.9976631553119049
46.80949304806199,5.038325227243936,-0.011068250933278456,0.9978080038758885
46.61764552582565,5.038566653605505,-0.01082682457170936,0.9978558168186928
46.61764552582565,5.038811046523873,-0.010582431653341828,0.9979042172690488
46.42497462366554,5.039105266590348,-0.010288211586866325,0.9979624856665794
46.23395048135296,5.039295678569637,-0.010097799607577507,0.998000195538094
46.042102959116626,5.039758956705691,-0.009634521471523882,0.9980919448022494
45.84943205695652,5.040394851556578,-0.00899862662063633,0.9982178796999032
45.65758453472018,5.041116758211111,-0.00827671996610313,0.9983608486837332
45.46573701248384,5.041438265300896,-0.007955212876318285,0.9984245211012571
45.2738894902475,5.0419875552405955,-0.007405922936619014,0.9985333044515888
45.08204196801116,5.042829879031684,-0.006563599145530397,0.9987001212771598
44.88937106585106,5.043644322691918,-0.00574915548529642,0.9988614166215916
44.88937106585106,5.0444510549350134,-0.004942423242201066,0.9990211847693071
44.69834692353848,5.04516762362166,-0.004225854555554243,0.9991630966028261
44.506499401302136,5.045624376555658,-0.0037691016215566364,0.999253553592556
44.31382849914204,5.0460633332061136,-0.0033301449711009568,0.999340486142446
44.1219809769057,5.046199173176953,-0.0031943050002611884,0.9993673883776207
43.93013345466935,5.046623894227296,-0.0027695839499184416,0.9994515016581916
43.73746255250926,5.047061071555125,-0.0023324066220897777,0.9995380818246449
43.54643841019667,5.047026074133758,-0.002367404043456922,0.999531150809758
43.35376750803657,5.047036751088614,-0.0023567270886006852,0.9995332653122031
43.35376750803657,5.047338089464688,-0.002055388712526529,0.9995929434453049
43.162743365724,5.048169735281836,-0.0012237428953785212,0.9997576455666077
42.970895843487654,5.0491028167559975,-0.0002906614212170311,0.9999424363693435
42.77822494132756,5.049507962200171,0.0001144840229567734,1.0000226728266377
42.58637741909121,5.049308652588655,-8.482558855948952e-05,0.999983200836115
42.39452989685487,5.049213742133697,-0.0001797360435178419,0.9999644044291073
42.202682374618526,5.049437966338353,4.448816113811205e-05,1.0000088105950409
42.01001147245843,5.049834214150301,0.0004407359730862481,1.0000872849333273
41.818163950222086,5.049954631286857,0.0005611531096425537,1.0001111327750685
41.818163950222086,5.050531801357408,0.001138323180193801,1.000225437606539
41.62631642798575,5.051367005819812,0.0019735276425976167,1.0003908444947154
41.43446890574941,5.051832657405121,0.002439179227906152,1.0004830638052764
41.24262138351306,5.051807742811983,0.0024142646347682373,1.000478129629866
41.050773861276724,5.052214668597871,0.0028211904206560945,1.0005587186724205
40.85892633904039,5.052874290807727,0.0034808126305128084,1.0006893526213705
40.666255436880284,5.05359204570946,0.004198567532245789,1.000831499377181
40.47440791464395,5.053963973054897,0.00457049487768213,1.0009051572030254
40.283383772331355,5.05444623267049,0.005052754493275913,1.0010006656274884
40.09071287017126,5.055078568876121,0.0056850906989067695,1.0011258957582683
40.09071287017126,5.055419650552991,0.006026172375776184,1.0011934447972455
39.898865347934915,5.055756579457974,0.006363101280759231,1.0012601714063798
39.70701782569858,5.056044867429937,0.00665138925272224,1.0013172649906308
39.51517030346224,5.05643814970417,0.007044671526955426,1.0013951520231887
39.32249940130214,5.0568468548126875,0.007453376635472964,1.0014760934491806
39.13147525898956,5.057084129421456,0.007690651244241842,1.0015230841639653
38.939627736753216,5.0574370742682655,0.008043596091050986,1.0015929826276788
38.74778021451688,5.057803070538275,0.008409592361060092,1.001665465842067
38.555932692280535,5.057979839005909,0.00858636082869424,1.001700473703585
38.555932692280535,5.058163133694686,0.008769655517471442,1.0017367740413523
38.36326179012043,5.058450235451562,0.009056757274347405,1.0017936327033117
38.171414267884096,5.058812672057226,0.009419193880011889,1.0018654109490022
37.97874336572399,5.059439669275888,0.010046191098673773,1.001989583727648
37.78771922341141,5.0594687356218255,0.010075257444611019,1.0019953401310782
37.59587170117507,5.058943173041095,0.009549694863880909,1.0018912558320427
37.40320079901497,5.058477522474872,0.009084044297657634,1.001799036723305
37.2121766567024,5.05872310058924,0.009329622412025174,1.0018476718941287
37.02032913446605,5.059348911592814,0.009955433415599124,1.001971609750483
37.02032913446605,5.059324591126303,0.009931112949088217,1.0019667932380412
36.82765823230595,5.059159092721067,0.009765614543852053,1.0019340173401137
36.63581071006961,5.059475853931424,0.010082375754209671,1.001996749866649
36.44396318783327,5.060210216863442,0.0108167386862279,1.0021421857363615
36.251292285673166,5.060713831407834,0.011320353230619418,1.002241923367538
36.06026814336059,5.060633158591159,0.01123968041394452,1.002225946633496
35.86842062112425,5.060526384966258,0.011132906789043773,1.0022048008017514
35.67574971896415,5.0607844213962805,0.011390943219065974,1.002255903262104
35.48472557665156,5.061404300305341,0.012010822128126541,1.0023786663051781
35.29205467449146,5.061701485909531,0.012308007732316106,1.0024375220084372
35.29205467449146,5.061480820350132,0.012087342172917737,1.0023938206093777
35.10020715225512,5.061483786906932,0.012090308729717059,1.0023944081169291
34.908359630018786,5.061729959147926,0.012336480970711605,1.0024431609507218
34.71651210778244,5.062723544725054,0.013330066547839081,1.002639934203078
34.524664585546105,5.06291870258377,0.013525224406555125,1.0026785839655812
34.33281706330977,5.062593043741185,0.013199565563970062,1.0026140893200375
34.14096954107342,5.062522454771822,0.013128976594607877,1.0026001096272947
33.948298638913315,5.06263812602895,0.01324464785173518,1.002623017578047
33.75645111667698,5.062537284498563,0.013143806321348706,1.0026030465595828
33.75645111667698,5.062111970340676,0.012718492163461548,1.002518815817866
33.563780214516875,5.062229420920432,0.012835942743217643,1.0025420761520552
33.372756072204304,5.0626268549474664,0.013233376770251937,1.0026207854126332
33.18090854996796,5.062651769540605,0.01325829136339074,1.002625719588044
32.988237647807864,5.062901500426857,0.01350802224964287,1.0026751771887104
32.79721350549527,5.06293115988034,0.013537681703125415,1.0026810510532866
32.604542603335176,5.06330605276349,0.013912574586275817,1.0027552961848594
32.4135184610226,5.063336898432058,0.01394342025484363,1.0027614049717268
32.21590727931993,5.063334526001886,0.013941047824671315,1.002760935127144
32.21590727931993,5.063669082476701,0.014275604299486488,1.0028271918916962
32.024059757083585,5.064073041705788,0.014679563528573247,1.0029071934266989
31.831388854923482,5.063968048422603,0.01457457024538833,1.0028864001802151
31.63954133268714,5.063782381303656,0.014388903126441477,1.0028496299978658
31.447693810450804,5.064233202143139,0.014839723965924811,1.0029389121743155
31.255846288214464,5.064818676738375,0.015425198561160869,1.0030548616636485
31.063175386054365,5.0652374656942065,0.01584398751699201,1.00313780013094
30.871327863818024,5.065399998561728,0.016006520384513223,1.003169988723139
30.679480341581677,5.064829353693232,0.015435875516017106,1.0030569761660937
30.679480341581677,5.064265827134334,0.014872348957119641,1.0029453733446196
30.4884561992691,5.064167359053204,0.014773880875989853,1.0029258723725614
30.295785297109,5.064291927942559,0.014898449765344601,1.0029505424423217
30.10393777487266,5.06418515431766,0.014791676140445631,1.0029293966105777
29.91209025263632,5.064461579119681,0.015068100942466245,1.0029841407700921
29.71941935047622,5.064999597977895,0.015606119800680496,1.0030906919550096
29.528395208163634,5.064902315092766,0.015508836915551605,1.0030714257034195
29.336547685927293,5.06480918497952,0.015415706802305529,1.0030529818816716
29.144700163690956,5.065008495610122,0.015615017432907052,1.0030924540740176
28.952852641454616,5.064805033226721,0.015411555049506198,1.0030521596536521
28.952852641454616,5.0650648479602856,0.015671369783071043,1.003103614295618
28.759358359370754,5.0647682554636395,0.015374777286425001,1.0030448760535047
28.568334217058176,5.06460928226046,0.015215804083245743,1.003013392430003
28.37648669482184,5.064821049168547,0.015427570991332296,1.0030553315082313
28.184639172585488,5.06509806707811,0.015704588900895544,1.0031101931288913
27.99279165034915,5.06498061547927,0.015587137302055076,1.0030869325928788
27.800120748189048,5.064835285787746,0.015441807610531377,1.003058150979374
27.609096605876474,5.064590892869378,0.015197414692163846,1.003009750529018
27.41642570371637,5.064077787585217,0.01468430940800225,1.0029081333176877
27.41642570371637,5.063832801559306,0.014439323382091196,1.0028596154061862
27.224578181480034,5.063811447649594,0.01441796947237961,1.002855386401296
27.032730659243686,5.063512481703692,0.014119003526477769,1.002796178112777
26.840883137007346,5.063517227583119,0.014123749405904107,1.0027971180037651
26.64903561477101,5.063739671446061,0.014346193268846896,1.0028411715844388
26.45718809253467,5.063876104524444,0.0144826263472293,1.002868191280759
26.26534057029833,5.064255150179478,0.014861672002263404,1.0029432588421745
26.07349304806199,5.064703598588791,0.0153101204115762,1.003032071174042
25.88082214590188,5.064262861596621,0.014869383419406468,1.0029447860388916
25.88082214590188,5.063747975970746,0.014354497793531706,1.002842816242301
25.68897462366554,5.063218261637216,0.013824783460001377,1.002737909715246
25.497127101429204,5.063176739013792,0.013783260836577327,1.0027296864259334
25.305279579192863,5.063161316179509,0.013767838002294752,1.0027266320325001
25.113432056956526,5.063193348063162,0.013799869885947835,1.0027329757416588
24.9149974953301,5.063542734264716,0.014149256087501172,1.0028021694384983
24.72397335301751,5.064004825166599,0.014611346989384266,1.0028936835785391
24.532125830781172,5.063747382863203,0.014353904685988184,1.0028426987811554
24.340278308544832,5.063503584071463,0.014110105894248548,1.0027944159937685
24.148430786308495,5.063255039400296,0.013861561223081686,1.002745193315393
24.148430786308495,5.063427656115131,0.014034177937916503,1.0027793789488917
23.955759884148392,5.063603239386764,0.014209761209549754,1.0028141520899416
23.763912361912055,5.0638250901421635,0.01443161196494902,1.0028580882094693
23.572064839675704,5.063963895650717,0.01457041747350285,1.0028855777503722
23.380217317439367,5.0641554948641785,0.014762016686963975,1.0029235227460018
23.188369795203027,5.063843479533247,0.014450001356032693,1.0028617301104545
22.99652227296669,5.063535022847573,0.014141544670358108,1.0028006422417812
22.80467475073035,5.063365371670454,0.01397189349323913,1.0027670439140115
22.612827228494012,5.063581291350425,0.014187813173210273,1.0028098054220824
22.612827228494012,5.063539174600374,0.014145696423159215,1.0028014644698011
22.42097970625766,5.064137106492179,0.014743628314964674,1.0029198810468396
22.228308804097562,5.06419049330463,0.014797015127415492,1.0029304539627117
22.03646128186122,5.064174476343718,0.014780998166503245,1.002927281906309
21.843790379701122,5.064355398602322,0.014961920425107245,1.0029631123994933
21.652766237388544,5.064010164153569,0.014616685976354127,1.0028947409306732
21.460918715152207,5.063580698242883,0.014187220065668527,1.002809687960937
21.269071192915856,5.063698741930181,0.014305263752966368,1.0028330657562718
21.076400290755757,5.063982878149343,0.01458939997212827,1.002889337112503
21.076400290755757,5.063763398805031,0.014369920627816057,1.002845870635735
20.884552768519416,5.063710605100123,0.014317126922908763,1.0028354151810084
20.69270524628308,5.063377234840396,0.013983756663181524,1.002769393338748
20.50085772404674,5.063130470510942,0.013736992333727827,1.0027205232456329
20.309010201810402,5.062828539027324,0.01343506085010926,1.002660727651385
20.11716267957405,5.062734221679909,0.01334074350269443,1.002642048705523
19.92449177741395,5.062409749052408,0.013016270875193747,1.0025777889822705
19.73264425517761,5.061654031191593,0.012260553014378672,1.0024281239058448
19.535856453398708,5.061294560123643,0.011901081946428249,1.0023569329658826
19.535856453398708,5.061183634745944,0.01179015656872906,1.0023349649061188
19.34318555123861,5.0614416701568805,0.012048191979666,1.0023860671646478
19.151338029002268,5.061365150112089,0.011971671934874806,1.0023709128604483
18.960313886689683,5.0613532859230626,0.011959807745848039,1.0023685632338888
18.76764298452958,5.061470736502819,0.012077258325604134,1.0023918235680782
18.57497208236948,5.061409045165684,0.012015566988469395,1.0023796059943435
18.383947940056903,5.0615075142659,0.012114036088685332,1.0023991071682254
18.192100417820566,5.061796395345405,0.012402917168190086,1.002456318213622
17.999429515660463,5.061618439643599,0.01222496146638452,1.0024210752279892
17.808405373347878,5.0610341522825335,0.011640674105318993,1.0023053608627706
17.808405373347878,5.0606598514878405,0.011266373310625966,1.00223123299052
17.61655785111154,5.060634344806243,0.0112408666290289,1.002226181555787
17.4247103288752,5.060343091296568,0.010949613119353607,1.0021685006658079
17.232039426715097,5.060099884593287,0.010706406416072234,1.0021203351377435
17.04019190447876,5.0598881176852,0.010494639507985681,1.0020783960595152
16.84834438224242,5.059584999986496,0.010191521809281845,1.0020183655429762
16.656496860006072,5.059428399213488,0.010034921036273126,1.001987351764057
16.464649337769735,5.059127653944957,0.009734175767742492,1.001927791092101
16.272801815533395,5.059154939949182,0.009761461771967461,1.001933194910271
16.272801815533395,5.059293745457735,0.009900267280520403,1.0019606844511737
16.080954293297058,5.059258154928825,0.009864676751610624,1.0019536359751413
15.889106771060717,5.059105705908617,0.009712227731402123,1.0019234444242417
15.696435868900616,5.058905802170472,0.009512323993257077,1.0018838547707498
15.504588346664278,5.05850124983384,0.009107771656625907,1.0018037357746012
15.312740824427928,5.057650621518065,0.008257143340850703,1.0016352742911672
15.120069922267827,5.057148193188762,0.00775471501154712,1.0015357715822826
14.929045779955251,5.057071672124886,0.007678193947671552,1.0015206170762598
14.737198257718912,5.0571547183908185,0.007761240213604026,1.001537063856708
14.737198257718912,5.057279880387716,0.007886402210501409,1.0015618513876143
14.545350735482574,5.057361146311934,0.00796766813471983,1.0015779455828022
14.352679833322473,5.057137516233905,0.007744038056690883,1.0015336570798372
14.160832311086123,5.057128617582594,0.007735139405379066,1.0015318947590062
13.968984788849784,5.056824906776348,0.007431428599133483,1.0014717467813217
13.777137266613446,5.056347393040181,0.006953914862966926,1.001377178247847
13.585289744377107,5.056168250104206,0.006774771926991718,1.0013417001381
13.393442222140768,5.056072154453248,0.006678676276033357,1.0013226690106243
13.200771319980667,5.0560519857395345,0.006658507562320004,1.0013186747262017
13.00974717766808,5.055676499748842,0.006283021571627856,1.0012443121334833
13.00974717766808,5.055238728294387,0.005845250117172185,1.0011576143040615
12.81707627550798,5.05474638483148,0.005352906654265688,1.001060108838299
12.62522875327164,5.054681133830003,0.0052876556527881036,1.0010471862958672
12.433381231035302,5.054981285990992,0.005587807813777879,1.001106629506678
12.241533708798963,5.054894681079803,0.005501202902588709,1.0010894779593558
12.049686186562624,5.054910103914086,0.0055166257368712834,1.0010925323527893
11.857015284402523,5.054817566908384,0.005424088731169618,1.0010742059921873
11.665167762166174,5.054910697021629,0.005517218844414806,1.001092649813935
11.4741436198536,5.0546621523504625,0.005268674173247945,1.0010434271355597
11.4741436198536,5.054167435438299,0.00477395726108476,1.0009454516233913
11.281472717693497,5.0539865141987805,0.0045930360215660215,1.0009096213320305
11.089625195457158,5.053866097062225,0.004472618885010604,1.0008857734902896
10.89777767322082,5.053818049236745,0.004424571059530535,1.0008762579265515
10.70593015098448,5.052562275476797,0.0031687972995824154,1.0006275599858236
10.514082628748133,5.051979173311731,0.0025856951345168966,1.000512080341073
10.322235106511794,5.052244921158897,0.002851442981682162,1.0005647099981425
10.129564204351693,5.052413979228474,0.0030205010512593944,1.000598190864767
9.937716682115354,5.052804294945908,0.003410816768693259,1.0006754903897734
9.937716682115354,5.053236134305851,0.0038426561286364347,1.0007610134059157
9.745869159879016,5.053210626605168,0.003817148427953221,1.000755961769359
9.554021637642677,5.05291344100098,0.0035199628237654323,1.0006971060661005
9.362174115406328,5.052934795929776,0.0035413177525613904,1.0007013352728138
9.170326593169989,5.05315546047009,0.0037619822928753877,1.00074503647005
8.97847907093365,5.0532966394278995,0.0039031612506850166,1.000772996057359
8.786631548697311,5.053380277782289,0.003986799605074864,1.0007895600971295
8.594784026460973,5.053083092178099,0.0036896140008844114,1.0007307043938705
8.400466364453345,5.052908696140636,0.0035152179634216907,1.000696166376935
8.400466364453345,5.053224863224367,0.0038313850471523025,1.0007587812405017
8.205325322521958,5.053221897686653,0.003828419509438241,1.0007581939347734
8.012654420361857,5.053004198684053,0.0036107205068383053,1.0007150800432654
7.820806898125518,5.0526061705303915,0.0032126923531770046,1.0006362531197186
7.628959375889179,5.0522965276296325,0.0029030494524180384,1.0005749303287543
7.437111853652841,5.052436519353271,0.0030430411760562492,1.0006026547919484
7.245264331416491,5.052569986893938,0.0031765087167237027,1.0006290871825403
7.053416809180153,5.052108488080514,0.0027150099032997588,1.0005376903018222
6.861569286943814,5.051833843620206,0.0024403654429914212,1.0004832987275676
6.668898384783713,5.051676648720571,0.002283170543356583,1.0004521672856799
6.668898384783713,5.05173478141245,0.0023413032352355145,1.0004636800925406
6.477874242471136,5.051566316450415,0.0021728382732009166,1.0004303166870618
6.286026720234798,5.051603094213495,0.0022096160362803374,1.0004376002872089
6.093355818074697,5.051632753666976,0.0022392754897611056,1.0004434741517845
5.901508295838347,5.0512376920701145,0.0018442138929000151,1.0003652347357896
5.709660773602009,5.050406045233882,0.0010125670566676348,1.0002005324126637
5.51781325136567,5.049791505311791,0.0003980271345769282,1.0000788267217235
5.319378689739242,5.049737525391799,0.00034404721458436427,1.0000681363447057
5.128354547426666,5.049696002768376,0.0003025245911612018,1.0000599130553933
5.128354547426666,5.049547112393424,0.00015363421620939732,1.0000304262713677
4.936507025190317,5.049556010025652,0.00016253184843773028,1.000032188390376
4.744659502953978,5.049456948836978,6.34706597635315e-05,1.0000125699571716
4.55281198071764,5.049416018302014,2.254012479951939e-05,1.000004463927182
4.360141078557538,5.049309838803741,-8.363937347333206e-05,0.9999834357584064
4.168293556321199,5.048969943341956,-0.00042353483525836566,0.9999161216417202
3.976446034084861,5.049588042928391,0.00019456475117607397,1.0000385323013579
3.7845985118485115,5.0497832007871075,0.0003897226098930062,1.0000771820638612
3.592750989612173,5.049489573828175,9.609565096013739e-05,1.0000190311274761
3.592750989612173,5.049327040960653,-6.643721656107715e-05,0.9999868425352771
3.4009034673758345,5.049494912815145,0.00010143463793088614,1.0000200884796104
3.208232565215733,5.049552451380395,0.00015897320318014607,1.000031483623502
3.0163850429793944,5.049484234841203,9.075666398850046e-05,1.0000179737753416
2.8245375207430556,5.049315176771626,-7.830140558873211e-05,0.9999844929087173
2.632689998506717,5.04990005825932,0.0005065800821055788,1.0001003249369047
2.440842476270368,5.050464771033303,0.0010712928560883128,1.0002121626806701
2.2489949540340293,5.050752465897722,0.0013589877205077983,1.0002691388037754
2.0571474317976906,5.050494430486784,0.001100952309569081,1.000218036545246
1.8652999095613518,5.049903616904577,0.0005101387273622748,1.0001010297037787
1.8652999095613518,5.04935551419905,-3.7963978164690104e-05,0.9999924814775618
1.6734523873250131,5.048972315772128,-0.0004211624050869389,0.9999165914863029
1.480781485164912,5.0490494299435476,-0.00034404823366696036,0.9999318634534714
1.2889339629285628,5.049628379336728,0.000234901159513079,1.0000465206683788
1.097086440692224,5.050083946055638,0.0006904678784236395,1.0001367427358172
0.9052389184558854,5.050465957248388,0.001072479071173582,1.0002123976029613
0.7133913962195467,5.050241733043732,0.0008482548665176282,1.0001679914370278
0.5207204940594455,5.050139112190717,0.0007456340135023609,1.0001476680351264
0.3296963517468693,5.050131993881117,0.0007385157039028201,1.000146258299555
0.3296963517468693,5.050144450158603,0.0007509719813887372,1.0001487251854375
0.13784882951052016,5.0498526035413835,0.00045912536416903293,1.0000909268343126
-0.054822072649580986,5.0493934781772145,0.0,1.0
-0.2466695948859197,5.049127730330051,-0.00026574784716348887,0.9999473703429309
-0.4385171171222584,5.0490268887996645,-0.000366589377549964,0.9999273993244665
-0.6303646393585971,5.048971129557043,-0.00042234862017132,0.9999163565640118
-0.8222121615949358,5.0486496224672575,-0.0007438557099570531,0.9998526841464878
-1.014883063755037,5.048417093737917,-0.0009763844392978172,0.9998066333226916
-1.2059072060676237,5.048241511485369,-0.0011519666918458071,0.999771860383465
-1.2059072060676237,5.048077791383675,-0.001315686793539328,0.9997394366671511
-1.3977547283039624,5.0482017681845734,-0.0011917099926410657,0.9997639894775895
-1.5896022505403011,5.048894608493168,-0.0004988696840468876,0.9999012020579892
-1.782273152700402,5.049562535227708,0.0001690570504937483,1.0000334806648015
-1.9741206749367408,5.050003272219878,0.0006097940426634807,1.0001207657999518
-2.1659681971730795,5.050068523221356,0.0006750450441410649,1.0001336883423837
-2.358639099333191,5.050186566908654,0.000793088731439795,1.0001570661377188
-2.5496632416457676,5.050353251528975,0.0009597733517603402,1.0001900769579373
-2.7472744233484327,5.050399520031825,0.0010060418546107286,1.000199240138238
-2.7472744233484327,5.050177076168883,0.0007835979916688274,1.0001551865575649
-2.9391219455847715,5.050506886764269,0.00111340858705411,1.0002205034311282
-3.131792847744873,5.051104817636989,0.0017113394597743081,1.0003389198063433
-3.3228169900574596,5.051679022169827,0.002285543992612382,1.0004526373320857
-3.5154878922175605,5.051585297929955,0.0021918197527401873,1.000434075847369
-3.7073354144538992,5.051313619007362,0.0019201408301476874,1.0003802715788432
-3.899182936690248,5.051246589702343,0.001853111525128348,1.000366996854798
-4.091030458926587,5.0511036314219036,0.0017101532446890388,1.0003386848840519
-4.282877981162926,5.051261419429083,0.001867941251868288,1.0003699337870857
-4.474725503399265,5.051441154453516,0.0020476762763017575,1.0004055291561553
-4.474725503399265,5.051480304646769,0.0020868264695543814,1.0004132826008854
-4.6665730256356035,5.051381242439011,0.0019877642617966984,1.000393663965858
-4.8592439277957045,5.051203879844747,0.0018104016675328793,1.0003585384413707
-5.051091450032043,5.051118461148644,0.001724982971429867,1.00034162181634
-5.242938972268382,5.05112261392053,0.0017291357433153465,1.000342444246183
-5.434786494504721,5.051267351523595,0.0018738733463807833,1.0003711086003655
-5.626634016741059,5.0517086816233086,0.0023152034460940385,1.0004585111966615
-5.818481538977398,5.051627414680006,0.002233936502791245,1.0004424167996504
-6.010329061213737,5.051093547574591,0.0017000693973763248,1.0003366878427526
-6.010329061213737,5.051190237352178,0.0017967591749634693,1.0003558366331975
-6.202176583450096,5.051259045979827,0.0018655678026124889,1.00036946374068
-6.394024105686435,5.05140319047535,0.002009712298135291,1.000398010633717
-6.5916352873890895,5.05192519339174,0.002531715214525221,1.0005013899640556
-6.784306189549191,5.052287629997404,0.0028941518201897054,1.0005731682097458
-6.975330331861767,5.052534988453488,0.003141510276273074,1.0006221559658304
-7.168001234021869,5.052442451447784,0.0030489732705696326,1.0006038296052282
-7.359848756258228,5.052667861867525,0.003274383690310856,1.000648470693453
-7.557459937960883,5.053048093737647,0.0036546155604328945,1.0007237731771603
-7.557459937960883,5.053037416782791,0.0036439386055766576,1.0007216586747152
-7.749307460197222,5.0531091919672395,0.0037157137900249992,1.0007358732897493
-7.94115498243356,5.053455019523535,0.004061541346320752,1.000804362219715
-8.1330025046699,5.053517303968213,0.004123825790998126,1.000816697254595
-8.324850026906258,5.053497728362046,0.004104250184831848,1.0008128204313191
-8.51752092906636,5.053543403757353,0.004149925580138714,1.0008218661504742
-8.709368451302698,5.053686955145334,0.004293476968119769,1.0008502955823657
-8.900392593615274,5.053539845112097,0.004146366934882906,1.0008211613836004
-9.092240115851613,5.053242659507907,0.0038491813306924527,1.0007623056803412
-9.092240115851613,5.052097811125658,0.002704332948443522,1.000535575799377
-9.284911018011714,5.051235911728401,0.0018424335511868506,1.0003648821505295
-9.476758540248053,5.051419799524719,0.0020263213475049113,1.0004012999494418
-9.668606062484391,5.052069930994804,0.0026764528175897695,1.0005300543182378
-9.86045358472073,5.0521565359059935,0.0027630577287789393,1.00054720586556
-10.052301106957069,5.052441858340242,0.003048380163027886,1.0006037121440827
-10.244148629193408,5.05291877998795,0.003525301810735293,1.0006981634182346
-10.435996151429746,5.052308391818658,0.002914913641443917,1.0005772799553139
-10.628667053589847,5.050718654691441,0.0013251765142268113,1.00026244271118
-10.628667053589847,5.050550189729405,0.001156711552190437,1.0002290793057007
-10.820514575826207,5.050942878896097,0.0015494007188827652,1.0003068488771134
-11.012362098062546,5.052348728226996,0.00295525004978181,1.0005852683223349
-11.204209620298885,5.053697038992648,0.0043035608154333715,1.0008522926236652
-11.396880522458986,5.054561310820075,0.005167832642860581,1.0010234561170952
-11.587904664771562,5.0547754511774174,0.005381973000202933,1.0010658652417292
-11.779752187007901,5.055118312176916,0.00572483399970114,1.0011337666641436
-11.972423089168002,5.055302793080778,0.005909314903563612,1.001170301924202
-12.163447231480578,5.054562497035161,0.005169018857946739,1.0010236910393866
-12.35611813364068,5.05434657735519,0.004953099177975595,1.0009809295313155
-12.35611813364068,5.054092693697052,0.004699215519837097,1.0009306495008057
-12.547965655877018,5.054340052153134,0.004946573975919577,1.00097963725689
-12.739813178113357,5.055471257023727,0.006077778846512061,1.0012036651278573
-12.962949137452627,5.056171809768548,0.006778331591333675,1.0013424051067972
-12.962949137452627,5.05613562511301,0.0067421469357951125,1.0013352389677956
-12.962949137452627,5.056515856983132,0.007122378805917151,1.0014105414515029
-12.962949137452627,5.0567549109145284,0.007361432737313933,1.0014578845497244
-12.962949137452627,5.056595344603806,0.0072018664265911525,1.001426283465077
-12.962949137452627,5.05629578555036,0.0069023073731457885,1.001366957715412
-12.962949137452627,5.055554303289659,0.006160825112444535,1.0012201119083055
-12.962949137452627,5.055064332256922,0.005670854079707688,1.0011230762871257
-12.962949137452627,5.0550234027410434,0.005629924563828936,1.0011149704589593
-12.962949137452627,5.055092805495319,0.005699327318104075,1.0011287152294104
-12.962949137452627,5.0551574623701665,0.0057639841929519875,1.0011415201088731
-12.962949137452627,5.05517051277428,0.0057770345970658,1.0011441046577243
-12.962949137452627,5.055725733789408,0.006332255612193194,1.0012540626195128
-12.962949137452627,5.056294006227731,0.006900528050516108,1.001366605331975
-12.962949137452627,5.056398406403376,0.007004928226161056,1.0013872811173135
