Angle (degree),rho (mOhm cm),Delta rho (mOhm cm),rho/rho(theta=0)
102.46745251901191,4.858628123137215,-0.1002481133377211,0.9797841066086006
102.46745251901191,4.8585980196,-0.1002782168749361,0.9797780359716701
102.46745251901191,4.858570708778733,-0.10030552769620282,0.9797725285099057
102.46745251901191,4.858738604430378,-0.10013763204455728,0.979806386110628
102.46745251901191,4.858805638143796,-0.10007059833113985,0.9798199040348956
102.46745251901191,4.858931017121012,-0.09994521935392342,0.9798451877829139
102.30491311834598,4.859147014878986,-0.09972922159594955,0.9798887455866728
102.13662011057684,4.859329807148353,-0.09954642932658242,0.9799256072183512
101.9697655045835,4.859306841618227,-0.0995693948567089,0.9799209760218801
101.9697655045835,4.859034361473418,-0.09984187500151798,0.9798660280595163
101.80147249681436,4.858732707630379,-0.10014352884455668,0.9798051969702425
101.63389868993312,4.858506467781265,-0.10036976869367109,0.9797595737608044
101.46704408393978,4.858340435006581,-0.10053580146835461,0.9797260918252274
101.29875107617063,4.858196746092151,-0.10067949038278456,0.9796971157210502
101.13117726928937,4.858009299296202,-0.10086693717873363,0.9796593154640948
100.96360346240813,4.857941955281011,-0.10093428119392467,0.9796457349648083
100.79531045463898,4.858057092167087,-0.10081914430784877,0.9796689533071474
100.62845584864564,4.858039402833417,-0.10083683364151863,0.9796653861010253
100.62845584864564,4.857516785337721,-0.10135945113721512,0.9795599957926622
100.4601628408765,4.8573135110187335,-0.10156272545620215,0.9795190037796953
100.29330823488317,4.857934196670379,-0.10094203980455685,0.979644170374312
100.12501522711402,4.858723087209112,-0.10015314926582342,0.9798032569296349
99.95744142023278,4.858770569778227,-0.10010566669670862,0.9798128321976695
99.78555240802412,4.858481019836961,-0.1003952166379749,0.9797544419641855
99.61725940025497,4.858545260834429,-0.10033097564050664,0.9797673967132868
99.44968559337373,4.858472640622784,-0.10040359585215164,0.9797527522236521
99.2821117864925,4.85835781403848,-0.1005184224364557,0.9797295964563314
99.2821117864925,4.857973610327088,-0.10090262614784784,0.9796521184768314
99.11453797961124,4.857584440721012,-0.10129179575392389,0.9795736390820013
98.94696417273,4.857528889239492,-0.10134734723544359,0.9795624366484518
98.77939036584877,4.857576992412151,-0.10129924406278512,0.9795721370665232
98.61109735807962,4.857312269811644,-0.10156396666329126,0.9795187534796213
98.44424275208628,4.857020237456202,-0.10185599901873399,0.9794598626459895
98.27594974431713,4.85657024123848,-0.10230599523645534,0.9793691170422958
98.10837593743588,4.8565208957924035,-0.10235534068253216,0.9793591661091158
97.94080213055463,4.856292173529113,-0.102584062945823,0.97931304229953
97.7732283236734,4.856178277850126,-0.1026979586248098,0.9792900742572649
97.7732283236734,4.856017520205569,-0.10285871626936682,0.9792576560970021
97.60565451679216,4.856021865496708,-0.10285437097822747,0.9792585323622953
97.437361509023,4.855794694742277,-0.10308154173265827,0.9792127214278018
97.27050690302967,4.855701591414682,-0.10317464506025331,0.9791939463418438
97.10221389526052,4.855790039149366,-0.10308619732556945,0.9792117825874902
96.93464008837928,4.855541455439999,-0.10333478103493654,0.9791616535466525
96.76706628149805,4.855437180182277,-0.10343905629265837,0.9791406255449946
96.5987732737289,4.8556382813225305,-0.10323795515240519,0.9791811793177978
96.43191866773556,4.855561006584303,-0.10331522989063302,0.9791655962028858
96.43191866773556,4.855478145347846,-0.10339809112708931,0.9791488865226065
96.26434486085432,4.855299388067848,-0.10357684840708803,0.9791128385812031
96.09533265219727,4.855223663772151,-0.10365257270278505,0.9790975681263488
95.9284780462039,4.855316146496202,-0.10356008997873367,0.97911621806227
95.76090423932267,4.855403663325569,-0.10347257314936709,0.9791338665828608
95.59333043244143,4.85534966335291,-0.10352657312202584,0.9791229770244037
95.42575662556018,4.855265871211139,-0.10361036526379674,0.9791060796190693
95.25818281867895,4.855245698396962,-0.10363053807797407,0.9791020115977646
95.0898898109098,4.855045527095696,-0.1038307093792401,0.9790616453349824
95.0898898109098,4.855057630997467,-0.10381860547746857,0.9790640861907719
94.92303520491646,4.855131492416202,-0.10374474405873357,0.9790789809804809
94.7504269918199,4.855128388332151,-0.1037478481427847,0.9790783550152615
94.58285318493866,4.855169664865822,-0.10370657160911367,0.9790866787829263
94.41527937805742,4.855116285496709,-0.10375995097822699,0.9790759143745064
94.24770557117617,4.855085561355948,-0.10379067511898743,0.9790697185875387
94.08013176429493,4.855080596527594,-0.10379563994734209,0.9790687173872429
93.91183875652578,4.855146078732151,-0.10373015774278471,0.9790819224364183
93.74426494964455,4.85506973383291,-0.1038065026420254,0.9790665268315272
93.74426494964455,4.855209077456202,-0.10366715901873391,0.9790946266704114
93.5759719418754,4.854930079907847,-0.10394615656708872,0.9790383644176246
93.40839813499416,4.854642392843544,-0.1042338436313921,0.9789803498492861
93.24154352900082,4.854530358975189,-0.104345877499747,0.9789577572571316
93.07396972211956,4.8545682200567075,-0.10430801641822818,0.9789653922695243
92.90639591523832,4.85465356477367,-0.10422267170126531,0.9789826027649859
92.73882210835708,4.854966079178733,-0.10391015729620268,0.9790456239799064
92.57052910058793,4.8548410115696194,-0.10403522490531625,0.9790204030219414
92.4029552937067,4.854919528581265,-0.10395670789367095,0.9790362366519618
92.23538148682545,4.855016665831897,-0.10385957064303852,0.9790558252131599
92.23538148682545,4.855121251391392,-0.10375498508354397,0.9790769157898365
92.06708847905631,4.855263698032404,-0.10361253844253149,0.9791056413789053
91.90023387306297,4.855268663927088,-0.10360757254784758,0.9791066427942355
91.73194086529382,4.855144527223291,-0.10373170925164477,0.9790816095613261
91.56508625930049,4.855092699363037,-0.10378353711189892,0.9790711580279982
91.39751245241925,4.855293491267847,-0.10358274520708832,0.9791116494408174
91.2292194446501,4.8553279390298725,-0.10354829744506322,0.9791185961280067
91.06164563776886,4.855123733805568,-0.10375250266936753,0.9790774163899841
90.8890374246723,4.855215284557974,-0.10366095191696179,0.9790958783858155
90.8890374246723,4.85514731993924,-0.1037289165356956,0.9790821727364923
90.72146361779104,4.854771804677467,-0.10410443179746842,0.9790064468575098
90.55388981090981,4.854522910666328,-0.10435332580860734,0.9789562552416537
90.38631600402857,4.854534392898227,-0.10434184357670873,0.978958570732372
90.213707790932,4.854974769761012,-0.10390146671392397,0.9790473765104928
90.04613398405075,4.8552587332040495,-0.10361750327088615,0.9791046401786095
89.87856017716952,4.855361766188353,-0.10351447028658267,0.9791254176651589
89.71098637028828,4.855460766315948,-0.10341547015898733,0.9791453818915027
89.54269336251913,4.855373249486582,-0.10350298698835392,0.9791277333709119
89.54269336251913,4.855272387548354,-0.10360384892658203,0.9791073936944573
89.37080435031046,4.8553959047149355,-0.10348033176000015,0.9791323019923642
89.20323054342923,4.855223043168606,-0.1036531933063296,0.9790974429763118
89.03565673654799,4.855152285833923,-0.10372395064101259,0.9790831741518224
88.86808292966674,4.855241663407594,-0.10363457306734158,0.9791011979074897
88.6997899218976,4.85540086954329,-0.1034753669316455,0.97913330319266
88.53221611501635,4.855514144618732,-0.10336209185620326,0.9791561460848881
88.36464230813512,4.855454559214177,-0.10342167726075857,0.9791441301760988
88.19706850125385,4.855540213166581,-0.1033360233083549,0.9791614030315441
88.19706850125385,4.855389697613163,-0.10348653886177228,0.9791310502769602
88.02877549348472,4.855085561355948,-0.10379067511898743,0.9790697185875387
87.86192088749138,4.8550774924435425,-0.10379874403139322,0.9790680914220236
87.69362787972223,4.855092699363037,-0.10378353711189892,0.9790711580279982
87.52173886751356,4.855503903593924,-0.10337233288101189,0.979154080894244
87.35416506063233,4.855479076253164,-0.10339716022177203,0.9791490742476621
87.18659125375109,4.8554728691513915,-0.10340336732354416,0.979147822532258
87.01901744686984,4.855561937489619,-0.10331429898531663,0.9791657839279412
86.8507244391007,4.855534938036455,-0.1033412984384805,0.97916033925623
86.8507244391007,4.85516935456405,-0.1037068819108855,0.9790866162079079
86.68315063221945,4.854951183627341,-0.10392505284759501,0.9790426201639848
86.51557682533821,4.8550219409620246,-0.10385429551291114,0.9790568889884743
86.34728381756906,4.855286663562531,-0.103589572912405,0.9791102725753763
86.17971001068783,4.855326697822784,-0.10354953865215144,0.9791183458279329
86.01285540469449,4.855236388277468,-0.10363984819746808,0.9791001341321756
85.84456239692534,4.855252836404049,-0.10362340007088644,0.9791034510382239
85.6769885900441,4.855303111689113,-0.10357312478582248,0.9791135894814248
85.50941478316287,4.855311801205063,-0.10356443526987302,0.9791153417969768
85.50941478316287,4.855464179635443,-0.10341205683949273,0.9791460702167062
85.3418409762816,4.855922866435443,-0.10295337003949268,0.9792385683509863
85.17426716940037,4.856268897697214,-0.10260733877772132,0.9793083485280406
85.00165895630381,4.856217381205062,-0.1026588552698735,0.9792979597847657
84.83336594853466,4.8560426578481,-0.10283357862683573,0.9792627253186025
84.66651134254133,4.856034899237468,-0.10284133723746791,0.9792611607281061
84.49893753566009,4.856151278396961,-0.10272495807797455,0.9792846295855535
84.33136372877883,4.856037693019746,-0.1028385434551895,0.9792617241183068
84.16378992189759,4.8558701076698725,-0.10300612880506321,0.979227929092603
84.16378992189759,4.856118692445568,-0.10275754402936776,0.9792780583484749
83.99621611501635,4.856203105190885,-0.10267313128405053,0.9792950809038468
83.8279231072472,4.855868556161011,-0.10300768031392504,0.9792276162175104
83.66034930036597,4.855645109027847,-0.10323112744708851,0.9791825561832389
83.49277549348471,4.85568359177924,-0.10319264469569589,0.979190316560703
83.32016728038815,4.855772660117467,-0.10310357635746836,0.9792082779563862
83.15259347350691,4.856137622986328,-0.10273861348860791,0.9792818758546713
82.98501966662567,4.856324759480505,-0.10255147699443068,0.9793196135366083
82.81744585974442,4.856480240928607,-0.1023959955463285,0.9793509677065226
82.81744585974442,4.856700274742278,-0.10217596173265786,0.979395339415591
82.64987205286319,4.856671102110379,-0.10220513436455647,0.9793894565037159
82.48229824598195,4.8565869986005055,-0.10228923787443023,0.9793724963083282
82.3147244391007,4.85647186171443,-0.10240437476050612,0.979349277965989
82.14715063221946,4.8565208957924035,-0.10235534068253216,0.9793591661091158
81.97885762445031,4.856457897068354,-0.10241833940658207,0.9793464618751229
81.81128381756906,4.856603136425315,-0.10227310004962042,0.9793757506393581
81.64371001068783,4.856824101144303,-0.10205213533063251,0.9794203100734821
81.47541700291868,4.856943583321518,-0.10193265315341726,0.9794444046811144
81.30856239692534,4.856942651349872,-0.10193358512506379,0.9794442167410243
81.30856239692534,4.857117064405062,-0.1017591720698734,0.9794793886321692
81.14098859004409,4.857351993770126,-0.10152424270480953,0.9795267641571593
80.97341478316285,4.857625405886582,-0.10125083058835394,0.9795819000596133
80.8051217753937,4.857720059656708,-0.10115617681822808,0.9796009878056291
80.63754796851246,4.857639992202531,-0.10123624427240507,0.9795848415155507
80.46997416163123,4.85755619899443,-0.10132003748050611,0.9795679438951816
80.30240035474998,4.857298304099239,-0.10157793237569646,0.9795159371737207
80.13482654786874,4.857179443591897,-0.10169679288303879,0.9794919679311596
79.96653354009959,4.857263856337215,-0.10161238013772067,0.9795089904865315
79.96653354009959,4.857451303133163,-0.1014249333417725,0.9795467907434868
79.79967893410625,4.8575850613245555,-0.10129117515038022,0.9795737642320382
79.632105127225,4.8575453373660755,-0.10133089910886017,0.9795657535545005
79.46381211945587,4.8573249943169605,-0.10155124215797517,0.9795213194854479
79.29623831257462,4.857286201263797,-0.10159003521113874,0.9795134965329655
79.12866450569338,4.857531992257214,-0.1013442442177217,0.9795630623986367
78.96109069881213,4.857486371498734,-0.10138986497620195,0.9795538625807133
78.79279769104298,4.857604302167087,-0.10127193430784853,0.979577644313253
78.62594308504964,4.857836128514429,-0.10104010796050655,0.9796243940880581
78.62594308504964,4.8581474017124044,-0.10072883476253125,0.9796871650029049
78.4583692781684,4.858506157479493,-0.10037007899544292,0.979759511185786
78.29079547128717,4.8587398456374675,-0.10013639083746817,0.979806636410702
78.12250246351802,4.858950568265315,-0.09992566820962079,0.9798491304391469
77.95492865663678,4.859138325363037,-0.099737911111899,0.9798869932711209
77.78735484975553,4.859178669925062,-0.0996975665498736,0.9798951290986958
77.61978104287428,4.859150739566581,-0.09972549690835475,0.979889496701929
77.45220723599304,4.859192635637467,-0.09968360083746841,0.9798979454045964
77.28391422822389,4.859277670052657,-0.09959856642227827,0.9799150933250396
77.11705962223056,4.859238256395948,-0.09963798007898728,0.97990714522252
77.11705962223056,4.859099223074429,-0.09977701340050693,0.9798791079586543
76.9494858153493,4.859138325363037,-0.099737911111899,0.9798869932711209
76.78119280758017,4.859358359176708,-0.09951787729822748,0.9799313649801894
76.61361900069892,4.859566288022277,-0.0993099484526585,0.9799732956184335
76.44604519381768,4.860099146542784,-0.09877708993215162,0.980080751117441
76.27775218604853,4.860490488261265,-0.09838574821367096,0.9801596685374004
76.1108975800552,4.860537039925062,-0.09833919654987344,0.9801690560803794
75.94332377317396,4.860543557328607,-0.0983326791463286,0.9801703703708021
75.77503076540481,4.8607369009245565,-0.09813933555037924,0.9802093597681433
75.77503076540481,4.8610754838774675,-0.09780075259746823,0.9802776379297196
75.60817615941147,4.861234379711392,-0.09764185676354398,0.9803096806398715
75.43988315164233,4.861511515449113,-0.09736472102582283,0.9803655674425471
75.27230934476108,4.861734652280505,-0.09714158419443031,0.9804105649018003
75.10473553787983,4.8615959292607585,-0.09728030721417724,0.9803825902129532
74.9364425301107,4.861535101582784,-0.09734113489215179,0.9803703237890552
74.76958792411735,4.86165613526886,-0.0972201012060756,0.9803947312717799
74.60201411723611,4.861964615750885,-0.09691162072405035,0.9804569390114602
74.43444031035486,4.862380475574683,-0.09649576090025302,0.9805408007180175
74.43444031035486,4.862587473514935,-0.09628876296000044,0.9805825436312062
74.26614730258572,4.86256916357772,-0.09630707289721574,0.9805788512750468
74.09857349570447,4.862641473487594,-0.09623476298734168,0.9805934331896633
73.93099968882323,4.86293971294481,-0.09593652353012594,0.9806535757386994
73.763425881942,4.862814954571138,-0.09606128190379781,0.9806284171407181
73.59585207506075,4.8627414034541765,-0.0961348330207592,0.980613584926028
73.42827826817951,4.86312591853367,-0.09575031794126598,0.9806911256955808
73.25998526041036,4.863535570189366,-0.09534066628557003,0.9807737354716995
73.09313065441702,4.863874464510379,-0.09500177196455706,0.9808420764233289
72.92483764664787,4.8639756367503795,-0.09490059972455622,0.9808624786748021
72.92483764664787,4.864206531126075,-0.09466970534886077,0.9809090405095172
72.75726383976662,4.864390564602531,-0.09448567187240453,0.9809461524412695
72.58969003288539,4.86469811417924,-0.09417812229569567,0.9810081724558943
72.42211622600414,4.864993249552405,-0.09388298692253105,0.981067689039711
72.2545424191229,4.865249592938733,-0.09362664353620254,0.9811193828860795
72.08624941135375,4.86540445378329,-0.0934717826916458,0.9811506119059565
71.91939480536041,4.865796416105315,-0.09307982036962059,0.9812296544759529
71.75182099847918,4.866383274598481,-0.09249296187645495,0.9813479995334176
71.58352799071002,4.8678415745650625,-0.0910346619098732,0.9816420782514657
71.58352799071002,4.868050744617721,-0.09082549185721511,0.9816842591897839
71.41595418382879,4.867497404047595,-0.09137883242734102,0.9815726733094878
71.24838037694755,4.867504852356455,-0.09137138411848067,0.9815741753249658
71.0808065700663,4.867763367855189,-0.09111286861974666,0.9816263071964637
70.91323276318505,4.867934366524556,-0.09094186995038012,0.9816607905473707
70.74493975541591,4.867913263871391,-0.09096297260354458,0.981656535016045
70.57233154231935,4.868225778276455,-0.09065045819848105,0.9817195562309656
70.40475773543811,4.868680430087088,-0.09019580638784763,0.9818112406749712
70.23718392855686,4.869028944829367,-0.08984729164556882,0.9818815216672079
70.23718392855686,4.8688672562794935,-0.09000898019544223,0.9818489157818897
70.07032932256352,4.869316943261771,-0.08955929321316436,0.9819395990255994
69.90275551568227,4.869849490414175,-0.08902674606076033,0.9820469917345536
69.72942810169782,4.870532244950885,-0.08834399152405048,0.9821846750531426
69.56257349570448,4.870935690571138,-0.0879405459037974,0.9822660333288917
69.39428048793533,4.871104826363544,-0.087771410111392,0.9823001410146536
69.22670668105408,4.871627443859239,-0.0872487926156964,0.9824055313230164
69.05913287417285,4.8722211289913915,-0.08665510748354421,0.9825252530308876
68.8908398664037,4.872095440778733,-0.08678079569620234,0.9824999069228856
68.8908398664037,4.87211685373367,-0.08675938274126604,0.9825042250292296
68.72398526041036,4.872389334944809,-0.08648690153012684,0.9825591732066282
68.55641145352911,4.872461334552911,-0.08641490192202461,0.9825736925462263
68.38811844575997,4.8729367797812655,-0.0859394566936702,0.9826695701615733
68.22054463887872,4.873501912885063,-0.08537432358987296,0.9827835341076062
68.05369003288538,4.8737688075979735,-0.08510742887696221,0.9828373557196375
67.88539702511625,4.874107391617215,-0.08476884485772107,0.9829056340962484
67.717823218235,4.874579422459746,-0.08429681401518963,0.9830008231713577
67.55024941135376,4.874709455963543,-0.08416678051139304,0.9830270455446527
67.38267560447252,4.8745915263615185,-0.0842847101134172,0.9830032640271474
67.38267560447252,4.875027868234936,-0.08384836823999997,0.9830912561149935
67.21510179759127,4.8756646906450625,-0.08321154582987322,0.9832196768256057
67.04680878982212,4.876201893390379,-0.08267434308455712,0.9833280083748719
66.87995418382877,4.876469409773164,-0.08240682670177168,0.9833819553519748
66.71094197517174,4.876830027350885,-0.08204620912405058,0.9834546769849667
66.53977216385098,4.877505022210632,-0.08137121426430394,0.9835907954980245
66.37147915608183,4.87821539680405,-0.08066083967088566,0.9837340486383617
66.2039053492006,4.878473602001011,-0.08040263447392437,0.9837861179348409
66.03633154231935,4.87891739218329,-0.0799588442916459,0.9838756120381651
66.03633154231935,4.879362113270885,-0.07951412320405105,0.9839652938665445
65.8687577354381,4.879703800307848,-0.07917243616708802,0.9840341979933405
65.70118392855686,4.879918246556961,-0.07895798991797509,0.984077442922007
65.53361012167562,4.879987453449113,-0.07888878302582292,0.9840913990864386
65.36603631479437,4.880292519545316,-0.07858371692961974,0.9841529182858813
65.19846250791313,4.880881550150884,-0.07799468632405127,0.9842717013684749
65.03016950014398,4.881476787858226,-0.07739944861670978,0.9843917361664727
64.86259569326275,4.881714820241012,-0.07716141623392403,0.9844397374416477
64.69502188638151,4.8818156811129105,-0.07706055536202516,0.9844600769030678
64.69502188638151,4.881846094951897,-0.07703014152303833,0.9844662101150167
64.52744807950026,4.8821595413286065,-0.07671669514632917,0.9845294192700272
64.35987427261901,4.8828339155848095,-0.07604232089012619,0.9846654126330482
64.19158126484987,4.883531255371139,-0.07534498110379673,0.9848060371925401
64.02472665885652,4.884198802988354,-0.07467743348658207,0.9849406539051543
63.856433651087386,4.88471986790886,-0.07415636856607577,0.9850457311233904
63.688859844206135,4.885235036029366,-0.07364120044556977,0.985149619201241
63.52128603732489,4.885421242684557,-0.07345499379037879,0.9851871693731572
63.35371223044365,4.885942617906834,-0.07293361856810154,0.9852923091664116
63.35371223044365,4.886606130534683,-0.07227010594025263,0.9854261121887513
63.18613842356241,4.887166298810126,-0.07170993766481004,0.9855390749344884
63.01353021046585,4.8873413314025305,-0.07153490507240523,0.9855743717606358
62.84092199736929,4.887591157385315,-0.07128507908962067,0.9856247513165817
62.673348190488056,4.887826397052151,-0.07104983942278498,0.9856721894165902
62.505774383606806,4.888140464032404,-0.07073577244253126,0.9857355237216376
62.33820057672556,4.8886022538501255,-0.07027398262481022,0.9858286476061026
62.16990756895642,4.8892232498035435,-0.06965298667139219,0.9859538767757379
62.00305296296307,4.88981476282329,-0.0690614736516455,0.9860731604584795
62.00305296296307,4.890659515145315,-0.06821672132962053,0.9862435120223704
61.834759955193924,4.891386027563543,-0.06749020891139246,0.9863900194937375
61.66287094298527,4.891816162335188,-0.06706007413974735,0.9864767598661793
61.49457793521613,4.89197754058329,-0.06689869589164577,0.9865093031764791
61.327004128334885,4.8922726759564545,-0.06660356051848115,0.9865688197602958
61.16014952234154,4.892426295593923,-0.06644994088101264,0.9865997984800989
60.99185651457239,4.892865740485062,-0.06601049598987352,0.9866884163181299
60.824282707691154,4.893177325051138,-0.06569891142379802,0.9867512500230292
60.65670890080991,4.893431805560505,-0.06544443091443064,0.9868025682042526
60.65670890080991,4.894095318188354,-0.06478091828658172,0.9869363712265923
60.48913509392867,4.894930450089112,-0.06394578638582349,0.9871047827498756
60.32084208615952,4.89565541099848,-0.06322082547645547,0.9872509773461504
60.15398748016619,4.896034338513417,-0.06284189796151907,0.9873273913353017
59.98569447239704,4.89650078392405,-0.062375452550885946,0.9874214540600783
59.81883986640371,4.897049469967594,-0.06182676650734198,0.9875321013150972
59.650546858634556,4.897677602861771,-0.06119863361316469,0.9876587697101575
59.482973051753305,4.898495666032404,-0.060380570442531756,0.9878237391773557
59.31468004398416,4.898987249085569,-0.059888987389366655,0.9879228711237328
59.147106237102925,4.899373625975695,-0.05950261049924066,0.9880007873433965
59.147106237102925,4.899683347664809,-0.0591928888101263,0.9880632453831507
58.980251631109574,4.900016345185822,-0.05885989128911362,0.9881303971943944
58.81267782422833,4.900335997597974,-0.05854023887696158,0.9881948578497746
58.645104017347094,4.900614375609113,-0.05826186086582297,0.9882509951675585
58.47681100957794,4.9013709904982266,-0.05750524597670914,0.9884035730608217
58.30492199736929,4.902261984182278,-0.056614252292657596,0.9885832495926734
58.13662898960015,4.902939772824303,-0.05593646365063254,0.988719931495932
57.9690551827189,4.903455251246581,-0.0554209852283547,0.9888238821488009
57.80148137583765,4.903968868924556,-0.054907367550379504,0.9889274575665936
57.80148137583765,4.90447938251848,-0.05439685395645544,0.9890304070191669
57.63390756895642,4.904776379702278,-0.05409985677265805,0.9890902990530944
57.46633376207517,4.905043584716961,-0.05383265175797458,0.9891441832401443
57.29875995519393,4.905633235926075,-0.053243000548860664,0.9892630914727751
57.12615174209736,4.906137542418227,-0.052738694056708724,0.9893647892099444
56.95857793521613,4.906771883480505,-0.05210435299443095,0.9894927095354431
56.79100412833488,4.90734694837367,-0.05152928810126589,0.9896086763121364
56.62271112056574,4.907681497403543,-0.05119473907139227,0.9896761409984726
56.4558565145724,4.90792139266329,-0.05095484381164539,0.9897245179387927
56.4558565145724,4.908513836588353,-0.05036239988658231,0.9898439893465898
56.28756350680325,4.909335933682025,-0.049540302792911106,0.9900097722890283
56.119989699922016,4.90993458470886,-0.0489416517660759,0.9901304954122294
55.95241589304077,4.910450064197468,-0.04842617227746793,0.990234446280133
55.78484208615952,4.910940094675442,-0.0479361417994939,0.9903332651363831
55.61726827927828,4.911705400146834,-0.04717083632810137,0.9904875955602326
55.44969447239704,4.912350291469367,-0.046525945005568836,0.99061764343636
55.28140146462789,4.912750323770125,-0.04612591270481037,0.9906983133869057
55.114546858634554,4.913121182372658,-0.04575505410227798,0.9907731002105422
55.114546858634554,4.913609972709872,-0.04526626376506382,0.9908716689817526
54.94697305175332,4.914185347904809,-0.04469088857012693,0.9909876983334643
54.77436483865675,4.914911238653164,-0.04396499782177177,0.9911340804397601
54.60679103177551,4.915590268502278,-0.0432859679726576,0.9912710126430927
54.438498024006364,4.916175574420252,-0.042700662054683924,0.9913890446104301
54.27092421712512,4.916768640015189,-0.04210759645974704,0.9915086413832986
54.10263120935598,4.917163705354936,-0.04171253111999995,0.99158830970348
53.935776603362626,4.917553185262784,-0.04132305121215207,0.9916668516733286
53.76748359559348,4.917843355807594,-0.04103288066734212,0.9917253670568494
53.76748359559348,4.918121423516961,-0.04075481295797445,0.9917814417996151
53.600628989600146,4.918751418221771,-0.040124818253164385,0.9919084856447864
53.432335981831,4.919521378219746,-0.03935485825518992,0.9920637546939132
53.265481375837666,4.919832962785822,-0.03904327368911353,0.9921265883988127
53.0921539618532,4.920074719856202,-0.03880151661873388,0.9921753407892437
52.92458015497195,4.920745059123037,-0.038131177351898415,0.99231052046199
52.75700634809071,4.921235400969112,-0.03764083550582331,0.9924094021082929
52.58943254120947,4.921793707433923,-0.03708252904101261,0.9925219894039192
52.421858734328225,4.922303600424303,-0.0365726360506331,0.9926248137064556
52.421858734328225,4.92301087093367,-0.03586536554126596,0.9927674408815733
52.25428492744699,4.923388558307847,-0.03548767816708853,0.9928436047856852
52.085991919677845,4.92378889984405,-0.0350873366308857,0.9929243370962152
51.919137313684494,4.92452317087291,-0.034353065602025445,0.9930724091580786
51.75156350680325,4.925322302436454,-0.033553934038481614,0.9932335609040459
51.58327049903411,4.925749644492151,-0.03312659198278478,0.9933197381013217
51.41569669215286,4.926080469900759,-0.03279576657417671,0.9933864518874361
51.24812288527163,4.9262946058481,-0.03258163062683561,0.9934296342410843
51.08054907839038,4.926670431411644,-0.03220580506329185,0.9935054226950851
50.91297527150913,4.927137806661265,-0.0317384298136707,0.9935996729298829
50.91297527150913,4.927661044760506,-0.031215191714429658,0.993705188388283
50.74540146462789,4.928240765246581,-0.030635471228354305,0.9938220940052878
50.577108456858745,4.928646693281012,-0.030229543193923902,0.9939039528811848
50.4095346499775,4.929178930131645,-0.02969730634329082,0.9940112830151209
50.242680043984166,4.929520617168606,-0.029355619306329572,0.9940801871419164
50.07438703621502,4.9299852007686065,-0.028891035706329227,0.9941738744165822
49.90681322933378,4.930494783457214,-0.028381453017721547,0.9942766361441001
49.73852022156463,4.931094055087594,-0.027782181387341787,0.9943974844173382
49.57166561557129,4.931426121703289,-0.027450114771646383,0.9944644485035263
49.57166561557129,4.931812497527088,-0.02706373894784786,0.9945423645081559
49.40409180869005,4.932226495540252,-0.026649740934683308,0.9946258507646023
49.235798800920904,4.932058910190379,-0.02681732628455702,0.9945920557388985
49.06894419492757,4.931771222059745,-0.02710501441519053,0.9945340409555253
48.90137038804632,4.933069696353416,-0.025806540121519284,0.9947958894534008
48.733077380277166,4.934122999190885,-0.024753237284050655,0.9950082970206074
48.56550357339593,4.934855407342784,-0.024020829132151533,0.9951559934173257
48.397929766514686,4.935347921301265,-0.023528315173670933,0.9952553130887581
48.23035595963344,4.935691159847089,-0.023185076627846968,0.9953245300906465
48.23035595963344,4.9360514681893655,-0.02282476828557023,0.995397189363654
48.062782152752206,4.936237984079999,-0.022638252394936664,0.9954348018955542
47.89017393965564,4.937029046731138,-0.021847189743797735,0.9955943264760065
47.722600132774396,4.937593870599493,-0.021282365875443077,0.9957082280620555
47.55502632589315,4.938408519384303,-0.02046771709063311,0.9958725089890159
47.38673331812401,4.939437305182784,-0.019438931292151906,0.9960799724846591
47.21987871213067,4.939806923644556,-0.01906931283037938,0.996154509223256
47.05158570436153,4.940215335159493,-0.018660901315442402,0.9962368689143354
46.884011897480285,4.940454298447594,-0.018421938027342044,0.9962850579145655
46.884011897480285,4.940777365245569,-0.018098871229367042,0.9963502071101833
46.716438090599034,4.9409350188060746,-0.017941217668861142,0.9963819993052268
46.54886428371779,4.941099811439999,-0.017776425034936594,0.9964152311557642
46.381290476836554,4.941609082760505,-0.017267153714430883,0.9965179300932291
46.21371666995531,4.942130459049113,-0.016745777425822617,0.9966230701015183
46.04542366218617,4.942438318927595,-0.01643791754734103,0.9966851526911618
45.878569056192816,4.942668282397974,-0.01620795407696196,0.9967315268008214
45.71027604842367,4.94314248641924,-0.015733750055695772,0.9968271541160946
45.54270224154243,4.943810343271898,-0.015065893203037639,0.9969618331886929
45.37512843466119,4.9441126177184795,-0.014763618756456154,0.9970227894280034
45.37512843466119,4.944583407353923,-0.014292829121012929,0.9971177282030388
45.20755462777995,4.944984990097215,-0.01389124637772099,0.9971987108136428
45.039980820898705,4.945240092276455,-0.013636144198480693,0.9972501543599374
44.87168781312956,4.9454002293174675,-0.013476007157468217,0.9972824473701631
44.70483320713622,4.945793432846582,-0.0130828036283539,0.9973617402402336
44.53654019936707,4.94629153330329,-0.012584703171645728,0.997462186477033
44.36752799071002,4.946822528946835,-0.012053707528100865,0.9975692663108952
44.19635817938927,4.947503110304809,-0.011373126170126646,0.9977065113893201
44.19635817938927,4.948005244684556,-0.010870991790379314,0.99780777110136
44.02446916718061,4.94818307105924,-0.010693165415696093,0.9978436313177081
43.85617615941146,4.948396586403037,-0.01047965007189866,0.9978866885213195
43.68428714720281,4.948629343655695,-0.010246892819240294,0.9979336260211801
43.51671334032157,4.949106960996455,-0.009769275478480388,0.9980299416616566
43.34842033255242,4.9494753371848095,-0.009400899290126219,0.998104227885145
43.180846525671186,4.949625543502784,-0.00925069297215142,0.9981345182797449
43.00895751346252,4.949631130001012,-0.009245106473923848,0.998135644845112
42.840664505693375,4.949992678484049,-0.00888355799088636,0.9982085542031592
42.840664505693375,4.950777224797974,-0.008099011676961254,0.9983667647082238
42.67309069881213,4.950974913685062,-0.007901322789873433,0.998406630370858
42.505516891930895,4.951068326248101,-0.007807910226834913,0.9984254678168001
42.33794308504965,4.951231566306834,-0.007644670168101442,0.9984583865772105
42.1703692781684,4.951345461985822,-0.007530774489113767,0.9984813546194758
42.00279547128716,4.95174673549367,-0.007129500981265302,0.9985622748700957
41.83522166440592,4.952052422193416,-0.006823814281519347,0.998623919219575
41.66764785752468,4.952275248723038,-0.006600987751897769,0.99866885410381
41.500074050643434,4.9527897962399985,-0.006086440234937207,0.9987726170316233
41.33250024376219,4.953019760776708,-0.005856475698228003,0.9988189913563176
41.33250024376219,4.953261517847087,-0.005614718627848347,0.9988677437467486
41.16420723599305,4.953626170414176,-0.005250066060759728,0.9989412790700153
40.995914228223896,4.9541059598673405,-0.004770276607595214,0.9990380327356211
40.82834042134265,4.954361060980252,-0.004515175494683277,0.9990894760668815
40.661485815349316,4.954646266696707,-0.00422996977822887,0.9991469902501063
40.49319280758017,4.9549361258734175,-0.003940110601518221,0.9992054428435747
40.32561900069893,4.9552247449093665,-0.0036514915655692093,0.9992636453520032
40.158045193817685,4.955538191286075,-0.0033380451888609386,0.9993268545070135
39.990471386936434,4.9555968457853155,-0.003279390689620243,0.9993386826907478
39.990471386936434,4.95563408732962,-0.0032421491453158424,0.999346192768138
39.8228975800552,4.9558407749681,-0.003035461506835979,0.9993878731063081
39.655323773173954,4.956057394395948,-0.002818842078987416,0.9994315562751388
39.48774996629271,4.956184945485568,-0.0026912909893672676,0.9994572780482861
39.320176159411474,4.956485977658733,-0.002390258816202362,0.9995179837724885
39.15260235253023,4.956916733033923,-0.0019595034410127,0.9996048492949674
38.98502854564898,4.957270213670886,-0.001606022804049978,0.9996761317025343
38.816735537879836,4.957387212367594,-0.001489024107341308,0.9996997254949843
38.64916173099859,4.957513832551898,-0.0013624039230375473,0.9997252595430762
38.64916173099859,4.9575464185032905,-0.0013298179716452196,0.9997318307801546
38.48158792411735,4.957576210672404,-0.0013000258025313016,0.9997378386270322
38.31401411723611,4.9577462784364545,-0.0011299580384811492,0.9997721342528838
38.14644031035487,4.958038310791898,-0.0008379256830375326,0.9998310250865158
37.978147302585725,4.958456032426328,-0.000420204048607431,0.9999152622431839
37.810573495704475,4.958739995869366,-0.00013624060556960416,0.9999725259113007
37.64299968882323,4.959393888075948,0.0005176516010125809,1.0001043888930328
37.47039147572667,4.959687782242024,0.0008115457670880843,1.0001636551767754
37.303536869733335,4.959925194021265,0.0010489575463292766,1.0002115313019135
37.303536869733335,4.960040330907341,0.0011640944324051716,1.0002347496442525
37.135963062852085,4.960298846406076,0.001422609931140073,1.0002868815157506
36.96767005508294,4.960510499939239,0.001634263464302954,1.0003295632692508
36.8000962482017,4.960470156443543,0.0015939199686076932,1.0003214276567105
36.63252244132046,4.96070105081924,0.0018248143443040377,1.000367989491426
36.46494863443922,4.961143289492657,0.0022670530177215653,1.0004571707196575
36.297374827557974,4.96149087226329,0.0026146357883547466,1.0005272637718043
36.12980102067674,4.961527182902278,0.0026509464273418715,1.000534586124139
35.96222721379549,4.961523458214683,0.0026472217397470743,1.0005338350088828
35.793934206026336,4.961604148405063,0.0027279119301271137,1.000550106879067
35.793934206026336,4.961713698792911,0.0028374623179754366,1.0005721986560392
35.627079600033,4.96189090456405,0.003014668089114103,1.0006079337223501
35.458786592263856,4.962117144413164,0.00324090793822851,1.0006535569317883
35.29121278538261,4.962228557677974,0.0033523212030379668,1.0006760243739055
35.123638978501376,4.9622599013559485,0.0033836648810128267,1.0006823450958757
34.956065171620125,4.962260521959493,0.003384285484557381,1.0006824702459127
34.78849136473888,4.962366660094177,0.003490423619241234,1.0007038739127159
34.62091755785764,4.962681346611644,0.0038051101367084783,1.0007673331527656
34.452624550088494,4.963100619754936,0.00422438328000041,1.0008518831845263
34.452624550088494,4.963295514859746,0.00441927838481071,1.00089118545696
34.28505074320725,4.9632545496941765,0.004378313219240759,1.000882924479348
34.117476936326014,4.963384583197975,0.004508346723039125,1.0009091468526434
33.94990312944476,4.963514616701771,0.004638380226835714,1.0009353692259384
33.78161012167561,4.9638140973660745,0.00493786089113879,1.000995762075048
33.614755515682276,4.964071992261265,0.005195755786329137,1.0010477687965091
33.44718170880104,4.964196750634936,0.005320514160000123,1.00107292739449
33.27888870103189,4.964270301751898,0.005394065276962401,1.0010877596091805
33.11203409503855,4.964319956433417,0.005443719958480919,1.0010977729023443
33.11203409503855,4.96434230029367,0.00546606381873449,1.001102278733744
32.94374108726941,4.9644142999017715,0.005538063426835826,1.0011167980733418
32.77616728038816,4.964537505700253,0.005661269225317511,1.0011416435811962
32.604278268179506,4.9646901944324044,0.005813957957468752,1.0011724345759436
32.43598526041036,4.964627195708354,0.0057509592334179516,1.0011597303419506
32.26841145352912,4.964587161448101,0.005710924973165277,1.0011516570893944
32.100837646647875,4.9647957108972145,0.005919474422278803,1.0011937128776753
31.93254463887873,4.964818676427341,0.005942439952405287,1.0011983440741465
31.765690032885384,4.9646256431331635,0.0057494066582277625,1.0011594172518237
31.765690032885384,4.964426093501771,0.005549857026835525,1.001119176354113
31.598116226004144,4.964486299509873,0.005610063034937163,1.0011313174129397
31.425508012907585,4.9648760897194935,0.005999853244557762,1.0012099219578068
31.25721500513844,4.96509550186329,0.0062192653883546,1.0012541683018037
31.090360399145094,4.964934124681518,0.006057888206582263,1.0012216252065385
30.92206739137595,4.96509984715443,0.006223610679493952,1.001255044567097
30.753774383606803,4.965395603131138,0.00651936665620223,1.0013146863009503
30.58188537139815,4.965567223470378,0.006690986995442572,1.001349295016929
30.41503076540481,4.965525637701265,0.006649401226328955,1.0013409088892802
30.41503076540481,4.965529361322531,0.006653124847595393,1.001341659789502
30.246737757635668,4.965627119176708,0.006750882701772376,1.0013613735007372
30.079163950754417,4.96571246282734,0.006836226352404218,1.001378583781164
29.911590143873177,4.966004496249113,0.0071282597741770815,1.0014374748298305
29.744016336991933,4.9662521490531635,0.0073759125782277835,1.0014874161456127
29.57572332922279,4.966302424338227,0.007426187863291744,1.0014975545888136
29.408868723229453,4.966284114401011,0.007407877926075557,1.0014938622326541
29.236260510132887,4.96623849470886,0.007362258233924557,1.001484662629765
29.068686703251643,4.966375665153417,0.007499428678481301,1.0015123242284854
29.068686703251643,4.966593836090126,0.0077175996151899184,1.0015563202724083
28.9003936954825,4.966666456301771,0.007790219826834921,1.001570964762043
28.73281988860126,4.9666555946734166,0.007779358198480857,1.0015687744213617
28.565246081720016,4.966645353648606,0.007769117173670459,1.0015667092307174
28.397672274838776,4.9665565956121505,0.007680359137214765,1.0015488104100525
28.230098467957525,4.966564043921012,0.007687807446076,1.0015503124255307
28.06252466107628,4.966690973340759,0.007814736865823235,1.0015759088336067
27.89495085419504,4.966650939080505,0.007774702605569672,1.0015678355810502
27.7273770473138,4.966644422743291,0.00776818626835496,1.0015665215056622
27.559803240432558,4.966680422014177,0.007804185539241004,1.001573781067944
27.559803240432558,4.96676731824,0.007891081765063923,1.0015913044384979
27.392229433551318,4.966854214465822,0.007977977990885954,1.0016088278090516
27.224655626670067,4.966871903799493,0.007995667324557587,1.001612395015174
27.056362618900923,4.966760490534683,0.007884254059747242,1.0015899275730566
26.88878881201968,4.966908213372151,0.008031976897215465,1.0016197171524743
26.72121500513844,4.966908213372151,0.008031976897215465,1.0016197171524743
26.553641198257196,4.966804869019746,0.007928632544810021,1.001598876875872
26.386067391375956,4.966982385092657,0.00810614861772141,1.0016346745172013
26.217774383606812,4.967260142500252,0.008383906025316357,1.0016906866849487
26.217774383606812,4.967461553942278,0.008585317467342257,1.0017313030327704
26.05020057672556,4.96749724397772,0.00862100750278394,1.0017385002350678
25.882626769844318,4.967221039145316,0.00834480267038007,1.0016828011574477
25.715052962963078,4.96721576294886,0.00833952647392433,1.0016817371670992
25.547479156081835,4.967233452282531,0.008357215807595075,1.0016853043732215
25.37918614831269,4.966998212615695,0.00812197614075938,1.0016378662732128
25.212331542319355,4.966749317538227,0.00787308106329121,1.0015876744423224
25.0440385345502,4.966631698237974,0.007755461763037985,1.0015639554998355
24.876464727668957,4.966722628386834,0.007846391911898287,1.0015822923456295
24.876464727668957,4.967007833036961,0.008131596562025223,1.0016398063138203
24.708890920787717,4.967173246274429,0.008297009799493438,1.0016731633143947
24.53628270769116,4.967075798722024,0.008199562247088288,1.001653512178178
24.36942810169782,4.9669314892040495,0.008055252729113782,1.0016244109239636
24.201135093928677,4.966891454943796,0.008015218468860219,1.0016163376714071
24.033561287047426,4.966953834130632,0.0080775976556966,1.0016289169703978
23.865987480166183,4.966861041104809,0.007984804629873388,1.0016102044594581
23.698413673284943,4.966680732315948,0.007804495841011949,1.0015738436429622
23.5301206655158,4.966483354796961,0.007607118322025208,1.0015340407703808
23.5301206655158,4.966446423554429,0.007570187079493529,1.0015265932680093
23.362546858634555,4.966528353885568,0.007652117410632542,1.001543115223233
23.19569225264121,4.9663610799037965,0.007484843428860799,1.001509382987582
23.027399244872065,4.966296528604556,0.007420292129620698,1.0014963656634623
22.859825437990825,4.966253700562024,0.007377464087088725,1.0014877290207052
22.69225163110958,4.9661829432273406,0.007306706752404857,1.0014734601962154
22.52036261890093,4.96620621799291,0.007329981517973927,1.0014781537526705
22.352069611131782,4.96607152996253,0.007195293487594512,1.0014509927540982
22.18449580425053,4.966073391773164,0.007197155298228175,1.0014513682042092
22.18449580425053,4.966013806368607,0.007137569893671092,1.0014393522954195
22.01260679204188,4.966057564250126,0.007181327775190205,1.0014481764481977
21.844313784272735,4.966278527902784,0.0074022914278479846,1.001492735667287
21.67673997739149,4.966532388874936,0.00765615240000006,1.0015439289135077
21.50916617051025,4.96659011246886,0.007713875993924368,1.0015555693721867
21.340873162741108,4.966560939836961,0.0076847033620248695,1.0015496864603113
21.17401855674776,4.966609973914935,0.007733737439999722,1.0015595746034383
21.005725548978614,4.9664063892941765,0.007530152819240854,1.0015185200154528
20.838870942985277,4.966085495674936,0.007209259200000595,1.001453809059999
20.838870942985277,4.965882531657721,0.007006295182785394,1.0014128796220505
20.671297136104034,4.965690118967087,0.006813882492151535,1.0013740779497646
20.502284927446986,4.965513844101265,0.006637607626329256,1.001338530608509
20.33543032145365,4.965573739807594,0.006697503332658172,1.001350609092317
20.1678565145724,4.965660946335189,0.006784709860252924,1.0013681950378894
19.999563506803252,4.965647601226329,0.006771364751393172,1.001365503882026
19.831989699922012,4.96549553416405,0.0066192976891139566,1.0013348382523495
19.664415893040772,4.965346569053164,0.006470332578228266,1.0013047981578238
19.492526880832116,4.965212501626327,0.006336265151391629,1.001277762309288
19.324953073950866,4.964942813131138,0.0060665766562024714,1.001223377307056
19.324953073950866,4.9649362967939235,0.006060060318987759,1.001222063231668
19.157379267069626,4.96523453518481,0.006358298709874255,1.0012822055656694
18.98908625930048,4.965466982135696,0.0065907456607599,1.0013290804905115
18.82151245241924,4.965480327244556,0.006604090769620541,1.001331771646375
18.653938645538,4.965364259453164,0.006488022978228258,1.0013083655789805
18.486364838656755,4.965319569599999,0.006443333125063511,1.0012993534861123
18.318791031775504,4.9652280188475935,0.006351782372657766,1.001280891490281
18.151217224894264,4.964982537089619,0.006106300614683313,1.0012313879845938
17.98364341801302,4.964799745886582,0.005923509411646322,1.0011945265679503
17.98364341801302,4.964808125100759,0.005931888625823056,1.0011962163084835
17.81606961113178,4.964877951530125,0.006001715055189649,1.0012102974079176
17.64849580425054,4.9649077447655685,0.006031508290632814,1.0012163054698298
17.480202796481393,4.964882607123037,0.006006370648101722,1.0012112362482293
17.31190978871225,4.964663815582784,0.0057875791078485506,1.0011671150542694
17.145055182718902,4.964328335647593,0.005452099172657654,1.0010994626428775
16.977481375837662,4.963977027123038,0.005100790648102205,1.0010286182604404
16.80990756895642,4.96376071906329,0.004884482588354722,1.0009849978816625
16.64233376207518,4.963768167372151,0.004891930897215069,1.0009864998971405
16.64233376207518,4.963809132537721,0.004932896062785019,1.0009947608747525
16.47404075430603,4.9638879587848095,0.0050117223098737895,1.001010656864757
16.30143254120947,4.964004027642532,0.005127791167596207,1.0010340631471861
16.133858734328225,4.964080992078987,0.005204755604051314,1.0010495836870796
15.967004128334887,4.964190543533164,0.005314307058227996,1.001071675679086
15.798711120565743,4.9642302674916445,0.005354031016708838,1.001079686356624
15.631137313684501,4.964094337187847,0.005218100712911067,1.0010522748429431
15.462844305915356,4.963712926192405,0.004836689717468978,1.0009753600386098
15.295270499034114,4.963528582414176,0.004652345939240021,1.0009381855318389
15.295270499034114,4.963231894465822,0.004355657990886108,1.0008783558578953
15.127696692152874,4.96314375809924,0.004267521624304216,1.000860582402302
14.955807679944211,4.963293032445568,0.004416795970632492,1.000890684856812
14.78823387306297,4.96343982437772,0.004563587902784327,1.000920286711174
14.620660066181728,4.963601823229365,0.004725586754429578,1.0009529551715106
14.453086259300486,4.963526720603544,0.004650484128608134,1.000937810081728
14.284793251531342,4.963184102661265,0.004307866186329612,1.000868718229877
14.117938645538004,4.963075792414176,0.004199555939240263,1.0008468765379444
13.949645637768858,4.963019930630885,0.004143694155949618,1.0008356115293766
13.949645637768858,4.963094412653163,0.004218176178227395,1.0008506314691221
13.782071830887599,4.962707105924049,0.003830869449113372,1.0007725277394373
13.614498024006357,4.962571485922024,0.0036952494470883224,1.000745178800775
13.446924217125115,4.962526175465316,0.0036499389903799084,1.00073604155787
13.279350410243875,4.9623387286693665,0.003462492194430844,1.0006982413009147
13.111776603362634,4.962207453958481,0.003331217483545146,1.0006717686275455
12.939168390266067,4.9619861800040495,0.0031099435291137567,1.0006271468334376
12.770875382496923,4.961915421603037,0.003039185128101529,1.0006128777939136
12.604020776503585,4.961963524775695,0.0030872883007591057,1.0006225782119849
12.604020776503585,4.961863283441012,0.0029870469660764343,1.0006023636855677
12.43572776873444,4.961742561123037,0.002866324648101326,1.0005780189928957
12.268153961853198,4.9616047690086065,0.00272853253367078,1.000550232029104
12.100580154971956,4.961561320362531,0.002685083887595141,1.0005414702363098
11.933006348090714,4.961611595647594,0.002735359172658214,1.0005516086795105
11.76471334032157,4.96167273362734,0.002796497152404598,1.000563937678427
11.597858734328232,4.961735112814177,0.002858876339240979,1.0005765169774177
11.43028492744699,4.9617211471017715,0.0028449106268357838,1.0005737006715172
11.262711120565749,4.961821077068354,0.002944840593418263,1.0005938524078817
11.094418112796605,4.961847455917973,0.002971219443037576,1.000599171929556
11.094418112796605,4.961818284352404,0.0029420478774682124,1.0005932892327152
10.922529100587942,4.961359907854177,0.0024836713792408815,1.0005008536734536
10.7549552937067,4.961192323570632,0.0023160870956964175,1.0004670588627844
10.587381486825459,4.961333218702783,0.002456982227847071,1.0004954715767607
10.419088479056313,4.96137232205772,0.0024960855827842465,1.0005033571042616
10.251514672175073,4.961429735349872,0.0025534988749367216,1.000514934987922
10.083940865293831,4.961579940601519,0.002703704126583162,1.0005452251674878
9.916367058412572,4.961538044530632,0.0026618080556959356,1.0005367764648203
9.74879325153133,4.9613555636293665,0.002479327154430777,1.0004999776231949
9.74879325153133,4.961473182929619,0.0025969464546831134,1.0005236965656819
9.580500243762184,4.961654733991898,0.0027784975169620196,1.0005603078972862
9.413645637768846,4.961664044111392,0.00278780763645603,1.0005621853628752
9.245352629999703,4.961704388673417,0.002828152198481426,1.0005703211904502
9.07777882311846,4.961574355169619,0.0026981186946830604,1.0005440988171548
8.910205016237219,4.961254391389366,0.002378154914429942,1.0004795753717217
8.742631209355977,4.96114204721924,0.0022658107443040976,1.0004569202045492
8.574338201586833,4.961204736707847,0.0023285002329114235,1.000469562078558
8.407483595593495,4.96106166946329,0.0021854329883543855,1.0004407113394522
8.407483595593495,4.960678705892658,0.001802469417722108,1.000363483444992
8.23919058782435,4.960470777047087,0.0015945405721513595,1.0003215528067473
8.072335981831012,4.960256019429873,0.0013797829549373475,1.0002782450880279
7.904762174949752,4.960158571877467,0.0012823354025313094,1.000258593951811
7.736469167180608,4.960057089335694,0.001180852860758641,1.0002381291253193
7.568895360299366,4.960122572606581,0.0012463361316452648,1.0002513343895292
7.401321553418124,4.959981366106328,0.0011051296313926429,1.0002228588854998
7.233028545648979,4.959972055986835,0.0010958195118995206,1.000220981419911
7.0654547387677376,4.959986332001011,0.0011100955260756606,1.00022386030083
7.0654547387677376,4.959845435802531,0.0009691993275948718,1.000195447371819
6.893565726559076,4.959625713356961,0.0007494768820253128,1.0001511384528037
6.725272718789931,4.959548748920505,0.0006725124455693177,1.00013561791291
6.553383706581286,4.9599022284911385,0.0010259920162027925,1.0002069001054426
6.385809899700045,4.960123503511898,0.0012472670369625405,1.000251522114585
6.218236092818803,4.9600930896729105,0.001216853197974821,1.0002453889026357
6.04994308504964,4.959960573754936,0.001084337280000014,1.0002186659291927
5.882369278168399,4.959954366653164,0.0010781301782278874,1.0002174142137885
5.714795471287157,4.959992849404556,0.0011166129296205085,1.0002251745912527
5.714795471287157,4.959941952449619,0.0010657159746836342,1.0002149107829803
5.547221664405916,4.959928608407088,0.0010523719321522407,1.0002122198421513
5.3753326521972715,4.960125675624303,0.0012494391493671486,1.0002519601397142
5.207039644428108,4.960204192635948,0.0013279561610124446,1.0002677937697344
5.039465837546867,4.960228089071392,0.0013518525964562045,1.000272612691261
4.8718920306656255,4.9601073656870875,0.0012311292121518491,1.0002482677835547
4.704318223784385,4.959931090821265,0.00105485434632957,1.000212720442299
4.536025216015239,4.959973297193923,0.0010970607189877413,1.000221231719985
4.369170610021901,4.959984470190379,0.0011082337154428856,1.000223484850719
4.369170610021901,4.959995952422277,0.0011197159473415041,1.0002258003414373
4.200877602252756,4.959789574019239,0.0009133375443033387,1.0001841823632511
4.0333037953715145,4.959485128526581,0.0006088920516456042,1.0001227883138455
3.8657299884902736,4.959384577956454,0.0005083414815185705,1.0001025114274438
3.698156181609032,4.959414370125568,0.0005381336506324885,1.0001085192743215
3.5305823747277905,4.959482956414177,0.0006067199392409961,1.0001223502887162
3.3622893669586453,4.959536955320505,0.0006607188455696189,1.0001332396321387
3.194715560077404,4.9594295770450625,0.0005533405701267924,1.0001115858802962
3.0271417531961444,4.959236543750885,0.0003603072759492676,1.0000726590579734
2.8602871472028064,4.959142510584303,0.00026627410936708173,1.0000536964619944
2.8602871472028064,4.95928713040405,0.0004108939291143088,1.0000828602912273
2.6919941394336617,4.959335232510378,0.0004589960354426381,1.000092560494264
2.52442033255242,4.959406921816708,0.0005306853417721413,1.0001070172588435
2.3561273247832752,4.959446956076961,0.0005707196020257044,1.0001150905114
2.1885535179020335,4.959365336047594,0.0004890995726585246,1.0000986311311948
2.021698911908696,4.959403508497214,0.0005272720222784244,1.0001063289336403
1.8541251050274543,4.959444473662784,0.000568237187848375,1.0001145899112522
1.6865512981462127,4.9594972313620245,0.0006209948870887771,1.0001252289546008
1.5189774912649714,4.959329336776708,0.00045310030177247995,1.000091371568913
1.5189774912649714,4.959100614513417,0.00022437803848163185,1.0000452477593273
1.3506844834958265,4.959063372969113,0.00018713649417723133,1.000037737681937
1.183110676614585,4.959108682359492,0.00023244588455639814,1.0000468747098075
1.0155368697333254,4.959160510219745,0.00028427374480965995,1.0000573262431351
0.8479630628520838,4.959228164536708,0.0003519280617725329,1.00007096931744
0.6803892559708423,4.959220095624302,0.0003438591493667431,1.000069342151925
0.5120962482016974,4.958944821697214,6.858522227837227e-05,1.00001383079936
0.34524164220835946,4.958994786680505,0.00011855020556961193,1.0000239066675425
0.1769486344392145,4.9589395465670885,6.33100921527685e-05,1.0000127670240462
0.1769486344392145,4.958861029555442,-1.5206919493415683e-05,0.9999969333940255
0.010094028445876532,4.958876236474936,0.0,1.0
-0.15819897932326843,4.958647824513417,-0.000228411961519015,0.9999539387654326
-0.3257727862045099,4.958485515359999,-0.00039072111493698714,0.9999212077300774
-0.49334659308575135,4.958495756384809,-0.00038048009012658923,0.9999232729207218
-0.6609203999669928,4.958198447832911,-0.0006777886420250567,0.9998633180967414
-0.8292134077361377,4.958136378947847,-0.0007398575270887164,0.9998508013727694
-0.9960680137294939,4.958337791456202,-0.0005384450187335688,0.9998914179356256
-1.1643610214986388,4.95849141109367,-0.0003848253812659408,0.9999223966554286
-1.3319348283798802,4.958625169285062,-0.00025106718987366605,0.99994937014398
-1.3319348283798802,4.958794306143797,-8.193033113901294e-05,0.9999834780447763
-1.4995086352611218,4.958790581456201,-8.565501873469827e-05,0.99998272692952
-1.6670824421423631,4.958658065538227,-0.0002181709367086171,0.999956003956077
-1.8346562490236047,4.958760167617215,-0.00011606885772064146,0.9999765937175712
-2.002230055904846,4.958897959731645,2.1723256709016425e-05,1.0000043806813628
-2.1698038627860874,4.958988890946834,0.00011265447189856559,1.0000227177421912
-2.337377669667329,4.959128544871898,0.00025230839696188667,1.000050880156094
-2.5049514765485705,4.959228164536708,0.0003519280617725329,1.00007096931744
-2.6732444843177157,4.959178199553417,0.0003019630784812932,1.0000608934492579
-2.6732444843177157,4.959272854389873,0.0003966179149372806,1.0000799814103083
-2.840818291198957,4.95944385305924,0.0005676165843047087,1.0001144647612155
-3.0083920980801984,4.959539749102784,0.0006635126278480286,1.0001338030223395
-3.175965904961458,4.959626954564049,0.0007507180891135334,1.0001513887528775
-3.344258912730603,4.95981750544405,0.000941268969114617,1.0001898149750523
-3.511113518723941,4.9598001264121505,0.0009238899372148168,1.0001863103439483
-3.6786873256051824,4.959373715261771,0.0004974787868352593,1.000100320871728
-3.8462611324864238,4.959140337405569,0.0002641009306332265,1.0000532582218307
-4.0145541402555684,4.959051579369113,0.00017534289417753257,1.000035359401166
-4.0145541402555684,4.959201475385315,0.0003252389103796105,1.0000655872207471
-4.18212794713681,4.959531059586835,0.0006548231118994607,1.0001320507067877
-4.349701754018052,4.959842022483037,0.0009657860081011549,1.0001947590466158
-4.517275560899293,4.959844194595442,0.0009679581205066512,1.000195197071745
-4.684849367780535,4.959868711634429,0.000992475159493189,1.0002001411433084
-4.8524231746617765,4.959938228828354,0.0010619923534180842,1.0002141598827587
-5.019996981543017,4.960035676380759,0.001159439905823234,1.0002338110189755
-5.187570788424277,4.960160743989873,0.0012845075149376939,1.0002590319769407
-5.355863796193423,4.960220640762531,0.001344404287594969,1.000271110675783
-5.5234376030746635,4.960346949578733,0.0014707131037976495,1.000296581933822
-5.5234376030746635,4.96040374226734,0.001527505792404682,1.0003080346674453
-5.691011409955905,4.960366191487593,0.0014899550126576955,1.000300462230071
-5.858585216837146,4.960425156288607,0.0015489198136711124,1.000312352988824
-6.026878224606292,4.96031126060962,0.0014350241346843262,1.0002893849465588
-6.19373283059963,4.959965228281518,0.0010889918065819515,1.0002196045544698
-6.361306637480871,4.959570161875441,0.0006939254005056128,1.000139936019254
-6.529599645250016,4.95949226653367,0.0006160300587341183,1.000124227754305
-6.697173452131257,4.959587852275441,0.000711615800505605,1.000143503440411
-6.86906246433992,4.95984667700962,0.0009704405346839806,1.000195697671893
-6.86906246433992,4.960066090219746,0.0011898537448100655,1.0002399442309244
-7.0373554721090645,4.960268433633416,0.0013921971584807125,1.0002807485188359
-7.204929278990306,4.960062675833923,0.0011864393589871014,1.0002392556906865
-7.372503085871547,4.960007124352404,0.0011308878774682896,1.0002280532571373
-7.540076892752789,4.960328639641518,0.00145240316658235,1.0002928895776626
-7.708369900521934,4.960540293174683,0.0016640566997470074,1.000335571331163
-7.8759437074031755,4.960822084505315,0.001945848030379338,1.0003923969741504
-8.043517514284417,4.960895945924049,0.0020197094491134493,1.0004072917638591
-8.216125727380982,4.960810291971644,0.0019340554967079981,1.0003900189084136
-8.216125727380982,4.9607832914521515,0.0019070549772157719,1.0003845740216681
-8.38298033337432,4.960676533780251,0.0018002973053157234,1.0003630454198622
-8.551273341143466,4.960635568614682,0.001759332139746661,1.0003547844422505
-8.718127947136804,4.960757533206076,0.0018812967311401252,1.0003793796500309
-8.88642095490595,4.960790429459239,0.0019141929843033978,1.0003860134621274
-9.053994761787191,4.960726188461771,0.00184995198683513,1.0003730587130262
-9.22156856866845,4.960562638101265,0.0016864016263289372,1.000340077377597
-9.38914237554969,4.960659775351898,0.001783538876962254,1.0003596659387954
-9.557435383318836,4.960631533625316,0.0017552971503800308,1.0003539707519757
-9.557435383318836,4.960710360938734,0.001834124463798048,1.000369866957015
-9.724289989312174,4.9608794977974675,0.002003261322531813,1.0004039748578109
-9.896898202408721,4.960958945714429,0.0020827092394934965,1.0004199962128868
-10.06447200928998,4.9610117034136705,0.002135466938734787,1.0004306352562355
-10.232045816171222,4.96106166946329,0.0021854329883543855,1.0004407113394522
-10.399619623052464,4.961084633927087,0.0022083974521516225,1.0004453423208888
-10.56791263082161,4.9609297730825315,0.002053536607595774,1.0004141133010118
-10.735486437702852,4.9609837730551885,0.0021075365802527557,1.0004250028594686
-10.903060244584092,4.961355873931137,0.002479637456201722,1.0005000401982131
-10.903060244584092,4.961548286621771,0.0026720501468355806,1.000538841870499
-11.070634051465333,4.961636112686581,0.00275987621164564,1.000556552751074
-11.238927059234479,4.961802456829366,0.0029262203544302423,1.0005900974767037
-11.405781665227817,4.961912627820759,0.0030363913458231195,1.000612314403713
-11.573355472109059,4.9621261442308855,0.003249907755949799,1.0006553718223588
-11.740929278990299,4.962232281299239,0.003356044824303517,1.0006767752741272
-11.909222286759444,4.962330659756961,0.0034544232820250542,1.0006966141353995
-12.076796093640686,4.962181385410632,0.0033051489356958896,1.0006665116808895
-12.244369900521946,4.962241901720505,0.0033656652455693603,1.0006787153147347
-12.411943707403188,4.962280384471897,0.0034041479969610933,1.0006864756921985
-12.411943707403188,4.962335315349873,0.003459078874937127,1.0006975529757114
-12.580236715172331,4.962685381601012,0.0038091451260759968,1.0007681468430403
-12.747810522053573,4.9628272076384805,0.003950971163544814,1.0007967472820725
-12.915384328934815,4.962680415706328,0.003804179231392091,1.00076714542771
-13.082238934928153,4.962714553166581,0.0038383166916453604,1.000774029539881
-13.250531942697299,4.962726346766582,0.0038501102916459473,1.0007764078206522
-13.418105749578539,4.962952276313923,0.004076039838987633,1.0008219684550719
-13.58567955645978,4.963039172539745,0.004162936064809664,1.0008394918256256
-13.753253363341022,4.963172309061265,0.004296072586329025,1.0008663399491056
-13.753253363341022,4.963296445765062,0.004420209290126209,1.0008913731820153
-13.920827170222264,4.963373721569619,0.0044974850946832845,1.0009069565119617
-14.09343538331883,4.963401031324556,0.004524794849619873,1.0009124637586915
-14.261728391087974,4.963270687518987,0.004394451044051451,1.000886178810378
-14.428582997081312,4.963289308824303,0.004413072349366942,1.0008899339565902
-14.596156803962554,4.963594374920506,0.004718138445570119,1.0009514531560328
-14.7644498117317,4.963774994011139,0.004898757536203391,1.0009878765475473
-14.931304417725038,4.963523926821265,0.004647690346329725,1.0009372466915274
-15.099597425494181,4.963276894620758,0.004400658145822689,1.000887430525782
-15.099597425494181,4.963137240695695,0.004261004220759368,1.0008592681118793
-15.267171232375441,4.9630639998805055,0.004187763405569811,1.0008444984722076
-15.434745039256683,4.963050344469872,0.004174107994936449,1.0008417447413254
-15.602318846137925,4.96309255084253,0.00421631436759462,1.0008502560190113
-15.769892653019166,4.96320520531443,0.004328968839494074,1.0008729737612028
-15.937466459900408,4.963325618396961,0.004449381922025708,1.0008972560938905
-16.105759467669554,4.963329031716454,0.004452795241518537,1.0008979444190935
-16.27261407366289,4.963283412024302,0.004407175549366649,1.0008887448162045
-16.401351032597415,4.963029240750378,0.00415300427544274,1.0008374889949654
-16.401351032597415,4.963289308824303,0.004413072349366942,1.0008899339565902
-16.401351032597415,4.963693063679999,0.00481682720506349,1.0009713545923233
-16.401351032597415,4.963904717213164,0.005028480738228147,1.001014036345824
-16.401351032597415,4.963881752749366,0.005005516274430022,1.0010094053643872
-16.401351032597415,4.963693063679999,0.00481682720506349,1.0009713545923233
-16.401351032597415,4.963405376615695,0.004529140140759225,1.0009133400239847
-16.401351032597415,4.963333377007594,0.004457140532657888,1.0008988206843867
-16.401351032597415,4.96343516878481,0.004558932309874031,1.0009193478708625
-16.401351032597415,4.963638754471898,0.004762517996962146,1.0009604026738823
-16.401351032597415,4.9637163395118975,0.004840103036961807,1.0009760483638128
-16.401351032597415,4.963778718698733,0.0049024822237973,1.0009886276628033
-16.401351032597415,4.963904717213164,0.005028480738228147,1.001014036345824
-16.401351032597415,4.964176888122531,0.005300651647595522,1.001068921948204
-16.401351032597415,4.964385128336202,0.005508891861266463,1.0011109153765012
-16.401351032597415,4.9642001639544295,0.00532392747949384,1.0010736157196936
-16.401351032597415,4.963961820203543,0.005085583728607013,1.0010255516544655
-16.401351032597415,4.963559306554935,0.004683070079999574,1.0009443813188064
-16.401351032597415,4.963010930813163,0.00413469433822744,1.000833796638806
-16.401351032597415,4.962867862502278,0.003991626027342043,1.0008049456846657
-16.401351032597415,4.96289610422886,0.004019867753924267,1.0008106408714854
