Angle (degree),rho (mOhm cm),Delta rho (mOhm cm),rho/rho(theta=0)
102.96751094175136,5.05684767637367,-0.10057893874632828,0.9804982317244298
102.96751094175136,5.05687405522329,-0.10055255989670897,0.980503346455397
102.96751094175136,5.056947606340252,-0.10047900877974669,0.9805176076601511
102.96751094175136,5.057140949936202,-0.10028566518379645,0.9805550960454212
102.96751094175136,5.057043812685568,-0.10038280243443065,0.9805362616037737
102.96751094175136,5.05715988154329,-0.10026673357670823,0.9805587667921911
102.96751094175136,5.057379603988859,-0.10004701113113956,0.9806013699084283
102.96751094175136,5.057467741421771,-0.09995887369822753,0.9806184593290812
102.96751094175136,5.057455637519999,-0.09997097759999996,0.9806161124412482
102.96751094175136,5.057403810726075,-0.10002280439392397,0.9806060634773381
102.96751094175136,5.057228466765568,-0.10019814835443075,0.9805720651340573
102.96751094175136,5.057298914864809,-0.10012770025518947,0.9805857246787292
102.96751094175136,5.0570146411199985,-0.10041197400000001,0.9805306053787324
102.96751094175136,5.05701774413772,-0.10040887098227813,0.9805312070388147
102.96751094175136,5.057127916195442,-0.1002986989245569,0.9805525688663196
102.96751094175136,5.057377430810126,-0.10004918430987253,0.9806009485396149
102.96751094175136,5.057775911602024,-0.09965070351797412,0.9806782120319796
102.96751094175136,5.058002461752911,-0.09942415336708788,0.980722139007154
102.96751094175136,5.05757449909367,-0.09985211602632837,0.9806391591237397
102.96751094175136,5.057393258333163,-0.10003335678683545,0.9806040174195464
102.96751094175136,5.057099053865316,-0.10032756125468278,0.9805469726005305
102.96751094175136,5.057283397643543,-0.1001432174764556,0.9805827159648057
102.96751094175136,5.057110846398986,-0.10031576872101233,0.980549259115599
102.96751094175136,5.057327776128607,-0.10009883899139194,0.9805913207377623
102.96751094175136,5.05743670697924,-0.09998990814075892,0.9806124419012344
102.80497154108542,5.057644325523038,-0.0997822895969609,0.980652698129639
102.63236332798886,5.057787704135695,-0.09963891098430366,0.9806804985470481
102.46478952110762,5.05761980848405,-0.09980680663594832,0.9806479443947209
102.29649651333847,5.05747332685367,-0.09995328826632832,0.9806195423172294
102.10087387182905,5.057305432268354,-0.10012118285164462,0.980586988371658
101.93330006494782,5.0574053622349355,-0.10002125288506303,0.9806063643073794
101.76500705717866,5.057653947010632,-0.09977266810936669,0.980654563689406
101.76500705717866,5.057873359154429,-0.09955325596556985,0.9806971066396349
101.59815245118531,5.0578687035615175,-0.09955791155848104,0.9806962039427556
101.42985944341616,5.057752635770125,-0.09967397934987332,0.9806736989610944
101.26228563653493,5.05762570528405,-0.09980090983594891,0.9806490877556332
101.09471182965368,5.05723467386734,-0.10019194125265862,0.9805732686609778
100.92713802277244,5.056982675772151,-0.10044393934784779,0.980524407452861
100.7595642158912,5.056765125438986,-0.10066148968101274,0.980482225498681
100.59127120812205,5.0559740617215185,-0.10145255339848003,0.9803288420816203
100.42441660212872,5.056092302691645,-0.10133431242835389,0.980351768432095
100.42441660212872,5.056755505017721,-0.1006711101022777,0.9804803601456702
100.25684279524748,5.057324362809113,-0.10010225231088565,0.9805906589116719
100.08854978747833,5.0580279096972145,-0.09939870542278406,0.9807270732400967
99.92097598059709,5.058227459328607,-0.09919915579139182,0.9807657649455311
99.75268297282794,5.057846358634936,-0.09958025648506297,0.9806918713698952
99.5851091659467,5.057242432477974,-0.10018418264202467,0.9805747730179397
99.41825455995334,5.057324052507341,-0.10010256261265749,0.9805905987456637
99.2506807530721,5.057463706432404,-0.09996290868759417,0.9806176769642183
99.08310694619087,5.057037916951898,-0.10038869816810081,0.9805351184496175
99.08310694619087,5.056606539906834,-0.10082007521316427,0.9804514765333566
98.91553313930962,5.056010372360506,-0.1014162427594929,0.9803358825383629
98.74724013154048,5.056150957190885,-0.1012756579291132,0.9803631412549422
98.57966632465923,5.056414748886075,-0.10101186623392344,0.9804142891848839
98.41137331689009,5.055983371841012,-0.1014432432789869,0.9803306472686231
98.24451871089676,5.055376963269873,-0.10204965185012593,0.9802130675886017
98.0762257031276,5.055020689916962,-0.10240592520303693,0.9801439879138921
97.90937109713427,5.055634857098733,-0.10179175802126572,0.980263071950875
97.74179729025303,5.055448030906327,-0.10197858421367112,0.9802268472585337
97.57422348337177,5.055079344416201,-0.10234727070379712,0.9801553607367391
97.57422348337177,5.055098274956961,-0.10232834016303727,0.9801590312767531
97.40161527027522,5.055048930577214,-0.10237768454278484,0.9801494636409087
97.23332226250608,5.054540278793923,-0.10288633632607525,0.9800508385277953
97.06574845562483,5.05437859024405,-0.10304802487594866,0.9800194879023885
96.89817464874359,5.054193625862277,-0.10323298925772129,0.9799836242060965
96.73060084186235,5.054271832572152,-0.10315478254784693,0.9799987881077302
96.5623078340932,5.054269039856202,-0.10315757526379699,0.979998246613656
96.39473402721194,5.054014247978733,-0.10341236714126545,0.9799488437047088
96.2278794212186,5.053422734958986,-0.10400388016101214,0.9798341521998385
96.2278794212186,5.053432355380252,-0.1039942597397463,0.9798360175528495
96.06030561433737,5.0532523568931635,-0.10417425822683501,0.9798011167194454
95.89273180745613,5.053467424812151,-0.1039591903078474,0.9798428173455593
95.72515800057488,5.0534764246298725,-0.1039501904901261,0.9798445623665539
95.55686499280574,5.053561457978733,-0.10386515714126521,0.9798610499203684
95.38929118592449,5.053982592932658,-0.1034440221873405,0.9799427059448458
95.22099817815536,5.054238315715442,-0.10318829940455654,0.9799922893518175
95.05414357216202,5.053907180005062,-0.10351943511493644,0.9799280837440422
94.88656976528077,5.053405355927087,-0.10402125919291194,0.9798307824898655
94.88656976528077,5.053064599795442,-0.1043620153245568,0.9797647115290794
94.71827675751163,5.052977082966075,-0.10444953215392339,0.9797477424404432
94.55070295063037,5.052930221000505,-0.10449639411949363,0.9797386561326646
94.38312914374913,5.052885221911898,-0.10454139320810096,0.9797299310276917
94.21555533686788,5.052476811463291,-0.10494980365670781,0.9796507422230639
94.04798152998664,5.052551914089112,-0.10487470103088636,0.9796653042578588
93.8804077231054,5.052801119468353,-0.10462549565164547,0.9797136239719019
93.71283391622416,5.053010599822784,-0.10441601529721467,0.9797542411963558
93.54526010934292,5.053513976475948,-0.10391263864405076,0.9798518434873293
93.37768630246168,5.053702354177214,-0.10372426094278442,0.9798883690097118
93.37768630246168,5.053824629070379,-0.10360198604961912,0.9799120775182938
93.20867409380463,5.05353321731848,-0.10389339780151818,0.9798555741933517
93.0418194878113,5.053516458890125,-0.10391015622987343,0.9798523248153952
92.87424568093004,5.053680629854176,-0.10374598526582268,0.9798841567688678
92.70667187404881,5.053900662601518,-0.1035259525184804,0.9799268200511135
92.53837886627966,5.053873042544809,-0.10355357257518971,0.9799214646561132
92.37152426028631,5.053910904692657,-0.10351571042734165,0.979928805942897
92.20395045340507,5.0539915927503785,-0.1034350223696201,0.9799444509658402
92.03637664652382,5.053916490124556,-0.10351012499544243,0.9799298889310452
92.03637664652382,5.053379597681012,-0.1040470174389867,0.9798257880909148
91.86808363875468,5.05316390915848,-0.10426270596151888,0.9797839671327843
91.70050983187343,5.053259494900252,-0.1041671202197465,0.9798025007443906
91.5279016187769,5.053238392247088,-0.10418822287291096,0.9797984090423191
91.36032781189563,5.053131323207087,-0.1042952919129112,0.9797776488748964
91.1927540050144,5.053571700069872,-0.10385491505012645,0.9798630358121518
91.02518019813314,5.053936352636961,-0.10349026248303783,0.9799337401758397
90.8576063912519,5.053960559374175,-0.10346605574582313,0.9799384337447493
90.69003258437067,5.053899111092657,-0.10352750402734134,0.9799265192210723
90.69003258437067,5.053866835443037,-0.10355977967696184,0.9799202611291926
90.52245877748942,5.05351552798481,-0.10391108713518893,0.9798521443173708
90.35416576972028,5.053392010818226,-0.10403460430177258,0.9798281949379997
90.18731116372695,5.053222254422278,-0.10420436069772077,0.9797952799963793
90.0190181559578,5.05315087541772,-0.10427573970227844,0.9797814399536827
89.85144434907656,5.053318460767594,-0.10410815435240472,0.9798139339400019
89.68387054219531,5.052936117800505,-0.10449049731949334,0.979739799493577
89.51629673531406,5.052719499438986,-0.10470711568101265,0.9796977982441779
89.3436885222175,5.052635706230885,-0.10479090888911369,0.9796815511476404
89.3436885222175,5.052855738978227,-0.10457087614177141,0.9797242144298861
89.17108030912094,5.052898256718986,-0.10452835840101216,0.9797324584135493
89.0035065022397,5.052951635021771,-0.1044749800982272,0.9797428082075005
88.83593269535845,5.052820980914429,-0.10460563420556923,0.9797174750099406
88.66763968758931,5.052982669464303,-0.10444394565569581,0.9797488256353473
88.50078508159598,5.053348873540252,-0.10407774157974625,0.9798198308290762
88.33249207382683,5.053305736262278,-0.10412087885772081,0.9798114667201526
88.16563746783349,5.053403183814683,-0.10402343130531566,0.9798303613278082
87.99806366095224,5.053262909286075,-0.10416370583392354,0.9798031627772371
87.99806366095224,5.052823463328607,-0.1046031517913919,0.9797179563380064
87.8297706531831,5.0528901878065815,-0.10453642731341706,0.9797308938905794
87.66219684630187,5.05259536166886,-0.1048312534511382,0.979673728532791
87.4946230394206,5.052505362425316,-0.104921252694683,0.9796562781160888
87.32704923253937,5.05256029330329,-0.10486632181670874,0.979666928946837
87.15875622477022,5.052791808282531,-0.10463480683746784,0.9797118185781432
86.99190161877688,5.052686913487594,-0.10473970163240498,0.97969147998629
86.82360861100773,5.052522431155443,-0.10490418396455592,0.9796595876600533
86.65603480412649,5.05210750330329,-0.1053191118167085,0.9795791351624965
86.65603480412649,5.052284398772658,-0.10514221634734078,0.9796134343358186
86.48846099724526,5.052816946991391,-0.1046096681286075,0.9797166928518335
86.31657198503659,5.052754257502784,-0.10467235761721483,0.9797045376641236
86.14827897726744,5.052905393659746,-0.10452122146025289,0.9797338422317384
85.9807051703862,5.053055289675949,-0.10437132544404992,0.9797629063420766
85.81313136350497,5.0531660823372135,-0.10426053278278502,0.9797843885015979
85.64555755662371,5.053414976348353,-0.10401163877164521,0.9798326478428767
85.47798374974248,5.054135281664809,-0.10329133345518926,0.9799723115492578
85.31040994286124,5.054587761363037,-0.10283885375696133,0.9800600451675902
85.14211693509209,5.054122868527594,-0.10330374659240427,0.9799699047021727
85.14211693509209,5.053757905658733,-0.1036687094612656,0.9798991401724766
84.97526232909875,5.053648043902784,-0.10377857121721412,0.9798778385109801
84.8069693213296,5.053886077351898,-0.1035405377681009,0.9799239920419708
84.63939551444835,5.053959318167087,-0.10346729695291135,0.9799381930807165
84.4718217075671,5.054153281300252,-0.10327333381974668,0.9799758015912469
84.30352869979797,5.054333591155442,-0.10309302396455688,0.9800107627974154
84.13595489291671,5.053973282813164,-0.10345333230683451,0.9799409007578429
83.96910028692338,5.0536337678886065,-0.10379284723139204,0.9798750704610895
83.80152648004214,5.053602423144303,-0.10382419197569526,0.9798689928672345
83.80152648004214,5.0539410071635436,-0.103485607956455,0.9799346426659631
83.63395267316089,5.053902524412151,-0.10352409070784763,0.9799271810471628
83.46565966539175,5.053647112997467,-0.1037795021225314,0.9798776580129552
83.29808585851052,5.053787697827847,-0.10363891729215169,0.9799049167295344
83.13051205162927,5.053913076805063,-0.10351353831493526,0.9799292271049548
82.96221904386013,5.054255694747341,-0.10317092037265763,0.9799956590617902
82.79464523697888,5.054479141880505,-0.10294747323949327,0.9800389843768823
82.62779063098554,5.054452141361012,-0.10297447375898638,0.9800337491071426
82.45949762321638,5.0545936581630375,-0.10283295695696104,0.9800611885285025
82.45949762321638,5.054307521541265,-0.10311909357873361,0.9800057080257003
82.29264301722304,5.0541135584081,-0.10331305671189828,0.9799680995151698
82.1243500094539,5.05406079964253,-0.10336581547746881,0.9799578698464789
81.95605700168475,5.053754491272911,-0.10367212384708768,0.9798984781396302
81.78920239569142,5.05388483507848,-0.10354178004151837,0.9799237511711819
81.62162858881018,5.054187730128607,-0.10323888499139144,0.9799824810519404
81.45405478192893,5.054454004237974,-0.10297261088202436,0.9800341103099479
81.2864809750477,5.054332970551898,-0.10309364456810055,0.980010642465399
81.11890716816644,5.053979800216708,-0.10344681490329055,0.9799421644507716
80.95061416039731,5.054099902997467,-0.10332671212253164,0.9799654517972957
80.95061416039731,5.054534693362024,-0.10289192175797446,0.9800497555396471
80.78304035351606,5.054740760396961,-0.10268585472303737,0.9800897109380104
80.61546654663482,5.054607003271897,-0.10281961184810129,0.9800637760803681
80.44789273975357,5.054447486834429,-0.10297912828556921,0.9800328466170191
80.28031893287233,5.054535003663797,-0.10289161145620174,0.9800498157056554
80.11274512599108,5.05480934561924,-0.102617269500759,0.9801030092798768
79.94445211822193,5.054661002178227,-0.10276561294177178,0.9800742462063359
79.7775975122286,5.0540974205832905,-0.10332919453670808,0.97996497046923
79.60930450445946,5.054213488374683,-0.1032131267453158,0.9799874754508913
79.60930450445946,5.054701967343797,-0.10272464777620183,0.980082189153202
79.44173069757821,5.054890655346835,-0.10253595977316365,0.9801187748415926
79.27415689069697,5.055759305170632,-0.10166730994936657,0.9802872018282704
79.10586388292782,5.055973751419746,-0.10145286370025275,0.9803287819156119
78.93900927693448,5.055743477647594,-0.10168313747240454,0.9802841329483388
78.77143547005323,5.056054750845569,-0.10137186427442924,0.9803444873113196
78.6031424622841,5.05597002779848,-0.1014565873215183,0.9803280599235132
78.43628785629075,5.056285956589367,-0.10114065853063181,0.9803893169833734
78.26799484852161,5.056721366491138,-0.10070524862886021,0.980473740850985
78.26799484852161,5.056670470602531,-0.10075614451746784,0.9804638723850997
78.10042104164037,5.0567151604556955,-0.10071145466430309,0.9804725375308205
77.93284723475912,5.056935503504809,-0.10049111161518987,0.9805152609790742
77.76455422698997,5.055947682871898,-0.10147893224810023,0.980323727350653
77.59769962099664,5.056280990694683,-0.10114562442531572,0.9803883541204856
77.4301258141154,5.057245535495696,-0.10018107962430278,0.9805753746780221
77.26183280634625,5.058137770386834,-0.0992888447331648,0.9807483746948371
77.09425899946501,5.058143356885061,-0.09928325823493722,0.9807494578897412
76.92740439347166,5.058123495438986,-0.09930311968101257,0.9807456068517028
76.75911138570252,5.058341666375695,-0.09908494874430396,0.9807879091378989
76.75911138570252,5.058028219998986,-0.09939839512101223,0.9807271334061048
76.59153757882129,5.0578386000243025,-0.09958801509569604,0.9806903670129334
76.42396377194004,5.058185873559493,-0.09924074156050544,0.9807577016666487
76.25638996505879,5.0586361811453155,-0.09879043397468301,0.9808450141229234
76.08881615817755,5.059057316099239,-0.0983692990207592,0.9809266701474005
75.9212423512963,5.058707560149872,-0.09871905497012623,0.9808588541656197
75.75366854441505,5.058420492622783,-0.09900612249721519,0.9808031931647928
75.58609473753381,5.0577392906612655,-0.09968732445873307,0.9806711114092287
75.41780172976468,5.058258493771138,-0.09916812134886044,0.9807717823733779
75.41780172976468,5.058826110355443,-0.09860050476455573,0.9808818404753469
75.25022792288343,5.059419795487594,-0.09800681963240443,0.9809969531422748
75.08265411600219,5.05955262277367,-0.09787399234632854,0.9810227077086484
74.91436110823304,5.059566588486075,-0.09786002663392335,0.9810254155925306
74.7475065022397,5.059666828754429,-0.09775978636556992,0.98104485169426
74.57993269535847,5.059641380810125,-0.09778523430987374,0.9810399174613174
74.41163968758931,5.059539277664809,-0.09788733745518918,0.9810201201567825
74.23975067538065,5.059356486461771,-0.09807012865822795,0.9809846778293042
74.07145766761151,5.059564105005569,-0.09786251011442992,0.9810249340577087
74.07145766761151,5.060220169324556,-0.09720644579544224,0.9811521417463387
73.90388386073028,5.060266720988354,-0.09715989413164472,0.9811611678881088
73.73631005384902,5.060574270565063,-0.09685234455493585,0.9812208002589907
73.56873624696779,5.06082595835848,-0.09660065676151852,0.9812696013010995
73.40116244008654,5.061269438238986,-0.09615717688101277,0.9813555898984371
73.2335886332053,5.061705780112404,-0.09572083500759465,0.9814401944708296
73.06529562543615,5.061530436151897,-0.09589617896810143,0.9814061961275488
72.8977218185549,5.061731848660252,-0.09569476645974628,0.9814452490357888
72.73086721256156,5.0619366744881,-0.0954899406318983,0.9814849637701192
72.73086721256156,5.061953432916455,-0.09547318220354395,0.9814882131480754
72.56329340568031,5.06244222325367,-0.0949843918663289,0.9815829872231504
72.39500039791118,5.0628425647898725,-0.09458405033012607,0.9816606115048085
72.22742659102994,5.062867392130632,-0.09455922298936681,0.9816654254057346
72.05985278414869,5.063365802889113,-0.09406081223088592,0.9817620648338208
71.89227897726745,5.064209624305821,-0.09321699081417734,0.9819256777128164
71.7239859694983,5.064556586472911,-0.09287002864708782,0.9819929519937673
71.55641216261706,5.065057169343796,-0.09236944577620232,0.9820900125839108
71.38955755662371,5.065155237499746,-0.09227137762025261,0.982109027523583
71.22198374974248,5.064764826686581,-0.09266178843341777,0.9820333287609442
71.22198374974248,5.064443001095696,-0.09298361402430277,0.981970928340172
71.05369074197333,5.065111169316455,-0.09231544580354356,0.9821004829166347
70.88611693509208,5.065947542424303,-0.09147907269569533,0.9822626516046769
70.71854312821084,5.066216298947847,-0.0912103161721518,0.9823147621907501
70.5509693213296,5.065926439771139,-0.09150017534885979,0.9822585599026055
70.38339551444835,5.066094334356455,-0.0913322807635435,0.9822911138481767
70.21582170756712,5.066634951487593,-0.09079166363240532,0.9823959368871615
70.04824790068587,5.067291015806581,-0.09013559931341764,0.9825231445757914
69.87995489291673,5.067700668528606,-0.08972594659139244,0.9826025742512082
69.87995489291673,5.068152216255189,-0.08927439886480926,0.98269012716476
69.71238108603549,5.068173009672909,-0.08925360544708916,0.982694158907579
69.54480727915424,5.068107837770126,-0.08931877734987292,0.9826815223918034
69.377233472273,5.06840452571848,-0.08902208940151812,0.9827390487456413
69.20894046450385,5.068521524415189,-0.08890509070480945,0.9827617342253272
69.0370514522952,5.068591351910885,-0.08883526320911361,0.9827752734379824
68.86947764541395,5.069208002573164,-0.08821861254683494,0.9828948390097874
68.70118463764481,5.069726895381265,-0.08769971973873325,0.9829954498079285
68.53433003165146,5.069796101207088,-0.08763051391291032,0.9830088684818113
68.53433003165146,5.070166029970632,-0.08726058514936685,0.9830805958743949
68.36675622477021,5.070831404409113,-0.08659521071088516,0.9832096087500277
68.19846321700108,5.071239194254176,-0.08618742086582287,0.9832886772226389
68.03088941011984,5.070946230993417,-0.08648038412658199,0.9832318730676559
67.86331560323859,5.0710740923848086,-0.08635252273519001,0.9832566647711417
67.69070739014204,5.071788500901265,-0.08563811421873346,0.9833951851166105
67.5231335832608,5.0722024978481,-0.08522411727189816,0.9834754571161426
67.35555977637955,5.072458530932657,-0.08496808418734147,0.9835251006891226
67.1879859694983,5.072974631024809,-0.08445198409518984,0.9836251699931895
67.1879859694983,5.072879665886582,-0.08454694923341677,0.9836067567136
67.02041216261705,5.073109939658734,-0.08431667546126498,0.9836514056808731
66.85283835573581,5.07423927709367,-0.08318733802632838,0.9838703787306544
66.68526454885456,5.0749074442481,-0.08251917087189842,0.983999933100361
66.51769074197333,5.074589653646581,-0.08283696147341768,0.9839383150444516
66.34939773420419,5.074910548332151,-0.08251606678784729,0.9840005349671994
66.18182392732294,5.075046787871392,-0.08237982724860693,0.9840269511529075
66.00993491511427,5.075568164159999,-0.08185845095999955,0.9841280434858704
65.84164190734514,5.075754680050633,-0.08167193506936599,0.9841642080122034
65.84164190734514,5.075917920109366,-0.08150869501063251,0.9841958594676512
65.6740681004639,5.07632726146329,-0.0810993536567084,0.9842752287703038
65.50649429358265,5.076877809317468,-0.08054880580253077,0.9843819773283082
65.33892048670141,5.077245876270379,-0.08018073884961918,0.9844533437248426
65.17134667982016,5.077468081130125,-0.07995853398987318,0.9844964281691456
65.00377287293892,5.0772644965093665,-0.08016211861063205,0.9844569540988483
64.83547986516979,5.077306702882025,-0.08011991223797388,0.9844651377097472
64.66790605828854,5.077701458986328,-0.07972515613367026,0.9845416790032571
64.50033225140729,5.07829514411848,-0.07913147100151896,0.9846567916701849
64.33275844452605,5.0786812107068355,-0.07874540441316302,0.9847316481087088
64.33275844452605,5.078839484870884,-0.07858713024911435,0.9847623367012687
64.1651846376448,5.079481584543796,-0.07794503057620261,0.9848868367127723
63.997610830763556,5.079809616170126,-0.07761699894987295,0.9849504404537093
63.82931782299441,5.081589741727594,-0.07583687339240441,0.9852955981632247
63.66174401611317,5.083567244804049,-0.07385937031594914,0.9856790264161169
63.49488941011983,5.08224270302886,-0.07518391209113862,0.9854222041917723
63.32659640235069,5.081656154837468,-0.07577046028253065,0.9853084753430336
63.158303394581544,5.082192116375696,-0.07523449874430277,0.9854123956851392
62.9914487885882,5.082702009366075,-0.07472460575392326,0.9855112614622855
62.9914487885882,5.082989387194936,-0.07443722792506247,0.9855669826291207
62.82315578081906,5.083168144474936,-0.07425847064506286,0.9856016427984918
62.65630117482572,5.0839340694835435,-0.07349254563645502,0.9857501519418623
62.48872736794448,5.084041448825316,-0.07338516629468295,0.9857709722752932
62.32115356106323,5.084469100116455,-0.07295751500354353,0.9858538917859433
62.15286055329408,5.085052544223797,-0.07237407089620174,0.9859670187678438
61.98600594730074,5.0857989180881,-0.07162769703189831,0.9861117370391839
61.81771293953159,5.086659809301264,-0.07076680581873429,0.9862786596689
61.65013913265035,5.087233011317467,-0.07019360380253126,0.986389800759017
61.65013913265035,5.087759662736201,-0.06966695238379739,0.9864919159141198
61.48256532576911,5.088570587899746,-0.06885602722025297,0.9866491503692194
61.314991518887865,5.088812344970126,-0.06861427014987243,0.9866960258923091
61.14669851111872,5.088809552254176,-0.06861706286582248,0.986695484398235
60.979843905125385,5.088893344395948,-0.06853327072405069,0.9867117312880164
60.81155089735624,5.089364755701265,-0.06806185941873366,0.9868031356531187
60.643977090475,5.089847648172151,-0.06757896694784726,0.9868967661605255
60.47208807826634,5.0902573008941765,-0.06716931422582206,0.9869761958359422
60.304514271385095,5.090490368448607,-0.06693624667139186,0.9870213865040454
60.304514271385095,5.090625987384303,-0.06680062773569517,0.9870476823577371
60.13622126361595,5.091146121399492,-0.06628049372050615,0.9871485338199109
59.96864745673471,5.092123701007594,-0.06530291411240441,0.987338081763305
59.801073649853464,5.092415423061264,-0.0650111920587344,0.987394645254255
59.63349984297223,5.092755868891139,-0.0646707462288596,0.9874606560490333
59.46520683520308,5.093611173606075,-0.06381544151392315,0.9876264954838454
59.29835222920973,5.094371823484557,-0.06305479163544181,0.9877739818050761
59.13077842232849,5.094506821816707,-0.06291979330329145,0.987800157326751
58.962485414559346,5.094785820431392,-0.0626407946886065,0.9878542538046081
58.794911607678095,5.095528159306328,-0.061898455813670594,0.9879981897110851
58.794911607678095,5.096207499457214,-0.061219115662784596,0.9881299104706001
58.62733780079685,5.09699514878886,-0.060431466331138495,0.9882826318548146
58.459763993915615,5.097501628459746,-0.0599249866602527,0.9883808358058706
58.29219018703437,5.097831522963037,-0.059595092156961904,0.9884448007496127
58.12389717926523,5.098127589241518,-0.059299025878480904,0.9885022065646781
57.95704257327189,5.098404414677468,-0.0590222004425307,0.9885558816737217
57.78874956550274,5.098309139237467,-0.059117475882531245,0.9885374082281235
57.621175758621504,5.098067383233417,-0.059359231886581654,0.98849053291179
57.45360195174026,5.098494724222784,-0.058931890897214956,0.9885733922564318
57.45360195174026,5.0990719622946825,-0.058354652825316045,0.9886853159181678
57.28602814485901,5.099832611106834,-0.057594004013164835,0.9888328020326422
57.117735137089866,5.100488675425822,-0.056937939694176265,0.9889600097212723
56.95088053109653,5.101294946062784,-0.05613166905721467,0.9891163416862484
56.78330672421529,5.10229517983291,-0.055131435287088415,0.9893102821617549
56.61069851111872,5.102695522435442,-0.05473109268455634,0.989387906650169
56.443124704237476,5.102663867389366,-0.05476274773063228,0.9893817688903057
56.27483169646833,5.102881728024303,-0.05454488709569549,0.9894240110104938
56.107977090474996,5.103482861465316,-0.05394375365468296,0.9895405678683752
56.107977090474996,5.104077788870885,-0.0533488262491133,0.9896559214060922
55.94040328359375,5.10469971466329,-0.05272690045670814,0.989776509800037
55.77211027582461,5.104857679591898,-0.05256893552810027,0.989807138433345
55.60453646894336,5.105267641549366,-0.05215897357063248,0.989886628068014
55.436962662062115,5.106161429015695,-0.05126518610430342,0.9900599291216263
55.26866965429297,5.1063622198541765,-0.05106439526582207,0.9900988614910938
55.101815048299635,5.106866527412658,-0.050560087707340884,0.9901966442800922
54.93424124141839,5.1073761101012645,-0.05005050501873409,0.9902954498912304
54.76666743453715,5.108014484020252,-0.049412131099746404,0.9904192274971233
54.76666743453715,5.1084992393681,-0.04892737575189887,0.9905132192073351
54.598374426768004,5.108777927681012,-0.04864868743898665,0.990567255519184
54.43080061988675,5.109202165652658,-0.048224449467340946,0.9906495132037436
54.26322681300552,5.10926981996962,-0.04815679515037896,0.9906626310475852
54.09565300612427,5.109492025895695,-0.047934589224303714,0.9907057156986443
53.92807919924303,5.110779327192911,-0.04664728792708761,0.9909553171749779
53.759786191473886,5.111312805250632,-0.04611380986936631,0.9910587559822617
53.59293158548054,5.111315288731139,-0.04611132638885973,0.9910592375170836
53.42463857771139,5.111128772840506,-0.04629784227949241,0.9910230729907507
53.257064770830155,5.111246702442531,-0.04617991267746735,0.9910459389684612
53.257064770830155,5.111643320357468,-0.04578329476253096,0.9911228412580204
53.08949096394891,5.1125073145883535,-0.04491930053164506,0.9912903655478189
52.92191715706767,5.113004483073416,-0.04442213204658252,0.9913867641051158
52.75434335018643,5.113688789118987,-0.043737826001011726,0.9915194477275187
52.58676954330519,5.114057165307341,-0.04336944981265756,0.9915908740833052
52.418476535536044,5.1141226475118975,-0.04330396760810107,0.9916035707650891
52.251621929542694,5.115006813490632,-0.042419801629366205,0.9917750062589346
52.08332892177355,5.115467672403037,-0.041958942716961545,0.9918643645662449
51.915755114892306,5.115953979259746,-0.04147263586025218,0.9919586571064982
51.915755114892306,5.116642319228354,-0.040784295891644895,0.9920921228870077
51.74818130801107,5.117097281340759,-0.04032933377923964,0.9921803378334059
51.580607501129826,5.117724174094176,-0.03970244102582221,0.9923018892969943
51.413033694248576,5.1176624155108845,-0.03976419960911404,0.9922899146073088
51.24545988736733,5.11825361822886,-0.03917299689113829,0.9924045459461711
51.077886080486095,5.1188680967787334,-0.03855851834126511,0.9925236903559184
50.91031227360485,5.119647366896201,-0.037779248223797524,0.9926747870511545
50.74273846672361,5.120115674117467,-0.03731094100253163,0.9927655895494184
50.574445458954465,5.120055778411138,-0.037370836708860544,0.9927539760625385
50.574445458954465,5.120291018077974,-0.03713559704202485,0.9927995878926993
50.40687165207322,5.1210870466237965,-0.03633956849620201,0.9929539339658919
50.23929784519197,5.121408561912911,-0.03601805320708795,0.9930162742206561
50.071724038310734,5.121398319821771,-0.0360282952982276,0.9930142883288725
49.90415023142949,5.121507250672404,-0.03591936444759458,0.9930354094923445
49.73657642454825,5.122056245951391,-0.03537036916860714,0.9931418570135516
49.5682834167791,5.122684069610125,-0.034742545509873324,0.9932635889751648
49.40070960989786,5.123257893296202,-0.03416872182379649,0.9933748506040543
49.23313580301661,5.123735200335188,-0.03369141478481019,0.9934673981233126
49.06556199613537,5.124260920848607,-0.03316569427139182,0.9935693327803908
49.06556199613537,5.1247605717478475,-0.032666043372151066,0.9936662126657538
48.89798818925413,5.125043604285568,-0.032383010834430515,0.9937210913017175
48.730414382372885,5.125667703256708,-0.031758911863290606,0.993842101064476
48.56284057549164,5.126247423742783,-0.031179191377215254,0.9939545060542776
48.395266768610405,5.126499421837974,-0.030927193282024312,0.9940033672623949
48.227692961729154,5.12674645403848,-0.030680161081518165,0.9940512656076242
48.06011915484791,5.126765075343797,-0.030661539776201785,0.994054876188386
47.89182614707877,5.126962142561012,-0.030464472558986877,0.9940930865657547
47.72425234019752,5.1275139316222775,-0.029912683497721027,0.9942000757877919
47.72425234019752,5.12800954859848,-0.029417066521518542,0.9942961735150478
47.55667853331629,5.128449615159493,-0.028976999960505623,0.9943815002862951
47.38910472643504,5.129136092251138,-0.028290522868860357,0.9945146048639992
47.2208117186659,5.129551952074936,-0.027874663045062142,0.9945952380663368
47.05323791178465,5.129954155421771,-0.027472459698227425,0.994673223344044
46.886383305791306,5.13046684219443,-0.026959772925568615,0.9947726308220206
46.71809029802216,5.131017390048606,-0.02640922507139276,0.9948793793800247
46.550516491140925,5.131571351222277,-0.025855263897721414,0.9949867897641196
46.38294268425968,5.132022900015189,-0.025403715104809876,0.9950743428844273
46.38294268425968,5.132353725423796,-0.025072889696202694,0.9951384883261942
46.21536887737844,5.132546447349872,-0.02488016777012625,0.9951758561726918
46.04779507049719,5.132933444843544,-0.024493170276454812,0.9952508931092401
45.880221263615944,5.133324476260252,-0.02410213885974688,0.9953267122038951
45.7119282558468,5.1345447438440495,-0.022881871275949095,0.9955633161684033
45.544354448965564,5.13532277275443,-0.022103842365568838,0.9957141721996069
45.37749984297222,5.134950671878481,-0.022475943241517804,0.9956420236449657
45.20920683520308,5.134570502090126,-0.02285611302987256,0.9955683105673544
45.041633028321826,5.1342896427311375,-0.023136972388861032,0.9955138533002039
44.87405922144059,5.134370330788859,-0.023056284331139487,0.9955294983231472
44.87405922144059,5.134581985388354,-0.022844629731644694,0.9955705371231709
44.706485414559346,5.135171014927594,-0.02225560019240458,0.9956847470932193
44.5389116076781,5.135693011819746,-0.021733603300252646,0.9957859597581987
44.37133780079686,5.136652901027847,-0.020773714092151785,0.9959720776188555
44.203044793027715,5.137164655828859,-0.020261959291139497,0.9960713043920514
44.035470986146464,5.137602549211138,-0.019824065908860433,0.996156209794485
43.86789717926523,5.137759272932657,-0.019667342187341674,0.9961865977637602
43.700323372383984,5.137886202352404,-0.01954041276759444,0.9962112087624654
43.53274956550274,5.1385397842572145,-0.018886830862784088,0.9963379351230295
43.53274956550274,5.138563370390885,-0.018863244729113937,0.9963425083599227
43.3651757586215,5.138390820212657,-0.01903579490734142,0.996309051717472
43.19688275085235,5.138220752448606,-0.01920586267139246,0.996276076403087
43.02930894397112,5.13851278480405,-0.018913830315948843,0.9963327000600456
42.861735137089866,5.139317502865821,-0.01810911225417744,0.9964887309882244
42.69416133020862,5.139976359900759,-0.017450255219239708,0.9966164801709285
42.52658752332738,5.140322081927088,-0.017104533192910942,0.9966835139946023
42.35901371644614,5.1400182570379735,-0.01740835808202501,0.9966246038225752
42.1914399095649,5.139965808574177,-0.01746080654582194,0.9966144343198927
42.1914399095649,5.140243875217215,-0.017182739902783517,0.9966683500929691
42.023866102683655,5.139576018364556,-0.017850596755442538,0.9965388558892704
41.856292295802405,5.139578500778733,-0.01784811434126521,0.9965393372173362
41.68871848892116,5.140065117937214,-0.017361497182784902,0.9966336899235975
41.52042548115202,5.140788217035949,-0.016638398084049655,0.9967738953308087
41.35357087515868,5.141385005185822,-0.01604160993417647,0.996889609657819
41.18527786738954,5.141879070653164,-0.015547544466834928,0.9969854065550338
41.017704060508294,5.142406963278986,-0.015019651841012838,0.9970877623741694
40.85013025362704,5.14269620291848,-0.014730412201518384,0.997143844537054
40.6818372458579,5.142946028901265,-0.014480586218733826,0.9971922845831134
40.6818372458579,5.143031683919999,-0.014394931199999128,0.9972088926757005
40.51498263986456,5.142993821772151,-0.014432793347847195,0.9972015513889166
40.34668963209542,5.14325730209924,-0.014169313020758523,0.9972526389460941
40.179115825214176,5.1436207134592395,-0.013805901660759012,0.9973231026457489
40.01154201833293,5.144459570047594,-0.012967045072404204,0.9974857528686131
39.84396821145168,5.145636388985316,-0.011790226134682946,0.9977139323514332
39.67135999835513,5.146124557652657,-0.011302057467341697,0.9978085858877357
39.50234778969808,5.146136661554429,-0.011289953565569277,0.9978109327755686
39.33621238459264,5.146206798285569,-0.011219816834429963,0.9978245319474761
39.33621238459264,5.146275074272404,-0.011151540847594177,0.9978377703300904
39.1686385777114,5.146740587711392,-0.010686027408606691,0.9979280311275243
39.00106477083015,5.146742760890125,-0.010683854229873724,0.9979284524963377
38.828456557733595,5.14683555284962,-0.01059106227037887,0.997946444407114
38.66016354996445,5.146702415261771,-0.010724199858227479,0.997920629674732
38.49330894397111,5.147089102453669,-0.010337512666329651,0.9979956064452719
38.32573513708987,5.147392307805569,-0.010034307314430002,0.9980543964920388
38.15816133020863,5.147292066470886,-0.010134548649112674,0.9980349601835533
37.98986832243948,5.147286481038987,-0.010140134081011887,0.9980338771954052
37.98986832243948,5.147828028009113,-0.009598587110885681,0.9981388805256588
37.821575314670326,5.14827895619848,-0.009147658921518698,0.99822631331395
37.65472070867699,5.14877271136405,-0.008653903755948988,0.9983220500451565
37.48714690179575,5.149175846682531,-0.008250768437467748,0.9984002160276447
37.3188538940266,5.149324190123544,-0.008102424996454971,0.9984289791011857
37.151280087145366,5.149474396441518,-0.007952218678480172,0.9984581033775319
36.984425481152016,5.149774808011139,-0.0076518071088598205,0.9985163517234686
36.81685167427077,5.150087322416201,-0.0073392927037971845,0.998576946750482
36.649277867389536,5.1501531149225315,-0.0072735001974670865,0.9985897035982745
36.649277867389536,5.150316356047594,-0.007110259072404368,0.9986213552604783
36.48098485962039,5.150475871418734,-0.0069507437012648055,0.9986522845170714
36.31269185185124,5.150948523931138,-0.0064780911888604464,0.9987439295462065
36.145837245857905,5.1509870056162015,-0.006439609503797072,0.9987513909582507
35.978263438976654,5.151083832565062,-0.006342782554936477,0.9987701652338898
35.81068963209541,5.151601794467847,-0.005824820652151175,0.9988705955340064
35.64239662432627,5.151898482416201,-0.005528132703797262,0.9989281218878441
35.47554201833293,5.152270893593923,-0.005155721526075574,0.9990003306084937
35.30724901056379,5.152757821054177,-0.004668794065821658,0.9990947434807634
35.30724901056379,5.15321557588253,-0.004211039237468128,0.9991834999212355
35.13967520368254,5.153406437064303,-0.004020178055695212,0.9992205069784398
34.9721013968013,5.1531069563999985,-0.004319658720000064,0.9991624391305276
34.80452758992005,5.152953647064303,-0.004472968055695858,0.999132713194099
34.63695378303881,5.1531414041620245,-0.004285210957974073,0.999169118384465
34.46434556994225,5.1535873664567085,-0.003839248663290107,0.9992555883098686
34.29677176306101,5.153961950813164,-0.003464664306834564,0.9993282183993317
34.128478755291866,5.153894916033416,-0.0035316990865821296,0.9993152206807503
33.96162414929852,5.153444299212151,-0.003982315907847145,0.9992278482652236
33.79333114152938,5.153663711355948,-0.003762903764050307,0.9992703912154526
33.79333114152938,5.153798399386328,-0.003628215733670892,0.9992965065711193
33.626476535536035,5.153825710207594,-0.003600904912404168,0.9993018020068677
33.45818352776689,5.153938364679492,-0.0034882504405064907,0.9993236451624382
33.29060972088565,5.154336844405063,-0.003089770714935547,0.9994009084480471
33.12303591400441,5.154845185886581,-0.0025814292334178646,0.9994994733951522
32.95546210712316,5.155256078749367,-0.0021705363706319147,0.9995791435278462
32.78788830024192,5.155326526848606,-0.0021000882713924085,0.9995928030725176
32.61959529247277,5.155673800383797,-0.0017528147362018132,0.9996601377262329
32.45202148559153,5.156115107085569,-0.0013115080344299201,0.9997457049547569
32.45202148559153,5.156403415819746,-0.0010231993002527418,0.9998016066196166
32.28444767871029,5.156240486062783,-0.0011861290572152683,0.9997700153301768
32.11687387182905,5.155778075641519,-0.0016485394784799823,0.9996803561928255
31.949300064947806,5.155762868722024,-0.0016637463979742861,0.9996774076449102
31.781726258066556,5.1560462115615175,-0.0013804035584810137,0.9997323464468822
31.613433250297412,5.15603472826329,-0.0013918868567088793,0.9997301198910657
31.44154423808876,5.156221864757467,-0.001204750362531648,0.9997664047494152
31.273251230319612,5.156794447236455,-0.0006321678835439215,0.9998774257142719
31.106396624326276,5.156824240471899,-0.0006023746480998682,0.9998832024780859
31.106396624326276,5.156598000622784,-0.000828614497214275,0.9998393356689197
30.93810361655712,5.156702275880505,-0.0007243392394933323,0.9998595541355121
30.771249010563782,5.157058549233417,-0.0003680658865814479,0.9999286338102219
30.602956002794638,5.1569210674207575,-0.000505547699241049,0.9999019767537246
30.436101396801302,5.1572245820081,-0.0002020331118988139,0.9999608267597436
30.267808389032155,5.157027514790886,-0.00039910032911283366,0.9999226163823751
30.100234582150915,5.15723916832405,-0.00018744679594817626,0.9999636549756425
29.932660775269664,5.157708406450632,0.0002817913306332187,1.000054637971931
29.76436776750052,5.158137610316961,0.000710995196962827,1.0001378585193783
29.76436776750052,5.158183541377214,0.0007569262572157953,1.000146764329132
29.59751316150718,5.157788164669366,0.0003615495493676235,1.0000701027036056
29.429220153738036,5.1577999572030375,0.0003733420830389633,1.0000723892186745
29.261646346856793,5.158122403397467,0.0006957882774685231,1.000134909971463
29.094072539975553,5.158214885055189,0.0007882699351906552,1.000152841716231
28.926498733094313,5.15814474832405,0.0007181332040513411,1.0001392425443236
28.75820572532516,5.158530814912404,0.0011041997924055025,1.000214098982847
28.59135111933182,5.158631986086075,0.0012053709660762024,1.0002337155826013
28.423058111562675,5.158380918896202,0.0009543037762034245,1.000185034872509
28.256203505569335,5.15821519642329,0.0007885813032917355,1.0001529020889952
28.256203505569335,5.157968473458227,0.0005418583382281739,1.000105063703018
28.08791049780019,5.158253678108354,0.0008270629883551095,1.0001603635010394
27.921055891806844,5.158537951853164,0.0011113367331656576,1.0002154828010363
27.747728477822385,5.158299919470379,0.0008733043503807991,1.0001693294768015
27.580873871829045,5.1584557112202525,0.0010290961002539234,1.000199536741296
27.40826565873249,5.1587443302562015,0.001317715136202935,1.000255498572164
27.239972650963345,5.15915739629772,0.0017307811777218518,1.0003355900736712
27.07311804497,5.159258257169619,0.0018316420496207186,1.0003551465074172
27.07311804497,5.159158947806581,0.0017323326865827937,1.0003358909037123
26.90482503720085,5.159362842729113,0.0019362276091143826,1.000375425140018
26.73725123031961,5.159928597502784,0.002501982382785428,1.0004851222459377
26.56967742343837,5.1599940797073405,0.0025674645873419166,1.0004978189277216
26.402103616557127,5.159924253277974,0.0024976381579753237,1.0004842799218225
26.233810608787984,5.159744564026329,0.0023179489063300807,1.0004494390476706
26.06192159657932,5.159352291402532,0.0019256762825330398,1.0003733792889826
25.894347789698077,5.15905187983291,0.0016252647129118003,1.0003151309430458
25.726773982816837,5.158877156475948,0.001450541355949575,1.0002812529317813
25.558480975047694,5.1594332908283524,0.002006675708353889,1.0003890846846897
25.558480975047694,5.1599105978673405,0.0024839827473419618,1.0004816322039483
25.391626369054354,5.15998663139848,0.0025600162784815694,1.0004963747367681
25.22333336128521,5.159943804422277,0.002517189302278844,1.0004880707938528
25.05575955440396,5.160074768831392,0.002648153711393597,1.0005134641574212
24.88818574752272,5.1602007684121505,0.002774153292151915,1.0005378948648573
24.720611940641476,5.160310939403543,0.0028843242835447924,1.0005592564856063
24.553038133760236,5.159695529948354,0.0022689148283552285,1.0004399315778345
24.385464326878992,5.159826184055695,0.0023995689356963723,1.0004652647753942
24.217890519997752,5.159884529319493,0.002457914199494482,1.0004765776389892
24.217890519997752,5.159850080491139,0.002423465371140132,1.000469898178296
24.049597512228598,5.160198905535189,0.0027722904151907812,1.0005375336620521
23.882023705347358,5.160037838655188,0.0026112235351893887,1.0005063035754176
23.714449898466114,5.159647426775695,0.002220811655696764,1.0004306046060232
23.54184168536956,5.159586910465822,0.002160295345823293,1.0004188707871267
23.374267878488318,5.159690254818226,0.0022636396982278484,1.0004389087556944
23.206694071607068,5.159198051161518,0.001771436041519081,1.000343472854529
23.039120264725824,5.158945122161011,0.00151850704101264,1.0002944311483872
22.871546457844584,5.15892867403443,0.0015020589144310037,1.0002912419364394
22.871546457844584,5.159529807475442,0.0021031923554435394,1.0004077987943207
22.70397265096334,5.160025734753416,0.002599119633417857,1.0005039566875849
22.531364437866785,5.159956527861265,0.002529912741266571,1.0004905378069462
22.36307143009764,5.160014873125062,0.0025882580050637927,1.000501850670541
22.196216824104294,5.160322422701771,0.002895807581772658,1.000561483041423
22.027923816335147,5.1599372870187326,0.002510671898733996,1.0004868071009239
21.86106921034181,5.1597566679281,0.0023300528081016125,1.0004517859355033
21.692776202572666,5.159797943395443,0.0023713282754442844,1.0004597890483777
21.525202395691423,5.15961018629772,0.0021835711777216105,1.0004233838580117
21.525202395691423,5.159383946448607,0.0019573313286080918,1.0003795170488456
21.357628588810183,5.159613909918986,0.0021872947989871605,1.0004241058501104
21.190054781928932,5.159923631608101,0.0024970164881024104,1.00048415938305
21.021761774159785,5.160124113211138,0.002697498091139394,1.0005230317932652
20.85490716816645,5.160194871612151,0.00276825649215251,1.0005367515039452
20.68733336128521,5.16027835345215,0.0028517383321515766,1.0005529382277183
20.519759554403965,5.160226526658227,0.00279991153822845,1.0005428892638084
20.35146654663482,5.160240491304303,0.002813876184304398,1.0005455969409347
20.18389273975357,5.160112630979239,0.0026860158592407757,1.0005208054442047
20.18389273975357,5.159730288012151,0.0023036728921521643,1.00044667099778
20.01631893287233,5.159608013118985,0.002181397998986867,1.000422962489198
19.848745125991087,5.1599894251807585,0.002562810060759979,1.0004969164375983
19.680452118221943,5.1605613859898725,0.003134770869873904,1.0006078168636823
19.5128783113407,5.160803763663797,0.003377148543798114,1.0006548127187884
19.34530450445946,5.160745109164557,0.0033184940445583067,1.0006434398959414
19.178449898466113,5.160263767136201,0.0028371520162027153,1.0005501100118197
19.01015689069697,5.159802287620252,0.0023756725002535006,1.0004606313724929
18.842583083815725,5.159378980553924,0.001952365433925074,1.000378554185958
18.675009276934485,5.159545014394936,0.0021183992749378433,1.0004107473422361
18.675009276934485,5.15993387369924,0.0025072585792411672,1.0004861452748335
18.50743547005324,5.159800425809619,0.0023738106896207256,1.0004602703764434
18.339861663172,5.159712598678479,0.002285983558480531,1.0004432411217987
18.17228785629075,5.1599245625134165,0.0024979473934179097,1.0004843398810745
18.003994848521607,5.160053665111898,0.002627049991899,1.0005093722485934
17.837140242528267,5.1601104578005055,0.0026838426805069204,1.0005203840753911
17.668847234759124,5.160123802909366,0.002697187789367561,1.000522971627257
17.50127342787788,5.159804150497214,0.0023775353772155228,1.000460992575298
17.33369962099664,5.159761632756455,0.0023350176364562714,1.000452748591635
17.33369962099664,5.16052445581367,0.003097840693671472,1.0006006562816792
17.165406613227496,5.160337938856708,0.002911323736709548,1.0005644915485903
16.99855200723415,5.159580082760505,0.002153467640506612,1.0004175469281895
16.830978200352906,5.159759460644049,0.002332845524050775,1.0004523274295773
16.662685192583762,5.1602653197113915,0.0028387045913929043,1.000550411048617
16.495111385702522,5.160572558986328,0.0031459438663290484,1.0006099832534905
16.32753757882128,5.160703833697214,0.003277218577215635,1.000635436783067
16.15996377194004,5.160623144573163,0.0031965294531648425,1.0006197915533677
15.992389965058788,5.160870487075442,0.0034438719554437114,1.0006677500646053
15.992389965058788,5.160704143998987,0.003277528878988356,1.0006354969490752
15.824816158177546,5.160605144937721,0.0031785298177222643,1.0006163015113785
15.657242351296304,5.160414283755949,0.002987668635950236,1.0005792944541743
15.489668544415062,5.159756978229873,0.002330363109874334,1.0004518461015117
15.32209473753382,5.159049086050632,0.0016224709306333907,1.0003145892422156
15.153801729764677,5.15901091466734,0.0015842995473418497,1.0003071879961796
14.986227922883435,5.15958660016405,0.00215998504405146,1.0004188106211185
14.818654116002193,5.160227457563543,0.0028008424435448376,1.0005430697618332
14.651080309120951,5.159916494667341,0.0024898795473422553,1.0004827755648606
14.48350650223971,5.1594093943929105,0.0019827792729119054,1.0003844512817883
14.48350650223971,5.158983603846075,0.001556988726076014,1.0003018925604314
14.315213494470548,5.159229395905822,0.0018027807858231881,1.0003495504483841
14.147639687589306,5.1597355642086065,0.0023089490886079034,1.0004476940266758
13.980065880708064,5.1600635969012645,0.0026369817812659235,1.0005112979743687
13.80817686849942,5.160379835993923,0.002953220873924245,1.000572615200237
13.640603061618178,5.160289526448607,0.0028629113286084973,1.0005551046175267
13.472310053849016,5.160096182852657,0.002669567732658251,1.0005176162322567
13.304736246967774,5.159658599772151,0.0022319846521527964,1.0004327709958314
13.137162440086533,5.1599090463584805,0.002482431238481908,1.0004813313739074
13.137162440086533,5.159561462521518,0.0021348474015194796,1.000413936554184
12.96958863320529,5.159770943942277,0.0023443288222786407,1.0004545539853937
12.801295625436147,5.1597405301032895,0.002313914983290921,1.0004486568895634
12.634441019442809,5.159178809252657,0.001752194132658147,1.0003397419417508
12.466148011673663,5.158519021312404,0.0010924061924058037,1.0002118122610224
12.298574204792422,5.158223264269366,0.00079664914936739,1.000154466405209
12.131719598799084,5.158766363814683,0.0013397486946846726,1.00025977077226
11.963426591029938,5.158979880224809,0.001553265104810464,1.000301170568333
11.795852784148698,5.159209223091645,0.0017826079716467547,1.0003456390375813
11.795852784148698,5.1592771887767075,0.0018505736567089315,1.000358817254187
11.628278977267456,5.159386428862784,0.001959813742785421,1.0003799983769115
11.460705170386197,5.159391705059239,0.001965089939240272,1.000381021405807
11.293131363504955,5.159043810920506,0.0016171958005077869,1.000313566420076
11.124119154847907,5.159013086779746,0.001586471659747346,1.0003076091582372
10.95726454885457,5.158703985694176,0.0012773705741775387,1.0002476759573142
10.789690741973327,5.158565883277974,0.0011392681579751596,1.0002208985688008
10.622116935092086,5.158056921192911,0.0006303060729120347,1.000122213289679
10.454543128210844,5.158217058233923,0.0007904431139245105,1.0001532630850447
10.454543128210844,5.158029301136201,0.0006026860162027248,1.0001168578946786
10.281934915114277,5.158199679202024,0.0007730640820255985,1.0001498933750719
10.114361108233037,5.15834554022886,0.0009189251088610462,1.000178175120547
9.946787301351796,5.158293712368607,0.0008670972486086725,1.000168125949881
9.779213494470554,5.158791192221771,0.0013645771017722907,1.0002645848799423
9.610920486701408,5.159147775876455,0.0017211607564560083,1.00033372472066
9.44406588070807,5.159229395905822,0.0018027807858231881,1.0003495504483841
9.275772872938926,5.158904156995442,0.0014775418754435776,1.0002864882015212
9.108199066057685,5.158954742582277,0.0015281274622784835,1.0002962965013984
8.941344460064347,5.1588405366015175,0.001413921481518976,1.0002741525157863
8.941344460064347,5.159359119107847,0.0019325039878488326,1.0003747031479193
8.773051452295201,5.159174775329619,0.0017481602096207638,1.000338959783644
8.600443239198636,5.158952259101771,0.0015256439817727951,1.0002958149665766
8.432869432317394,5.158591951825821,0.0011653367058226394,1.0002259531337598
8.265295625436153,5.158332195119999,0.0009055800000004055,1.000175587568681
8.097721818554911,5.158429332370632,0.0010027172506337223,1.0001944220103285
7.93014801167367,5.158598779531138,0.0011721644111393204,1.000227276992697
7.762574204792428,5.158272609715442,0.0008459945954433223,1.0001640342478093
7.5942811970232835,5.1582136438481,0.0007870287281015464,1.000152601052198
7.5942811970232835,5.158431504483037,0.0010048893630383304,1.0001948431723862
7.426707390142024,5.158196575117974,0.0007699599979753557,1.0001492915082335
7.259852784148686,5.1576016487787335,0.00017503365873494658,1.0000339381772727
7.09155977637954,5.1578365781437965,0.00040996302379792127,1.0000794898414251
6.9239859694982995,5.15735492581367,-7.168930632861503e-05,0.9999860997912955
6.756412162617058,5.15771554445772,0.0002889293377217328,1.0000560219968762
6.588119154847913,5.157782578171138,0.00035596305113916316,1.0000690195087014
6.420545347966671,5.157905163366076,0.0004785482460771817,1.0000927881832917
6.253690741973333,5.157613441312405,0.0001868261924062864,1.0000362246923415
6.253690741973333,5.157370132733163,-5.648238683519935e-05,0.9999890483392105
6.086116935092092,5.157247237236454,-0.00017937788354416284,0.9999652194986123
5.9185431282108505,5.157259030836455,-0.0001675842835435759,0.9999675062204371
5.750250120441706,5.157853646873923,0.00042703175392411197,1.0000827993853896
5.582676313560464,5.158343056748353,0.0009164416283544696,1.000177693585725
5.4151025066792045,5.158090438049619,0.0006638229296207498,1.0001287120455917
5.247528699797963,5.157819509413669,0.0003928942936708424,1.0000761802974605
5.074920486701416,5.158141333938227,0.000714718818228377,1.000138580511477
4.902312273604849,5.1580758517336704,0.0006492366136718886,1.000125883829693
4.902312273604849,5.158373780889113,0.0009471657691140223,1.0001836508475637
4.730423261396187,5.158627640794936,0.001201025674937739,1.0002328730517303
4.562130253627042,5.15874401995443,0.0013174048344311018,1.0002554384061557
4.394556446745801,5.158874674061772,0.0014480589417731338,1.0002807716037156
4.226982639864559,5.1594962906187325,0.002069675498733936,1.000401300038408
4.0586896320954144,5.159275636201518,0.0018490210815196306,1.00035851621739
3.891835026102076,5.158703985694176,0.0012773705741775387,1.0002476759573142
3.7242612192208346,5.158418470742277,0.00099185562227877,1.0001923159932846
3.551653006124269,5.15801005922734,0.0005834441073417906,1.0001131269819006
3.551653006124269,5.158102541951391,0.0006759268313922817,1.0001310589334245
3.3840791992430272,5.158269195329619,0.0008425802096203583,1.0001633722149628
3.2157861914738826,5.158287815568607,0.0008612004486083791,1.0001669825889685
3.0489315854805445,5.15777388865519,0.0003472735351914835,1.0000673346537154
2.881357778599303,5.157723303068353,0.0002966879483548013,1.000057526353838
2.713064770830158,5.158062817992911,0.0006362028729123281,1.0001233566505914
2.5454909639489167,5.158159955243543,0.0007333401235447568,1.0001421910922388
2.377917157067675,5.158333436327087,0.0009068212070886261,1.000175828232714
2.2103433501864336,5.1581580934329105,0.0007314783129119817,1.0001418300961893
2.2103433501864336,5.1579042324607585,0.00047761734075990603,1.0000926076852668
2.042050342417289,5.157973439352911,0.0005468242329120798,1.0001060265659059
1.8737573346481438,5.158265782010125,0.0008391668901266414,1.0001627103888724
1.7061835277669024,5.158118990077974,0.0006923749579756944,1.0001342481453728
1.5393289217735462,5.1582257477498725,0.0007991326298739665,1.000154947940031
1.3717551148923046,5.158930846146835,0.0015042310268365,1.000291663098497
1.2041813080110633,5.158600951643544,0.0011743365235457048,1.0002276981547547
1.0358883002419184,5.1577388202896195,0.00031220516962093825,1.0000605350677614
0.8690336942485803,5.15753368309367,0.00010706797367188159,1.0000207599606667
0.8690336942485803,5.15756751131848,0.000140896198481677,1.0000273190893436
0.7014598873673389,5.157402098081012,-2.4517038986537898e-05,0.9999952462650822
0.5338860804860974,5.15717772110886,-0.0002488940111389226,0.9999517406587213
0.36559307271695246,5.157520339051138,9.372393113959987e-05,1.0000181726155568
0.198019265835711,5.157524062672404,9.74475524051499e-05,1.0000188946076556
0.02972625806656605,5.157426615119999,0.0,1.0
-0.13712834792677192,5.157578993550379,0.00015237843038029553,1.000029545438404
-0.30973656102333785,5.157816405329619,0.0003897902096205996,1.0000755784306223
-0.4773103679045793,5.1579861627918975,0.000559547671898919,1.000108493578999
-0.4773103679045793,5.157946438833417,0.0005198237134180772,1.000100791296166
-0.6448841747858207,5.15779002648,0.0003634113600012867,1.0000704636996551
-0.8124579816670622,5.15738285723848,-4.3757881518224906e-05,0.9999915155590601
-0.9800317885483036,5.157134582764557,-0.00029203235544184025,0.9999433763430418
-1.1476055954295632,5.157081825065315,-0.0003447900546831306,0.9999331468811069
-1.3151794023108048,5.157355857785316,-7.07573346829804e-05,0.9999862804960762
-1.4827532091920461,5.157729820471898,0.00030320535189964914,1.0000587900467668
-1.6510462169611912,5.157812992010125,0.0003863768901268827,1.0000749166045317
-1.8186200238424326,5.157483718110379,5.710299038064193e-05,1.0000110719928061
-1.9861938307236742,5.1572813746967086,-0.00014524042329000508,0.9999718385865416
-1.9861938307236742,5.157076859170632,-0.0003497559493661484,0.9999321840182194
-2.1537676376049157,5.15720254844962,-0.00022406667037877526,0.9999565545596476
-2.321341444486157,5.15766992369924,0.00024330857924148575,1.000047176353131
-2.4889152513673984,5.157970955872405,0.0005443407524063915,1.000105545031084
-2.65648905824864,5.158387436299746,0.0009608211797473842,1.0001862985654377
-2.8240628651298816,5.1585755036992404,0.0011488885792418913,1.000222763921812
-2.9923558728990263,5.1581562305559485,0.0007296154359499596,1.0001414688933838
-3.1599296797802676,5.157997956391897,0.0005713412718986177,1.0001107803008236
-3.3275034866615276,5.157979024784809,0.0005524096648104049,1.0001071095540537
-3.3275034866615276,5.15824436798886,0.0008177528688610991,1.0001585583140367
-3.4957964944306723,5.158486125059239,0.0010595099392407548,1.0002054338371262
-3.6626511004240103,5.158118990077974,0.0006923749579756944,1.0001342481453728
-3.8309441081931555,5.157548579711391,0.00012196459139257598,1.0000236483425735
-3.9977987141864935,5.1569623428881,-0.0004642722318983772,0.9999099798665991
-4.165372521067734,5.1570718932759485,-0.00035472184405005436,0.9999312211553316
-4.33366552883688,5.156902135813669,-0.0005244793063292619,0.9998983060069547
-4.501239335718121,5.157431270712911,4.655592912072848e-06,1.0000009026968795
-4.668813142599363,5.157595751978733,0.00016913685873465312,1.0000327948163603
-4.668813142599363,5.157440891134176,1.4276014177028173e-05,1.0000027680498904
-4.837106150368507,5.157862336389872,0.00043572126987356796,1.000084484240376
-5.004679957249749,5.157721441257721,0.00029482613772202626,1.0000571653577885
-5.171534563243087,5.157891198719999,0.0004645836000003456,1.0000900805061652
-5.339108370124347,5.158162127355948,0.0007355122359493649,1.0001426122542962
-5.507401377893491,5.157640130463797,0.0002135153437983206,1.000041399589317
-5.674975184774733,5.157840612066834,0.0004139969468353044,1.000080271999532
-5.842548991655974,5.158400780342277,0.0009741652222787778,1.0001888859105474
-6.010122798537216,5.157889335843037,0.00046272072303832346,1.00008971930336
-6.178415806306361,5.157498304426329,7.168930633039139e-05,1.000013900208705
-6.178415806306361,5.157847439772151,0.00042082465215287357,1.0000815958584692
-6.345270412299699,5.157684820316961,0.00025820519696218014,1.0000500647350377
-6.51284421918094,5.157782267869366,0.00035565274936733005,1.0000689593426932
-6.681137226950085,5.15773292348962,0.00030630836962153296,1.0000593917068492
-6.847991832943423,5.157884371014682,0.0004577558946836646,1.0000887566472283
-7.016284840712568,5.158576434604556,0.0011498194845573906,1.0002229444198365
-7.1838586475938095,5.158343367050126,0.0009167519301271909,1.0001777537517333
-7.351432454475051,5.1576963036151895,0.00026968849519093396,1.0000522912908543
-7.519006261356311,5.157484959317467,5.8344197468862546e-05,1.0000113126568388
-7.519006261356311,5.157578372946834,0.00015175782683574113,1.0000294251063875
-7.686580068237552,5.157340650865821,-8.596425417728426e-05,0.9999833319481609
-7.854873076006697,5.157538338686582,0.00011172356658306626,1.0000216626575462
-8.021727682000035,5.157682027601012,0.0002554124810130176,1.0000495232409636
-8.19002068976918,5.158266712915442,0.0008400977954430289,1.000162890886897
-8.357594496650421,5.158795846748354,0.0013692316283551165,1.0002654873700658
-8.525887504419567,5.158562468892151,0.0011358537721521955,1.0002202365359543
-8.692742110412905,5.158741226172151,0.0013146110521526921,1.0002548967053255
-8.860315917294146,5.158719502915442,0.0012928877954436757,1.0002506846712376
-8.860315917294146,5.158543538351391,0.0011169232313923416,1.0002165659959403
-9.027889724175388,5.158921846329113,0.0014952312091143227,1.0002899180775022
-9.196182731944532,5.159472704485062,0.0020460893650637857,1.0003967268015148
-9.363756538825774,5.15971104716962,0.0022844320496213655,1.0004429402917578
-9.531330345707016,5.159846046568101,0.002419431448102749,1.000469116020189
-9.698904152588275,5.159872115115949,0.002445499995950229,1.000474170585148
-9.866477959469517,5.159853494876961,0.002426879756962208,1.0004705602111423
-10.034051766350757,5.1598286675362015,0.002402052416202949,1.0004657463102162
-10.201625573231999,5.160039700465822,0.002613085345823052,1.000506664571467
-10.36919938011324,5.159647426775695,0.002220811655696764,1.0004306046060232
-10.36919938011324,5.15908694819848,0.0016603330784814574,1.0003219305289994
-10.537492387882386,5.158731605750885,0.0013049906308868486,1.0002530313523146
-10.705066194763628,5.158580159292151,0.0011535441721521877,1.0002236666186912
-10.872640001644868,5.158445159893669,0.0010185447736708042,1.00019749089026
-11.04021380852611,5.158629193370126,0.00120257825012704,1.0002331740885273
-11.207787615407351,5.159048465447088,0.0016218503270897244,1.0003144689101993
-11.375361422288593,5.15908260397367,0.001655988853671353,1.0003210882048843
-11.542935229169835,5.158918742245063,0.00149212712506408,1.000289316210664
-11.716262643154304,5.158951949866328,0.001525334746329321,1.0002957550073244
-11.716262643154304,5.159052810738227,0.0016261956182281878,1.0003153114410703
-11.883836450035545,5.159017742372657,0.0015911272526585307,1.0003085118551167
-12.050691056028883,5.158938915059239,0.0015122999392405134,1.0002932276214667
-12.218264862910125,5.159386118561011,0.0019595034410127,1.000379938210903
-12.386557870679269,5.159763805935189,0.0023371908151901266,1.0004531699604486
-12.553412476672626,5.159255154151897,0.0018285390318988348,1.000354544847335
-12.72170548444177,5.159358188202531,0.001931573082532445,1.0003745226498948
-12.889279291323012,5.159769701668859,0.0023430865488602848,1.0004543131146046
-13.056853098204254,5.160068872031391,0.0026422569113924155,1.0005123207965085
-13.056853098204254,5.160203871429872,0.002777256309873799,1.0005384965249398
-13.224426905085496,5.159771874847594,0.002345259727595028,1.0004547344834185
-13.392000711966736,5.159667909891645,0.002241294771646807,1.0004345761828344
-13.560293719735881,5.159495049411644,0.0020684342916457155,1.000401059374375
-13.727867526617123,5.159830839648606,0.002404224528607557,1.0004661674722737
-13.895441333498365,5.1599152523939225,0.0024886372739238993,1.0004825346940716
-14.063015140379607,5.1600635969012645,0.0026369817812659235,1.0005112979743687
-14.230588947260847,5.160080665631391,0.0026540505113921142,1.000514607518333
-14.398881955029992,5.159826184055695,0.0023995689356963723,1.0004652647753942
-14.398881955029992,5.1597935981043035,0.002366982984304933,1.0004589465175064
-14.566455761911234,5.160034113967594,0.0026074988475954797,1.000505581376563
-14.73331036790459,5.159816873936202,0.00239025881620325,1.0004634595883917
-14.900884174785832,5.159693668137721,0.0022670530177224535,1.0004395705817852
-15.073492387882379,5.15968187453772,0.0022552594177218666,1.0004372838599604
-15.246100600978945,5.160024493546328,0.002597878426329636,1.000503716023552
-15.41439360874809,5.159814081220253,0.0023874661002540876,1.0004629180943176
-15.58196741562933,5.15948108369924,0.0020544685792414086,1.000398351490493
-15.748822021622669,5.159427704330126,0.002001089210127205,1.0003880014897857
-15.748822021622669,5.1598804943301255,0.0024538792101269635,1.0004757952741263
-15.901292609857974,5.160025424451645,0.0025988093316460237,1.0005038965215767
