Angle (degree),rho (mOhm cm),Delta rho (mOhm cm),rho/rho(theta=0)
101.58208180610221,1.4708616592751318,-2.6869151533932216,0.35376157151907606
101.58208180610221,1.4708511026266948,-2.6869257100416584,0.35375903250630253
101.58208180610221,1.4708039696231723,-2.686972843045181,0.35374769639913606
101.58208180610221,1.4707804777086486,-2.6869963349597046,0.35374204628476436
101.58208180610221,1.4706032471936255,-2.687173565474728,0.3536994200152438
101.58208180610221,1.4703369564520237,-2.6874398562163293,0.35363537359005076
101.58208180610221,1.4702336214543164,-2.687543191214037,0.3536105201642025
101.58208180610221,1.4701552650071632,-2.68762154766119,0.3535916744082412
101.58208180610221,1.4698709834152255,-2.6879058292531277,0.353523300946955
101.58208180610221,1.4696213440189179,-2.6881554686494353,0.3534632593892776
101.39599794333218,1.469401738757415,-2.6883750739109384,0.3534104414359825
101.39599794333218,1.4693443474544048,-2.6884324652139484,0.35339663807288824
101.20332704117207,1.4684686033749932,-2.68930820929336,0.3531860101053784
101.01147951893574,1.4651398843003083,-2.692636928368045,0.3523854093938293
100.8196319966994,1.452634737267245,-2.705142075401108,0.3493777570843159
100.6269610945393,1.4296804342671334,-2.7280963784012195,0.34385694535383243
100.43593695222673,1.4014102631028733,-2.75636654956548,0.3370575974239186
100.24408942999038,1.3700388567855253,-2.787737955882828,0.3295123616571112
100.05224190775402,1.3366875853843956,-2.8210892272839576,0.3214909423015768
99.85957100559395,1.3021086376876756,-2.8556681749806776,0.3131742506524818
99.66772348335759,1.2670785853579565,-2.8906982273103967,0.3047490624069305
99.66772348335759,1.2314563277336195,-2.9263204849347337,0.2961814410002693
99.47587596112125,1.1952327202150224,-2.9625440924533306,0.28746918703602875
99.28320505896114,1.159482298216897,-2.998294514451456,0.27887074041205484
99.08641725718225,1.124626130193952,-3.0331506824744014,0.2704873736289361
98.89456973494589,1.090964929408679,-3.0668118832596742,0.26239141218081063
98.70272221270956,1.0589024437288426,-3.0988743689395104,0.25467996273933385
98.5051110310069,1.0275942281276418,-3.1301825845407114,0.2471499251707449
98.31326350877056,0.9973264979477721,-3.160450314720581,0.23987013802881685
98.12141598653423,0.9677201100162698,-3.1900567026520834,0.23274941239455615
98.12141598653423,0.9396658257864706,-3.2181109868818827,0.22600198811138625
97.92874508437413,0.9120926058394128,-3.2456842068289404,0.21937026611441787
97.73772094206153,0.8848767460159238,-3.2729000666524293,0.2128244939266071
97.54587341982518,0.858413743404882,-3.299363069263471,0.206459793798786
97.35402589758885,0.8334459730553604,-3.3243308396129927,0.20045471669280787
97.16135499542875,0.809010637160227,-3.348766175508126,0.19457769707485212
96.96950747319241,0.7856809093141927,-3.3720959033541607,0.18896659073192604
96.77765995095606,0.7643211592473277,-3.3934556534210256,0.18382928995094525
96.58581242871973,0.7444141924147889,-3.4133626202535643,0.17904140264254426
96.58581242871973,0.7248174530088194,-3.4329593596595336,0.17432812910985723
96.39314152655963,0.7059860601927487,-3.4517907524756044,0.1697989314966777
96.20129400432329,0.6875139602292626,-3.470262852439091,0.1653561485394003
96.00944648208696,0.6702578657022137,-3.4875189469661394,0.16120583088058052
95.81759895985061,0.6543098113363341,-3.503467001332019,0.15737011408181265
95.62575143761427,0.6388781336100446,-3.5188986790583083,0.15365859265544107
95.43390391537794,0.6238832126910014,-3.5338935999773518,0.1500521169847521
95.24123301321781,0.6089795460894047,-3.5487972665789487,0.14646758917744251
95.04938549098148,0.5945451235325727,-3.5632316891357805,0.14299592073365985
95.04938549098148,0.5808310710528438,-3.5769457416155093,0.1396975107665968
94.85753796874513,0.567793452578296,-3.589983360090057,0.13656179207317792
94.6656904465088,0.5551475027216916,-3.6026293099466615,0.13352027483298515
94.47466630419622,0.5428758627850738,-3.614900949883279,0.13056878405088565
94.28199540203612,0.5316527366152283,-3.626124076053125,0.12786947461810183
94.09014787979979,0.5214310658980438,-3.6363457467703095,0.1254110283912529
93.89830035756344,0.5119175731055424,-3.6458592395628107,0.12312290826813453
93.70562945540334,0.5031350440256773,-3.654641768642676,0.1210105945303924
93.51460531309075,0.4959411203131899,-3.6618356923551634,0.11928036127434838
93.32275779085441,0.48944470650696437,-3.668332106161389,0.11771788832331562
93.32275779085441,0.4836538686547572,-3.674122944013596,0.11632511566785152
93.13091026861808,0.4785945891695986,-3.6791822234987546,0.11510829241996975
92.93906274638174,0.47480521267595244,-3.682971599992401,0.11419689754131723
92.74639184422163,0.471661121126746,-3.686115691541607,0.113440702177577
92.5545443219853,0.4696522628599042,-3.688124549808449,0.11295754534705137
92.3577565202064,0.46863954453006057,-3.6891372681382926,0.11271397327104239
92.16508561804629,0.4680684897237612,-3.689708322944592,0.11257662708051108
91.97323809580995,0.46842815428644036,-3.689348658381913,0.1126631311375791
91.7813905735736,0.4695430178964696,-3.6882337947718837,0.1129312704967271
91.7813905735736,0.47145021406537974,-3.6863265986029736,0.11338997625579984
91.58954305133727,0.4740951018179055,-3.683681710850448,0.11402610654169375
91.39769552910091,0.47717198863150595,-3.6806048240368474,0.11476613828274956
91.20584800686458,0.4809023749987318,-3.676874437669621,0.11566334526025247
91.01317710470448,0.48546523851292206,-3.6723115741554313,0.11676077393903284
90.82132958246814,0.4911899866576341,-3.666586826010719,0.11813765115073628
90.62948206023181,0.4977060639074492,-3.660070748760904,0.11970485341853508
90.43763453799546,0.504694656209995,-3.653082156458358,0.12138570177029177
90.24578701575912,0.5120936140052179,-3.6456831986631353,0.12316524841952003
90.24578701575912,0.5198269974724541,-3.637949815195899,0.12502522884070888
90.05393949352278,0.5284230035914445,-3.6293538090769086,0.12709268135350352
89.86209197128643,0.5379408824200222,-3.619835930248331,0.12938185637597652
89.66942106912634,0.5480356892378794,-3.609741123430474,0.13180979016672237
89.47839692681376,0.5584843248312288,-3.5992924878371246,0.1343228244309747
89.28572602465366,0.570030167805096,-3.587746644863257,0.13709975149899048
89.09387850241733,0.5827083447634565,-3.575068467904897,0.1401490197809558
88.90203098018097,0.5964852159427143,-3.561291596725639,0.1434625384713485
88.70936007802086,0.610635281911674,-3.5471415307566794,0.14686581541633645
88.70936007802086,0.6249819812947874,-3.5327948313735655,0.15031638528324232
88.5183359357083,0.6391748308095915,-3.5186019818587617,0.15372995223362787
88.32566503354819,0.653743551467651,-3.504033261200702,0.15723392113683354
88.13464089123562,0.6691008875836414,-3.4886759250847117,0.16092756242830403
87.94196998907552,0.6854746962196954,-3.472302116448658,0.16486567872790062
87.75012246683917,0.7020641697654616,-3.4557126429028915,0.16885566527436932
87.55827494460283,0.7198032617129638,-3.4379735509553893,0.17312215016443194
87.36642742236648,0.7381955186954405,-3.4195812939729127,0.17754572983480704
87.17375652020638,0.7582412813417905,-3.3995355313265625,0.18236699936165426
86.98273237789381,0.7791493319168956,-3.3786274807514576,0.18739566047482423
86.98273237789381,0.8015600490575947,-3.3562167636107585,0.19278573265773116
86.78429781626738,0.8246196195800802,-3.333157193088273,0.19833186261165875
86.5932736739548,0.8491802953427168,-3.308596517325636,0.20423902811602215
86.40142615171845,0.8745750837563009,-3.2832017289120525,0.21034680868187855
86.20875524955835,0.9015198941724479,-3.256256918495905,0.2168273899228073
86.01690772732202,0.9297595864371855,-3.2280172262311675,0.22361940727657528
85.82506020508568,0.9593967517193341,-3.198380060949019,0.23074753526840183
85.63321268284935,0.9895338642183533,-3.1682429484499997,0.23799590714040664
85.44136516061299,1.0204369924467471,-3.137339820221606,0.24542851586876235
85.44136516061299,1.0511801378967873,-3.106596674771566,0.2528226466350817
85.24951763837666,1.0828046023624431,-3.0749722103059103,0.26042874621438067
85.05767011614032,1.1160392305635916,-3.0417375821047616,0.26842211134641125
84.86582259390397,1.1486690911402218,-3.0091077215281317,0.27627002191179084
84.67315169174387,1.1828048894947605,-2.9749719231735927,0.28448013031648683
84.4821275494313,1.218477773461858,-2.939299039206495,0.2930599280243401
84.2894566472712,1.2546401969675147,-2.9031366157008387,0.3017574664288724
84.09760912503485,1.2924595463194863,-2.8653172663488666,0.3108535172887309
83.9057616027985,1.3302671486924524,-2.827509663975901,0.3199467428456607
83.9057616027985,1.3697136860613965,-2.7880631266069567,0.32943415382182334
83.7130907006384,1.4100199097971278,-2.7477569028712256,0.3391283306744437
83.52206655832583,1.4509507515799314,-2.706826061088422,0.34897273638138093
83.32939565616573,1.4926377965790825,-2.6651390160892707,0.35899901890624725
83.13837151385314,1.5356009883389037,-2.6221758243294495,0.36933223150893346
82.94570061169304,1.5788585728591613,-2.578918239809192,0.37973624944189605
82.75467646938047,1.6233726795227328,-2.53440413314562,0.39044247747413224
82.56200556722037,1.667997257036962,-2.489779555631391,0.4011752751986908
82.37015804498402,1.7150024006651805,-2.442774412003173,0.41248063037913196
82.37015804498402,1.759699536235169,-2.398077276433184,0.4232308792702703
82.17748714282392,1.8066749430557891,-2.351101869612564,0.43452908235743226
81.98646300051135,1.8535119261813895,-2.3042648864869637,0.4457939927256109
81.79379209835123,1.9000326604425357,-2.2577441522258175,0.4569828410830797
81.60276795603866,1.9460228934891795,-2.2117539191791735,0.46804409692214155
81.41092043380232,1.9923521234859152,-2.165424689182438,0.4791868859856562
81.21824953164221,2.037542143780969,-2.120234668887384,0.4900556801348188
81.02640200940588,2.0830554006406974,-2.074721412027656,0.5010022169284856
80.83455448716954,2.1282590990089822,-2.029517713659371,0.5118743008341328
80.6427069649332,2.1749526038770575,-1.9828242087912957,0.5231047027945758
80.6427069649332,2.2201693866859045,-1.9376074259824487,0.5339799336802442
80.4500360627731,2.263688504712464,-1.8940883079558892,0.5444468538607505
80.25818854053675,2.3043520135758295,-1.8534247990925237,0.55422696248502
80.06716439822418,2.343906644199525,-1.8138701684688283,0.5637403713104231
79.87449349606408,2.3845487434605537,-1.7732280692077995,0.5735153306437851
79.68264597382773,2.424770812357738,-1.7330060003106151,0.5831892671510627
79.4907984515914,2.4645034163036015,-1.6932733963647517,0.5927454809008729
79.29895092935506,2.5042766110327053,-1.653500201635648,0.6023114572678386
79.10710340711871,2.5433249751635665,-1.6144518375047867,0.611703102344093
79.10710340711871,2.5833656499430973,-1.574411162725256,0.6213334111806642
78.91525588488237,2.6215159684105918,-1.5362608442577614,0.6305090644651922
78.72258498272227,2.6602964049676023,-1.4974804077007509,0.6398362694365726
78.5315608404097,2.698571616187873,-1.4592051964804802,0.6490419610705366
78.33971331817335,2.7367733783925083,-1.4210034342758449,0.6582299872503542
78.14704241601325,2.773326839283298,-1.3844499733850553,0.6670215752883206
77.9551948937769,2.8095811491566067,-1.3481956635117465,0.6757412135726185
77.7625239916168,2.84506349542815,-1.312713317240203,0.6842751844590385
77.57149984930423,2.88072783047176,-1.2770489821965931,0.6928529260383709
77.57149984930423,2.916675853474638,-1.241100959193715,0.7014988983025261
77.37965232706789,2.9508450301287446,-1.2069317825396086,0.7097170346272071
77.18780480483156,2.982568072356809,-1.175208740311544,0.7173468434547053
76.99431052274768,3.0120534320739965,-1.1457233805943567,0.7244384602118503
76.8032863804351,3.0409211614443303,-1.1168556512240229,0.7313815287484722
76.61143885819877,3.0700122141988584,-1.0877645984694948,0.7383783094957914
76.41959133596242,3.097899527030517,-1.0598772856378362,0.7450855749619628
76.2277438137261,3.1239223530605686,-1.0338544596077845,0.7513444068335444
76.03013263202342,3.1505384245195884,-1.0072383881487648,0.7577459220322253
75.83828510978707,3.1774557293082752,-0.980321083360078,0.7642198878080391
75.83828510978707,3.2023093104800973,-0.9554675021882559,0.7701975009151437
75.64643758755074,3.2275054585719727,-0.9302713540963805,0.7762575058714235
75.45376668539063,3.2502465493563872,-0.907530263311966,0.7817270372601995
75.26274254307806,3.2732404019836463,-0.8845364106847069,0.7872573611961066
75.0708950208417,3.295111696254519,-0.8626651164138344,0.7925176950851774
74.87904749860537,3.3164147236469774,-0.8413620890213758,0.7976413533170359
74.68637659644527,3.338432323338192,-0.8193444893301614,0.8029368755836782
74.49452907420893,3.3576585436949675,-0.8001182689733857,0.8075610344125493
74.30268155197258,3.3771868893630286,-0.7805899233053246,0.8122578583518623
74.30268155197258,3.396400323628192,-0.7613764890401611,0.816878941957558
74.1100106498125,3.4157594666157993,-0.7420173460525539,0.8215350704271338
73.91898650749991,3.4329971993998107,-0.7247796132685425,0.8256809718452882
73.72713898526358,3.4506241835622316,-0.7071526291061216,0.8299204933387732
73.5295278035609,3.4663310735832735,-0.6914457390850797,0.8336982069411928
73.33768028132455,3.482315406670509,-0.6754614059978441,0.8375426492495275
73.14500937916446,3.4982488906750153,-0.6595279219933379,0.8413748616847786
72.95316185692812,3.5141172508256635,-0.6436595618426897,0.8451914109767701
72.76131433469178,3.5284291960301166,-0.6293476166382366,0.8486336220066758
72.76131433469178,3.5424012502593727,-0.6153755624089805,0.8519940847873341
72.56946681245545,3.555841912314251,-0.6019349003541024,0.8552267407620189
72.37761929021909,3.568541536883787,-0.5892352757845662,0.8582811674765173
72.18577176798276,3.580248254106755,-0.5775285585615983,0.8610967869170073
71.99392424574641,3.5913828402193726,-0.5663939724489806,0.863774801301688
71.80207672351007,3.602165938574006,-0.5556108740943473,0.8663682782583583
71.61022920127373,3.612351925224246,-0.5454248874441072,0.8688181419978462
71.41755829911362,3.622557538535329,-0.5352192741330244,0.871272726207366
71.22653415680105,3.6329701181472913,-0.5248066945210619,0.8737770885339431
71.22653415680105,3.641688007270771,-0.5160888053975823,0.8758738555121313
71.03386325464095,3.6504255220333506,-0.5073512906350026,0.8779753427146086
70.83707545286205,3.6590982112910204,-0.4986786013773328,0.880061238530672
70.64440455070195,3.667805692940538,-0.4899711197278154,0.8821555023745095
70.45255702846559,3.6762678469491106,-0.4815089657192426,0.8841907616945358
70.26070950622926,3.6845578260269085,-0.4732189866414447,0.8861846106795365
70.06886198399292,3.6929634807140896,-0.46481333195426355,0.8882062811697777
69.87701446175657,3.701141054781774,-0.4566357578865792,0.8901730952716719
69.68516693952024,3.7089617902235057,-0.4488150224448475,0.8920540849914429
69.68516693952024,3.7169338836046,-0.440842929063753,0.8939714782860527
69.4933194172839,3.7249386891088423,-0.4328381235595109,0.8958967392764581
69.30147189504757,3.732365710198842,-0.4254111024695111,0.8976830355171245
69.10880099288747,3.7396645669150526,-0.41811224575330064,0.8994385065404781
68.91695347065111,3.7468742142302114,-0.4109025984381418,0.9011725215297367
68.724282568491,3.753617293854159,-0.4041595188141942,0.9027943208536932
68.53325842617843,3.760461179661947,-0.39731563300640627,0.904440365390508
68.34141090394209,3.7670395185570196,-0.3907372941113336,0.9060225424027586
68.148740001782,3.7731382042985784,-0.3846386083697748,0.9074893565239439
67.9577158594694,3.779278819306677,-0.37849799336167633,0.9089662551851199
67.9577158594694,3.785238635873278,-0.37253817679507506,0.9103996694435386
67.76504495730931,3.7908478566635124,-0.36692895600484077,0.9117487608072558
67.57319743507297,3.79617547282841,-0.36160133983994314,0.9130301225553574
67.38134991283663,3.801201261009226,-0.35657555165912713,0.9142388907041198
67.1895023906003,3.80625381272558,-0.35152299994277314,0.9154540958351309
66.99765486836395,3.8116822350743167,-0.3460945775940365,0.9167597027960906
66.80580734612761,3.8170627816123877,-0.34071403105596554,0.9180537949949978
66.61313644396752,3.822133472331809,-0.3356433403365444,0.9192733627947823
66.42211230165492,3.82719435023168,-0.3305824624366731,0.9204905704824223
66.42211230165492,3.8321987288101607,-0.32557808385819254,0.9216941893402775
66.22944139949483,3.837144823082269,-0.3206319895860843,0.9228837900559864
66.03759387725849,3.842114409268901,-0.3156624033994522,0.9240790408860672
65.84574635502214,3.8474024747849067,-0.3103743378834465,0.9253508901830023
65.6538988327858,3.852383361448862,-0.30539345121949113,0.9265488589264854
65.45628765108313,3.8568373148247916,-0.30093949784356155,0.9276200932847989
65.2644401288468,3.8611752942423885,-0.2966015184259647,0.9286634343810259
65.07259260661046,3.865501975226149,-0.2922748374422044,0.9297040580553361
64.88074508437411,3.869800108711135,-0.2879767039572183,0.9307378156807791
64.88074508437411,3.8739445025738783,-0.28383231009447485,0.9317345969053306
64.68807418221401,3.878034776754624,-0.27974203591372904,0.9327183616346646
64.49622665997767,3.8821289172107942,-0.27564789545755897,0.9337030562540813
64.298615478275,3.885918553738027,-0.271858258930326,0.934614513674231
64.10759133596243,3.8895172806552645,-0.2682595320130887,0.9354800548226333
63.91492043380232,3.893111547664407,-0.26466526500394627,0.936344523304489
63.72307291156597,3.89674030973819,-0.2610365029301631,0.9372172883030158
63.531225389329634,3.8998751459308147,-0.25790166673753845,0.9379712576317862
63.3393778670933,3.903119411818005,-0.2546574008503484,0.9387515462411471
63.3393778670933,3.906082073079856,-0.2516947395884972,0.9394641052348921
63.14753034485696,3.908675999562274,-0.24910081310607923,0.9400879786651625
62.955682822620616,3.9114566720520574,-0.2463201406162958,0.9407567669659945
62.76383530038428,3.914413088420835,-0.2433637242475184,0.9414678239808322
62.57198777814794,3.9173775336459222,-0.24039927902243097,0.9421808120411954
62.380140255911606,3.9202795319837516,-0.23749728068460163,0.9428787808039696
62.188292733675254,3.9232844188176066,-0.2344923938507466,0.9436014956030659
61.99562183151515,3.9264293651569875,-0.2313474475113657,0.944357896555084
61.803774309278815,3.9297616521581484,-0.22801516051020476,0.9451593553998704
61.803774309278815,3.9328524777937868,-0.22492433487456642,0.9459027396109279
61.60698650749991,3.935664374748945,-0.22211243791940838,0.9465790378062976
61.41431560533981,3.9385865933802853,-0.21919021928806792,0.9472818698155668
61.22246808310347,3.941406815497218,-0.21636999717113525,0.9479601703218229
61.03062056086712,3.944254990458511,-0.21352182220984206,0.9486451938547396
60.838773038630784,3.947283963861304,-0.210492848807049,0.9493737017904142
60.64692551639445,3.9503988770876237,-0.20737793558072948,0.9501228793837927
60.455077994158096,3.9532901696025404,-0.20448664306581277,0.9508182732553702
60.26240709199799,3.956052703089257,-0.20172410957909603,0.9514826988874291
60.070559569761656,3.9589017700321687,-0.1988750426361845,0.9521679369536549
60.070559569761656,3.9615736064600577,-0.19620320620829546,0.9528105487503603
59.87871204752532,3.964260311291747,-0.19351650137660625,0.9534567365937057
59.68110086582265,3.9671040253232026,-0.19067278734515059,0.9541406872143332
59.48925334358631,3.9699168142599794,-0.18785999840837375,0.9548171999430123
59.29740582134996,3.972588948015074,-0.1851878646532792,0.9554598832508207
59.105558299113625,3.975283681703075,-0.1824931309652782,0.9561080021396918
58.91371077687729,3.9767452370095544,-0.1810315756587988,0.956459525410981
58.72186325464095,3.977732196790255,-0.1800446158780984,0.9566969022171851
58.52919235248085,3.9811706428867106,-0.17660616978164256,0.9575238937204277
58.52919235248085,3.9842451134825203,-0.1735316991858329,0.9582633443293305
58.33816821016827,3.987048089599745,-0.1707287230686081,0.9589374969458645
58.14549730800817,3.989992313509579,-0.16778449915877403,0.9596456215139902
57.95364978577183,3.992554421893954,-0.16522239077439904,0.9602618422732596
57.76180226353549,3.9949390024361,-0.1628378102322534,0.9608353652519053
57.56995474129914,3.997315851449139,-0.16046096121921405,0.961407028696128
57.378107219062805,3.999825623093011,-0.15795118957534227,0.9620106617810557
57.1854363169027,4.002261053739629,-0.1555157589287246,0.9625964148785277
56.993588794666366,4.0042887946340775,-0.1534880180342757,0.9630841132293075
56.993588794666366,4.006167852512276,-0.15160896015607683,0.9635360513594335
56.801741272430014,4.008297888270082,-0.14947892439827104,0.9640483529700722
56.60989375019368,4.010318789617043,-0.1474580230513105,0.9645344063197381
56.41804622795734,4.012469937649981,-0.14530687501837214,0.9650517857101815
56.226198705720996,4.014703753885431,-0.14307305878292187,0.9655890478904515
56.0335278035609,4.01697652509362,-0.1408002875747334,0.9661356792539397
55.83674000178198,4.019320068350843,-0.13845674431751043,0.9666993322259035
55.644892479545646,4.021719220991325,-0.13605759167702836,0.9672763599858285
55.45304495730931,4.023963742027945,-0.13381307064040815,0.9678161968115526
55.45304495730931,4.0260411426962985,-0.13173566997205466,0.9683158389910039
55.261197435072965,4.028506607477721,-0.12927020519063248,0.9689088156928581
55.06934991283663,4.030682734061212,-0.12709407860714084,0.9694322027531884
54.87173873113395,4.032143992040486,-0.1256328206278674,0.9697836545133746
54.679891208897615,4.0333081813144664,-0.12446863135388675,0.9700636573433565
54.48722030673751,4.0345734751212365,-0.12320333754711665,0.9703679771430425
54.295372784501176,4.036411496736256,-0.12136531593209732,0.9708100455122294
54.1043486421886,4.038700920311479,-0.11907589235687421,0.9713606819889752
53.9116777400285,4.0414640484526085,-0.11631276421574466,0.9720252506432402
53.9116777400285,4.043690727813366,-0.11408608485498739,0.9725607963112936
53.71983021779216,4.045428536877216,-0.11234827579113738,0.9729787622440861
53.52798269555582,4.047106872325866,-0.11066994034248712,0.9733824239903195
53.33531179339572,4.04878847939553,-0.10898833327282276,0.97378687260443
53.14346427115938,4.050436483382169,-0.10734032928618387,0.9741832392351778
52.95161674892303,4.0522929413274635,-0.10548387134088966,0.9746297417842414
52.75976922668669,4.054294217035326,-0.10348259563302697,0.9751110749096187
52.567921704450356,4.056163461072232,-0.1016133515961215,0.9755606526818574
52.376074182214005,4.058221534450435,-0.09955527821791854,0.9760556463938653
52.376074182214005,4.060461297230011,-0.09731551543834183,0.9765943387961974
52.18422665997767,4.062368307952571,-0.095408504715782,0.9770529999529842
51.99237913774133,4.063961893908265,-0.09381491876008852,0.9774362783316691
51.79970823558123,4.065548937643676,-0.092227875024677,0.9778179832203433
51.60868409326865,4.067237978915239,-0.09053883375311411,0.9782242198577733
51.41601319110855,4.068942185917808,-0.0888346267505451,0.9786341040529462
51.22416566887221,4.07038292525462,-0.08739388741373322,0.9789806208097913
51.03231814663587,4.071746944976528,-0.08602986769182497,0.9793086854903562
50.840470624399536,4.0731644897260235,-0.08461232294232968,0.979649623643933
50.648623102163185,4.075047413879647,-0.08272939878870655,0.9801024916641418
50.648623102163185,4.076616021284784,-0.08116079138356902,0.9804797623729393
50.45595220000308,4.078026132854122,-0.07975067981423134,0.9808189127489386
50.264104677766746,4.0796012824795405,-0.07817553018881274,0.9811977569477469
50.07308053545416,4.080896609399371,-0.07688020326898215,0.9815093001060722
49.88040963329406,4.082162498882297,-0.07561431378605654,0.9818137631737069
49.68938549098148,4.083442660071122,-0.0743341525972312,0.9821216587742897
49.496714588821376,4.0850413016110645,-0.0727355110572887,0.9825061530874696
49.30486706658504,4.086392534219618,-0.0713842784487353,0.9828311422991166
49.11219616442494,4.088083359454418,-0.06969345321393483,0.9832378080031652
49.11219616442494,4.089690029850672,-0.06808678281768099,0.983624233361871
48.921172022112366,4.090994575957384,-0.06678223671096895,0.9839379938558775
48.72932449987602,4.092224781066843,-0.06555203160151013,0.9842338743624287
48.537476977639685,4.093264968547922,-0.06451184412043087,0.984484053130541
48.34562945540333,4.094364628622455,-0.0634121840458981,0.984748535839469
48.15295855324324,4.095950185721837,-0.06182662694651597,0.9851298831726282
47.961111031006894,4.097503925744917,-0.06027288692343635,0.9855035780805284
47.76926350877056,4.098880731558438,-0.058896081109915066,0.9858347179842688
47.571652327067895,4.100115693903196,-0.05766111876515723,0.986131742668469
47.571652327067895,4.101170452460869,-0.056606360207483775,0.9863854259721182
47.37980480483155,4.102587699883157,-0.05518911278519578,0.9867262926145915
47.18795728259521,4.103680224104742,-0.05409658856361155,0.9869890590570459
46.99610976035886,4.104829544974922,-0.0529472676934315,0.987265485840388
46.80343885819877,4.1061525284336495,-0.051624284234703666,0.9875836807600136
46.61241471588618,4.10732236692455,-0.05045444574380298,0.9878650423009544
46.41892043380232,4.108610855318637,-0.049165957349716294,0.9881749407039088
46.22871967141351,4.110081629811996,-0.047695182856356766,0.9885286813108789
46.0360487692534,4.111318376119993,-0.04645843654836046,0.9888261350616979
45.84420124701706,4.112495649834535,-0.045281162833818556,0.9891092848717009
45.84420124701706,4.113656270160296,-0.044120542508057525,0.9893884293227029
45.652353724780724,4.1151439943479,-0.0426328183204534,0.9897462465540345
45.46050620254438,4.116740553575656,-0.04103625909269759,0.9901302400437503
45.268658680308036,4.118289238014487,-0.0394875746538661,0.9905027190171557
45.0768111580717,4.1195976503966225,-0.03817916227173068,0.9908174094012449
44.884963635835355,4.120690470923669,-0.0370863417446845,0.9910802471090594
44.69229273367525,4.121619146397998,-0.03615766627035555,0.9913036057731174
44.500445211438915,4.122420548458412,-0.0353562642099412,0.9914963535074288
44.30859768920258,4.123618935469827,-0.03415787719852581,0.9917845813429788
44.30859768920258,4.124619573323758,-0.03315723934459491,0.9920252479056673
44.116750166966234,4.125407890943613,-0.03236892172474004,0.9922148486599581
43.9249026447299,4.126630066175014,-0.031146746493338817,0.99250879787524
43.73305512249355,4.127818937694087,-0.02995787497426594,0.9927947371097489
43.54038422033345,4.12888261708969,-0.028894195578662796,0.993050565992233
43.34936007802087,4.130162183624104,-0.027614629044249384,0.9933583185706096
43.157512555784535,4.131146763765411,-0.02663004890294207,0.9935951230422463
42.96484165362443,4.131994257673255,-0.025782554995098295,0.9937989564719921
42.77299413138809,4.132479560043689,-0.025297252624664424,0.9939156780740164
42.77299413138809,4.132949101006963,-0.024827711661390417,0.9940286088503494
42.581146609151745,4.133493876992594,-0.024282935675759454,0.9941596346389321
42.38847570699165,4.1342399690404426,-0.023536843627910642,0.994339079587871
42.19745156467907,4.135107385914592,-0.022669426753760824,0.994547704753009
42.00478066251897,4.136025951242164,-0.021750861426188983,0.9947686317938192
41.81375652020639,4.137057515212519,-0.020719297455833896,0.9950167364941994
41.621085618046294,4.137748891902214,-0.020027920766139573,0.9951830216799717
41.42923809580994,4.138825952043842,-0.018950860624511456,0.9954420688078374
41.237390573573606,4.140250040035361,-0.017526772632992405,0.9957845806971672
41.04554305133726,4.141212912225381,-0.01656390044297229,0.9960161641210505
41.04554305133726,4.141613762430062,-0.016163050238291454,0.9961125738666289
40.8479318696346,4.142122853020485,-0.0156539596478682,0.9962350168483859
40.65608434739826,4.142810364456498,-0.014966448211855443,0.996400372389818
40.46341344523816,4.1431939666179876,-0.014582846050365639,0.9964926337541897
40.272389302925575,4.143630500174393,-0.014146312493959812,0.9965976258151094
40.08054178068923,4.1448342390755215,-0.012942573592831685,0.9968871408505149
39.887870878529135,4.146524766983116,-0.011252045685237633,0.9972937350434603
39.69684673621656,4.147366313325093,-0.010410499343260327,0.9974961380054022
39.504175834056454,4.148134709000383,-0.00964210366797058,0.997680947270043
39.504175834056454,4.149051786670181,-0.008725025998172597,0.9979015165095951
39.30656465235378,4.149667334704847,-0.00810947796350625,0.9980495639066538
39.1155405100412,4.149766060619986,-0.008010752048367209,0.998073308787533
38.922869607881104,4.149787172895118,-0.007989639773235524,0.9980783865673376
38.73102208564476,4.15075718195983,-0.0070196307085232945,0.9983116865034374
38.53917456340842,4.151695075599295,-0.006081737069058235,0.9985372622574334
38.34732704117207,4.152440870319938,-0.005335942348414946,0.9987166356952695
38.155479518935735,4.153165850092656,-0.004610962575696931,0.9988910028644039
37.9636319966994,4.154066275395416,-0.003710537272937131,0.9991075669906977
37.9636319966994,4.154764194305392,-0.0030126183629608505,0.9992754256664808
37.770961094539295,4.155328892235586,-0.0024479204327674253,0.999411242944713
37.57911357230296,4.155917380429254,-0.0018594322390992346,0.999552782094163
37.38726605006662,4.1569519176716705,-0.0008248949966827013,0.9998016019055739
37.189654868363945,4.157667976606459,-0.00010883606189437955,0.9999738234958734
36.9978073461276,4.158151791319119,0.00037497865076563386,1.0000901872966397
36.805959823891264,4.158664748184965,0.0008879355166113712,1.000213560168479
36.61411230165493,4.15902247981428,0.0012456671459268875,1.0002995993296542
36.42226477941859,4.1596746042040325,0.0018977915356792607,1.0004564438211057
36.42226477941859,4.160201240164854,0.002424427496500847,1.0005831066951727
36.230417257182246,4.1603624129672525,0.0025856002988993154,1.0006218708736412
36.0385697349459,4.16074958407696,0.0029727714086069668,1.0007149906169925
35.846722212709565,4.161063305149291,0.0032864924809379303,1.0007904446604552
35.65487469047322,4.1613966528824635,0.003619840214110326,1.0008706191739491
35.462203788313126,4.162197757615673,0.004420944947320038,1.0010632953971579
35.27035626607678,4.162367851256002,0.004591038587649088,1.0011042051544616
35.078508743840445,4.16265718843219,0.0048803757638369305,1.001173794550243
34.88666122160409,4.163083017187426,0.005306204519072821,1.0012762119657086
34.88666122160409,4.163809483596176,0.006032670927822892,1.0014509366903586
34.69481369936776,4.1644586336921225,0.006681821023769352,1.0016070658250367
34.50296617713142,4.1649811060503135,0.0072042933819602695,1.0017327272979177
34.31029527497132,4.165640069987552,0.007863257319199235,1.001891216790483
34.11927113265874,4.16610871999095,0.008331907322596699,1.0020039332792492
33.92660023049864,4.166232424456645,0.008455611788291684,1.0020336858300158
33.73392932833854,4.166153622529555,0.008376809861201373,1.0020147329302713
33.54208180610219,4.166737352466178,0.008960539797825184,1.002155127656329
33.35023428386585,4.166934505947508,0.009157693279155055,1.002202545661242
33.35023428386585,4.1670489922480645,0.00927217957971127,1.00223008112207
33.159210141553274,4.167255661221738,0.009478848553384545,1.002279787728024
32.96736261931694,4.167557190856869,0.009780378188516181,1.0023523095705176
32.7755150970806,4.167789434057253,0.010012621388900023,1.002408167114308
32.58366757484425,4.167884293696967,0.010107481028613918,1.0024309821051043
32.390996672684146,4.167893215556641,0.010116402888288079,1.002433127929682
32.19914915044781,4.168228941907465,0.010452129239111763,1.002513874532001
32.00730162821147,4.168520658723045,0.010743846054691808,1.0025840362623497
31.81545410597513,4.169030343967878,0.011253531299525221,1.0027066222663124
31.62360658373879,4.169234931651109,0.011458118982755394,1.0027558282945452
31.62360658373879,4.169287565718817,0.011510753050464118,1.0027684874799898
31.431759061502454,4.169695255470987,0.01191844280263421,1.0028665422266823
31.239911539266103,4.169766623196177,0.011989810527824218,1.0028837071031067
31.048064017029766,4.17014754941281,0.012370736744457211,1.0029753248675506
30.855393114869663,4.170183828440691,0.012407015772337715,1.0029840504508407
30.657781933166998,4.170249545927219,0.012472733258865887,1.0029998563705638
30.46593441093066,4.170278093425993,0.012501280757639677,1.0030067224194308
30.27408688869432,4.170184125767896,0.012407313099543238,1.0029841219619435
30.082239366457973,4.1703328087841465,0.012555996115793278,1.0030198821825973
30.082239366457973,4.170863607325854,0.013086794657501066,1.003147546212107
29.890391844221632,4.170934083069426,0.01315727040107273,1.0031644965552224
29.698544321985295,4.170903454280209,0.013126641611855838,1.003157129928634
29.506696799748955,4.170781534799495,0.01300472213114201,1.0031278066902287
29.314849277512618,4.170793428909489,0.013016616241135814,1.0031306673800948
29.122178375352515,4.17104143249529,0.01326461982693683,1.003190315503834
28.93115423303993,4.171659062842145,0.013882250173791633,1.0033388637243572
28.733543051337264,4.171424143696904,0.01364733102855098,1.003282362580639
28.541695529100924,4.170883531313904,0.013106718645550686,1.0031523381932421
28.541695529100924,4.1708966147327216,0.013119802064368358,1.0031554849275204
28.349024626940825,4.171047974715571,0.0132711620472179,1.0031918889938445
28.157177104704484,4.171409572620312,0.013632759951958562,1.0032788580451026
27.965329582468136,4.171354857262158,0.013578044593804961,1.0032656982819361
27.773482060231796,4.17124542654585,0.013468613877496871,1.003239378755603
27.580811158071697,4.171778901032415,0.014002088364061471,1.0033676863850407
27.388963635835356,4.17200430468531,0.014227492016956944,1.003421898927717
27.19711611359902,4.17147766872449,0.013700856056137134,1.0032952360536507
27.006091971286445,4.170723547820329,0.012946735151976085,1.0031138600591856
27.006091971286445,4.17079759251212,0.013020779843766483,1.0031316687812808
26.813421069126342,4.1708160288423946,0.013039216174041357,1.0031361029611576
26.621573546889994,4.171173463144504,0.013396650476150462,1.0032220706112296
26.42890264472989,4.171169300563617,0.013392487895263372,1.0032210694557866
26.237878502417317,4.1712912200443295,0.013514407375976312,1.0032503926941916
26.046030980180976,4.170919513014577,0.01314270034622389,1.0031609922654288
25.853360078020874,4.170465434087773,0.012688621419419732,1.0030517803121992
25.66233593570829,4.170361058955713,0.012584246287359768,1.0030266767203608
25.46966503354819,4.1701082971128685,0.012331484444515262,1.0029658841732298
25.27781751131185,4.170157064905155,0.012380252236801503,1.0029776134685922
25.27781751131185,4.170436589261792,0.012659776593438643,1.003044842752229
25.08596998907551,4.170295935101854,0.01251912243350084,1.003011013577101
24.89412246683917,4.170114542005943,0.01233772933758992,1.0029673861521373
24.702274944602834,4.170281661352467,0.012504848684113945,1.0030075805526677
24.510427422366494,4.17040893476638,0.012632122098026777,1.0030381914824138
24.317756520206384,4.170031279149016,0.01225446648066253,1.002947360340104
24.126732377893806,4.1694079995852436,0.011631186916890357,1.0027974534086224
23.934061475733706,4.169405917273056,0.011629104604702789,1.002796952585158
23.742213953497366,4.169558169237525,0.011781356569171564,1.0028335711847916
23.742213953497366,4.169997974414942,0.012221161746588827,1.0029393501135877
23.55036643126103,4.17001879038461,0.012241977716256791,1.0029443566280318
23.352755249558353,4.169963182023095,0.012186369354742155,1.0029309820858137
23.160907727322012,4.170034848097234,0.012258035428880376,1.0029482187190835
22.969060205085675,4.1700339550938725,0.01225714242551934,1.0029480039400318
22.777212682849335,4.169981024720698,0.01220421205234512,1.0029352734892263
22.585365160612998,4.169890030334666,0.012113217666312792,1.00291338814277
22.393517638376657,4.17003752404209,0.012260711373737188,1.0029488623190115
22.20084673621656,4.169853156652374,0.012076343984021243,1.0029045195372743
22.20084673621656,4.169696147452606,0.011919334784252555,1.0028667567599914
22.00982259390397,4.169552518998862,0.01177570633050884,1.0028322122280902
21.81715169174387,4.169442493628142,0.011665680959788816,1.002805749679551
21.62530416950753,4.169710718529198,0.011933905860844973,1.0028702612955278
21.43263326734743,4.169792196401146,0.012015383732792984,1.0028898577952003
21.241609125034852,4.1696143712317095,0.011837558563356332,1.0028470885034735
21.048938222874753,4.169419001713618,0.011642189045264928,1.0028000995651791
20.857090700638402,4.169188840825421,0.011412028157067766,1.002744742844853
20.665243178402065,4.168991091667936,0.011214278999582383,1.0026971815719914
20.665243178402065,4.169073165216038,0.011296352547685018,1.0027169213396125
20.474219036089487,4.168969681043857,0.011192868375503373,1.0026920320353416
20.281548133929387,4.168528389230407,0.010751576562054055,1.0025858955510298
20.089700611693047,4.168253623130814,0.010476810462460406,1.002519810690785
19.89785308945671,4.168269086189024,0.01049227352067117,1.0025235297596307
19.70600556722036,4.168173929222104,0.010397116553750863,1.0025006432577312
19.51333466506026,4.168115942242937,0.01033912957458405,1.002486696626688
19.32231052274768,4.167887862645185,0.010111049976831765,1.0024318404840837
19.124699341045016,4.167485228477265,0.009708415808911575,1.0023350016718866
19.124699341045016,4.16708646058477,0.00930964791641653,1.0022390927497722
18.932028438884917,4.1671420679245434,0.009365255256190252,1.0022524670462483
18.74100429657233,4.1672092730688455,0.009432460400492282,1.0022686307672293
18.543393114869666,4.167126604866331,0.009349792197977713,1.0022487479774023
18.351545592633325,4.167194999319459,0.009418186651105387,1.0022651977427959
18.158874690473223,4.167119170664432,0.009342357996079187,1.0022469599540826
17.96126350877056,4.167051668192922,0.00927485552456897,1.002230724721998
17.77023936645797,4.16709865202197,0.009321839353616745,1.0022420249507416
17.578391844221635,4.166836077359576,0.009059264691222424,1.002178872291466
17.578391844221635,4.166672525939527,0.008895713271173555,1.0021395360241727
17.386544321985294,4.166983571067,0.00920675839864682,1.0022143464677071
17.193873419825195,4.167381150672413,0.009604338004059798,1.0023099695911517
17.002025897588855,4.167261014133194,0.009484201464840858,1.0022810751736224
16.809354995428755,4.16685302807556,0.009076215407207044,1.0021829491615695
16.61256719364984,4.1665845058472994,0.008807693178946252,1.00211836603449
16.4207196714135,4.166428091301943,0.008651278633589499,1.002080746279413
16.2280487692534,4.165850605236649,0.008073792568295879,1.0019418532865199
16.037024626940823,4.165609738525541,0.007832925857187867,1.0018839216749975
16.037024626940823,4.1657426621781175,0.007965849509764311,1.0019158915614452
15.845177104704485,4.165881234025868,0.008104421357514546,1.0019492199131086
15.652506202544384,4.165693298709675,0.007916486041321669,1.001904018998134
15.461482060231798,4.165429832065662,0.007653019397309002,1.0018406518055494
15.268811158071696,4.165605278617448,0.007828465949094365,1.0018828490084513
15.076963635835359,4.165584165320574,0.007807352652220878,1.0018777709829043
14.88511611359902,4.165130384742718,0.0073535720743649335,1.0017686307865201
14.693268591362681,4.165049797830647,0.007272985162293466,1.0017492485744144
14.501421069126332,4.165417343301256,0.007640530632902376,1.001837648093477
14.308750166966231,4.165605575944655,0.007828763276301665,1.0018829205195545
14.308750166966231,4.165387309166451,0.007610496498097419,1.0018304244890945
14.116902644729892,4.165205618743334,0.007428806074980976,1.0017867255530277
13.925055122493553,4.165063179598416,0.007286366930062904,1.0017524670655389
13.733207600257215,4.164704555987481,0.0069277433191281546,1.0016662133710545
13.541360078020876,4.164117554429844,0.006340741761491131,1.0015250317771198
13.3437488963182,4.164018829536449,0.006242016868095668,1.0015012871419833
13.151901374081861,4.163815430140302,0.006038617471948449,1.0014523669124205
12.960053851845522,4.16384278833025,0.006065975661896594,1.0014589469168749
12.768206329609184,4.163931997731303,0.006155185062949542,1.00148040295097
12.768206329609184,4.164138370399512,0.006361557731159095,1.001530038291564
12.575535427449083,4.164044105414209,0.0062672927458562455,1.0015073663229734
12.383687905212744,4.163590323814613,0.005813511146259387,1.0013982258808471
12.192663762900157,4.163740791815841,0.005963979147487919,1.0014344154138617
12.000816240663818,4.163907019180749,0.006130206512395375,1.0014743952810832
11.808145338503717,4.163815430140302,0.006038617471948449,1.0014523669124205
11.616297816267378,4.163329236809991,0.005552424141638035,1.0013354310228293
11.42445029403104,4.163178174154348,0.005401361485994904,1.0012990984676082
11.226839112328374,4.163452941275684,0.005676128607331243,1.0013651835735955
11.226839112328374,4.163237350442338,0.005460537773984697,1.0013133311430635
11.034991590092025,4.163362244216859,0.0055854315485062145,1.0013433697382428
10.843144067855686,4.163546611606575,0.005769798938222159,1.00138771251998
10.651296545619347,4.163522822364846,0.005746009696492749,1.0013819908945052
10.458625643459246,4.163262031665688,0.005485218997335117,1.001319267301848
10.26760150114667,4.162651240866321,0.004874428197967795,1.0011723640824384
10.07575397891032,4.16226109648455,0.004484283816196921,1.0010785292280562
9.88308307675022,4.161815939417421,0.004039126749067812,1.0009714630994047
9.69123555451388,4.1619084204394845,0.004131607771131307,1.0009937060013763
9.69123555451388,4.162181699903048,0.004404887234694677,1.0010594333061056
9.499388032277542,4.162214409982709,0.004437597314355557,1.0010673005104158
9.307540510041203,4.162129363162545,0.004352550494191476,1.001046845631764
9.115692987804865,4.161763900004122,0.003987087335769246,1.0009589469361657
8.923845465568526,4.161264919560457,0.0034881068921039926,1.0008389355776568
8.731174563408425,4.161368402710896,0.003591590042542947,1.0008638246361854
8.540150421095838,4.161318445609785,0.003541632941431949,1.0008518092964107
8.347479518935737,4.161173627847217,0.003396815178863477,1.0008169787200971
8.155631996699398,4.161457910460898,0.003681097792544996,1.0008853524271262
8.155631996699398,4.161268487486932,0.003491674818579149,1.000839793710894
7.96378447446306,4.160914324805836,0.003137512137482368,1.0007546129286986
7.771936952226722,4.160536074534058,0.00275926186570441,1.000663638764182
7.580089429990372,4.159853024027882,0.0020762113595287346,1.000499356135039
7.3882419077540336,4.159776006064028,0.001999193395675114,1.0004808323019128
7.195571005593933,4.160108461815582,0.0023316491472291645,1.0005607922820976
7.004546863281356,4.15997880978402,0.0022019971156668205,1.000529609263527
6.812699341045017,4.160027874903511,0.002251062235157697,1.0005414100699919
6.620028438884916,4.159771545134191,0.001994732465838034,1.000479759389624
6.428180916648578,4.159531571426445,0.0017547587580919455,1.0004220425571535
6.428180916648578,4.159006422101656,0.0012296094333024143,1.000295737238602
6.236333394412228,4.15823207988224,0.00045526721388711167,1.0001094977518996
6.04448587217589,4.1574604146294245,-0.0003163980389286891,0.9999239021108673
5.851814970015789,4.157567466728082,-0.00020934594027099962,0.9999496495483757
5.660790827703212,4.157921034754766,0.00014422208641295953,1.0000346873083648
5.468119925543111,4.157957313782646,0.00018050111429257498,1.0000434128916547
5.2762724033067725,4.157906166350967,0.0001293536826141306,1.0000311112617253
5.084424881070423,4.158256463778383,0.00047965111003023253,1.0001153623995807
4.892577358834084,4.158441723149719,0.0006649104813654105,1.0001599197146271
4.892577358834084,4.158199667129785,0.0004228544614317542,1.0001017020586924
4.700729836597746,4.157802683200528,2.587053217517621e-05,1.0000062222031967
4.508882314361407,4.157697415065107,-7.939760324582323e-05,0.9999809038323068
4.317034792125068,4.157769080117504,-7.732550849404163e-06,0.9999981402198344
4.124363889964967,4.157672436514552,-0.00010437615380087806,0.9999748961624195
3.9333397476523806,4.157573115945001,-0.00020369672335185385,0.9999510082593344
3.7406688454922796,4.157401238341432,-0.00037557432692114645,0.9999096694354115
3.548821323255941,4.157251366016358,-0.000525446651995054,0.9998736231703458
3.356973801019602,4.157387559246458,-0.0003892534218952193,0.9999063794331843
3.356973801019602,4.157229360737866,-0.0005474519304868863,0.9998683306114896
3.1651262787832635,4.1571666165234,-0.000610196144953612,0.999853239802797
2.9732787565469248,4.157029232962731,-0.0007475797056217814,0.9998201972498033
2.7814312343105754,4.156936454613459,-0.0008403580548943523,0.9997978828367281
2.5887603321504744,4.157277533875738,-0.0004992787926152431,0.9998799168846452
2.391149150447809,4.157614153229924,-0.00016265943842963537,0.9999608782660161
2.200125008135233,4.157593634587462,-0.0001831780808911887,0.9999559432626751
2.008277485898894,4.157435733406074,-0.00034107926227910923,0.9999179659520829
1.816429963662545,4.157928766283873,0.00015195361551967324,1.0000365468427879
1.6237590615024438,4.158359947950566,0.0005831352822127656,1.000140251703852
1.6237590615024438,4.158177661851292,0.0004008491829390337,1.000096409499836
1.431911539266105,4.158078043954535,0.00030123128618164685,1.0000724500856477
1.2392406371060039,4.158365299840278,0.0005884871719246121,1.0001415389037074
1.0482164947934276,4.158307313882856,0.000530501214503154,1.0001275925184072
0.8563689725570889,4.158092912358334,0.0003160996899804758,1.0000760261322872
0.6645214503207502,4.158354595039109,0.000577782370755564,1.0001389642582534
0.47185054816063865,4.158330508470174,0.0005536958018206306,1.0001331711216759
0.28000302592429993,4.15804057561783,0.0002637629494763871,1.0000634384579452
0.08815550368796121,4.157776812668353,0.0,1.0
0.08815550368796121,4.1575960132051115,-0.0001807994632416765,0.9999565153514997
-0.1036920185483775,4.157652810875452,-0.0001240017929013959,0.9999701759381303
-0.29636292070847864,4.157665596967065,-0.00011121570128835856,0.9999732511613059
-0.4873870630210549,4.157792870380978,1.6057712624473197e-05,1.000003862091052
-0.679234585257404,4.157482717235123,-0.00029409543323044574,0.9999292661808267
-0.8719054874175052,4.157140745991225,-0.0006360666771279,0.9998470175996004
-1.0629296297300814,4.156876982020006,-0.0008998306483469776,0.9997835788959125
-1.2556005318901826,4.15718535018088,-0.0005914624874732155,0.9998577454937766
-1.4474480541265213,4.15741789070847,-0.00035892195988296294,0.99991367454867
-1.4474480541265213,4.157613261248304,-0.00016355142004886858,0.9999606637327068
-1.63929557636286,4.1579992420274445,0.0002224293590913362,1.0000534971859032
-1.8311430985992092,4.157848477720751,7.166505239819543e-05,1.000017236387528
-2.022990620835548,4.157698307046727,-7.850562162659003e-05,0.9999811183656161
-2.2148381430718866,4.1575612218350075,-0.00021559083334565798,0.9999481475694681
-2.4075090452319876,4.157479148286905,-0.00029766438144829266,0.999928407801847
-2.598533187544564,4.157733099438574,-4.3713229779029916e-05,0.9999894863933904
-2.791204089704665,4.157918061482704,0.0001412488143506252,1.000033972197334
-2.9830516119410038,4.158289769534199,0.0005129568658457373,1.0001233728718393
-3.1748991341773527,4.158471162630112,0.0006943499617584337,1.0001670002968035
-3.1748991341773527,4.158246056304421,0.00046924363606759556,1.00011285926523
-3.3667466564136914,4.157809820075221,3.30074068681796e-05,1.0000079387154135
-3.559417558573782,4.157935308504154,0.00015849583580074267,1.0000381203327984
-3.7562053603526957,4.158085180829229,0.0003083681608755384,1.0000741665978645
-3.9480528825890344,4.1584036601586005,0.0006268474902473287,1.0001507650647186
-4.139900404825373,4.158701324540051,0.0009245118716973977,1.000222357262872
-4.337511586528049,4.158760202479092,0.0009833898107389771,1.0002365181814816
-4.529359108764388,4.158824434351332,0.0010476216829786722,1.000251966791432
-4.529359108764388,4.1590308059978,0.0012539933294464234,1.0003016018862834
-4.721206631000727,4.159059948150985,0.0012831354826321473,1.0003086109573565
-4.913877533160828,4.158985308804782,0.001208496136428927,1.0002906592130552
-5.104901675473404,4.1586855641546325,0.0009087514862793356,1.000218566682923
-5.303336237099842,4.158719166215913,0.0009423535475594491,1.0002266484205424
-5.494360379412418,4.158937432994116,0.0011606203257628067,1.0002791444510024
-5.687031281572519,4.158858333739819,0.001081521071466085,1.0002601200401549
-5.878878803808858,4.158699242227863,0.0009224295595098297,1.0002218564394076
-6.070726326045197,4.158765258063341,0.0009884453949879912,1.0002377341159767
-6.070726326045197,4.1590379428724935,0.001261130204140315,1.0003033183985004
-6.262573848281535,4.1594908314687284,0.00171401880037525,1.0004122440615746
-6.454421370517874,4.159621672809116,0.0018448601407632381,1.0004437131245578
-6.646268892754213,4.159732292834249,0.001955480165896084,1.0004703186953032
-6.838116414990573,4.159910712658099,0.002133899989745558,1.0005132310092364
-7.035727596693228,4.160018656738375,0.0022418440700215925,1.0005391929800538
-7.2275751189295665,4.160065937894629,0.002289125226275779,1.0005505647199004
-7.419422641165905,4.160113814727038,0.0023370020586845897,1.0005620797276957
-7.611270163402244,4.160217595204684,0.0024407825363308433,1.0005870402973276
-7.611270163402244,4.160214026256466,0.0024372135881129964,1.0005861819183481
-7.803941065562345,4.1604495410778615,0.0026727284095082737,1.000642826330015
-7.995788587798704,4.1605137719283585,0.0027369592600052783,1.0006582746942227
-8.187636110035044,4.160591979201037,0.002815166532683655,1.000677084571761
-8.379483632271382,4.160536074534058,0.00275926186570441,1.000663638764182
-8.571331154507721,4.160433483365237,0.0026566706968838005,1.0006389642389628
-8.76317867674406,4.160723415195837,0.002946602527483577,1.0007086966569503
-8.95584957890416,4.160857229808287,0.0030804171399338998,1.0007408808309644
-9.1476971011405,4.160737094290811,0.00296028162245765,1.0007119866591776
-9.339544623376838,4.16076177551416,0.002984962845807182,1.000717922817962
-9.339544623376838,4.160955955723427,0.0031791430550738298,1.0007646257118437
-9.53221552553694,4.161239941009901,0.0034631283415480496,1.0008329279077695
-9.723239667849516,4.161618784914348,0.003841972245994363,1.000924044848749
-9.915087190085854,4.1618884964514375,0.004111683783084352,1.000988914020242
-10.106934712322193,4.161909312421105,0.0041324997527514284,1.0009939205346858
-10.298782234558551,4.162198054942879,0.004421242274525561,1.0010633669082607
-10.491453136718654,4.1623550641426466,0.00457825147429336,1.0011011296855434
-10.682477279031229,4.1626238836981155,0.00484707102976234,1.0011657843237265
-10.875148181191332,4.163004809914749,0.005227997246396221,1.0012574020881706
-10.875148181191332,4.16332269458971,0.0055458819213569654,1.0013338575328188
-11.06699570342767,4.163888880177679,0.006112067509326025,1.0014700326123094
-11.258843225664009,4.163725626084837,0.005948813416483567,1.0014307678561192
-11.450690747900348,4.1636988625493006,0.005922049880947355,1.0014243308738706
-11.643361650060449,4.163631361099535,0.005854548431181605,1.0014080958875289
-11.834385792373025,4.163657528958914,0.005880716290560528,1.0014143896018282
-12.027056694533126,4.163619763295004,0.005842950626650634,1.001405306463023
-12.223844496312038,4.163858846042874,0.0060820333745210675,1.001462809007927
-12.415692018548377,4.164240366913921,0.006463554245567771,1.0015545697945771
-12.415692018548377,4.164555872971231,0.006779060302878115,1.0016304531504008
-12.607539540784716,4.164543680512288,0.006766867843935209,1.0016275207036889
-12.776332425155749,4.164152644148898,0.006375831480545102,1.0015334713159971
-12.776332425155749,4.16407295024019,0.0062961375718364465,1.0015143038829435
-12.776332425155749,4.164257613935369,0.006480801267016112,1.0015587179300414
-12.776332425155749,4.164069975946384,0.0062931632780305335,1.0015135885261701
-12.776332425155749,4.164015855242643,0.006239042574289755,1.00150057178521
-12.776332425155749,4.163922482238959,0.006145669570606138,1.0014781143499287
-12.776332425155749,4.163919211639691,0.006142398971337393,1.0014773277277949
-12.776332425155749,4.163824946654389,0.006048133986035431,1.0014546557592046
-12.776332425155749,4.163735141577179,0.005958328908826083,1.0014330564571603
-12.776332425155749,4.164215388363365,0.006438575695011828,1.0015485621246898
-12.776332425155749,4.164642406427427,0.006865593759073363,1.0016512655845677
-12.776332425155749,4.164543680512288,0.006766867843935209,1.0016275207036889
-12.776332425155749,4.164363476725202,0.006586664056849045,1.0015841793231373
-12.776332425155749,4.164400053080287,0.006623240411934184,1.0015929764175302
-12.776332425155749,4.164712584843793,0.006935772175439503,1.0016681444165803
-12.776332425155749,4.164777113021497,0.007000300353143807,1.0016836642918914
-12.776332425155749,4.164879109535906,0.007102296867552482,1.0017081957949048
-12.776332425155749,4.165199076523053,0.0074222638546999065,1.0017851520630172
-12.776332425155749,4.165221973783164,0.007445161114810972,1.0017906591551826
-12.776332425155749,4.164851455040493,0.007074642372139728,1.0017015445250894
-12.776332425155749,4.164670656598994,0.006893843930640742,1.0016580601223317
-12.776332425155749,4.164690579565301,0.006913766896947671,1.001662851857724
-12.776332425155749,4.1645065095027896,0.006729696834436361,1.0016185805870896
-12.776332425155749,4.164453281802412,0.006676469134058394,1.0016057786251815
-12.776332425155749,4.16415650940258,0.00637969673422667,1.0015344009603373
-12.776332425155749,4.164183867592529,0.0064070549241757035,1.0015409809647922
-12.776332425155749,4.1645389232769885,0.006762110608635297,1.0016263765260396
-12.776332425155749,4.1648389652543445,0.007062152585991299,1.0016985405672747
-12.776332425155749,4.165039687683891,0.007262875015538128,1.001746816951167
-12.776332425155749,4.165231191948302,0.007454379279948853,1.0017928762451211
