Angle (degree),rho (mOhm cm),Delta rho (mOhm cm),rho/rho(theta=0)
107.76763437432334,4.936019545451736,-0.11337393272547835,0.9775470196142438
107.76763437432334,4.9360022034950255,-0.11339127468218901,0.9775435851509195
107.76763437432334,4.9354816396656656,-0.11391183851154896,0.9774404908225394
107.76763437432334,4.935283997864351,-0.11410948031286328,0.9774013491311325
107.76763437432334,4.935007719330181,-0.11438575884703361,0.9773466339390279
107.76763437432334,4.935090243620155,-0.1143032345570596,0.9773629773454847
107.58155051155333,4.935185028509146,-0.11420844966806865,0.9773817488849578
107.58155051155333,4.9355249945574435,-0.11386848361977098,0.9774490769808503
107.38887960939323,4.935490011680193,-0.1139034664970211,0.9774421488463325
107.19785546708063,4.9352074528509196,-0.11418602532629496,0.977386189882054
107.0060079448443,4.935022370612448,-0.1143711075647662,0.9773495355315321
106.81416042260796,4.934775991543099,-0.1146174866341152,0.9773007417367103
106.62148952044785,4.934782270810837,-0.11461120736637742,0.9773019853054211
106.42964199821151,4.934661772977975,-0.11473170519923936,0.9772781214822941
106.23779447597518,4.934799313803721,-0.11459416437349379,0.9773053605608765
106.04594695373883,4.93478615734059,-0.11460732083662428,0.977302755007717
106.04594695373883,4.934511672589385,-0.11488180558782979,0.9772483950628262
105.8540994315025,4.933849679349791,-0.1155437988274235,0.9771172915466406
105.66225190926616,4.933471440794779,-0.11592203738243523,0.9770423838262091
105.46958100710606,4.933363201506198,-0.11603027667101617,0.9770209477291713
105.27855686479349,4.932859081714701,-0.11653439646251318,0.9769211100370453
105.08670934255714,4.932428218334534,-0.11696525984268025,0.9768357803074393
104.89403844039703,4.932424630768609,-0.11696884740860547,0.9768350698130125
104.70219091816068,4.932746955896367,-0.11664652228084726,0.9768989042377114
104.50952001600058,4.93263722178865,-0.11675625638856424,0.9768771721013289
104.50952001600058,4.932279015864794,-0.11711446231242029,0.976806231715042
104.31849587368801,4.932069115519198,-0.11732436265801649,0.976764662297546
104.12088469198535,4.931408319162279,-0.11798515901493545,0.9766337958162993
103.92821378982525,4.931093468130201,-0.11830001004701352,0.9765714415883234
103.73718964751265,4.931074930318182,-0.11831854785903229,0.9765677702935236
103.5453421252763,4.930950843892026,-0.11844263428518875,0.9765431957725058
103.35349460303998,4.930634499068177,-0.1187589791090371,0.9764805457086485
103.16164708080363,4.930394698230396,-0.11899877994681862,0.9764330546904069
102.9697995585673,4.930602803765661,-0.11879067441155389,0.9764742686572256
102.9697995585673,4.931161342165277,-0.1182321360119376,0.9765848836057398
102.7771286564072,4.930939183275398,-0.11845429490181658,0.9765408864621543
102.58528113417086,4.930365993593516,-0.1190274845836985,0.9764273699211363
102.39343361193451,4.930035894378885,-0.11935758379832961,0.9763619958883821
102.20158608969818,4.92938436590061,-0.12000911227660449,0.9762329648510722
102.00891518753808,4.9292943664875875,-0.12009911168962706,0.9762151410444286
101.81789104522551,4.9296433035054354,-0.11975017467177906,0.9762842457833157
101.6252201430654,4.92978383499682,-0.1196096431803948,0.9763120771440508
101.43337262082905,4.9298349639754715,-0.11955851420174302,0.9763222029104172
101.2415250985927,4.929888485692106,-0.11950499248510837,0.976332802543198
101.2415250985927,4.92965406723058,-0.1197394109466341,0.9762863774700602
101.04967757635636,4.929413668465142,-0.11997980971207234,0.9762387680360802
100.85783005412003,4.929146359873156,-0.1202471183040581,0.9761858292835071
100.66515915195993,4.928982805084975,-0.1204106730922394,0.9761534383064743
100.47413500964734,4.928660479957219,-0.12073299821999584,0.9760896038817757
100.28228748741101,4.928635961841287,-0.12075751633592713,0.9760847482261336
100.09043996517467,4.928402739235069,-0.12099073894214563,0.9760385599844712
99.892828783472,4.928049615696275,-0.12134386248093953,0.975968626131956
99.70098126123565,4.927670779213609,-0.12172269896360532,0.9758935999957868
99.70098126123565,4.927577490171123,-0.12181598800609184,0.975875124699122
99.50337007953298,4.9275158954037845,-0.12187758277342997,0.9758629262504164
99.31069917737288,4.927514998512304,-0.12187847966491017,0.9758627486268099
99.11885165513654,4.927653736220726,-0.12173974195648807,0.9758902247403316
98.92700413290021,4.927570314011902,-0.12182316416531247,0.9758737035068042
98.73515661066386,4.927673469888055,-0.12172000828915941,0.9758941328666073
98.54330908842752,4.928125263818224,-0.12126821435899071,0.9759836077574277
98.35063818626742,4.928182373100787,-0.1212111050764273,0.975994917884636
98.15879066403109,4.927983835435358,-0.12140964274185695,0.9759555987730858
98.15879066403109,4.92778619466141,-0.12160728351580463,0.9759164572851423
97.9677665217185,4.92815426741893,-0.1212392107582847,0.9759893517345669
97.77591899948217,4.928855131092893,-0.1205383470843211,0.9761281532910296
97.57748443785573,4.928909848664839,-0.12048362951237568,0.9761389897552866
97.38563691561939,4.9286613768487,-0.12073210132851475,0.9760897815053823
97.19461277330682,4.92831782220711,-0.12107565597010428,0.9760217427115996
97.00194187114671,4.928018819339973,-0.12137465883724108,0.9759625271110668
96.81009434891038,4.927793071856803,-0.12160040632041191,0.9759178192695911
96.61824682667404,4.927793968748285,-0.12159950942892994,0.9759179968931979
96.61824682667404,4.927570314011902,-0.12182316416531247,0.9758737035068042
96.4263993044377,4.927686925315013,-0.12170655286220189,0.9758967976276357
96.23455178220136,4.928012839036064,-0.12138063914115094,0.9759613427502251
96.042704259965,4.928371044959919,-0.12102243321729578,0.9760322831365117
95.8500333578049,4.9283103470840635,-0.12108313109315105,0.9760202623114131
95.65900921549232,4.928371343923747,-0.12102213425346786,0.9760323423443807
95.46716169325599,4.928774399558516,-0.1206190786186987,0.976112164928323
95.27449079109589,4.928852140427255,-0.12054133774995979,0.976127561008877
95.08264326885954,4.92827297146883,-0.12112050670838492,0.9760128603104806
95.08264326885954,4.9281931378533,-0.1212003403239148,0.975997049774844
94.89079574662321,4.928727157109618,-0.12066632106759645,0.9761028088642527
94.69318456492053,4.928950811845999,-0.1204426663312157,0.976147102250646
94.50133704268418,4.929154133960029,-0.12023934421718518,0.9761873688915623
94.30948952044785,4.9295488175802715,-0.11984466059694299,0.9762655334517115
94.11764199821151,4.930361509136109,-0.11903196904110569,0.9764264818031025
93.92579447597518,4.929907023504128,-0.11948645467308694,0.9763364738379984
93.7323001938913,4.929106592547305,-0.12028688562990908,0.9761779536196233
93.54209943150249,4.928862306224746,-0.12053117195246887,0.9761295742798837
93.54209943150249,4.928909249709817,-0.12048422846739726,0.9761388711360852
93.34942852934239,4.9288156627308695,-0.12057781544634505,0.9761203368350148
93.15758100710605,4.928614433363629,-0.12077904481358548,0.976080484649181
92.9657334848697,4.92870234002986,-0.12069113814735477,0.9760978940007418
92.77388596263337,4.929126924142287,-0.12026655403492725,0.9761819801616367
92.58121506047327,4.92956316989871,-0.11983030827850438,0.9762683758363466
92.38936753823693,4.929924964415859,-0.11946851376135559,0.9763400269205238
92.1975200160006,4.930208419109247,-0.11918505906796728,0.9763961633049457
92.00567249376424,4.930368386331501,-0.11902509184571386,0.9764278437875511
91.81382497152791,4.930339083766969,-0.11905439441024512,0.9764220406025432
91.81382497152791,4.930309781202436,-0.11908369697477816,0.9764162374175351
91.62197744929156,4.930465262939915,-0.11892821523729946,0.9764470295786433
91.43012992705522,4.930465561903742,-0.11892791627347243,0.9764470887865122
91.23828240481889,4.930364797738208,-0.1190286804390066,0.9764271330896607
91.04643488258255,4.930342671332895,-0.1190508068443199,0.9764227510969702
90.8545873603462,4.930458983672176,-0.11893449450503812,0.9764457860099324
90.66273983810986,4.930839913929,-0.11855356424821473,0.9765212268046476
90.47006893594975,4.9304784194030455,-0.11891505877416897,0.9764496351318027
90.27822141371342,4.930336691028984,-0.11905678714823065,0.9764215667361282
90.27822141371342,4.930455097142424,-0.11893838103479037,0.9764450163076366
90.08637389147708,4.931090777455757,-0.11830270072145765,0.9765709087175033
89.89452636924074,4.936462070475898,-0.11293140770131682,0.9776346588576647
89.70185546708065,4.937307352170999,-0.11208612600621581,0.9778020614771583
89.51083132476806,4.934163633490388,-0.11522984468682651,0.9771794681510098
89.31898380253172,4.9321896143794275,-0.11720386379778702,0.9767885263241366
89.12631290037162,4.931301275729007,-0.1180922024482074,0.9766125965507371
88.93446537813527,4.931673833971302,-0.11771964420591274,0.9766863793216589
88.74261785589894,4.932083766801464,-0.11730971137575086,0.9767675638900499
88.74261785589894,4.932090046069202,-0.1173034321080122,0.9767688074587608
88.5507703336626,4.932547820303284,-0.11684565787393009,0.9768594667104236
88.35892281142625,4.932813036148478,-0.11658044202873619,0.9769119910079139
88.16707528918991,4.932769979193162,-0.11662349898405289,0.9769034638540087
87.96946410748724,4.9326964248453695,-0.11669705333184499,0.9768888968870828
87.77185292578459,4.932320876964803,-0.1170726012124117,0.9768145220374718
87.58000540354823,4.932660544049272,-0.11673293412794283,0.976881790925495
87.3881578813119,4.932981374357893,-0.11641210381932154,0.9769453293108492
87.1954869791518,4.933096490841867,-0.11629698733534788,0.9769681273923358
87.1954869791518,4.933485793113218,-0.11590768506399662,0.9770452262108442
86.99869917737288,4.93394566009409,-0.11544781808312443,0.9771362999175893
86.80108799567023,4.934128649585771,-0.11526482859144327,0.9771725398130287
86.60924047343387,4.934314928706919,-0.1150785494702955,0.9772094311984897
86.41739295119754,4.9341893474616265,-0.115204130715588,0.9771845606381272
86.2255454289612,4.934264995583576,-0.11512848259363828,0.9771995422635991
86.03369790672485,4.934391473720349,-0.11500200445686559,0.9772245904475679
85.84185038448852,4.934619014986485,-0.11477446319072993,0.9772696535362575
85.65000286225217,4.934732935615148,-0.11466054256206615,0.9772922147862683
85.65000286225217,4.934800509659031,-0.1145929685181839,0.9773055973923523
85.45733196009206,4.935238848162243,-0.11415463001497184,0.9773924075221445
85.26548443785573,4.935627851469768,-0.11376562670744672,0.9774694471327842
85.07363691561939,4.935991439769879,-0.11340203840733576,0.9775414534641746
84.88178939338306,4.936625326300249,-0.1127681518769652,0.977666990626828
84.68994187114671,4.936149612181802,-0.11324386599541292,0.977572778496103
84.49809434891037,4.935558482615556,-0.11383499556165866,0.9774557090760231
84.30624682667404,4.935174263756634,-0.11421921442058025,0.97737961699475
84.11439930443768,4.935401506058941,-0.11399197211827339,0.9774246208755702
84.11439930443768,4.935824296388406,-0.11356918178880893,0.9775083517892517
83.92255178220135,4.936472236273389,-0.11292124190382591,0.9776366721286713
83.72988088004125,4.936990708383325,-0.11240276979388941,0.9777393522054324
83.5380333578049,4.937289113322806,-0.11210436485440844,0.9777984493902271
83.34618583556858,4.937184462627518,-0.11220901554969664,0.9777777239910797
83.15433831333222,4.937245758431029,-0.11214771974618554,0.9777898632319163
82.96249079109589,4.937500508487539,-0.11189296968967533,0.977840314847068
82.77064326885954,4.93808834842432,-0.11130512975289442,0.9779567327771266
82.57797236669944,4.93837957823195,-0.11101389994526478,0.9780144089730675
82.38612484446311,4.938742866540867,-0.11065061163634748,0.9780863558931258
82.38612484446311,4.939147119058312,-0.11024635911890268,0.9781664155120071
82.19427732222677,4.939335789890078,-0.11005768828713691,0.9782037805604196
82.00242979999042,4.9394416374680405,-0.10995184070917396,0.978224742994506
81.80481861828775,4.9394108400843715,-0.10998263809284303,0.9782186437701532
81.61297109605141,4.939989710078969,-0.10940376809824581,0.9783332852606805
81.42112357381508,4.940147284563238,-0.10924619361397614,0.9783644918768714
81.22927605157874,4.940334759539695,-0.10905871863751937,0.978401620093808
81.03660514941863,4.9407150918688645,-0.10867838630835003,0.9784769424727855
80.84475762718229,4.941271536494322,-0.10812194168289224,0.9785871427627535
80.84475762718229,4.941706287431608,-0.10768719074560629,0.9786732423981186
80.65291010494596,4.941906918871195,-0.10748655930601991,0.9787129761682146
80.4610625827096,4.942187383926311,-0.10720609425090366,0.9787685204739472
80.26921506047327,4.94228156986028,-0.10711190831693429,0.9787871733942191
80.07736753823693,4.941789410676604,-0.10760406750061069,0.9786897044237767
79.8789329766105,4.941833363496036,-0.10756011468117865,0.9786984089978255
79.68790883429793,4.94205283171147,-0.1073406464657447,0.9787418732705906
79.49606131206157,4.942450804961177,-0.10694267321603768,0.9788206893207612
79.30421378982524,4.9432500410900575,-0.10614343708715701,0.978978972911124
79.30421378982524,4.943998147212919,-0.10539533096429565,0.979127130531657
79.1123662675889,4.944532764396891,-0.10486071378032324,0.9792330080368035
78.9196953654288,4.945123594999311,-0.10426988317790364,0.9793500182490147
78.72867122311621,4.945580471314543,-0.10381300686267192,0.9794404996736068
78.53682370087988,4.945884557594109,-0.10350892058310546,0.9795007220113748
78.34497617864353,4.945760770131779,-0.10363270804543578,0.9794762066982258
78.15230527648343,4.9457186110953115,-0.10367486708190299,0.979467857371391
77.96045775424709,4.94582924209451,-0.10356423608270493,0.9794897671313801
77.76861023201076,4.946150072403131,-0.10324340577408364,0.9795533055167344
77.76861023201076,4.9466652548836025,-0.10272822329361198,0.9796553341034742
77.5751159499269,4.947054258191126,-0.10233921998608864,0.9797323737141135
77.38491518753808,4.94759276293222,-0.10180071524499468,0.9798390211250196
77.19306766530173,4.9480164501531645,-0.10137702802405002,0.9799229296623074
77.0012201430654,4.948533128480139,-0.10086034969707569,0.9800252544918553
76.80937262082905,4.948928111064207,-0.10046536711300735,0.9801034782598732
76.61670171866895,4.9491281445761395,-0.10026533360107504,0.9801430936142315
76.4248541964326,4.948974456621624,-0.10041902155559068,0.9801126567003368
76.23300667419626,4.948933194476637,-0.10046028370057769,0.9801044849971084
76.23300667419626,4.948928708991861,-0.1004647691853533,0.980103596675611
76.04115915195992,4.949292596255802,-0.10010088192141264,0.980175662214871
75.84931162972359,4.949772196904001,-0.09962128127321357,0.9802706440478914
75.65664072756348,4.951035485507335,-0.09835799266987966,0.9805208302551645
75.46479320532714,4.9516768471607495,-0.097716631016465,0.9806478478180037
75.27294568309081,4.95179226260855,-0.0976012155686643,0.9806707051073592
75.08109816085447,4.95180661492699,-0.09758686325022481,0.9806735474919944
74.88925063861812,4.951996780577891,-0.0973966975993239,0.9807112085797514
74.69246283683921,4.952182162807556,-0.0972113153696581,0.9807479223416056
74.49979193467911,4.952091265475687,-0.0973022127015275,0.9807299207078921
74.49979193467911,4.952291896915273,-0.09710158126194113,0.9807696544779881
74.30794441244278,4.953073491096248,-0.09631998708096656,0.9809244441936941
74.11609689020644,4.954086514100478,-0.09530696407673656,0.9811250669038489
73.9242493679701,4.954816380347781,-0.09457709782943358,0.9812696122339876
73.73240184573375,4.955572559521343,-0.09382091865587139,0.9814193686704448
73.54055432349742,4.956246812332586,-0.09314666584462827,0.9815529001161832
73.34788342133731,4.956688140474071,-0.09270533770314326,0.9816403023246647
73.15603589910097,4.957235316193518,-0.0921581619836962,0.9817486669672326
72.96418837686463,4.957553754791523,-0.09183972338569113,0.9818117316896356
72.96418837686463,4.957928704744436,-0.09146477343277848,0.9818859881235089
72.77234085462828,4.958015714519186,-0.09137776365802885,0.9819032198514631
72.58049333239194,4.958002858047249,-0.09139062012996568,0.981900673709636
72.38864581015561,4.958595781396459,-0.09079769678075511,0.9820180983769298
72.19679828791926,4.95941385327382,-0.0899796249033944,0.9821801122664982
72.00412738575916,4.9603404644309546,-0.08905301374625996,0.9823636216644366
71.81310324344659,4.960884351548304,-0.0885091266289102,0.9824713350204466
71.62043234128649,4.960921128208515,-0.08847234996869968,0.9824786184021774
71.42858481905014,4.9612649828413,-0.08812849533591471,0.9825467166072928
71.42858481905014,4.961677606345906,-0.08771587183130869,0.9826284340465039
71.2367372968138,4.961931460538302,-0.08746201763891293,0.9826787082415123
71.04488977457746,4.962060929340714,-0.08733254883650066,0.9827043487076339
70.85221887241737,4.962304616708251,-0.08708886146896333,0.982752609428172
70.65543107063846,4.962535745540312,-0.08685773263690244,0.9827983830112884
70.46358354840211,4.963303287394043,-0.08609019078317193,0.9829503897536919
70.27173602616577,4.963921924714493,-0.08547155346272195,0.9830729069081032
70.07988850392942,4.964234681972412,-0.08515879620480238,0.983134846477533
69.8880409816931,4.964770795002886,-0.0846226831743282,0.9832410202254873
69.8880409816931,4.964953186566914,-0.0844402916103002,0.983277141705189
69.69537007953299,4.965872023637176,-0.08352145454003868,0.9834591114950723
69.50352255729665,4.9666434520206595,-0.08275002615655502,0.9836118879397715
69.31085165513655,4.967340129173675,-0.08205334900353911,0.9837498603826058
69.11982751282396,4.967799099263065,-0.08159437891414978,0.983840756465744
68.92797999058763,4.968544513684114,-0.08084896449310008,0.9839883810119932
68.73613246835129,4.968780426964778,-0.08061305121243656,0.9840351021244759
68.54428494611494,4.969070160925904,-0.08032331725131048,0.9840924820776086
68.35161404395485,4.969430460623918,-0.07996301755329682,0.9841638371224414
68.15976652171851,4.970164812355995,-0.07922866582121912,0.9843092707740773
68.15976652171851,4.970590592323732,-0.07880288585348261,0.9843935937664479
67.96791899948217,4.970837569320735,-0.07855590885647956,0.9844425059770074
67.77607147724582,4.971051954123738,-0.07834152405347616,0.9844849635125372
67.58422395500948,4.97113866493466,-0.07825481324255446,0.9845021360326224
67.39237643277315,4.97051913072273,-0.07887434745448463,0.9843794412546044
67.20052891053679,4.9706025529315525,-0.078790925245662,0.9843959624881314
67.00785800837669,4.9713034155781495,-0.07809006259906504,0.9845347638411307
66.81601048614036,4.97219564178569,-0.07719783639152489,0.9847114635202895
66.62416296390401,4.972523349289704,-0.07687012888751088,0.9847763638900924
66.62416296390401,4.972930292481594,-0.07646318569562016,0.9848569563797942
66.43231544166768,4.973780956552954,-0.07561252162426069,0.9850254249443923
66.24046791943134,4.974062916427204,-0.07533056175001018,0.9850812652894693
66.04779701727124,4.9740114884847255,-0.075381989692489,0.9850710803152339
65.85677287495866,4.973875142486922,-0.0755183356902922,0.985044077864664
65.66492535272232,4.974153514795248,-0.07523996338196692,0.985099207715314
65.47307783048598,4.974512617610586,-0.0748808605666289,0.9851703257252077
65.28040692832587,4.975382417421618,-0.0740110607555966,0.9853425840003434
65.08855940608953,4.975871288003196,-0.0735221901740184,0.9854394016842277
65.08855940608953,4.976515340331057,-0.07287813784615782,0.9855669521178876
64.8967118838532,4.977023047688481,-0.07237043048873382,0.9856675003044407
64.70486436161684,4.977615373110036,-0.07177810506717819,0.9857848065559967
64.51301683938051,4.978971352828202,-0.07042212534901271,0.9860533496441963
64.32034593722041,4.979618395821703,-0.06977508235551166,0.9861814923600092
64.12932179490782,4.979288594543531,-0.07010488363368328,0.9861161773316603
63.93665089274773,4.980028328651864,-0.06936514952535067,0.9862626769284
63.74480337051139,4.980787497463699,-0.06860598071351554,0.9864130254435466
63.55295584827505,4.9819204214005035,-0.067473056776711,0.9866373937645541
63.55295584827505,4.982096533696793,-0.06729694448042167,0.9866722716755448
63.35616804649614,4.982462513707523,-0.06693096446969182,0.9867447516698871
63.158556864793475,4.983140653048519,-0.06625282512869557,0.9868790528179213
62.96588596263337,4.983722213717562,-0.06567126445965243,0.9869942271792692
62.7682747809307,4.984364772253655,-0.06502870592355947,0.9871214817770482
62.576427258694366,4.984953808045745,-0.06443967013146956,0.9872381365385825
62.38540311638178,4.985348791657179,-0.06404468652003548,0.9873163605100637
62.19273221422168,4.985716266487045,-0.0636772116901696,0.9873891365437505
62.00088469198534,4.985811050348668,-0.06358242782854617,0.9874079078797601
62.00088469198534,4.986328923503584,-0.06306455467363037,0.9875104693373201
61.80821378982524,4.986630618072532,-0.0627628601046828,0.9875702180121364
61.61718964751265,4.986778325723137,-0.0626151524540779,0.9875994705651893
61.425342125276316,4.987205900501204,-0.0621875776760108,0.987684149008237
61.23349460303997,4.987413109144988,-0.06198036903222626,0.9877251853514493
61.040823700879876,4.987632577360422,-0.06176090081679231,0.9877686496242144
60.8497995585673,4.988083773362938,-0.06130970481427678,0.9878580060992971
60.657128656407195,4.988556198879285,-0.060837279297929925,0.9879515669434635
60.46528113417086,4.989068689657944,-0.06032478851927081,0.9880530624559195
60.27343361193452,4.989484005891729,-0.0599094722854856,0.9881353131728778
60.27343361193452,4.989586862804054,-0.059806615373160454,0.9881556833248119
60.08158608969818,4.990301180877608,-0.059092297299606855,0.9882971494388394
59.88973856746183,4.99135606395448,-0.058037414222734895,0.9885060622679606
59.69706766530173,4.9921582897216314,-0.057235188455583064,0.9886649379370125
59.50604352298915,4.992430980689874,-0.05696249748734061,0.9887189426346897
59.3141960007528,4.992820880888881,-0.056572597288333526,0.9887961598689362
59.121525098592706,4.993459252904025,-0.05593422527318914,0.9889225853530866
58.92967757635636,4.993401844657636,-0.0559916335195787,0.9889112160180095
58.737830054120025,4.993513073584489,-0.055880404592725696,0.9889332441937367
58.737830054120025,4.994111079318761,-0.055282398858453874,0.989051675394802
58.54598253188369,4.9944393847504305,-0.054954093426784034,0.989116694180343
58.35413500964735,4.994937225274189,-0.05445625290302569,0.989215288303758
58.16228748741101,4.995732274882123,-0.05366120329509183,0.9893727427804927
57.97043996517467,4.996904965117412,-0.052488513059802955,0.9896049865619205
57.77859244293833,4.997782241078859,-0.05161123709835547,0.9897787254407064
57.58674492070198,4.998101576568344,-0.051291901608870205,0.9898419677867161
57.39407401854188,4.9987719407951,-0.05062153738211439,0.9899747291232316
57.20222649630554,4.9995092831928165,-0.049884194984398,0.9901207550570201
57.20222649630554,5.000344997018081,-0.04904848115913385,0.9902862628212449
57.010378974069205,5.000897256149958,-0.04849622202725623,0.990395634201048
56.812767792366536,5.001256358965295,-0.0481371192119191,0.9904667522109415
56.6209202701302,5.001363402398568,-0.048030075778646264,0.9904879514765039
56.429072747893855,5.00130898379045,-0.048084494386764653,0.9904771742201159
56.23722522565751,5.001956922648065,-0.04743655552914916,0.990605494356072
56.044554323497415,5.00296516223106,-0.046428315946154264,0.9908051697403241
55.85353018118482,5.003821805578963,-0.04557167259825157,0.9909748224623005
55.661682658948486,5.004426390572167,-0.04496708760504742,0.991094556643409
55.661682658948486,5.005210077499933,-0.04418340067728188,0.9912497608141975
55.46901175678838,5.005662768321586,-0.04373070985562855,0.9913394133286252
55.277164234552046,5.006095725475908,-0.043297752701306536,0.9914251577167765
55.08531671231571,5.006494595617096,-0.04289888256011842,0.9915041513905538
54.89346919007937,5.00690123984516,-0.04249223833205473,0.9915846846723868
54.70162166784303,5.0070307076202045,-0.04236277055700999,0.991610324935045
54.50401048614035,5.007081239698569,-0.042312238478645625,0.991620332489137
54.312162963904015,5.007360209934549,-0.0420332682426654,0.9916755807555249
54.11949206174391,5.007979744146481,-0.04141373403073345,0.9917982755335432
54.11949206174391,5.008247351702294,-0.04114612647492066,0.9918512734939853
53.92846791943134,5.008519743706709,-0.04087373447050524,0.9919052189837936
53.73579701727124,5.009109677417648,-0.040283800759566724,0.9920220515723982
53.5439494950349,5.00925648817677,-0.04013699000044468,0.992051126501844
53.35210197279856,5.009584494644612,-0.03980898353260276,0.992116086079516
53.15531417101965,5.010659410352639,-0.038734067824575114,0.9923289662427818
52.962643268859544,5.011361768845739,-0.03803170933147548,0.9924680638385891
52.77079574662321,5.011537284241741,-0.03785619393547357,0.9925028235373055
52.57894822438687,5.011726851964988,-0.03766662621222672,0.9925403662093246
52.57894822438687,5.01160904480657,-0.03778443337064452,0.9925170352570177
52.387100702150526,5.012052765686039,-0.037340712491175765,0.992604911331914
52.19525317991419,5.012689941845874,-0.03670353633134038,0.9927310999845886
52.00340565767784,5.013201834696879,-0.03619164348033532,0.9928324770813067
51.80991137559398,5.013635389778858,-0.03575808839835659,0.9929183398851965
51.6188872332814,5.014041735043093,-0.035351743134121705,0.9929988139591602
51.427039711045055,5.014124558296895,-0.03526891988031977,0.993015216573486
51.23519218880871,5.01429349546133,-0.03509998271588444,0.9930486734956224
51.043344666572374,5.014289607904209,-0.0351038702730051,0.993047903589863
50.85149714433604,5.014578743937682,-0.034814734239532186,0.993105165127258
50.85149714433604,5.015333727255936,-0.03405975092127811,0.9932546847322397
50.6596496220997,5.015982862996227,-0.03341061518098787,0.9933832419031348
50.467802099863356,5.016321036288928,-0.03307244188828662,0.9934502149552771
50.27019091816069,5.016262730123688,-0.03313074805352656,0.9934386677931294
50.07834339592434,5.016365885999841,-0.0330275921773735,0.9934590971529325
49.88567249376424,5.0170622652163965,-0.03233121296081798,0.9935970105913613
49.69464835145167,5.018128509946069,-0.03126496823114522,0.993808173522965
49.50280082921533,5.019201333934673,-0.030192144242541907,0.9940206394346116
49.31012992705523,5.019777213263632,-0.02961626491358249,0.9941346886429866
49.31012992705523,5.019413625990888,-0.029979852186326816,0.9940626825150594
49.118282404818885,5.019193559847799,-0.03019991832941571,0.9940190998265562
48.92643488258254,5.019563725352109,-0.029829752825105693,0.9940924087310633
48.734587360346204,5.020401531924164,-0.02899194625305057,0.9942583309503706
48.5419164581861,5.021195086712962,-0.028198391464252737,0.9944154893877607
48.35089231587352,5.021408574624483,-0.02798490355273131,0.9944577692996835
48.159044793637186,5.021680667665072,-0.027712810512142916,0.994511655581623
47.96637389147708,5.0221477108051635,-0.027245767372050977,0.9946041504806857
47.77370298931698,5.022746315494458,-0.026647162682756687,0.9947227003009526
47.77370298931698,5.023118872709386,-0.02627460546782867,0.994796482868411
47.582678847004395,5.023505783270119,-0.025887694907095415,0.9948731080239679
47.39083132476806,5.02369774373135,-0.025695734445864815,0.9949111245624017
47.19898380253172,5.023760534353995,-0.025632943823219456,0.9949235598425827
47.00713628029538,5.023780268021324,-0.025613210155890798,0.9949274679688586
46.809525098592715,5.023756347833048,-0.02563713034416626,0.9949227307289545
46.61685419643261,5.0242879753787495,-0.025105502798465018,0.995028016155412
46.4200663946537,5.025250168368155,-0.024143309809059765,0.9952185723070693
46.2273954924936,5.026068838173169,-0.023324640004045882,0.9953807046123754
46.2273954924936,5.026383390241421,-0.023010087935793955,0.9954429996324825
46.03554797025726,5.026859403323694,-0.022534074853520103,0.9955372709710761
45.844523827944684,5.027737874113082,-0.021655604064132916,0.9957112464778739
45.65267630570833,5.028302391789241,-0.021091086387973412,0.9958230455837664
45.46000540354823,5.028850764391366,-0.02054271378584893,0.9959316472612737
45.26815788131189,5.028984717651186,-0.02040876052602858,0.9959581758454292
45.076310359075556,5.029153953779449,-0.02023952439776533,0.9959916919754347
44.88446283683922,5.02891475086932,-0.020478727307894573,0.9959443193729305
44.692615314602875,5.028951827520726,-0.02044165065648862,0.9959516621659938
44.692615314602875,5.029003255463205,-0.02039022271400981,0.9959618471402291
44.50076779236653,5.0289966782590065,-0.020396799918207975,0.9959605445671128
44.30315661066386,5.029637141993576,-0.019756336183638368,0.9960873843028826
44.11048570850376,5.030375680246599,-0.019017797930615643,0.9962336470681463
43.91946156619119,5.030825381429981,-0.018568096747233476,0.996322707503885
43.727614043954844,5.030581993026269,-0.01881148515094555,0.9962745059912154
43.5357665217185,5.030430098854717,-0.018963379322497254,0.9962444243245343
43.3430956195584,5.0312451821211726,-0.018148296056041957,0.9964058463388769
43.15124809732206,5.03218106115695,-0.017212417020264326,0.9965911911807519
43.15124809732206,5.033180329770396,-0.016213148406818867,0.9967890899220094
42.959400575085716,5.033654549069706,-0.01573892910750807,0.9968830060133896
42.76755305284938,5.0338435188653,-0.015549959311914385,0.9969204302696711
42.56994187114672,5.033909300153584,-0.015484178023630335,0.9969334578320048
42.378094348910366,5.0347261772030025,-0.014667300974211983,0.9970952350935608
42.18624682667403,5.035314615067438,-0.01407886310977613,0.9972117714393575
41.99439930443769,5.03508856862044,-0.01430490955677488,0.9971670043900126
41.80172840227759,5.034695678783161,-0.014697799394053135,0.997089195077077
41.609880880041246,5.034510296553496,-0.014883181623718933,0.997052481315223
41.609880880041246,5.034415213728045,-0.014978264449169387,0.9970336507713444
41.41803335780491,5.034701658059705,-0.014691820117509913,0.9970903792344554
41.22618583556857,5.034939665114525,-0.014453813062689669,0.9971375150054839
41.03433831333222,5.03532358500962,-0.014069893167594216,0.9972135478788884
40.842490791095884,5.035848634323756,-0.013544843853458666,0.9973175305287659
40.65064326885955,5.036131492116856,-0.013261986060358666,0.9973735487009132
40.45879574662321,5.036120727364343,-0.013272750812871159,0.9973714168107053
40.266948224386866,5.035799598091895,-0.013593880085319476,0.9973078192174822
40.07427732222677,5.035693750513931,-0.013699727663283312,0.9972868567833956
39.88242979999042,5.03555979725411,-0.013833680923104552,0.9972603281992398
39.88242979999042,5.035714681063936,-0.01367879711327813,0.9972910019446106
39.69058227775408,5.036128501451216,-0.013264976725998245,0.9973729564187604
39.49791137559398,5.036767770357844,-0.012625707819370113,0.997499559526518
39.3068872332814,5.037134946223882,-0.012258531953332152,0.9975722763523358
39.115039711045064,5.03695135777718,-0.012442120400034895,0.9975359178376951
38.92236880888496,5.037282653874487,-0.012110824302727252,0.9976015289053887
38.731344666572376,5.037792155014874,-0.011601323162340194,0.9977024323391552
38.53949714433604,5.0378639155797025,-0.011529562597512033,0.9977166440588674
38.346826242175936,5.038421856051663,-0.010971622125551583,0.9978271405916435
38.346826242175936,5.038933150975013,-0.01046032720220147,0.9979283992726237
38.1549787199396,5.03888949711941,-0.010503981057804701,0.9979197539064442
37.963131197703255,5.038623384382732,-0.01077009379448235,0.9978670519853465
37.77128367546692,5.039358334042463,-0.010035144134751484,0.99801260405272
37.57943615323057,5.040315143628246,-0.00907833454896867,0.9982020940558101
37.38758863099423,5.040634479117731,-0.008758999059483408,0.9982653364018196
37.19574110875789,5.040457469929961,-0.008936008247253824,0.9982302808672222
37.00307020659779,5.040202120918431,-0.009191357258783839,0.9981797106328696
36.811222684361454,5.040364778815127,-0.009028699362087167,0.998211923986295
36.811222684361454,5.040760060363024,-0.008633417814190913,0.9982902069621821
36.61937516212512,5.040969960708621,-0.008423517468593822,0.9983317763796783
36.42752763988877,5.041371223587793,-0.008022254589421074,0.9984112439198704
36.23568011765243,5.041694146643206,-0.007699331534008813,0.998475196760307
36.043832595416085,5.041728232628973,-0.0076652455482415505,0.9984819472712179
35.85116169325599,5.041685774628679,-0.0077077035485357825,0.9984735387365141
35.659314171019645,5.04117627348829,-0.008217204688924618,0.9983726353027471
35.46746664878331,5.041478863921353,-0.007914614255861707,0.998432561397707
35.27561912654697,5.042334013477487,-0.0070594646997275134,0.9986019182838023
35.08377160431062,5.042362120186711,-0.007031357990503473,0.9986074846373347
35.08377160431062,5.042090027146123,-0.007303451031091868,0.9985535983553953
34.89192408207428,5.042267036333892,-0.00712644184332234,0.9985886538899925
34.700076559837946,5.042845907355858,-0.006547570821356707,0.9987032955839836
34.5082290376016,5.0433739463082645,-0.00601953186894999,0.9988078703125502
34.316381515365265,5.043504312002159,-0.005889166175055749,0.9988336884022788
34.12371061320516,5.043427766988728,-0.005965711188486544,0.9988185291532004
33.92692281142625,5.043659195811984,-0.005734282365230214,0.9988643621476494
33.735075289189915,5.043793746999458,-0.005599731177756695,0.9988910091475426
33.54322776695357,5.044311620154373,-0.005081858022841779,0.9989935706051024
33.54322776695357,5.04472065712042,-0.004672821056794341,0.9990745777533501
33.350556864793475,5.04486178653946,-0.004531691637754243,0.9991025275298232
33.15870934255713,5.044961055885858,-0.004432422291356097,0.99912218718733
32.96686182032079,5.045132085797086,-0.004261392380128903,0.9991560585645491
32.77501429808444,5.044986769857098,-0.004406708320116692,0.9991272796744477
32.58234339592435,5.0446357400924615,-0.004757738084752994,0.9990577604804785
32.39131925361177,5.044540657267012,-0.00485282091020256,0.9990389299366002
32.198648351451666,5.044366636690145,-0.005026841487069333,0.9990044662772282
32.00680082921533,5.044321189051578,-0.005072289125636509,0.998995465663835
32.00680082921533,5.0444826500656,-0.004910828111614585,0.9990274419823215
31.81495330697899,5.045113546957698,-0.004279931219516087,0.9991523870662856
31.62310578474264,5.045502849229051,-0.0038906289481639433,0.9992294858847941
31.431258262506304,5.045755805502597,-0.0036376726746176757,0.9992795822527321
31.239410740269964,5.046066768977554,-0.0033267091996602716,0.9993411665749485
31.04673983810986,5.046296404017847,-0.003097074159367885,0.9993866443221838
30.855715695797286,5.045867035456816,-0.0035264427203989257,0.9993016106319225
30.66386817356095,5.045521984968724,-0.0038714932084902287,0.9992332755953319
30.4720206513246,5.045834145326358,-0.0035593328508563005,0.9992950969524876
30.4720206513246,5.046429161422358,-0.002964316754856533,0.9994129360748637
30.2793497491645,5.046468031856728,-0.0029254463204866354,0.9994206341151407
30.08750222692816,5.046686304216853,-0.0027071739603616862,0.9994638615564302
29.89565470469182,5.046903978649322,-0.002489499527892569,0.9995069705819815
29.70380718245548,5.046677333247303,-0.002716144929911124,0.9994620849134357
29.511959660219144,5.046396271291899,-0.002997206885315684,0.9994064223954284
29.320112137982793,5.04570019103917,-0.0036932871380441767,0.9992685681648685
29.127441235822694,5.045129693059101,-0.004263785118113539,0.9991555846981344
28.935593713586353,5.045414344635166,-0.003979133542048707,0.9992119581174955
28.743746191350017,5.046102649773653,-0.003290828403561541,0.9993482725365365
28.743746191350017,5.046148696367242,-0.0032447818099727854,0.9993573917691311
28.551898669113676,5.046028496470839,-0.003364981706375225,0.9993335869504093
28.36005114687734,5.04626530767035,-0.003128170506864869,0.999380485889962
28.168203624640988,5.04631553975752,-0.0030779384196941706,0.9993904340327217
27.97635610240465,5.046442914785776,-0.002950563391438621,0.9994156598402976
27.78368520024455,5.046324509699703,-0.003068968477511369,0.9993922104722528
27.592661057931974,5.046356801902507,-0.003036676274707162,0.99939860573595
27.400813535695633,5.046084110934265,-0.0033093672429496124,0.9993446010382727
27.208142633535534,5.045748031415722,-0.003645446761492366,0.9992780426446766
27.208142633535534,5.045715141285263,-0.003678336891951517,0.9992715289652413
27.016295111299193,5.046133148193495,-0.003260329983719501,0.9993543125530204
26.824447589062846,5.0465535468123415,-0.0028399313648730384,0.9994375698037503
26.631776686902743,5.046612748841694,-0.0027807293355204266,0.9994492943860409
26.439929164666406,5.046756270998719,-0.002637207178495693,0.9994777180289289
26.248081642430066,5.046775406738393,-0.00261807143882109,0.9994815077394669
26.05623412019373,5.046912350663851,-0.0024811275133638233,0.9995086286057747
25.864386597957388,5.046791552839794,-0.002601925337420319,0.9994847053713153
25.67253907572104,5.0464889613793655,-0.002904516797848977,0.9994247790728923
25.4806915534847,5.04650989192937,-0.0028835862478446828,0.9994289242341071
25.4806915534847,5.046655805797012,-0.002737672380202838,0.9994578215399464
25.288844031248363,5.046616337434987,-0.0027771407422276795,0.9994500050839313
25.096996509012023,5.046909359998212,-0.0024841181790025146,0.9995080363236222
24.905148986775686,5.047137200228175,-0.00225627794903982,0.9995531586201806
24.712478084615583,5.047464907732189,-0.0019285704450258123,0.9996180589899835
24.521453942302998,5.047377598993612,-0.0020158791836024648,0.9996007680541604
24.328783040142895,5.0474338113846935,-0.00195966679252102,0.999611900557762
24.136935517906558,5.047520523222981,-0.0018729549542335633,0.9996290732813102
23.945087995670217,5.0475785293970254,-0.001814948780189063,0.9996405610321253
23.945087995670217,5.047960057581503,-0.0014334205957116097,0.9997161202425783
23.752417093510118,5.047853612075885,-0.0015398661013295012,0.9996950393927538
23.56139295119754,5.047853612075885,-0.0015398661013295012,0.9996950393927538
23.36872204903744,5.047863179945722,-0.0015302982314926439,0.9996969342480228
23.17687452680109,5.047853014148231,-0.001540464028983557,0.9996949209770161
22.985027004564753,5.047843446278395,-0.001550031898819526,0.9996930261217474
22.793179482328412,5.047834476336211,-0.0015590018410032158,0.9996912496822161
22.601331960092075,5.047930157089317,-0.0014633210878978176,0.9997101986418325
22.408661057931972,5.047604243368265,-0.001789234808949658,0.999645653519243
22.408661057931972,5.047745372787305,-0.00164810538990956,0.9996736032957161
22.217636915619398,5.047775273279492,-0.001618204897722464,0.9996795248964621
22.025789393383047,5.047915206843222,-0.0014782713339922537,0.9997072378414593
21.833118491222947,5.048504841590335,-0.0008886365868798762,0.9998240112221952
21.64209434891037,5.048976070224005,-0.0004174079532095476,0.9999173350314223
21.44942344675027,5.049049624571797,-0.0003438536054174435,0.9999319019983482
21.25757592451393,5.048600522343438,-0.0007929558337762543,0.9998429601818113
21.065728402277593,5.04854729959063,-0.000846178586584756,0.9998324197568992
20.87388088004124,5.048175339275989,-0.0012181389012253518,0.9997587554017151
20.682033357804904,5.047781253583403,-0.0016122245938117175,0.999680709257304
20.682033357804904,5.047464907732189,-0.0019285704450258123,0.9996180589899835
20.4893624556448,5.047668230873588,-0.0017252473036268867,0.9996583258343634
20.298338313332227,5.047687366613261,-0.001706111563953172,0.9996621155449013
20.10072713162956,5.047516934629689,-0.0018765435475254222,0.99962836258342
19.908879609393214,5.04749122065845,-0.0019022575187648272,0.9996232700963025
19.717032087156873,5.047425439370165,-0.0019680388070497656,0.9996102425339686
19.524361184996774,5.0475091605428135,-0.0018843176344010004,0.9996268229753643
19.332513662760434,5.047452948151735,-0.0019405300254797808,0.9996156904717632
19.140666140524097,5.047704708569972,-0.001688769607242513,0.9996655500082255
19.140666140524097,5.047585107628591,-0.0018083705486233725,0.9996418638087051
18.947995238363994,5.047384177225177,-0.0020093009520376626,0.99960207083074
18.75697109605142,5.0476526816724725,-0.0017407965047420149,0.9996552464147891
18.565123573815068,5.048168762071792,-0.0012247161054226297,0.999757452828599
18.37327605157873,5.048067698942431,-0.0013257792347838304,0.9997374379238786
18.18142852934239,5.047879327074492,-0.0015141511027225718,0.9997001320833351
17.98875762718229,5.0479684295960325,-0.0014250485811819757,0.9997177782663719
17.79691010494595,5.048171153782408,-0.0012223243948064066,0.9997579264915502
17.605062582709614,5.048337997172688,-0.0010554810045269036,0.9997909687551408
17.605062582709614,5.0484869006786015,-0.0009065774986130037,0.9998204581396695
17.41239168054951,5.048327831375197,-0.0010656468020178167,0.9997889554841342
17.220544158313164,5.047684375947622,-0.0017091022295927516,0.9996615232627485
17.029520016000586,5.0473506891670645,-0.0020427890101499813,0.9995954387355672
16.836849113840486,5.0470756054608374,-0.0023178727163770674,0.9995409601714751
16.645824971527908,5.046803513447616,-0.002589964729598826,0.9994870740929991
16.45315406936781,5.046450689900016,-0.002942788277198183,0.9994171996518163
16.261306547131458,5.046761652347608,-0.0026318258296065267,0.9994787837705695
16.06945902489512,5.0471120841845885,-0.0022813939926260574,0.9995481845488006
16.06945902489512,5.047332749282698,-0.0020607288945164726,0.9995918858565048
15.87761150265878,5.047673014294822,-0.0017204638823926643,0.999659273160266
15.685763980422442,5.047564177078587,-0.001829301098627667,0.9996377186474903
15.493916458186103,5.047467898397827,-0.001925579779387121,0.9996186512721361
15.301245556026002,5.0478009872507315,-0.001592490926483059,0.9996846173835797
15.10445775424709,5.047887699089021,-0.001505779088193826,0.9997017901071283
14.912610232010751,5.047817732307156,-0.001575745870058931,0.9996879336346297
14.720762709774412,5.047600057874686,-0.0017934203025289364,0.9996448246090783
14.528915187538074,5.047411686006747,-0.0019817921704676777,0.9996075187685347
14.528915187538074,5.047298662269564,-0.0020948159076503714,0.9995851351421307
14.336244285377973,5.047783645294021,-0.001609832883193718,0.9996811829202554
14.144396763141634,5.047955871060556,-0.0014376071166584126,0.9997152911289501
13.952549240905284,5.047649094106546,-0.0017443840706681257,0.9996545359203621
13.760701718668946,5.047487632065156,-0.0019058461120584624,0.9996225593984118
13.568854196432607,5.047784243221674,-0.0016092349555405505,0.9996813013359931
13.377006674196268,5.047962449292121,-0.0014310288850936104,0.9997165939055298
13.18515915195993,5.047824309511353,-0.0015691686658616533,0.9996892362077459
12.992488249799829,5.0477561375398174,-0.0016373406373970667,0.9996757351859241
12.801464107487242,5.0476096257445215,-0.0017838524326929672,0.999646719464347
12.801464107487242,5.047101918387098,-0.0022915597901160822,0.9995461712777941
12.60879320532714,5.046985307083989,-0.002408171093225775,0.9995230771569628
12.416945683090802,5.0472221172561325,-0.002171360921082055,0.9995699758930521
12.225098160854463,5.047454741934697,-0.0019387362425176136,0.9996160457189767
12.033250638618124,5.047540256890311,-0.0018532212869031284,0.9996329814075864
11.841403116381786,5.047603645440611,-0.0017898327366037137,0.9996455351035052
11.649555594145436,5.04729088818269,-0.0021025899945241733,0.9995835955340753
11.456884691985335,5.047473878701737,-0.0019195994754772627,0.9996198356329778
11.265037169748997,5.047857798596833,-0.0015356795803818102,0.9996958685063823
11.265037169748997,5.0479409208144626,-0.0014525573627519606,0.9997123303285771
11.073189647512658,5.0480025155818,-0.0013909625954147131,0.9997245287772826
10.88134212527632,5.048032416073987,-0.0013610621032276171,0.9997304503780285
10.68949460303998,5.048384641693931,-0.0010088364832832042,0.9998002064034733
10.497647080803631,5.048755406153264,-0.0006380720239507198,0.9998736339271819
10.305799558567292,5.048651950285917,-0.0007415278912974443,0.9998531451560465
10.113128656407191,5.048277000333005,-0.0011164778442092071,0.9997788887221734
9.921281134170853,5.047842250423087,-0.0015512277541276376,0.9996927892902718
9.729433611934514,5.048101784928198,-0.0012916932490165678,0.9997441884347894
9.729433611934514,5.04795826379854,-0.0014352143786746652,0.9997157649953647
9.537586089698175,5.048106569376799,-0.0012869088004157092,0.9997451359641554
9.345738567461837,5.048142449145531,-0.0012510290316836148,0.99975224172228
9.153891045225487,5.0478572006691795,-0.0015362775080349778,0.9996957500906446
8.961220143065386,5.047922383002443,-0.0014710951747716194,0.9997086590337771
8.769372620829047,5.048220787941924,-0.001172690235290652,0.9997677562185718
8.578348478516471,5.048718329501857,-0.000675148675357562,0.9998662911341183
8.386500956280132,5.048619658083113,-0.0007738200941016515,0.9998467498923492
8.193830054120031,5.048628030097642,-0.0007654480795729057,0.9998484079161426
8.001982531883682,5.04876616987841,-0.0006273082988048628,0.9998757656139265
8.001982531883682,5.048568230140634,-0.0008252480365804615,0.999836564918114
7.810135009647343,5.048667499487032,-0.0007259786901823162,0.9998562245756208
7.6182874874110045,5.048986236021497,-0.00040724215571774636,0.9999193483024292
7.426439965174666,5.048501850924696,-0.0008916272525185676,0.9998234189400426
7.234592442938327,5.048832549094349,-0.0005609290828658686,0.9998889115919981
7.042744920701988,5.049389292683633,-4.185493581942978e-06,0.9999991710898348
6.850074018541887,5.049453877089242,6.0398912027359586e-05,1.0000119616172296
6.658226496305539,5.049087897078513,-0.00030558109870160166,0.9999394816228875
6.4663789740692,5.04829075472379,-0.0011027234534246588,0.9997816126910706
6.4663789740692,5.048303313259266,-0.001090164917948222,0.9997840998284924
6.274531451832861,5.048241120564275,-0.0011523576129395252,0.9997717829640491
6.08186054967276,5.048310489418486,-0.0010829887587284759,0.99978552102081
5.890836407360184,5.048565239474995,-0.0008282387022191529,0.9998359726359614
5.698165505200082,5.0488821832538635,-0.0005112949233510022,0.9998987413190197
5.507141362887496,5.0487039771834175,-0.0006895009937970542,0.9998634487494831
5.315293840651157,5.048717731574201,-0.0006757466030133941,0.9998661727183802
5.122622938491056,5.048814010254961,-0.0005794679222539401,0.9998852400937344
4.925835136712153,5.048335007534416,-0.0010584706427980706,0.9997903766764518
4.925835136712153,5.048340389910673,-0.0010530882665413799,0.999791442621556
4.733164234552052,5.048503644707657,-0.0008898334695572885,0.9998237741872558
4.5413167123157026,5.0488540765446395,-0.0005394016325750428,0.9998931749654872
4.349469190079364,5.0487757377482465,-0.0006177404289680055,0.9998776604691954
4.157621667843025,5.049098661831025,-0.00029481634618910846,0.9999416135130955
3.9657741456066864,5.049272681380524,-0.0001207967966907475,0.9999760769690037
3.7739266233703477,5.049434143421913,4.066524469870103e-05,1.000008053490954
3.582079101134009,5.049513678073616,0.0001201998964015516,1.0000238048187216
3.389408198973908,5.049678129753278,0.00028465157606305524,1.0000563734193608
3.389408198973908,5.049769625012802,0.0003761468355873987,1.0000744934688122
3.197560676737559,5.049841983505285,0.00044850532807050314,1.0000888236042624
3.0057131545012203,5.049575870768609,0.00018239259139463115,1.000036121683165
2.8138656322648816,5.04935281395988,-4.066421733472936e-05,0.999991946712509
2.622018110028543,5.049126169585228,-0.000267308591986648,0.9999470612474267
2.4293472078684415,5.048847498313075,-0.000545979864139845,0.9998918721889075
2.2374996856321028,5.048644775154066,-0.0007487030231487779,0.9998517241671926
2.0464755433195267,5.048717731574201,-0.0006757466030133941,0.9998661727183802
1.854628021083188,5.048938395644945,-0.0004550825322695573,0.9999098738226212
1.6619571189230868,5.04898982461479,-0.0004036535624241111,0.9999200590003198
1.6619571189230868,5.048803246529816,-0.0005902316473989089,0.9998831084069899
1.4701095966867272,5.048682448705759,-0.0007110294714554044,0.9998591851725305
1.2782620744503885,5.04861188399624,-0.0007815941809745652,0.9998452102842941
1.0864145522140498,5.048750023777007,-0.0006434544002074105,0.9998725679820778
0.8945670299777111,5.04903587120838,-0.0003576069688344674,0.9999291782329145
0.7027195077413725,5.0492104886855325,-0.0001829894916820507,0.9999637601045605
0.5100486055812713,5.049471219045953,7.774086873890695e-05,1.000015396080554
0.319024463268695,5.049551352652679,0.00015787447546422584,1.0000312660275232
0.12635356110859386,5.049528030392056,0.00013455221484193203,1.000026647203357
0.12635356110859386,5.049305571510983,-8.790666623159638e-05,0.999982590648439
-0.06549396112774485,5.0493934781772145,0.0,1.0
-0.2573414833640836,5.049397066770507,3.5885932927470776e-06,1.0000007106978903
-0.4500123855241847,5.049357598408483,-3.587976873120624e-05,0.9999928942418755
-0.641036527836761,5.048727299444039,-0.0006661787331756486,0.9998680675736492
-0.8337074299968621,5.048575406299855,-0.0008180718773598272,0.9998379861104318
-1.0255549522332217,5.048629824907972,-0.0007636532692423259,0.9998487633668196
-1.2174024744695604,5.048744043473096,-0.000649434704118157,0.999871383621236
-1.4092499967058991,5.049125571657574,-0.0002679065196407038,0.9999469428316888
-1.4092499967058991,5.049075937498058,-0.00031754067915645834,0.9999371131046672
-1.6010975189422378,5.048790090066685,-0.0006033881105294014,0.9998805028538305
-1.7929450411785766,5.048255472882714,-0.0011380052945009211,0.9997746253486841
-1.9856159433386775,5.048281784781608,-0.0011116933956065722,0.9997798362515397
-2.176640085651254,5.048552681966887,-0.0008407962103271771,0.9998334857020035
-2.369310987811355,5.049047830788834,-0.0003456473883804989,0.9999315467511347
-2.5660987895902685,5.049165637947252,-0.0002278402299626947,0.9999548777034415
-2.7587696917503695,5.0490914856718065,-0.0003019925054079664,0.9999401923207781
-2.949793834062946,5.0486244425317155,-0.0007690356454990166,0.9998476974217155
-2.949793834062946,5.048433079998139,-0.0009603981790755611,0.9998097992990195
-3.142464736223047,5.0485532798945405,-0.0008401982826740095,0.999833604117741
-3.3343122584593856,5.048519790809061,-0.0008736873681538526,0.9998269718191046
-3.5261597806957243,5.0488128143996525,-0.0005806637775620516,0.9998850032622588
-3.718007302932063,5.049122582019301,-0.0002708961579136471,0.9999463507529994
-3.9098548251684018,5.049160256598363,-0.000233221578851861,0.999953811961801
-4.101702347404741,5.049082515729623,-0.00031096244759165614,0.9999384158812468
-4.2935498696411,5.049151285628813,-0.00024219254840129878,0.9999520353188065
-4.485397391877439,5.04907892713633,-0.0003145510408844032,0.9999377051833565
-4.6772449141137775,5.049236800584427,-0.00015667759278770177,0.9999689710074161
-4.6772449141137775,5.049341452307081,-5.2025870133753926e-05,0.9999896966100268
-4.8699158162738785,5.0491429136142845,-0.0002505645629300446,0.9999503772950131
-5.061763338510217,5.049028097121505,-0.00036538105570915747,0.9999276386248589
-5.254434240670318,5.04914231568663,-0.00025116249058410034,0.9999502588792754
-5.445458382982895,5.049082515729623,-0.00031096244759165614,0.9999384158812468
-5.637305905219233,5.048753013415279,-0.0006404647619353554,0.999873160060767
-5.829153427455572,5.048710555414983,-0.0006829227622313638,0.9998647515260629
-6.021000949691911,5.048784708717796,-0.0006087694594185677,0.9998794371121899
-6.2128484719282495,5.048581385576397,-0.0008120926008174933,0.9998391702678099
-6.2128484719282495,5.048025239914767,-0.0013682382624473632,0.9997290291857109
-6.4055193740883505,5.047741187293724,-0.0016522908834906147,0.9996727743855511
-6.590779856934611,5.047823113656045,-0.0015703645211697648,0.9996889993762703
-6.590779856934611,5.04773879455574,-0.001654683621474362,0.9996723005191365
-6.590779856934611,5.047698728266062,-0.0016947499111523712,0.9996643656473838
-6.590779856934611,5.048213013855051,-0.0011804643221635658,0.9997662166105166
-6.590779856934611,5.04825906044864,-0.0011344177285748103,0.9997753358431112
-6.590779856934611,5.047891286654948,-0.001502191522266827,0.9997025006015556
