Angle (degree),rho (mOhm cm),Delta rho (mOhm cm),rho/rho(theta=0)
100.37102781872312,4.5561341476481,-0.08105024173670916,0.9825216694159833
100.37102781872312,4.556125614349366,-0.08105877503544345,0.98251982922633
100.37102781872312,4.556107769331644,-0.08107662005316563,0.982515980982175
100.37102781872312,4.556321128458227,-0.08086326092658247,0.9825619914723058
100.37102781872312,4.5566031538480996,-0.0805812355367097,0.9826228097116061
100.37102781872312,4.556586471129113,-0.0805979182556964,0.9826192121149643
100.18494395595312,4.556274188650632,-0.0809102007341771,0.9825518689920133
100.18494395595312,4.555675228921518,-0.08150916046329115,0.9824227044648305
99.99309643371676,4.555643806868353,-0.0815405825164559,0.9824159283587872
99.80124891148043,4.55666754946329,-0.08051683992151926,0.9826366965036296
99.60857800932033,4.5579837888,-0.0792006005848096,0.9829205410149073
99.41673048708398,4.558567622650632,-0.07861676673417684,0.9830464436751444
99.22488296484764,4.558024133362024,-0.07916025602278509,0.9829292412430279
99.03303544261131,4.557698663058226,-0.0794857263265829,0.9828590541906125
98.8403645404512,4.557716118865822,-0.07946827051898708,0.9828628185023435
98.64934039813863,4.5566811264987335,-0.08050326288607579,0.9826396243655181
98.64934039813863,4.556524791987341,-0.0806595973974682,0.9826059111252704
98.45666949597853,4.556329275212657,-0.0808551141721523,0.9825637483044147
98.26564535366595,4.556127165858227,-0.08105722352658251,0.9825201638062669
98.07379783142962,4.556488715407594,-0.08069567397721489,0.9825981312794162
97.88112692926951,4.5563874647924045,-0.08079692459240473,0.9825762967766904
97.68927940703317,4.5560220364708846,-0.0811623529139247,0.9824974928536987
97.49743188479681,4.55625556787848,-0.08092882150632885,0.98254785345789
97.30558436256048,4.5565430235493665,-0.08064136583544279,0.9826098427269697
97.11373684032414,4.5563649652481,-0.08081942413670884,0.9825714447927246
96.92188931808779,4.5563665167569605,-0.08081787262784879,0.9825717793726614
96.92188931808779,4.55625556787848,-0.08092882150632885,0.98254785345789
96.72921841592769,4.556295912440506,-0.08088847694430346,0.9825565536860107
96.53819427361512,4.557710299374682,-0.07947409001012762,0.9828615635401396
96.34634675137877,4.558471802316455,-0.07871258706835427,0.983025780202198
96.15449922914244,4.558189779592404,-0.07899460979240569,0.9829649625377771
95.96182832698234,4.55741702687848,-0.07976736250632932,0.9827983198837362
95.769980804746,4.557057415382278,-0.08012697400253099,0.9827207703480687
95.57813328250967,4.556750952394935,-0.08043343698987382,0.9826546821873209
95.38628576027332,4.557365819088607,-0.07981857029620265,0.9827872770211771
95.38628576027332,4.55745853373924,-0.07972585564556933,0.98280727075937
95.19361485811322,4.5573146139645555,-0.07986977542025375,0.9827762347334975
95.00259071580062,4.5579120221848095,-0.07927236719999975,0.9829050646807433
94.80991981364052,4.557840255569619,-0.0793441338151899,0.9828895883465794
94.61724891148043,4.557792540007594,-0.079391849377215,0.9828792985763183
94.4212844896253,4.558094348468353,-0.07909004091645588,0.9829443829972548
94.22861358746519,4.558919860481011,-0.07826452890379798,0.9831224030937918
94.03676606522883,4.559510676121517,-0.07767371326329187,0.9832498113637451
93.84491854299249,4.559694164703796,-0.07749022468101341,0.9832893803277696
93.84491854299249,4.558870206865822,-0.07831418251898725,0.9831116953860494
93.65307102075617,4.558285597260759,-0.07889879212405049,0.9829856254358439
93.46122349851981,4.558210727627848,-0.07897366175696163,0.9829694799418061
93.26937597628348,4.558608742967087,-0.07857564641772186,0.9830553111932333
93.07752845404714,4.559074643483544,-0.07810974590126563,0.9831557817541027
92.88485755188704,4.55942727052405,-0.07775711886075953,0.9832318251051744
92.6930100296507,4.560864546212657,-0.07631984317215235,0.9835417708756935
92.50116250741436,4.561569797627847,-0.07561459175696239,0.9836938570029574
92.309314985178,4.560217092501265,-0.0769672968835442,0.9834021487134017
92.309314985178,4.559262013503797,-0.07792237588101258,0.9831961877428492
92.11746746294168,4.55919800443291,-0.07798638495189891,0.9831823843083701
91.92561994070533,4.558519131334176,-0.07866525805063329,0.9830359866149145
91.733772418469,4.5585629654582265,-0.07862142392658278,0.9830454393604536
91.54192489623266,4.558717748460759,-0.07846664092405042,0.9830788180207645
91.35007737399631,4.558977274306328,-0.07820711507848088,0.983134784276099
91.15740647183621,4.5582755124531635,-0.07890887693164572,0.9829834506662535
90.96555894959987,4.5560379407696185,-0.08114644861519071,0.9825009225854925
90.77371142736352,4.5554502308126565,-0.08173415857215272,0.9823741840502926
90.5818639051272,4.556872761835442,-0.08031162754936716,0.9826809501616515
90.5818639051272,4.557915900956961,-0.07926848842784828,0.9829059011305857
90.39001638289085,4.558133917275949,-0.07905047210886007,0.9829529159354072
90.19816886065452,4.556844442799999,-0.08033994658481003,0.9826748432154823
90.00632133841816,4.5565414720405055,-0.08064291734430373,0.9826095081470327
89.81365043625806,4.556713324306329,-0.08047106507848056,0.9826465677615299
89.62180291402173,4.557747154374683,-0.07943723501012645,0.9828695112508422
89.42995539178538,4.558710380126581,-0.0784740092582279,0.9830772290535036
89.23810786954904,4.5584900365443035,-0.07869435284050574,0.983029712378777
89.04543696738895,4.557667627549366,-0.07951676183544354,0.9828523614421136
89.04543696738895,4.559971532901265,-0.07721285648354392,0.9833491942523797
88.85358944515261,4.561417341888606,-0.07576704749620333,0.983660980212552
88.6609185429925,4.560826528913923,-0.07635786047088633,0.9835335725174784
88.47071778060368,4.560435884574683,-0.0767485048101264,0.9834493308081915
88.27804687844358,4.560160454430378,-0.07702393495443083,0.983389934821063
88.08619935620725,4.560650408665822,-0.07653398071898732,0.9834955925207148
87.8943518339709,4.560629460630379,-0.07655492875443048,0.9834910751166859
87.70250431173456,4.561271094850631,-0.07591329453417828,0.9836294423167742
87.51065678949821,4.561022432232911,-0.07616195715189811,0.9835758186958785
87.51065678949821,4.560688036754429,-0.07649635263038057,0.9835037069465058
87.31880926726187,4.560831183440506,-0.0763532059443035,0.9835345762572895
87.12119808555921,4.5606209273316445,-0.07656346205316478,0.9834892349270326
86.92852718339911,4.558459390245568,-0.07872499913924091,0.983023103562702
86.73750304108654,4.556383196810126,-0.08080119257468343,0.9825753763944239
86.54565551885018,4.558309261769619,-0.07887512761519044,0.9829907286422022
86.35298461669008,4.5596301582987335,-0.07755423108607573,0.9832755774681704
86.15537343498742,4.559968043339239,-0.07721634604556993,0.9833484417349612
85.96352591275108,4.560063085253163,-0.07712130413164608,0.9833689373430593
85.96352591275108,4.560063085253163,-0.07712130413164608,0.9833689373430593
85.77250177043851,4.560580969313923,-0.07660342007088605,0.9834806180564564
85.5798308682784,4.560779589106328,-0.07640480027848096,0.9835234500371858
85.38798334604205,4.560653900893669,-0.07653048849113997,0.9834963456130126
85.19613582380572,4.560636442420252,-0.07654794696455713,0.9834925807264023
85.00428830156937,4.560977043934177,-0.07620734545063268,0.9835660307955227
84.81244077933303,4.561314153220252,-0.07587023616455735,0.983638727772345
84.61976987717294,4.560448296645569,-0.07673609273924065,0.9834520074476872
84.42874573486036,4.560756700351898,-0.07642768903291142,0.9835185141207959
84.23689821262401,4.561815743772152,-0.07536864561265766,0.9837468948215241
84.23689821262401,4.564019952683544,-0.0731644367012656,0.9842222282838807
84.04422731046391,4.562339447324049,-0.07484494206076064,0.9838598304971241
83.85237978822757,4.560974327460759,-0.07621006192405044,0.9835654449931932
83.66053226599124,4.559607656088607,-0.07757673329620207,0.983270724909325
83.46868474375489,4.559805500126582,-0.07737888925822745,0.983313389600086
83.27683722151855,4.560959588126582,-0.07622480125822761,0.9835622664837919
83.0849896992822,4.560916137881012,-0.07626825150379712,0.9835528965209177
82.8923187971221,4.561331222483544,-0.07585316690126565,0.9836424087265314
82.70047127488577,4.5619456999670875,-0.07523868941772172,0.9837749196279635
82.70047127488577,4.56141230081772,-0.07577208856708939,0.9836598931151966
82.50862375264943,4.561254412131645,-0.07592997725316408,0.9836258447201326
82.31677623041308,4.560786184351898,-0.07639820503291084,0.9835248722893578
82.12492870817675,4.559500202103796,-0.07768418728101345,0.9832475526617307
81.9330811859404,4.559381106470886,-0.07780328291392369,0.9832218699148503
81.74041028378029,4.559494769156961,-0.07768962022784809,0.9832463810570718
81.54856276154396,4.559732571212657,-0.07745181817215219,0.983297662618409
81.35753861923138,4.559655371650632,-0.07752901773417697,0.9832810146795862
81.16486771707129,4.559472269612657,-0.0777121197721522,0.9832415290731059
81.16486771707129,4.559803948617721,-0.07738044076708839,0.983313055020149
80.97302019483494,4.560904890774682,-0.07627949861012695,0.9835504711038142
80.7811726725986,4.561326178746834,-0.07585821063797482,0.9836413210542964
80.58932515036226,4.563812799592404,-0.07337158979240499,0.9841775561134978
80.39747762812591,4.563137805265822,-0.07404658411898701,0.9840319948698848
80.20563010588958,4.562135786460758,-0.07504860292405091,0.9838159114190396
80.01295920372948,4.561252474078479,-0.07593191530633003,0.9836254267826509
79.8219350614169,4.560137568341771,-0.07704682104303817,0.9833849994795528
79.6292641592568,4.559962610392404,-0.07722177899240545,0.9833472701303021
79.43741663702045,4.561389022853163,-0.0757953665316462,0.9836548732663828
79.43741663702045,4.562444963255695,-0.07473942612911433,0.983882584807237
79.24556911478412,4.562987287579746,-0.07419710180506289,0.9839995360169609
79.05372159254777,4.56192940912405,-0.07525498026075894,0.9837714065386254
78.86105069038767,4.561891002615189,-0.07529338676962016,0.983763124247986
78.6700265480751,4.562142768250632,-0.07504162113417756,0.9838174170287559
78.47817902583876,4.561686176787342,-0.07549821259746725,0.9837189539475089
78.28550812367865,4.561552731030379,-0.07563165835443009,0.9836901766236508
78.09366060144231,4.561508505030378,-0.07567588435443096,0.9836806393708079
77.90181307920597,4.560519676716455,-0.07666471266835462,0.9834674004243068
77.90181307920597,4.559615802843037,-0.0775685865417719,0.9832724817414339
77.70749541719834,4.559815198389873,-0.07736919099493633,0.983315481012132
77.51235437526697,4.559904423478479,-0.0772799659063299,0.9833347222329061
77.31968347310686,4.560165887377214,-0.0770185020075953,0.983391106425722
77.12865933079429,4.55945171078734,-0.07773267859746902,0.9832370956015011
76.93598842863418,4.559511451875949,-0.0776729375088605,0.9832499786537139
76.7449642863216,4.560807132387341,-0.07637725699746856,0.9835293896933865
76.5522933841615,4.561085662883544,-0.07609872650126537,0.9835894542655094
76.36126924184892,4.561289326412657,-0.07589506297215198,0.9836333739184737
76.36126924184892,4.560782692124049,-0.07640169726075996,0.9835241191970596
76.16859833968883,4.560172869167088,-0.07701152021772106,0.9833926120354386
75.97675081745247,4.559788044318986,-0.07739634506582327,0.983309625288355
75.78407991529237,4.559667010632911,-0.07751737875189857,0.983283524603993
75.5930557729798,4.559915284040505,-0.0772691053443042,0.9833370642924649
75.40120825074345,4.560142222868353,-0.07704216651645623,0.9833860032193636
75.2035970690408,4.560013431637974,-0.07717095774683536,0.9833582296353168
75.01174954680444,4.560222911992404,-0.07696147739240544,0.9834034036756051
74.81907864464434,4.560317953906328,-0.0768664354784816,0.9834238992837032
74.81907864464434,4.560104592113923,-0.0770797972708861,0.983377888218693
74.62805450233176,4.561016612741771,-0.07616777664303864,0.9835745637336747
74.43620698009542,4.561401051045569,-0.07578333833924056,0.9836574671232139
74.24435945785909,4.561345575273416,-0.07583881411139348,0.983645503878388
74.05168855569899,4.561756781103796,-0.07542760828101347,0.9837341796341594
73.85984103346264,4.562013201265822,-0.07517118811898715,0.9837894761547405
73.66799351122631,4.562200957830378,-0.07498343155443088,0.9838299655010314
73.4753226090662,4.562179234040505,-0.07500515534430452,0.983825280807034
73.28347508682985,4.561462730187341,-0.07572165919746787,0.983670768112908
73.28347508682985,4.560795493405063,-0.07638889597974607,0.9835268797689798
73.09162756459352,4.56135682504557,-0.07582756433923965,0.9836479298703713
72.89483976281461,4.562141216741771,-0.0750431726430385,0.9838170824488189
72.70299224057828,4.562409275886075,-0.07477511349873467,0.9838748888938068
72.51114471834192,4.562925608437974,-0.07425878094683558,0.9839862350272668
72.31847381618182,4.563582371202531,-0.07360201818227807,0.9841278646691808
72.12662629394549,4.564078918017721,-0.07310547136708845,0.9842349440461248
71.93477877170915,4.56404400640253,-0.0731403829822792,0.9842274154226629
71.7429312494728,4.564571199516455,-0.07261318986835441,0.9843411036156818
71.7429312494728,4.564640249658227,-0.07254413972658202,0.9843559941475163
71.55108372723646,4.56491412829367,-0.07227026109113943,0.9844150555547075
71.35923620500012,4.565129817349366,-0.07205457203544352,0.9844615684896234
71.16656530284003,4.565094903068354,-0.07208948631645562,0.9844540392912823
70.97554116052744,4.5651530926481,-0.07203129673670894,0.9844665877635578
70.78369363829111,4.565402917564556,-0.07178147182025363,0.9845204620319666
70.59102273613101,4.565810241956961,-0.0713741474278482,0.984608300763016
70.39917521389467,4.565233392562025,-0.0719509968227845,0.9844839042873752
70.20732769165832,4.564790767344303,-0.07239362204050614,0.9843884530004402
70.01548016942198,4.565042143769619,-0.07214224561518989,0.984442661848786
70.01548016942198,4.565371495511392,-0.0718128938734175,0.9845136859259236
69.82363264718563,4.565705501779746,-0.07147888760506316,0.984585713742872
69.6317851249493,4.566061231837973,-0.07112315754683607,0.9846624262538174
69.43335056332288,4.566013516275948,-0.07117087310886117,0.9846521364835563
69.24150304108653,4.566261013929113,-0.07092337545569638,0.9847055088820599
69.05047889877395,4.566738166883543,-0.07044622250126586,0.9848084060097917
68.85863137653762,4.567730487425316,-0.06945390195949308,0.985022398048591
68.66596047437751,4.568668497159493,-0.0685158922253164,0.985224678064957
68.47411295214117,4.569661593455695,-0.06752279592911403,0.9854388373937246
68.47411295214117,4.570312539394935,-0.06687184998987394,0.9855792126483145
68.28226542990483,4.570425037116454,-0.06675935226835517,0.9856034725681435
68.08959452774472,4.5709611527392395,-0.06622323664556973,0.9857190848832399
67.89774700550838,4.572372050111391,-0.06481233927341812,0.9860233422199508
67.70095920372948,4.574166993911391,-0.06301739547341789,0.9864104184388971
67.50911168149314,4.573985443382278,-0.06319894600253129,0.9863712674123541
67.3172641592568,4.5738717806962015,-0.06331260868860777,0.9863467562701325
67.12541663702045,4.574800481377214,-0.06238390800759497,0.9865470288068767
66.9335691147841,4.57577689495443,-0.061407494430379295,0.9867575905390025
66.9335691147841,4.576742837179746,-0.060441552205062976,0.9869658941439934
66.74089821262402,4.577345678346835,-0.059838711037974335,0.9870958956958982
66.54905069038767,4.577886061951898,-0.05929832743291108,0.9872124283932608
66.35720316815133,4.578298430081012,-0.058885959303797364,0.9873013547965451
66.15959198644866,4.57900794947848,-0.05817643990632959,0.9874543613060753
65.96774446421232,4.579354370483544,-0.05783001890126549,0.9875290663373993
65.77589694197599,4.580615136713924,-0.05656925267088564,0.9878009481787309
65.58404941973964,4.5806962150481,-0.056488174336709385,0.9878184325673961
65.3922018975033,4.5812753917063285,-0.05590899767848079,0.9879433309129426
65.3922018975033,4.579815229929112,-0.057369159455697094,0.9876284498009129
65.1995309953432,4.580467335501265,-0.056717053883544644,0.9877690751281363
65.00850685303062,4.583083525997467,-0.0541008633873421,0.9883332516362328
64.81583595087052,4.584166620470885,-0.05301776891392418,0.9885668189008637
64.62398842863419,4.585346697577215,-0.05183769180759423,0.988821300285954
64.42637724693151,4.585680317301264,-0.051504072083544905,0.9888932447453577
64.23452972469516,4.586896860197467,-0.05028752918734192,0.9891555899087262
64.04268220245883,4.587728578245569,-0.04945581113924025,0.9893349483250112
63.85083468022249,4.589055680810126,-0.04812870857468354,0.9896211354707272
63.85083468022249,4.590934416751897,-0.04624997263291242,0.9900262813057886
63.658987157986154,4.590504979359492,-0.04667941002531695,0.9899336739483181
63.4671396357498,4.591798332607594,-0.04538605677721552,0.9902125831180855
63.275292113513466,4.592914789853163,-0.04426959953164644,0.9904533450011205
63.08344459127713,4.594230256101265,-0.04295413328354414,0.9907370227973095
62.89159706904078,4.5956648153164545,-0.041519574068354714,0.9910463827654991
62.69974954680444,4.597121098321518,-0.04006329106329165,0.991360427427686
62.50707864464434,4.596217610992404,-0.0409667783924057,0.9911655921023574
62.315231122408,4.5974198010987335,-0.039764588286075764,0.9914248421138692
62.315231122408,4.597428723607594,-0.03975566577721512,0.9914267662359466
62.123383600171664,4.598391173605063,-0.03879321577974615,0.9916343167486397
61.93153607793532,4.600072454718986,-0.0371119346658233,0.9919968818253642
61.73968855569898,4.60129947163291,-0.035884917751899614,0.9922614856907469
61.54701765353888,4.602240587050632,-0.03494380233417704,0.9924644354418667
61.35517013130254,4.603183251311391,-0.034001138073418424,0.9926677191980435
61.16414598898996,4.6039497979898725,-0.033234591394936785,0.9928330235323366
60.971475086829855,4.60513414307848,-0.03205024630632902,0.9930884252996933
60.77962756459352,4.606171076164556,-0.031013313220253025,0.9933120379488797
60.58778004235718,4.606977578194935,-0.030206811189874117,0.9934859585788691
60.58778004235718,4.607725893311391,-0.029458496073417884,0.9936473313114629
60.39593252012083,4.609037864665821,-0.02814652471898782,0.9939302554404739
60.20408499788449,4.6112389705594925,-0.025945418825316757,0.9944049197429566
60.012237475648156,4.611461641405062,-0.025722747979747496,0.9944529382875887
59.82038995341181,4.61146513363291,-0.02571925575189926,0.9944536913798868
59.62277877170915,4.612066809835442,-0.02511757954936744,0.994583441709399
59.4309312494728,4.612899303637974,-0.0242850857468353,0.9947629674156526
59.238260347312696,4.612767020179746,-0.024417369205063544,0.9947344407393076
59.04641282507636,4.612994345551898,-0.024190043832911456,0.9947834630237508
59.04641282507636,4.613814813827847,-0.02336957555696184,0.9949603954480529
58.85456530284002,4.615378940027847,-0.021805449356961937,0.995297696290258
58.662717780603685,4.616963241174683,-0.020221148210126216,0.9956393478214032
58.47087025836734,4.6185044786202525,-0.018679910764556773,0.9959717127472184
58.279022736131004,4.619601152794935,-0.01758323658987404,0.9962082084486171
58.0863518339709,4.620028260258226,-0.017156129126583153,0.9963003133613026
57.894504311734565,4.620816530726581,-0.016367858658227874,0.9964703023895931
57.70265678949823,4.621879842129113,-0.0153045472556963,0.9966996034725877
57.51080926726188,4.623183282850633,-0.014001106534176522,0.9969806879868252
57.51080926726188,4.62465779741772,-0.01252659196708894,0.9972986642507112
57.31896174502554,4.625395635850632,-0.01178875353417741,0.9974577777064109
57.1271142227892,4.626129208967088,-0.011055180417721466,0.9976159713547237
56.93526670055285,4.626835628012657,-0.01034876137215246,0.9977683092792595
56.74259579839275,4.628207340455695,-0.008977048929113884,0.9980641164604833
56.55074827615641,4.6297431502860755,-0.007441239098733732,0.9983953109313989
56.358900753920075,4.630707927546835,-0.0064764618379742345,0.9986033633139972
56.16705323168373,4.63064857300253,-0.0065358163822795134,0.9985905636193289
55.975205709447394,4.630245903136708,-0.006938486248101228,0.9985037286280907
55.78335818721106,4.631759599967088,-0.005424789417721065,0.9988301544725848
55.78335818721106,4.633620104346835,-0.0035642850379744573,0.9992313687059472
55.590687285050954,4.634852940751897,-0.0023314486329120143,0.9994972275335333
55.399663142738376,4.6360334070683535,-0.0011509823164557176,0.9997517928510476
55.20781562050203,4.636330171792404,-0.0008542175924048934,0.9998157895997493
55.01596809826569,4.637758135762024,0.0005737463772144125,1.0001237273157668
54.82412057602935,4.6392671754,0.0020827860151904076,1.0004491488455707
54.632273053793,4.64059078840253,0.0034063990177211068,1.0007345834738681
54.439602151632904,4.641774744281012,0.00459035489620252,1.0009899013088008
54.24775462939656,4.642834563455695,0.0056501740708858605,1.0012184492994973
54.24775462939656,4.643979728946834,0.006795339562025049,1.0014654020611258
54.05590710716022,4.644938300172151,0.007753910787341667,1.0016721161239763
53.864059584923886,4.6455279508481,0.00834356146329096,1.001799273171537
53.67221206268755,4.646772812779746,0.009588423394936818,1.0020677252810748
53.480364540451205,4.647933882569619,0.01074949318481,1.0023181077744971
53.28851701821487,4.649216759134176,0.012032369749366723,1.0025947576673704
53.09666949597853,4.650363089589873,0.01317870020506362,1.0028419616513917
52.90399859381843,4.6511373938126575,0.013953004427848192,1.0030089388853693
52.71215107158208,4.6520905320911385,0.014906142706329284,1.0032144813435608
52.71215107158208,4.6529765609468345,0.01579217156202528,1.0034055517822789
52.52030354934574,4.652982380437974,0.015797991053164928,1.0034068067444823
52.328456027109404,4.653120483387341,0.01593609400253193,1.003436588383031
52.13660850487305,4.653795088503797,0.016610699118987604,1.00358206569422
51.94393760271295,4.654215603387342,0.01703121400253238,1.0036727489296133
51.75209008047661,4.655004649610126,0.017820260225316353,1.003842905247872
51.560242558240276,4.656040417731645,0.01885602834683553,1.0040662666746658
51.36839503600394,4.656797266146834,0.019612876762025166,1.0042294795969127
51.176547513767595,4.65740941903291,0.0202250296481008,1.0043614892033188
51.176547513767595,4.658406780645569,0.021222391260759643,1.0045765683394736
50.98469999153126,4.6592524649392395,0.022068075554430244,1.0047589385500708
50.79285246929492,4.659483669083544,0.022299279698734686,1.0048087972843567
50.60018156713482,4.659986813810125,0.02280242442531577,1.004917299488352
50.40915742482223,4.660833271192404,0.023648881807594613,1.0050998364140382
50.217309902585896,4.661795334645569,0.024610945260759465,1.0053073035691868
50.02463900042579,4.662904034346834,0.025719644962024724,1.005546392552537
49.83279147818944,4.664112430488607,0.02692804110379754,1.0058069808837966
49.640943955953105,4.664884796658226,0.02770040727341705,1.005973540180293
49.448273053793,4.665558239475948,0.02837385009113902,1.006118766843969
49.448273053793,4.6663255619088595,0.02914117252405024,1.0062842384682305
49.25724891148043,4.667029651025316,0.029845261640506493,1.0064360739479816
49.06540138924409,4.667622793929112,0.030438404544303133,1.0065639840878402
48.87273048708399,4.667868740073417,0.030684350688607864,1.006617021906407
48.68088296484765,4.667994041741771,0.03080965235696187,1.0066440429730354
48.48903544261131,4.668413778205063,0.031229388820253945,1.0067345583435807
48.297187920374974,4.66932424732405,0.03213985793924046,1.0069308992786254
48.10534039813864,4.6704197565341765,0.033235367149367256,1.007167143757632
47.913492875902286,4.671153716194936,0.03396932681012643,1.007325420763489
47.913492875902286,4.671588197324049,0.03440380793924014,1.0074191157931947
47.72164535366595,4.67204478878734,0.03486039940253072,1.007517578874442
47.5297978314296,4.672286856159492,0.035102466774683094,1.007569780243166
47.33795030919326,4.67269728356962,0.035512894184810406,1.0076582881340894
47.14527940703316,4.672774093921517,0.035589704536707956,1.0076748521404881
46.95343188479682,4.671885348592404,0.03470095920759508,1.0074831958994408
46.76158436256048,4.672239916351898,0.03505552696708847,1.0075596577628734
46.56973684032414,4.67383818107848,0.03665379169367089,1.0079043205134515
46.3778893180878,4.6754426518405054,0.03825826245569619,1.0082503215837773
46.3778893180878,4.676781004177214,0.03959661479240495,1.0085389347214762
46.1852184159277,4.677683323875947,0.04049893449113817,1.0087335182495323
45.98760723422503,4.678649655311391,0.04146526592658173,1.0089419057869473
45.796583091912446,4.679636156362024,0.042451766977214866,1.009154642863543
45.60391218975235,4.680240935582278,0.04305654619746857,1.0092850623529293
45.41288804743977,4.680908561574682,0.04372417218987312,1.0094290346292816
45.22104052520343,4.681733684377214,0.044549294992404675,1.0096069707933946
45.028369623043325,4.681206102053164,0.04402171266835442,1.0094931986679516
44.83652210080699,4.680974895243037,0.043790505858227746,1.0094433393587865
44.644674578570644,4.681093601665822,0.04390921228101252,1.0094689381732431
44.644674578570644,4.68176898520253,0.044584595817720896,1.0096145833492802
44.45282705633431,4.682446309458227,0.04526192007341745,1.0097606470376783
44.26097953409796,4.68276479797215,0.045580408587341026,1.0098293284803772
44.06913201186162,4.6831709574,0.04598656801519052,1.0099169159890342
43.87728448962528,4.683299751296201,0.04611536191139187,1.0099446901479605
43.68461358746518,4.683582549774683,0.046398160389873766,1.01000567510235
43.4935894451526,4.684014314430379,0.04682992504556971,1.010098784329726
43.3009185429925,4.684074444729113,0.04689005534430368,1.0101117513143627
43.10907102075616,4.684181512169618,0.046997122784809164,1.0101348402044121
43.10907102075616,4.684844094425316,0.04765970504050632,1.0102777248085295
42.91640011859606,4.685517537243037,0.0483331478582274,1.0104229514722056
42.72537597628348,4.686026498794936,0.04884210941012679,1.0105327080635254
42.53270507412338,4.686745329911392,0.04956094052658244,1.010687722627557
42.3416809318108,4.686514123101264,0.04932973371645488,1.0106378633183917
42.149833409574455,4.686376409362024,0.04919201997721512,1.0106081656122674
41.95716250741435,4.686744554156961,0.04956016477215197,1.0106875553375885
41.765314985178016,4.687550669643037,0.05036628025822765,1.0108613926100336
41.57346746294168,4.6877628664708855,0.05057847708607621,1.0109071524526516
41.57346746294168,4.688466955587341,0.051282566202531576,1.0110589879324023
41.380796560781576,4.689103156860758,0.051918767475949146,1.0111961835278318
41.1831853790789,4.689572549605062,0.05238816022025272,1.011297407180999
40.99216123676633,4.690094315103797,0.05290992571898734,1.0114099249191182
40.800313714529985,4.690536940321518,0.05335255093670899,1.011505376206053
40.60846619229365,4.690882196362025,0.05369780697721538,1.0115798300149843
40.41661867005731,4.69108081615443,0.053896426769620476,1.0116226619957138
40.22477114782096,4.691209996594935,0.05402560721012595,1.0116505195121848
40.03210024566086,4.6907755154658215,0.05359112608101224,1.011556824482479
40.03210024566086,4.689895306101265,0.05271091671645589,1.0113670090059648
39.84025272342452,4.689189276265822,0.05200488688101235,1.0112147550138526
39.64840520118818,4.688979409367088,0.05179501998227831,1.01116949761602
39.45573429902808,4.689557810270885,0.05237342088607555,1.0112942286715978
39.26388677679174,4.6896811712202515,0.05249678183544226,1.0113208312258652
39.07286263447916,4.689388285268353,0.052203895883543794,1.011257670927006
38.881015112242814,4.6896225924303785,0.05243820304556923,1.0113081988211656
38.68340393054015,4.6894290163746835,0.0522446269898742,1.0112664545126715
38.491556408303815,4.689583412832911,0.052399023448101545,1.0112997498154377
38.491556408303815,4.6900609523316446,0.05287656294683529,1.0114027303007138
38.29888550614371,4.6898638840481,0.05267949466329114,1.0113602328999214
38.107037983907375,4.689480610708859,0.052296221324049874,1.0112775807327747
37.915190461671024,4.689583799377214,0.05239940999240478,1.011299833172982
37.72334293943469,4.689502334498733,0.052317945113923514,1.0112822654267721
37.53149541719834,4.6894146635848095,0.05223027420000026,1.0112633593608145
37.33388423549568,4.689488370918987,0.0523039815341777,1.0112792542073394
37.142036713259344,4.689858453767087,0.05267406438227784,1.0113590618701418
36.95018919102299,4.689806083678481,0.052621694293671695,1.01134776836007
36.95018919102299,4.689851858521518,0.05266746913670861,1.01135763961797
36.758341668786656,4.690108278683542,0.05292388929873315,1.0114129361385507
36.56567076662655,4.690054357086074,0.052869967701265175,1.0114013080485418
36.374646624313975,4.6899496169088595,0.05276522752405022,1.0113787210283975
36.18279910207764,4.690299916686074,0.0531155273012649,1.0114542625095637
35.990128199917535,4.690496209215189,0.05331181983037947,1.0114965926203878
35.798280677681184,4.690616853691138,0.05343246430632842,1.0115226093723257
35.60643315544485,4.6905706896379735,0.053386300253164265,1.0115126541820016
35.41458563320851,4.690565259356961,0.053380869972151856,1.0115114831522223
35.22191473104841,4.691100599225315,0.053916209840505935,1.01162692817735
35.22191473104841,4.691147539032911,0.05396314964810145,1.0116370506576429
35.03006720881207,4.6902293123696195,0.05304492298481023,1.011439036822913
34.838219686575734,4.690106340630379,0.052921951245569865,1.0114125182010696
34.641431884796816,4.690125737156961,0.05294134777215209,1.0114167010251613
34.44958436256048,4.689737033536708,0.05255264415189842,1.0113328778282353
34.25773684032414,4.689370051040505,0.05218566165569616,1.0112537387504272
34.0658893180878,4.688964667367087,0.05178027798227802,1.011166318531739
33.8732184159277,4.68757316918734,0.05038877980253087,1.0108662445939993
33.68137089369136,4.687457565782277,0.05027317639746798,1.0108413149394169
33.68137089369136,4.688264067812658,0.05107967842784866,1.0110152355694066
33.489523371455014,4.688532126956961,0.05134773757215161,1.0110730420143943
33.29767584921868,4.688262905513922,0.05107851612911318,1.0110149849218935
33.10582832698233,4.687696530136708,0.05051214075189847,1.010892847148267
32.91315742482223,4.687338083605062,0.05015369422025273,1.0108155488349917
32.72213328250966,4.687521574853164,0.050337185468354306,1.0108551183738959
32.52452210080698,4.687674030592404,0.05048964120759436,1.010887995164301
32.332674578570646,4.68698196700253,0.049797577617720634,1.0107387529665015
32.140003676410544,4.686668130349366,0.049483740964556766,1.010671074688734
32.140003676410544,4.686320547045569,0.04913615766075985,1.0105961190098973
31.948979534097965,4.685997404005062,0.04881301462025256,1.0105264338273874
31.756308631937866,4.686338781273417,0.049154391888607485,1.0106000511864763
31.564461109701526,4.686572312681012,0.04938792329620245,1.0106504117906674
31.371790207541427,4.68651878029367,0.049334390908860826,1.0106388676330824
31.180766065228838,4.686479987240506,0.04929559785569637,1.0106305019848987
30.98809516306874,4.686280591693669,0.049096202308859915,1.0105875027142006
30.79707102075616,4.686211928096201,0.04902753871139165,1.0105726955399106
30.605223498519823,4.685841845248101,0.04865745586329151,1.0104928878771082
30.605223498519823,4.68532396118734,0.04813957180253059,1.010381207163711
30.41255259635972,4.684541507544303,0.047357118159493616,1.0102124725227448
30.220705074123384,4.683662852354429,0.04647846296961955,1.0100229922010466
30.02803417196328,4.6835941887569605,0.046409799372151284,1.0100081850267568
29.837010029650695,4.6835228086860745,0.046338419301265255,1.0099927920501373
29.644339127490593,4.683400612701265,0.04621622331645536,1.0099664407182625
29.453314985178018,4.6835453082303795,0.046360918845570254,1.0099976440341034
29.261467462941678,4.683724920706329,0.046540531321519474,1.010036377123165
29.067973180857816,4.6838226790936694,0.04663828970886019,1.0100574585335924
28.876949038545227,4.683982116622784,0.046797727237974485,1.0100918409337143
28.876949038545227,4.6832256574177205,0.0460412680329112,1.0099287119438913
28.68510151630889,4.6822030771215175,0.04501868773670825,1.0097081944465618
28.49325399407255,4.682046742610126,0.04486235322531673,1.009674481206314
28.301406471836213,4.681953252205062,0.04476886282025294,1.0096543201781527
28.109558949599872,4.681871398116455,0.04468700873164533,1.0096366684995188
27.917711427363535,4.681956741767088,0.044772352382278946,1.0096550726955713
27.725863905127184,4.681180886035442,0.043996496650632544,1.0094877608816564
27.534016382890847,4.679981798946834,0.04279740956202449,1.0092291800300186
27.341345480730745,4.679609388835442,0.04242499945063294,1.0091488704973108
27.341345480730745,4.6800147725088594,0.042830383124050186,1.0092362907159989
27.14373429902808,4.679867749716455,0.04268336033164566,1.0092045855302527
26.952710156715504,4.679375079007594,0.04219068962278438,1.0090983420282715
26.7600392545554,4.679230770022784,0.0420463806379745,1.0090672220699752
26.568191732319054,4.678078236197467,0.04089384681265784,1.008818680341086
26.376344210082713,4.677480825311391,0.04029643592658161,1.0086898498189605
26.184496687846377,4.6773613431341765,0.04017695374936725,1.0086640837145355
25.992649165610036,4.677478111503796,0.04029372211898696,1.0086892645915106
25.8008016433737,4.677512636574683,0.0403282471898736,1.008696709857428
25.8008016433737,4.677602248207594,0.040417858822785035,1.0087160344357466
25.608130741213596,4.677108415199999,0.039924025815190056,1.0086095402862525
25.41628321897725,4.67681630500253,0.03963191561772117,1.0085465472773618
25.22443569674091,4.676050923288607,0.03886653390379813,1.0083814941654616
25.03258817450457,4.675521013701265,0.03833662431645557,1.008267220170113
24.84074065226823,4.675434505086074,0.03825011570126513,1.0082485647516681
24.648893130031894,4.675400366559492,0.038215977174682614,1.0082412028432952
24.45622222787179,4.675233944574683,0.03804955518987363,1.0082053142585778
24.265198085559206,4.67488364746329,0.03769925807848118,1.0081297733522911
24.265198085559206,4.673982100853164,0.03679771146835442,1.0079353565393236
24.07335056332287,4.67305029715443,0.03586590776962062,1.0077344148427057
23.875739381620203,4.672948273450633,0.035763884065823426,1.007712413624891
23.683891859383863,4.67283499730886,0.03565060792405106,1.007687985840214
23.486280677681187,4.672323319283543,0.035138929898733906,1.0075776434465646
23.29443315544485,4.6720331498050625,0.0348487604202532,1.0075150689500352
23.10258563320851,4.671360869286075,0.03417647990126582,1.0073700929338718
22.910738110972172,4.671240611354429,0.034056221969620104,1.0073441595394783
22.71806720881207,4.671194060756961,0.03400967137215183,1.0073341209916096
22.71806720881207,4.671051303281011,0.033866913896202,1.0073033356132501
22.526219686575732,4.670835614225315,0.03365122484050609,1.0072568226783345
22.334372164339392,4.6705594109924045,0.0333750216075952,1.0071972599761172
22.142524642103044,4.669572134187341,0.03238774480253159,1.006984355609553
21.950677119866704,4.66956321167848,0.03237882229367095,1.0069824314874756
21.758006217706605,4.668406407205063,0.031222017820253356,1.0067329688014401
21.5612184159277,4.667565766648099,0.030381377263290155,1.0065516862630774
21.36937089369136,4.667665076544303,0.03048068715949359,1.0065731022534425
21.17669999153126,4.668217488341772,0.03103309895696249,1.0066922288076363
21.17669999153126,4.6684312366784795,0.03124684729367022,1.006738323230191
20.98485246929491,4.667863696336708,0.03067930695189869,1.0066159342341718
20.793004947058574,4.666665774212658,0.029481384827848345,1.006357604604927
20.601157424822233,4.665673842881011,0.02848945349620191,1.0061436964985517
20.409309902585896,4.665057811222784,0.02787342183797481,1.006010850442303
20.217462380349556,4.664743201481012,0.0275588120962027,1.0059430054494467
20.024791478189456,4.664618289022783,0.027433899637974157,1.005916068315242
19.833767335876868,4.6643882471772145,0.027203857792405195,1.0058664602284695
19.64109643371677,4.664128723997467,0.026944334612657883,1.0058104945480144
19.449248911480428,4.664067817944303,0.02688342855949344,1.0057973602734094
19.449248911480428,4.663863767870885,0.026679378486075933,1.0057533572629005
19.25740138924409,4.663527434339239,0.026343044954430184,1.0056808275760467
19.06555386700775,4.663178686070885,0.025994296686075558,1.0056056206748174
18.873706344771414,4.662980455488607,0.0257960661037977,1.005562872626512
18.6810354426113,4.6628148092582276,0.025630419873418298,1.005527151331763
18.490011300298725,4.662135546949366,0.02495115756455668,1.0053806697058831
18.298163778062385,4.661840333734176,0.0246559443493668,1.0053170075371185
18.106316255826048,4.661804257154429,0.024619867769620107,1.0053092276912643
17.913645353665945,4.661170383144303,0.02398599375949395,1.0051725339657405
17.913645353665945,4.660433707010125,0.023249317625316124,1.0050136711575535
17.72179783142961,4.659665219612657,0.02248083022784808,1.0048479483108996
17.529950309193257,4.65926720693924,0.022082817554430534,1.0047621176343517
17.33810278695692,4.659262938956961,0.02207854957215183,1.0047611972520853
17.145431884796817,4.659030183303797,0.021845793918987333,1.0047110039378626
16.954407742484243,4.658377685855696,0.021193296470886303,1.0045702941033359
16.76173684032414,4.657948251129113,0.020763861744304002,1.0044776873207448
16.570712698011565,4.657479631473417,0.02029524208860778,1.0043766303826664
16.378041795851452,4.657231358065822,0.020046968681012522,1.0043230906941942
16.378041795851452,4.65701062793924,0.019826238554430553,1.0042754906619231
16.186194273615115,4.656488086686076,0.019303697301266354,1.0041628056338359
15.994346751378776,4.656745671812657,0.019561282427847715,1.004218353376809
15.802499229142438,4.656176969172151,0.01899257978734159,1.004095713733277
15.610651706906099,4.655862359430378,0.018677970045568593,1.0040278687404205
15.417980804745998,4.655379776194936,0.018195386810126557,1.0039238005829094
15.22695666243341,4.654922022432911,0.017737633048101387,1.0038250868541492
15.035109140197072,4.654137241526581,0.016952852141772112,1.003655850343277
14.842438238036971,4.653242292827848,0.01605790344303859,1.0034628563573615
14.650590715800632,4.652557597572151,0.015373208187341447,1.0033152031268227
14.650590715800632,4.6526988035392405,0.015514414154431222,1.0033456539252452
14.458743193564294,4.652341521972152,0.015157132587342304,1.0032686068343626
14.266895671327955,4.651538898713923,0.014354509329113974,1.0030955226542153
14.075048149091616,4.650802611789872,0.013618222405062497,1.0029367437784524
13.883200626855267,4.648781115706329,0.011596726321519313,1.002500811990152
13.691353104618928,4.647653797898733,0.01046940851392364,1.0022577080475579
13.49950558238259,4.648482412929114,0.011298023544304314,1.002436397303969
13.306834680222488,4.648881201356961,0.011696811972151444,1.0025223952704851
13.110046878443585,4.6487791776531635,0.01159478826835425,1.0025003940526704
13.110046878443585,4.648798574179746,0.011614184794936477,1.0025045768767624
12.917375976283473,4.648194181503797,0.011009792118987782,1.0023742407449208
12.725528454047135,4.647674745934176,0.010490356549366808,1.0022622254515867
12.533680931810796,4.647594443354429,0.010410053969620137,1.0022449083528897
12.341833409574457,4.647217765260759,0.01003337587594988,1.0021636784379153
12.149985887338119,4.6467161747088594,0.00953178532405019,1.0020555113887362
11.95813836510178,4.645725794886075,0.008541405501265587,1.001841937862298
11.76629084286543,4.645581872445568,0.008397483060758937,1.0018109012615461
11.57361994070533,4.64513730650886,0.007952917124050884,1.0017150314622503
11.57361994070533,4.644157400703796,0.006973011318986977,1.0015037166378264
11.38177241846899,4.643831151979746,0.006646762594936462,1.001433361720563
11.189924896232652,4.644033650544302,0.006849261159493025,1.0014770301511349
10.998077373996313,4.644095332351897,0.006910942967087941,1.0014903317157084
10.805406471836212,4.64400843452658,0.006824045141771151,1.0014715923648394
10.614382329523627,4.643363699954429,0.006179310569620178,1.0013325565797568
10.422534807287288,4.642694522453164,0.005510133068354683,1.0011882497234676
10.229863905127186,4.642299223587341,0.005114834202531782,1.0011030042743696
10.038016382890847,4.642764348349366,0.005579958964556653,1.0012033075452704
10.038016382890847,4.6428000383848085,0.005615648999999223,1.00121100403358
9.846168860654508,4.642541677503797,0.005357288118987391,1.001155289000638
9.649381058875607,4.642134742321518,0.004950352936708313,1.0010675342020128
9.457533536639257,4.641641685068354,0.004457295683544693,1.0009612073424874
9.264862634479156,4.64145353929367,0.004269149908861181,1.0009206340637724
9.068074832700253,4.6415012548556955,0.0043168654708862775,1.0009309238340334
8.876227310463914,4.641728969437974,0.004544580053164715,1.0009800300509006
8.683556408303813,4.641870951159493,0.004686561774684073,1.0010106481392917
8.491708886067464,4.64138914367848,0.004204754293670732,1.0009067472717488
8.491708886067464,4.6413980661873415,0.004213676802532262,1.0009086713938264
8.299861363831125,4.640938371706327,0.0037539823215180235,1.0008095391527048
8.108013841594786,4.640085705622783,0.002901316237974072,1.0006256633323911
7.916166319358448,4.639346702225315,0.00216231284050572,1.000466298654299
7.724318797122109,4.6388187306911375,0.0016343413063282242,1.0003524425964319
7.53247127488577,4.639367650260759,0.0021832608759497774,1.000470816058328
7.340623752649421,4.639968161498733,0.002783772113923888,1.0006003151654475
7.143012570946755,4.640058548886075,0.002874159501265794,1.0006198070337349
6.950341668786654,4.639519330245569,0.0023349408607593602,1.0005035255587647
6.950341668786654,4.639202393240505,0.002018003855695838,1.0004351786960026
6.758494146550316,4.639260193610125,0.002075804225316169,1.000447643235854
6.566646624313977,4.6393001489620245,0.002115759577215215,1.0004562595315507
6.374799102077638,4.639144203660758,0.0019598142759491566,1.0004226302237271
6.182951579841289,4.639100756081011,0.0019163666962018766,1.0004132608357323
5.99110405760495,4.639167478959492,0.0019830895746828503,1.0004276494976612
5.798433155444849,4.6383978292632895,0.0012134398784802158,1.0002616760034944
5.600821973742184,4.637873349956961,0.0006889605721518421,1.0001485730379256
5.409797831429608,4.637995548607594,0.0008111592227848519,1.00017492494468
5.409797831429608,4.637866368167088,0.0006819787822784917,1.0001470674282091
5.217950309193259,4.637601412040505,0.00041702265569565355,1.000089930143095
5.025279407033158,4.637536627215189,0.00035223783037974243,1.0000759594186477
4.833431884796819,4.6377228349367075,0.0005384455518981923,1.0001161147598812
4.64158436256048,4.637992056379747,0.0008076669949375059,1.0001741718523822
4.4497368403241415,4.637884986273416,0.0007005968886071301,1.0001510823874529
4.257889318087803,4.63743150049367,0.0002471111088606648,1.000053289040959
4.066041795851453,4.6363732301620235,-0.00081115922278574,0.9998250750553197
3.8733708936913525,4.635711426326581,-0.0014729630582284159,0.9996823583160506
3.6815233714550137,4.637515292635443,0.0003309032506333409,1.0000713586570744
3.6815233714550137,4.6397416118810115,0.0025572224962022716,1.0005514601709729
3.483912189752348,4.637537792179746,0.0003534027949365637,1.0000762106410401
3.2920646675160095,4.636436076934176,-0.0007483124506331151,0.9998386278422859
3.1002171452796707,4.635842934030379,-0.001341455354430643,0.999710717702427
2.909193002967084,4.635440264164556,-0.0017441252202532453,0.9996238827111887
2.716522100806983,4.635701728063291,-0.0014826613215186413,0.9996802669040048
2.5246745785706444,4.636090042473416,-0.001094346911393096,0.9997640061685065
2.3328270563343056,4.636178491807594,-0.0010058975772153644,0.9997830800993124
2.1401561541742042,4.6363034042658215,-0.0008809851189877094,0.9998100172335169
2.1401561541742042,4.63659629021772,-0.0005880991670892399,0.999873177532376
1.9491320118616282,4.636700254640505,-0.0004841347443038657,0.9998955972625518
1.756461109701527,4.635634226764556,-0.0015501626202532037,0.9996657103772276
1.5654369673889403,4.635414272392404,-0.0017701169924055904,0.9996182776349248
1.3727660652288391,4.635012767491138,-0.0021716218936713716,0.9995316938660791
1.1809185429925004,4.6348312169620245,-0.002353172422784766,0.9994925428395361
0.9890710207561617,4.636150559316455,-0.0010338300683541135,0.9997770565106877
0.797223498519823,4.637696067410125,0.0005116780253153763,1.0001103423936488
0.605375976283474,4.638634077144303,0.001449687759493834,1.0003126224100152
0.605375976283474,4.638392009772151,0.001207620387341457,1.0002604210412909
0.41270507412337276,4.638209683488606,0.0010252941037967034,1.0002211027247792
0.2216809318107965,4.637558351005063,0.0003739616202533824,1.000080644112645
0.029833409574457806,4.637184389384809,0.0,1.0
-0.1620141126618809,4.636953185240505,-0.00023120414430444214,0.9999501412657142
-0.35468501482198206,4.636869390432911,-0.0003149989518984597,0.9999320710747195
-0.5465325370583207,4.6370749946810115,-0.00010939470379778271,0.9999764092400448
-0.7383800592946699,4.638300460086075,0.0011160707012658477,1.0002406785254907
-0.9302275815310086,4.636212630334176,-0.0009717590506328477,0.9997904420076852
-0.9302275815310086,4.634737337346834,-0.002447052037974906,0.9994722978789508
-1.1220751037673473,4.635074835843038,-0.0021095535417714473,0.9995450787881973
-1.313922626003686,4.635492245043037,-0.0016921443417725612,0.9996350922888367
-1.5065935281637872,4.635864657820252,-0.001319731564557003,0.9997154023964244
-1.697617670476374,4.636543530918987,-0.0006408584658226246,0.99986180008988
-1.8902885726364749,4.636790642027847,-0.00039374735696195984,0.9999150891308392
-2.082136094872814,4.664243162437974,0.027058773053164842,1.0058351729802046
-2.2739836171091525,4.659555435698733,0.022371046313923948,1.0048242736185204
-2.4658311393454913,4.644535241096201,0.007350851711391826,1.0015851972003138
-2.65767866158183,4.635592719903797,-0.0015916694810123033,0.9996567595015942
-2.65767866158183,4.635446083655695,-0.0017383057291144866,0.9996251376733921
-2.850349563741931,4.63612650826329,-0.0010578811215191664,0.9997718699467848
-3.04219708597828,4.636007026086075,-0.001177363298734413,0.9997461038423597
-3.2340446082146186,4.636300687792404,-0.0008837015924054725,0.9998094314311874
-3.4258921304509573,4.636631980253164,-0.0005524091316448931,0.999880874020686
-3.617739652687296,4.637289905316455,0.00010551593164542794,1.0000227543101126
-3.8095871749236347,4.637226285455695,4.189607088544989e-05,1.0000090348080575
-4.001434697159974,4.6371863301037965,1.9407189872922004e-06,1.000000418512361
-4.193282219396322,4.637238310982278,5.392159746886449e-05,1.000011628090009
-4.193282219396322,4.637248398455696,6.400907088632835e-05,1.000013803434479
-4.385129741632661,4.642130087794936,0.004945698410126376,1.001066530462202
-4.577800643792763,4.642182068673416,0.00499767928860706,1.0010777400398498
-4.769648166029091,4.638715155478479,0.0015307660936700884,1.0003301067986803
-4.96149568826545,4.637473396564555,0.0002890071797461147,1.0000623238490165
-5.153343210501789,4.6373721459493655,0.00018775656455627399,1.0000404893462909
-5.345190732738128,4.637815160377214,0.0006307709924051608,1.00013602456565
-5.537861634898229,4.6377375742708855,0.0005531848860762523,1.0001192932692826
-5.728885777210805,4.637258096718987,7.370733417744191e-05,1.000015894846525
-5.728885777210805,4.637247233491139,6.28441063295071e-05,1.0000135522120865
-5.920733299447144,4.637558740215189,0.0003743508303797327,1.000080728045069
-6.1125808216834825,4.637625463093669,0.0004410737088598182,1.0000951167069978
-6.311015383309921,4.637108743997468,-7.56453873416163e-05,0.9999836872159936
-6.502039525622497,4.6368860731518975,-0.0002983162329117661,0.9999356686713613
-6.693887047858836,4.637628566111391,0.00044417672658170204,1.0000957858668718
-6.886557950018937,4.6375626189873405,0.0003782296025311993,1.0000815644949115
-7.078405472255276,4.637601025496202,0.00041663611139242107,1.0000898467855508
-7.2702529944916146,4.637847747394937,0.0006633580101276237,1.000143051894086
-7.2702529944916146,4.637797315359492,0.0006129259746829874,1.000132176321495
-7.4629238966517155,4.637943175853163,0.0007587864683538115,1.0001636308597284
-7.653948038964292,4.638055676240505,0.0008712868556957076,1.000187891354437
-7.846618941124393,4.638128218610126,0.0009438292253163283,1.0002035349785696
-8.037643083436969,4.638320632367088,0.0011362429822785458,1.000245028639551
-8.230313985597071,4.638093304329113,0.0009089149443033406,1.0001960057802282
-8.42216150783343,4.6382201575063275,0.001035768121518288,1.0002233614267937
-8.614009030069768,4.639390925559493,0.002206536174683471,1.000475835332262
-8.805856552306107,4.6405275550860745,0.0033431657012652494,1.0007209473293575
-8.997704074542446,4.640738976159493,0.0035545867746833437,1.000766539882007
-8.997704074542446,4.640689709088607,0.003505319703797305,1.0007559155318089
-9.189551596778784,4.6410369058481,0.003852516463290989,1.000830787853101
-9.382222498938885,4.641092378954429,0.003907989569619907,1.000842750523047
-9.573246641251462,4.639972818691138,0.0027884293063289434,1.000601319480138
-9.7650941634878,4.6403444530481,0.003160063663290913,1.0006814617228774
-9.957765065647902,4.641016344356961,0.003831954972151941,1.0008263538066167
-10.14961258788424,4.641431428959493,0.00424703957468342,1.0009158660122306
-10.34475362981563,4.64206530296962,0.0048809135848104646,1.0010525597377546
-10.539071291823255,4.642655729399999,0.005471340015189341,1.0011798840752837
-10.539071291823255,4.642583576240505,0.005399186855695959,1.0011643243835755
-10.730918814059594,4.642694522453164,0.005510133068354683,1.0011882497234676
-10.922766336295933,4.642970339141771,0.00578594975696145,1.0012477290681403
-11.114613858532271,4.643395508551898,0.006211119167089052,1.0013394160433446
-11.30646138076861,4.643989813754429,0.006805424369619395,1.001467576830716
-11.498308903004949,4.643978953192404,0.006794563807594578,1.0014652347711572
-11.690156425241309,4.643986710736708,0.006802321351898399,1.0014669076708422
-11.88282732740141,4.644613216412657,0.007428827027847973,1.0016020124291054
-12.074674849637749,4.644991446015189,0.00780705663038006,1.0016835769240169
-12.074674849637749,4.645046919121518,0.007862529736708979,1.001695539593963
-12.266522371874087,4.645399156951897,0.008214767567087833,1.0017714990126105
-12.459193274034188,4.645303728493669,0.008119339108859869,1.0017509200469679
-12.650217416346765,4.645387131425315,0.008202742040505306,1.001768905730659
-12.842064938583103,4.645514760356962,0.008330370972152501,1.0017964286671934
-13.033912460819442,4.6451299355088596,0.007945546124050296,1.0017134419201097
-13.226583362979543,4.6452998497215185,0.00811546033670929,1.0017500835971256
-13.418430885215882,4.6464989341443035,0.009314544759494225,1.0020086638738837
-13.61027840745222,4.647330652192404,0.010146262807595008,1.0021880222901685
-13.80212592968856,4.648297370172151,0.011112980787341797,1.002396493185128
-13.80212592968856,4.648736892372151,0.011552502987341562,1.0024912753121888
-13.98738641253482,4.649124822903796,0.011940433518986993,1.0025749317940258
-13.98738641253482,4.649077883096202,0.011893493711392367,1.0025648093137332
-13.98738641253482,4.649256717151898,0.012072327767088886,1.0026033745379468
-13.98738641253482,4.649370769048099,0.012186379663289948,1.0026279696125922
-13.98738641253482,4.649332751749366,0.012148362364556853,1.0026197712543772
-13.98738641253482,4.649286976906327,0.01210258752151816,1.002609899996477
-13.98738641253482,4.648912236865821,0.011727847481012077,1.0025290880189839
-13.98738641253482,4.648367974488606,0.011183585103796467,1.0024117188717785
-13.98738641253482,4.648203879767088,0.011019490382278896,1.0023763321569668
-13.98738641253482,4.648324524243037,0.011140134858227846,1.0024023489089045
-13.98738641253482,4.648429267086075,0.01124487770126592,1.0024249365039284
-13.98738641253482,4.648033579010126,0.010849189625316669,1.0023396071224064
-13.98738641253482,4.647635952881012,0.010451563496202354,1.002253859803403
-13.98738641253482,4.647523065949366,0.010338676564556337,1.0022295159511498
-13.98738641253482,4.648182931731644,0.010998542346834839,1.0023718147529377
-13.98738641253482,4.648513445772151,0.01132905638734183,1.0024430894775882
-13.98738641253482,4.648412973577214,0.01122858419240469,1.0024214228397104
-13.98738641253482,4.648398620787341,0.011214231402531638,1.0024183276878535
-13.98738641253482,4.6477007377063275,0.010516348321518265,1.0022678305278505
-13.98738641253482,4.647500566405062,0.010316177020253114,1.0022246639671841
-13.98738641253482,4.647469530896202,0.010285141511392482,1.0022179712186854
-13.98738641253482,4.647177420698733,0.009993031313923595,1.0021549782097945
-13.98738641253482,4.646906258536708,0.009721869151898765,1.0020965026049327
-13.98738641253482,4.647420653035442,0.010236263650632793,1.0022074308009112
-13.98738641253482,4.647978105903797,0.01079371651898775,1.0023276444524605
-13.98738641253482,4.648211637311392,0.011027247926582717,1.0023780050566515
-13.98738641253482,4.6484075432962015,0.01122315391139228,1.002420251809931
