Angle (degree),rho (mOhm cm),Delta rho (mOhm cm),rho/rho(theta=0)
100.43616117361157,4.358804025684022,-0.10506430279712742,0.9764633956322641
100.43616117361157,4.358827347382405,-0.10504098109874427,0.9764686201811681
100.43616117361157,4.358904544211849,-0.10496378426930075,0.9764859138878285
100.43616117361157,4.358902936136445,-0.10496539234470426,0.9764855536452575
100.43616117361157,4.358681261192101,-0.10518706728904892,0.9764358938148072
100.43616117361157,4.3586745599569126,-0.10519376852423701,0.9764343925977697
100.43616117361157,4.358778561727109,-0.10508976675404025,0.9764576911725804
100.43616117361157,4.358862459791742,-0.10500586868940776,0.9764764860962787
100.43616117361157,4.3588587076157985,-0.10500962086535104,0.9764756455302791
100.43616117361157,4.358812603928187,-0.10505572455296264,0.9764653173386258
100.43616117361157,4.358850934330341,-0.10501739415080813,0.9764739041515276
100.43616117361157,4.358824129389587,-0.10504419909156226,0.976467899283377
100.43616117361157,4.3589198236912035,-0.1049485047899461,0.9764893368112282
100.43616117361157,4.359142034660683,-0.10472629382046694,0.9765391167225355
100.43616117361157,4.359183314122083,-0.10468501435906674,0.9765483641864754
100.43616117361157,4.3590675179569125,-0.10480081052423706,0.9765224234201604
100.43616117361157,4.358990319285459,-0.10487800919569068,0.9765051293008511
100.43616117361157,4.358968340412927,-0.10489998806822243,0.9765002055730628
100.43616117361157,4.358834851734291,-0.10503347674685859,0.9764703013131669
100.43616117361157,4.358727900904847,-0.10514042757630282,0.9764463420873175
100.43616117361157,4.35907073410772,-0.10479759437342917,0.9765231439053026
100.43616117361157,4.3590908378132855,-0.10477749066786401,0.9765276475564155
100.24431365137522,4.358901328061042,-0.10496700042010776,0.9764851934026864
100.04670246967254,4.358966999429085,-0.10490132905206462,0.9764999051645957
100.04670246967254,4.35920583086176,-0.1046624976193895,0.9765534084077696
99.85567832735997,4.359221377432675,-0.10464695104847443,0.976556891165273
99.66300742519986,4.359107187500898,-0.10476114098025135,0.9765313102288802
99.47115990296354,4.35878311886176,-0.10508520961938927,0.9764587120661902
99.27931238072718,4.358870502010773,-0.10499782647037659,0.9764782877217836
99.08170119902452,4.359064568897666,-0.10480375958348365,0.976521762769122
98.88985367678818,4.358917679590665,-0.104950648890485,0.9764888564877999
98.69800615455183,4.358669197863555,-0.10519913061759478,0.97643319137655
98.5061586323155,4.358453688129265,-0.10541464035188497,0.9763849126822804
98.5061586323155,4.358470575684022,-0.10539775279712771,0.976388695848251
98.31431111007916,4.358416160843806,-0.10545216763734366,0.9763765057843397
98.1224635878428,4.358539194269301,-0.10532913421184897,0.9764040678485497
97.9297926856827,4.358471914825853,-0.1053964136552965,0.9763889958440691
97.73794516344635,4.358371665231598,-0.10549666324955176,0.9763665378352575
97.54609764121003,4.35817143313465,-0.10569689534649918,0.9763216816517384
97.35425011897368,4.35795136626571,-0.10591696221543945,0.9762723820638594
97.16240259673735,4.357883550797128,-0.10598477768402148,0.9762571899785217
96.97055507450101,4.35815079340395,-0.10571753507719972,0.9763170579197683
96.77870755226466,4.358467090599642,-0.1054012378815079,0.9763879151163558
96.77870755226466,4.358425542204668,-0.10544278627648129,0.9763786074056627
96.58686003002833,4.3581438250771996,-0.10572450340395001,0.9763154968686266
96.39418912786823,4.357903116635548,-0.10596521184560181,0.9762615731361286
96.19740132608932,4.3577074435152605,-0.10616088496588905,0.9762177382588678
96.00473042392922,4.357664554136446,-0.10620377434470374,0.9762081301397078
95.81370628161663,4.357734782639139,-0.10613354584201051,0.9762238627952265
95.6218587593803,4.357753011177738,-0.10611531730341195,0.976227946369664
95.4291878572202,4.357771506807899,-0.1060968216732503,0.9762320897782059
95.23734033498386,4.357581192096948,-0.10628713638420173,0.9761894552968666
95.23734033498386,4.357460033838421,-0.10640829464272894,0.9761623133093321
95.04549281274753,4.357264894901257,-0.10660343357989266,0.9761185981002793
94.85364529051118,4.357073777073609,-0.1067945514075408,0.976075783703979
94.66097438835108,4.357023921210055,-0.10684440727109479,0.9760646149463263
94.46995024603848,4.356823420179533,-0.10704490830161628,0.976019698516054
94.27727934387838,4.356696365644525,-0.10717196283662478,0.9759912356390918
94.08543182164205,4.356692344535009,-0.10717598394614036,0.9759903348263395
93.8935842994057,4.356800100323159,-0.10706822815799022,0.9760144743797986
93.70173677716936,4.3567127171741475,-0.10715561130700202,0.9759948987242054
93.70173677716936,4.356586465755835,-0.1072818627253147,0.9759666157622042
93.50988925493303,4.356454318061042,-0.10741401042010779,0.9759370119107756
93.31804173269668,4.356519991271095,-0.10734833721005455,0.9759517240853338
93.12537083053658,4.356424565903052,-0.10744376257809751,0.9759303468042356
92.934346688224,4.356152764319569,-0.10771556416158035,0.9758694575567306
92.7416757860639,4.3557150436158,-0.1081532848653497,0.9757713989511538
92.54982826382756,4.355512667418313,-0.1083556610628369,0.9757260624442062
92.35798074159122,4.3555247289048475,-0.10834359957630202,0.9757287644698144
92.16613321935488,4.355588525105924,-0.10827980337522547,0.9757430561550483
92.16613321935488,4.355709145497308,-0.10815918298384197,0.9757700776490772
91.97346231719479,4.355658484675045,-0.10820984380610454,0.9757587285638142
91.7824381748822,4.355650711389588,-0.10821761709156164,0.9757569871850627
91.5897672727221,4.355891417989229,-0.10797691049192082,0.9758109105049116
91.39874313040951,4.355874263342909,-0.10799406513824028,0.975807067504837
91.20689560817318,4.35563730891921,-0.10823101956193959,0.9757539847509871
91.01504808593684,4.355536790391382,-0.10833153808976714,0.9757314664954225
90.82237718377674,4.355436273705565,-0.1084320547755846,0.9757089486525067
90.63052966154041,4.355805375824058,-0.10806295265709132,0.9757916352577855
90.43868213930405,4.356200477924596,-0.10766785055655337,0.9758801464036042
90.43868213930405,4.356329140535009,-0.10753918794614048,0.9759089695231375
90.24683461706772,4.356291077224417,-0.10757725125673279,0.9759004425443399
90.05498709483138,4.356310913838421,-0.10755741464272894,0.9759048863613489
89.86313957259503,4.3564712056158,-0.10739712286534964,0.9759407950767464
89.67046867043493,4.356368811921006,-0.10749951656014378,0.9759178567445064
89.47944452812236,4.356259179123879,-0.10760914935727062,0.975893296701723
89.28677362596224,4.356404193263914,-0.10746413521723586,0.9759257829063697
89.09492610372591,4.356567971967684,-0.10730035651346537,0.9759624727663114
88.90307858148957,4.356443597558349,-0.10742473092280047,0.9759346102936347
88.90307858148957,4.356264808308797,-0.10760352017235242,0.9758945577570464
88.71123105925324,4.356255426947936,-0.1076129015332139,0.9758924561357235
88.51856015709313,4.35640258518851,-0.10746574329263936,0.9759254226637987
88.32753601478055,4.356671170621185,-0.10719715785996442,0.9759855914261614
88.1356884925442,4.356844328843806,-0.10702399963734344,0.976024382494777
87.9430175903841,4.3569713833788155,-0.10689694510233405,0.9760528453717392
87.75117006814776,4.357182604912029,-0.10668572356912076,0.9761001634191524
87.55932254591143,4.356944578438061,-0.10692375004308818,0.9760468405035886
87.36747502367508,4.356752119626572,-0.10711620885457762,0.9760037256988213
87.36747502367508,4.356702263763016,-0.10716606471813339,0.9759925569411683
87.17480412151498,4.356500423590664,-0.1073679048904852,0.9759473405150779
86.9837799792024,4.3561401668079,-0.10772816167324972,0.9758666354502654
86.79193245696607,4.356231571066428,-0.10763675741472145,0.9758871119186113
86.59926155480596,4.356282767913824,-0.10758556056732527,0.9758985810847312
86.40741403256962,4.356414112491922,-0.107454215989228,0.9759280050211988
86.21556651033328,4.356432875213645,-0.10743545326750414,0.9759322082638446
86.02371898809695,4.356257839982047,-0.10761048849910271,0.9758929967059047
85.8318714658606,4.356062701044883,-0.10780562743626643,0.9758492814968519
85.64002394362426,4.356084681759426,-0.10778364672172369,0.9758542056372891
85.64002394362426,4.356169115849192,-0.10769921263195759,0.9758731206418442
85.44817642138791,4.356476567709157,-0.10739176077199275,0.9759419962979657
85.25632889915158,4.3563028716193894,-0.10756545686176011,0.975903084735844
85.05871771744891,4.3560064110377015,-0.10786191744344809,0.9758366713562654
84.86687019521257,4.355966739651706,-0.1079015888294439,0.9758277841348968
84.67502267297623,4.356139363691202,-0.10772896478994731,0.9758664555353042
84.48235177081612,4.35635567654219,-0.10751265193895954,0.975914914144535
84.29050424857978,4.3564240298779175,-0.10744429860323201,0.9759302267233786
84.09865672634345,4.356266954251347,-0.10760137422980254,0.9758950384931236
84.09865672634345,4.356193240664274,-0.10767508781687596,0.9758785251057096
83.90598582418335,4.356071546380611,-0.10779678210053856,0.975851263037318
83.714138301947,4.3561208680610415,-0.10774746042010808,0.9758623121267626
83.52311415963442,4.356613806721724,-0.10725452175942518,0.975972740711212
83.33044325747431,4.357136232290845,-0.10673209619030466,0.9760897749807462
83.13941911516174,4.357554923181328,-0.10631340529982136,0.976183570509573
82.94674821300164,4.357851116671454,-0.10601721180969559,0.9762499240550475
82.7549006907653,4.3579894295763015,-0.10587889890484803,0.9762809090426567
82.56305316852897,4.3579862115834835,-0.10588211689766602,0.9762801881448656
82.56305316852897,4.357892396132855,-0.1059759323482945,0.9762591715189876
82.37038226636886,4.357931531493716,-0.10593679698743319,0.9762679386594992
82.17853474413252,4.357923756366248,-0.10594457211490127,0.9762661968680987
81.98174694235361,4.357943592980251,-0.10592473550089831,0.9762706406851074
81.7890760401935,4.358192608890485,-0.10567571959066413,0.9763264254645655
81.59805189788094,4.35845556329623,-0.10541276518491927,0.9763853327589557
81.40620437564459,4.358504348951526,-0.10536397952962329,0.9763962617675432
81.21435685340825,4.358128814531418,-0.10573951394973147,0.9763121341919802
81.02168595124814,4.358204672219031,-0.10566365626211827,0.9763291279028227
81.02168595124814,4.358243002621186,-0.10562532585996376,0.9763377147157243
80.8298384290118,4.358296612502693,-0.10557171597845638,0.9763497244520253
80.63799090677547,4.358415893752244,-0.10545243472890586,0.9763764459502356
80.44614338453913,4.358689301569121,-0.10517902691202874,0.9764376950276631
80.25347248237902,4.358634083612209,-0.10523424486894051,0.9764253250487909
80.06244834006644,4.358366036046679,-0.10550229243447085,0.9763652767799339
79.86977743790634,4.358372201256733,-0.10549612722441637,0.9763666579161147
79.67875329559376,4.358260693292639,-0.10560763518851068,0.9763416777966558
79.48690577335742,4.358332798804309,-0.10553552967684077,0.9763578309414987
79.29423487119732,4.358822790247757,-0.10504553823339258,0.976467599287559
79.29423487119732,4.35940740210054,-0.10446092638061,0.976598564587107
79.10238734896099,4.359522395149014,-0.10434593333213549,0.9766243254384612
78.90971644680089,4.359432062940754,-0.10443626554039565,0.9766040891318292
78.7186923044883,4.359281955640934,-0.10458637284021588,0.9765704619527158
78.52684478225196,4.35964355156553,-0.10422477691561927,0.9766514670133466
78.33499726001561,4.359706811741472,-0.10416151673967722,0.9766656386177236
78.14314973777928,4.359691265170557,-0.10417706331059229,0.9766621558602202
77.95047883561918,4.360295711795332,-0.10357261668581774,0.976797564564128
77.75863131338284,4.360964759579892,-0.10290356890125718,0.9769474452808803
77.75863131338284,4.361266046229803,-0.10260228225134682,0.9770149398008212
77.56678379114649,4.361478606904847,-0.10238972157630233,0.9770625578440525
77.37493626891015,4.361884967375224,-0.10198336110592532,0.9771535911005185
77.18308874667382,4.362315452660683,-0.10155287582046668,0.97725002882085
76.99124122443747,4.362120046631957,-0.1017482818491926,0.9772062537776931
76.79939370220113,4.362234501813286,-0.10163382666786358,0.9772318941355412
76.60178252049846,4.362407125852783,-0.101461202628367,0.9772705655359486
76.40993499826212,4.362356196096948,-0.10151213238420187,0.9772591562039327
76.21726409610201,4.3624004246175945,-0.10146790386355509,0.977269064318911
76.21726409610201,4.36260843,-0.10125989848114969,0.9773156618811819
76.02623995378944,4.362777836046679,-0.10109049243447021,0.9773536123837984
75.8343924315531,4.362705730535009,-0.10116259794614013,0.9773374592389554
75.64172152939301,4.362509519547577,-0.10135880893357285,0.9772935038681886
75.44987400715667,4.362276050208259,-0.10159227827289019,0.9772412018462342
75.25802648492032,4.362425352549372,-0.10144297593177765,0.9772746486977375
75.06617896268398,4.362868971371634,-0.10099935710951513,0.9773740286053911
74.86856778098131,4.362645955443447,-0.10122237303770287,0.9773240683664735
74.67672025874498,4.362233698696589,-0.10163462978456028,0.9772317142205801
74.67672025874498,4.362065631791743,-0.10180269668940678,0.9771940637137821
74.48404935658488,4.362052229321365,-0.10181609915978473,0.9771910612797067
74.29220183434853,4.362184109924597,-0.10168421855655296,0.9772206052970314
74.10035431211219,4.3622462962082595,-0.10162203227289002,0.9772345363270455
73.9093301697996,4.362669813166966,-0.10119851531418345,0.9773294129962349
73.71089560817317,4.363588143953322,-0.10028018452782739,0.9775351383265491
73.51904808593684,4.363918110710952,-0.09995021777019719,0.9776090577913158
73.3272005637005,4.364036319910233,-0.09983200857091656,0.9776355391278119
73.13535304146416,4.364200634639138,-0.09966769384201157,0.9776723490686107
73.13535304146416,4.364461444944345,-0.09940688353680471,0.9777307760395728
72.94268213930405,4.364579385210054,-0.0992889432710955,0.9777571971293161
72.75083461706771,4.364791142768403,-0.09907718571274682,0.9778046352575865
72.55981047475514,4.365543285500898,-0.09832504298025135,0.9779731309830756
72.3679629525188,4.366119052017954,-0.09774927646319576,0.9781021147421579
72.17529205035869,4.366357883450629,-0.09751044503052064,0.9781556179853318
71.98344452812235,4.366552217429084,-0.0973161110520655,0.9781991528667743
71.791597005886,4.367209739752244,-0.09665858872890531,0.9783464516387754
71.59974948364967,4.36811091589228,-0.0957574125888696,0.9785483339690149
71.59974948364967,4.369409071141831,-0.09445925733931837,0.9788391479343974
71.40790196141333,4.370229834301616,-0.09363849417953318,0.9790230160728343
71.216054439177,4.370514769421903,-0.09335355905924647,0.9790868475076615
71.02420691694066,4.3708559945493715,-0.0930123339317781,0.9791632890830752
70.83153601478055,4.371396646815081,-0.09247168166606823,0.9792844065143982
70.64051187246797,4.371726344639138,-0.09214198384201122,0.9793582657324118
70.4429006907653,4.372090086506284,-0.09177824197486562,0.9794397515291197
70.2502297886052,4.372195429260324,-0.09167289922082578,0.9794633505123979
70.05920564629263,4.372652986578097,-0.09121534190305258,0.9795658529349837
69.86653474413252,4.373202753113106,-0.09066557536804343,0.9796890121535254
69.86653474413252,4.373527090685817,-0.09034123779533232,0.9797616705629686
69.67468722189618,4.3737683333105934,-0.09009999517055611,0.9798157139636748
69.47789942011727,4.374120816807899,-0.08974751167325046,0.9798946776497354
69.28522851795717,4.374440330154399,-0.08942799832675075,0.9799662553314652
69.09338099572084,4.374730625526033,-0.08913770295511636,0.9800312875748631
68.90153347348449,4.3750008171921015,-0.08886751128904802,0.9800918161671481
68.70968595124815,4.375181214517056,-0.08868711396409346,0.9801322289463072
68.51701504908804,4.375638502901257,-0.08822982557989256,0.9802346711221401
68.32599090677546,4.376272436434471,-0.08759589204667861,0.980376685511133
68.32599090677546,4.376854637095153,-0.08701369138599624,0.9805071106531489
68.13414338453913,4.377372236596051,-0.08649609188509899,0.9806230637823204
67.94229586230277,4.37776170951167,-0.08610661896947924,0.9807103138728159
67.74962496014268,4.377963549684022,-0.08590477879712743,0.9807555302989063
67.55777743790634,4.37814207,-0.08572625848114956,0.9807955225887413
67.36510653574624,4.378744910391383,-0.08512341808976664,0.9809305714627272
67.16831873396734,4.379552269238779,-0.0843160592423704,0.9811114367544396
66.976471211731,4.3800079513895875,-0.08386037709156202,0.9812135191003504
66.78462368949465,4.380254287174147,-0.08361404130700212,0.981268703475523
66.78462368949465,4.380664399820467,-0.08320392866068271,0.9813605772979883
66.59277616725831,4.3811514440466786,-0.082716884434471,0.9814696854056589
66.4001052650982,4.381842739637343,-0.0820255888438064,0.9816245500969524
66.20825774286186,4.3824903427324955,-0.08137798574865407,0.9817696267541244
66.01723360054929,4.382993467712748,-0.080874860768402,0.9818823372875068
65.82456269838919,4.383357745605028,-0.0805105828761219,0.9819639431650719
65.63271517615286,4.383500615644525,-0.08036771283662425,0.9819959490462906
65.44086765391651,4.383743466344704,-0.08012486213644543,0.9820503526895678
65.2440798521376,4.384425916599641,-0.07944241188150869,0.9822032358403952
65.2440798521376,4.3850073123016164,-0.07886101617953312,0.9823334806548011
65.0514089499775,4.385468621795333,-0.07839970668581664,0.9824368236433864
64.85956142774116,4.385949231877918,-0.07791909660323171,0.9825444903681234
64.66771390550483,4.386537595906643,-0.07733073257450673,0.9826762962336707
64.47504300334472,4.387447350290844,-0.07642097819030536,0.9828801002702721
64.28401886103214,4.388197348922802,-0.0756709795583479,0.9830481156723332
64.09134795887205,4.388667505594255,-0.07520082288689434,0.9831534406140331
63.90032381655946,4.389013554947936,-0.07485477353321368,0.9832309629171604
63.707652914399354,4.389453152660683,-0.07441517582046675,0.9833294420120616
63.707652914399354,4.390034012337523,-0.07383431614362657,0.9834595667456103
63.515805392163,4.390415980901257,-0.0734523475798925,0.9835451357041068
63.323957869926666,4.390915622639138,-0.07295270584201141,0.9836570659182428
63.13211034769033,4.39174871437702,-0.07211961410412915,0.9838436959163919
62.94026282545399,4.392423124254937,-0.07144520422621259,0.9839947778543633
62.74841530321765,4.392865402093357,-0.07100292638779226,0.9840938573535498
62.55656778098131,4.393076356535009,-0.07079197194614029,0.9841411155668591
62.36389687882121,4.393584574675046,-0.07028375380610363,0.984254967074708
62.17204935658487,4.394373706825853,-0.06949462165529674,0.9844317492046315
62.17204935658487,4.394922401310593,-0.06894592717055659,0.9845546682614593
61.980201834348534,4.395303028890485,-0.06856529959066471,0.9846399368114888
61.7883543121122,4.395682317328546,-0.06818601115260314,0.9847249053657002
61.596506789875846,4.3962851558779175,-0.0675831726032321,0.984859953827037
61.40465926763951,4.396635495274686,-0.06723283320646356,0.9849384371896696
61.21281174540316,4.397142374272891,-0.066725954208259,0.9850519887017002
61.020140843243055,4.39772778924237,-0.06614053923877972,0.9851831339162094
60.82829332100672,4.398400858136446,-0.06546747034470357,0.985333915445714
60.63644579877038,4.399307396369839,-0.06456093211131098,0.985536998997173
60.63644579877038,4.399708396588869,-0.06415993189228075,0.9856268314450684
60.43965799699148,4.3999201541472175,-0.06394817433393207,0.9856742695733387
60.247810474755134,4.400230553224417,-0.06363777525673253,0.9857438054678496
60.055139572595024,4.400840361942549,-0.06302796653860021,0.9858804153929769
59.86329205035869,4.401401385005387,-0.06246694347576298,0.9860060963095169
59.67144452812235,4.40191040810413,-0.061957920377019526,0.9861201281449757
59.47877362596225,4.402615375098743,-0.06125295338240644,0.9862780555170972
59.28774948364967,4.4032431434219035,-0.06062518505924608,0.9864186887699096
59.09590196141333,4.403938994305206,-0.05992933417594326,0.9865745739421632
58.90323105925323,4.404463832908438,-0.059404495572711546,0.9866921487818786
58.90323105925323,4.40514119000359,-0.05872713847755939,0.9868438909582394
58.70644325747432,4.405975353791741,-0.05789297468940813,0.9870307611181026
58.50883207577165,4.406554069368044,-0.05731425911310595,0.9871604055282233
58.31698455353531,4.406924779561939,-0.05694354891921094,0.9872434523760726
58.12513703129896,4.407318006495513,-0.05655032198563692,0.9873315434452167
57.933289509062625,4.407598115547576,-0.05627021293357348,0.9873942937396812
57.74144198682629,4.408022435622981,-0.05584589285816843,0.9874893503238322
57.548771084666186,4.407999920725315,-0.05586840775583468,0.987484306515187
57.35692356242985,4.408396630901257,-0.05547169757989234,0.987573177903577
57.35692356242985,4.409306385285459,-0.054561943195690965,0.9877769819401784
57.16507604019351,4.409995803867146,-0.053872524614003936,0.9879314261421474
56.97322851795717,4.410789226061042,-0.05307910242010738,0.9881091693315767
56.78138099572083,4.411408416140036,-0.05245991234111358,0.9882478808780268
56.58871009356073,4.411828448014363,-0.052039880466786315,0.9883419768153213
56.39686257132439,4.41234149038061,-0.05152683810053915,0.9884569090508833
56.20501504908804,4.413116685877918,-0.05075164260323195,0.9886305690785238
56.0131675268517,4.413699420721723,-0.05016890775942695,0.9887611138887474
55.821320004615366,4.41398998502693,-0.049878343454219376,0.9888262063788986
55.821320004615366,4.414413233052065,-0.04945509542908422,0.9889210228013353
55.629472482379015,4.4149485232244166,-0.04891980525673301,0.9890409390114385
55.43680158021891,4.415455135131059,-0.048413193350090644,0.989154430689365
55.24577743790634,4.416106223310593,-0.047762105170556346,0.9893002880784327
55.05310653574624,4.416665907231598,-0.04720242124955121,0.9894256689991544
54.86208239343366,4.417375696610413,-0.04649263187073682,0.9895846766863403
54.66941149127356,4.418353804330342,-0.04551452415080792,0.9898037933017854
54.47756396903722,4.4192528363698385,-0.044615492111311106,0.9900051953085964
54.28571644680088,4.419625423572712,-0.04424290490843763,0.9900886626457704
54.28571644680088,4.419851655651707,-0.04401667282944288,0.9901393433698301
54.09304554464078,4.420224777037702,-0.04364355144344767,0.9902229303752117
53.9020214023282,4.420761946061042,-0.04310638242010789,0.9903432674872883
53.71017388009186,4.421377383964094,-0.042490944517055595,0.9904811384677394
53.518326357855514,4.421923932506283,-0.04194439597486621,0.9906035767884896
53.32647883561917,4.422523287813286,-0.041345040667863486,0.9907378449305804
53.13380793345907,4.42292696815799,-0.04094136032315987,0.9908282777827611
52.94196041122273,4.423471372599641,-0.04039695588150849,0.9909502357800832
52.750112888986386,4.424178750786356,-0.03968957769479342,0.9911087033097372
52.55826536675005,4.424746207992819,-0.0391221204883303,0.9912358256092106
52.55826536675005,4.4251372908258535,-0.03873103765529606,0.9913234363549261
52.36641784451371,4.425678212025135,-0.03819011645601478,0.9914446140330019
52.17374694235361,4.426436787059246,-0.037431541421903525,0.9916145507287757
51.98272280004103,4.426989769745063,-0.036878558736086475,0.9917384304324598
51.790875277804695,4.427225383184918,-0.03664294529623113,0.9917912127778422
51.59820437564459,4.427653991461401,-0.0362143370197483,0.9918872300088497
51.40635685340825,4.428162478535009,-0.03570584994614023,0.9920011417634513
51.213685951248145,4.428668821508079,-0.03519950697307017,0.9921145731946249
51.02266180893557,4.429116997464991,-0.03475133101615846,0.9922149739958879
51.02266180893557,4.4295426566822265,-0.034325671798923096,0.9923103305758567
50.830814286699216,4.430092692150807,-0.03377563633034253,0.9924335500411512
50.63320310499656,4.430751553615798,-0.03311677486535114,0.9925811488089705
50.440532202836465,4.431319813938959,-0.03254851454219043,0.9927084510234052
50.24374440105755,4.431800692955116,-0.0320676355260332,0.9928161779948952
50.05189687882121,4.432183195701975,-0.03168513277917473,0.9929018666216
49.85922597666111,4.4325992064667865,-0.03126912201436305,0.9929950617461419
49.66737845442477,4.433105013414721,-0.030763315066428376,0.9931083730964583
49.47635431211219,4.433562301798923,-0.030306026682226594,0.9932108152722914
49.47635431211219,4.433690966251347,-0.030177362229802718,0.9932396388044737
49.28450678987585,4.434033530520647,-0.029834797960502257,0.9933163803757057
49.092659267639505,4.434550862929982,-0.02931746555116721,0.9934322736707732
48.89998836547941,4.435039246298025,-0.0288290821831243,0.993541681774262
48.70814084324306,4.435478576919211,-0.02838975156193868,0.9936401010350593
48.515469941082955,4.435808274743268,-0.028060053737881674,0.9937139602530729
48.32444579877038,4.436188635231598,-0.027679693249551995,0.9937991689689982
48.13177489661028,4.43685553891562,-0.027012789565529438,0.9939485693623225
47.93992737437394,4.43756130902693,-0.02630701945421965,0.994106676649405
47.93992737437394,4.43814672583842,-0.02572160264272938,0.9942378222765631
47.748903232061366,4.4386356433895875,-0.025232685091562068,0.9943473500482601
47.55623232990126,4.438721418463196,-0.025146910017953772,0.9943665654612823
47.36356142774116,4.438968023181329,-0.02490030529982068,0.994421810083208
47.17253728542858,4.439418076147218,-0.024450252333931388,0.9945226313737953
46.97986638326849,4.439910478782765,-0.02395784969838477,0.9946329398773873
46.788842240955894,4.4401254543339315,-0.023742874147218096,0.9946810989034489
46.5961713387958,4.440394037924595,-0.023474290556554145,0.9947412672531626
46.40514719648321,4.440874111982047,-0.022994216499102826,0.9948488138970428
46.40514719648321,4.441322019005387,-0.022546309475762527,0.994949154451553
46.213299674246876,4.441610708143626,-0.02225762033752332,0.9950138268650284
46.02062877208677,4.441965869924596,-0.021902458556553484,0.9950933905427256
45.82795786992667,4.4424647085457805,-0.0214036199353691,0.9952051408419003
45.63693372761409,4.4430066999533215,-0.020861628527828024,0.9953265582690415
45.44426282545399,4.4436639533429085,-0.020204375138241026,0.9954737967942895
45.25323868314141,4.444035735587074,-0.01983259289407524,0.9955570838038533
45.06056778098131,4.4443967954865355,-0.019471532994614016,0.9956379687836269
44.86872025874497,4.444832642865351,-0.019035685615798492,0.9957356077251778
44.67687273650863,4.44505378178456,-0.01881454669658922,0.9957851474747709
44.67687273650863,4.445315128114902,-0.018553200366247857,0.9958436945265899
44.485025214272284,4.4456233830915615,-0.018244945389588096,0.9959127500976723
44.29317769203595,4.445305746754039,-0.018562581727110228,0.995841592905267
44.10133016979961,4.4451395568581695,-0.018728771622980034,0.9958043628877932
43.909482647563266,4.445952813824057,-0.017915514657092402,0.9959865494815819
43.71681174540316,4.447005974272891,-0.01686235420825888,0.9962224794802591
43.525787603090585,4.447971213705566,-0.015897114775583532,0.9964387133298368
43.33394008085424,4.448480236804309,-0.015388091676840965,0.9965527451652955
43.141269178694145,4.448636509314183,-0.015231819166966254,0.9965877534805896
43.141269178694145,4.448909650039497,-0.014958678441652218,0.9966489427239127
42.9494216564578,4.449093799540394,-0.01477452894075526,0.9966901960690713
42.75757413422146,4.449223801292639,-0.014644527188510281,0.9967193191844229
42.56490323206136,4.4495149016229805,-0.014353426858169094,0.9967845317554308
42.37387908974878,4.449982109235189,-0.01388621924596034,0.9968891960460928
42.18120818758868,4.450229517070018,-0.013638811411131435,0.9969446205829794
41.9901840452761,4.450501318653501,-0.013367009827648602,0.9970055098304844
41.797513143116,4.450819491016158,-0.01304883746499197,0.9970767871037469
41.60566562087966,4.450938772265709,-0.012929556215440563,0.9971035086019574
41.60566562087966,4.451207891881508,-0.012660436599641223,0.9971637970325283
41.41381809864332,4.451402494793538,-0.012465833687612005,0.9972073921607241
41.221970576406974,4.45186219621185,-0.012006132269299918,0.9973103749067381
41.03012305417063,4.452411695655296,-0.011456632825853852,0.9974334742911756
40.83827553193429,4.452983441062837,-0.01088488741831295,0.9975615572375056
40.64560462977419,4.453215302326751,-0.010653026154398226,0.997613499016889
40.453757107537854,4.453211014125673,-0.010657314355476899,0.9976125383700323
40.26190958530152,4.453659993199282,-0.010208335281867598,0.9977131190862565
40.069238683141414,4.454010868621185,-0.009857459859964557,0.9977917225297461
39.87821454082883,4.454198501364452,-0.009669827116697505,0.997833756194151
39.87821454082883,4.454348072639139,-0.009520255842010883,0.9978672632924076
39.685543638668726,4.45488202366966,-0.008986304811489987,0.9979868795066928
39.49451949635615,4.455211187310593,-0.008657141170556493,0.9980606190564985
39.30267197411981,4.455278735687612,-0.008589592793537548,0.9980757513077317
39.110824451883474,4.455869779842011,-0.007998548639138292,0.9982081575775646
38.91897692964712,4.456436701023339,-0.0074316274578105634,0.9983351597961808
38.72630602748702,4.456877639719928,-0.006990688761221442,0.9984339392995492
38.53445850525068,4.4571845555547585,-0.006683772926391107,0.9985026948748138
38.342610983014346,4.457253443073609,-0.00661488540754096,0.9985181271218653
38.342610983014346,4.457371652272891,-0.006496676208258556,0.9985446084583617
38.15076346077801,4.457554996815081,-0.0063133316660684,0.9985856814759103
37.958915938541665,4.4578107158025135,-0.006057612678636026,0.9986429678850547
37.76624503638157,4.457953583999999,-0.005914744481150258,0.9986749733536242
37.575220894068984,4.45810476335009,-0.005763565131059245,0.9987088406944521
37.38337337183264,4.458419719561939,-0.005448608919210507,0.9987793974825722
37.19070246967254,4.458680798800718,-0.0051875296804313464,0.9988378847002872
36.9988549474362,4.458957958793538,-0.004910369687611826,0.998899974343714
36.80700742519986,4.458222436524237,-0.00564589195691223,0.9987352019500912
36.80700742519986,4.458373882965889,-0.005494445515260793,0.9987691291250228
36.61433652303976,4.459120396513465,-0.004747931967684416,0.9989363637951884
36.423312380727175,4.459618697267505,-0.0042496312136446335,0.9990479936008573
36.23064147856707,4.4598658380107725,-0.00400249047037704,0.9991033583036399
36.0396173362545,4.460341622025134,-0.0035267064560153827,0.9992099438880144
35.841182774628074,4.4605817944416515,-0.003286534039498079,0.9992637475396555
35.64439497284917,4.460663548405745,-0.0032047800754044786,0.9992820621399254
35.45254745061282,4.460852253199282,-0.0030160752818675363,0.9993243359660445
35.26069992837648,4.460900769921006,-0.002967558560143857,0.9993352047278793
35.26069992837648,4.460808562545781,-0.00305976593536883,0.9993145483445722
35.06885240614014,4.460959472962299,-0.0029088555188501175,0.9993483554386471
34.8770048839038,4.461204469605026,-0.002663858876123193,0.9994032398180012
34.67857032227737,4.461418102330342,-0.0024502261508079215,0.999451098022947
34.48672280004102,4.4615499829335725,-0.0023183455475770387,0.9994806420402714
34.294875277804685,4.461681594603231,-0.0021867338779184564,0.999510125810843
34.10385113549211,4.461916135992818,-0.001952192488331228,0.9995626679945115
33.91118023333201,4.462137810937165,-0.0017305175439847886,0.9996123278249621
33.71933271109567,4.462385754797127,-0.0014825736840222703,0.9996678724427056
33.71933271109567,4.462623781271096,-0.001244547210053959,0.9997211953582695
33.52748518885933,4.464172293414722,0.00030396493357276455,1.0000680945115772
33.33563766662298,4.465875469992819,0.0020071415116698077,1.0004496417376076
33.13802648492032,4.46528227989587,0.001413951414720671,1.0003167547316973
32.94617896268398,4.464096704660682,0.00022837617953275213,1.0000511610474878
32.754331440447636,4.463382089213645,-0.00048623926750490654,0.9998910722199392
32.5624839182113,4.463319902929983,-0.0005484255511669645,0.9998771411899254
32.37063639597495,4.463329015357272,-0.0005393131238777826,0.9998791825644953
32.17796549381485,4.463310252635548,-0.0005580758456016355,0.9998749793218494
32.17796549381485,4.463413451289049,-0.0004548771921006889,0.9998980979816994
31.986117971578512,4.463777727339318,-9.060114183156998e-05,0.9999797034466152
31.79427044934217,4.464101797820467,0.00023346933931733815,1.0000523020219543
31.601599547182072,4.464090808384201,0.0002224799030514646,1.0000498401580602
31.410575404869494,4.463991897931778,0.0001235694506283025,1.0000276821450669
31.217904502709395,4.464103941921006,0.0002356134398562304,1.0000527823453826
31.02688036039681,4.464314627429085,0.0004462989479350199,1.0000999803119388
30.834209458236707,4.464247884010772,0.000379555529622877,1.0000850283883154
30.643185315924132,4.464086787274686,0.00021845879353676878,1.000048939345308
30.45051441376403,4.464011196678636,0.00014286819748665636,1.0000320054685696
30.45051441376403,4.4644323006032325,0.000563972122082923,1.0001263415675783
30.25866689152769,4.464782907091562,0.0009145786104127751,1.0002048847643148
30.06187908974878,4.4650128931885105,0.0011445647073609067,1.0002564064670227
29.869208187588676,4.4651892675619385,0.0013209390807888965,1.0002959180207804
29.67736066535234,4.465241000434471,0.0013726719533213583,1.0003075072677576
29.484689763192236,4.465138606739677,0.0012702782585272132,1.0002845689355178
29.287901961413333,4.465441232531418,0.0015729040502687752,1.0003523634512768
29.096054439176996,4.465289786089767,0.001421457608617338,1.0003184362763453
28.904206916940645,4.46513083345422,0.001262504973070122,1.0002828275567661
28.904206916940645,4.465372076078995,0.0015037475978454395,1.0003368709574723
28.712359394704308,4.4657733433895865,0.001905014908436975,1.0004267632394714
28.520511872467967,4.466063640603232,0.002195312122082349,1.0004917958955186
28.327840970307868,4.4659245227396775,0.002056194258527988,1.0004606305802992
28.135993448071527,4.465822396136446,0.0019540676552960434,1.0004377520821635
27.944969305758942,4.4658390165996416,0.001970688118491992,1.00044147541403
27.75229840359884,4.465592144789946,0.0017238163087966996,1.0003861709580002
27.560450881362502,4.464361000050269,0.0004926715691198069,1.0001103687503452
27.368603359126162,4.464357783899461,0.0004894554183110245,1.0001096482652025
27.368603359126162,4.465066501228008,0.0011981727468581838,1.000268415790675
27.176755836889825,4.465554081479354,0.0016857529982043928,1.0003776439792027
26.984908314653484,4.4658634085062845,0.001995080025134932,1.0004469397119995
26.793060792417148,4.466053723217236,0.0021853947360863657,1.0004895741933386
26.601213270180796,4.4662209833213655,0.002352654840215962,1.000527043959878
26.408542368020697,4.466468392998205,0.0026000645170558556,1.0005824689094136
26.216694845784357,4.466564890416517,0.002696561935367825,1.0006040863522256
26.02484732354802,4.466501361307001,0.0026330328258517,1.0005898545010954
25.83299980131168,4.466604023935368,0.0027356954542181455,1.0006128530800882
25.83299980131168,4.466808813166966,0.0029404846858165357,1.000658730157217
25.64032889915158,4.466497073105924,0.0026287446247748036,1.000588893854239
25.44930475683899,4.466362781310592,0.002494452829442828,1.0005588096793823
25.257457234602654,4.466330616118492,0.002462287637342797,1.0005516040026612
25.06478633244255,4.466401647737882,0.0025333192567327245,1.0005675165731411
24.872938810206215,4.4664563296696596,0.002588001188509992,1.0005797664711564
24.681091287969874,4.466416927217236,0.0025485987360864826,1.0005709394965405
24.488420385809775,4.4663635862693,0.002495257788150518,1.0005589900069922
24.297396243497186,4.466250468387791,0.0023821399066417115,1.0005336492323134
24.104725341337087,4.466359296226212,0.0024909677450626333,1.000558028947487
24.104725341337087,4.466553096021545,0.00268476754039515,1.0006014441607216
23.912877819100746,4.466930507450628,0.0030621789694782464,1.0006859922256086
23.72103029686441,4.467225627048474,0.0033572985673240296,1.0007521051967199
23.52918277462807,4.467144409109515,0.0032760806283658184,1.0007339106773072
23.337335252391732,4.467024055809695,0.00315572732854541,1.0007069490173828
23.14548773015539,4.466733224412927,0.0028648959317774114,1.0006417966931278
22.953640207919044,4.466641282287253,0.0027729538061036507,1.000621199731276
22.761792685682703,4.46682650383842,0.0029581753572704983,1.0006626932381486
22.569945163446366,4.467083025942549,0.003214697461399574,1.0007201595622544
22.569945163446366,4.4670899942693,0.0032216657881507516,1.000721720613396
22.378097641210026,4.467301484736087,0.0034331562549372308,1.0007690989075624
22.18625011897369,4.467304164861759,0.003435836380609736,1.0007696993118476
21.993579216813586,4.466914155921006,0.0030458274398563745,1.0006823291404952
21.80173169457724,4.46642550361939,0.002557175138240275,1.0005728607902533
21.609884172340898,4.466441588057451,0.002573259576301723,1.0005764640412629
21.4172132701808,4.466652809590665,0.0027844811095150135,1.000623782088676
21.22618912786822,4.467164243881508,0.0032959154003586733,1.0007383540816672
21.03351822570812,4.468093565946141,0.004225237464991594,1.0009465416885246
21.03351822570812,4.46788046740395,0.004012138922800723,1.000898803151787
20.842494083395547,4.467230453116696,0.003362124635546415,1.0007531863370822
20.650646561159196,4.466895929224417,0.0030276007432670227,1.0006782459787065
20.457975658999096,4.466892444140036,0.003024115658886828,1.0006774652468111
20.266128136762756,4.466789245486535,0.0029209170053858813,1.0006543465869613
20.07428061452642,4.466735635605027,0.002867307123877616,1.00064233685066
19.88243309229008,4.466691676017954,0.0028233475368040217,1.0006324889824347
19.69058557005374,4.466654417666068,0.0027860891849185165,1.0006241423312472
19.49873804781739,4.466592498473968,0.002724169992818659,1.0006102711353373
19.30606714565729,4.4663606372100535,0.002492308728903936,1.000558329355954
19.30606714565729,4.466409153931778,0.0025408254506285033,1.0005691981177889
19.11421962342095,4.466385565141832,0.002517236660682265,1.0005639137347806
18.922372101184614,4.466254758430879,0.002386429949729596,1.0005346102918187
18.730524578948273,4.4661464666175945,0.0022781381364449516,1.0005103506575026
18.538677056711936,4.466244305019749,0.0023759765385991116,1.0005322685087819
18.346006154551834,4.4662507373213645,0.0023824088402149,1.0005337094790665
18.154158632315497,4.46550100762298,0.0016326791418306286,1.0003657543237585
17.962311110079145,4.465532905723519,0.0016645772423693472,1.0003729001663757
17.77046358784281,4.4656634453429085,0.0017951168617589275,1.000402143775233
17.77046358784281,4.465512265992819,0.0016439375116696908,1.0003682764344057
17.57943944553023,4.465664248459605,0.001795919978455629,1.0004023236901942
17.38676854337013,4.466220180204668,0.0023518517235183722,1.0005268640449165
17.19492102113379,4.466312656513465,0.0024443280323156458,1.0005475806749764
17.003073498897443,4.466045144973069,0.0021768164919198085,1.0004876524869766
16.811225976661103,4.466037907712747,0.0021695792315972184,1.000486031189082
16.619378454424766,4.465892893572711,0.00202456509156157,1.0004535449844352
16.427530932188425,4.465734745895871,0.0018664174147211554,1.000418116592466
16.235683409952088,4.465577401335728,0.0017090728545783307,1.000382868115458
16.235683409952088,4.466053990308796,0.00218566182764679,1.0004896340274423
16.043012507791985,4.466024772333932,0.0021564438527823526,1.0004830885891107
15.851164985555647,4.466061227569121,0.0021928990879711563,1.0004912553253373
15.659317463319297,4.466045680998205,0.0021773525170551977,1.0004877725678338
15.467469941082959,4.466102507030521,0.0022341785493713573,1.0005005027892773
15.274799038922858,4.466141106366248,0.002272777885098165,1.000509149848932
15.082951516686519,4.465800148330342,0.0019318198491919958,1.0004327681076224
14.891927374373942,4.465702042836625,0.0018337143554756352,1.0004107904222388
14.699256472213841,4.465713034114902,0.001844705633752497,1.0004132526987821
14.507408949977494,4.465870109741473,0.002001781260323021,1.000448440929037
14.507408949977494,4.466018607123878,0.0021502786427287646,1.0004817074529302
14.314738047817391,4.466016731956912,0.002148403475762173,1.000481287376255
14.123713905504816,4.466779595192101,0.0029112667109512103,1.0006521847188852
13.931866383268478,4.466995106768402,0.0031267782872523853,1.000700463825804
13.740018861032139,4.46658579723878,0.00271746875763057,1.0006087699182997
13.5481713387958,4.465911389202872,0.002043060721722334,1.0004576883929768
13.355500436635689,4.465454635001795,0.0015863065206458415,1.0003553658853521
13.158712634856785,4.46543801638061,0.001569687899460881,1.0003516429661345
12.966865112620447,4.46545275799282,0.001584429511670038,1.000354945396028
12.966865112620447,4.465290322114901,0.001421993633751839,1.0003185563572023
12.775017590384108,4.465533977773789,0.0016656492926392374,1.0003731403280898
12.58317006814777,4.465713837231598,0.0018455087504483103,1.000413432613743
12.390499165987668,4.465621360922801,0.0017530324416510368,1.000392715983683
12.198651643751319,4.465491357328546,0.0016230288473968457,1.0003635924556826
12.00680412151498,4.464941323701975,0.00107299522082549,1.000240373403037
11.814956599278641,4.465273970585279,0.001405642104129079,1.000314893272089
11.623109077042303,4.465522183378814,0.001653854897664786,1.0003704981365853
11.431261554805964,4.4662263454147215,0.0023580169335719603,1.000528245181097
11.431261554805964,4.4664563296696596,0.002588001188509992,1.0005797664711564
11.238590652645863,4.465659155299821,0.001790826818671043,1.0004011827157278
11.046743130409514,4.465021202499103,0.001152874017953387,1.0002582679266316
10.854895608173175,4.465125740294435,0.001257411813285536,1.0002816865822997
10.663048085936836,4.465242610351885,0.0013742818707358495,1.0003078679229778
10.46543690423417,4.465133513579891,0.001265185098741739,1.000283427961051
10.273589381997832,4.4651284204201085,0.0012600919389589293,1.000282286986585
10.081741859761483,4.465459728161581,0.0015913996804313157,1.0003565068598188
9.889894337525144,4.465328652517055,0.0014603240359054581,1.0003271431701037
9.889894337525144,4.465174793041292,0.0013064645601428282,1.0002926754249912
9.691459775898716,4.465095719202872,0.001227390721722621,1.0002749612290065
9.50043563358614,4.465081244682226,0.0012129162010765526,1.0002717186332173
9.3085881113498,4.4649019212495515,0.0010335927684019808,1.000231546428421
9.1159172091897,4.464739216438061,0.0008708879569114814,1.0001950971428424
8.924893066877113,4.46456391227289,0.0006955837917406171,1.0001558253381495
8.733045544640774,4.464470363913825,0.0006020354326752297,1.0001348685463758
8.540374642480673,4.464520755802514,0.0006524273213646126,1.0001461573848855
8.348527120244334,4.464588573113106,0.0007202446319567457,1.000161349882872
8.348527120244334,4.464690699716337,0.0008223712351878021,1.0001842283810078
8.156679598007996,4.464749936940754,0.0008816084596041662,1.0001974987599833
7.964832075771658,4.464772453680431,0.0009041251992814026,1.0002025429812775
7.772984553535308,4.464682388563735,0.0008140600825852218,1.0001823665087501
7.580313651375207,4.464443826064632,0.0005754975834824094,1.0001289235123292
7.389289509062631,4.464445167048474,0.0005768385673246001,1.0001292239207962
7.197441986826292,4.464494755820468,0.0006264273393181696,1.0001403328443452
7.004771084666191,4.46387985394255,1.1525461400374581e-05,1.0000025819447511
6.8129235624298525,4.462319011378816,-0.001549317102333525,0.9996529205190825
6.8129235624298525,4.46231954740395,-0.0015487810771999122,0.9996530405999393
6.620252660269752,4.4632831787612215,-0.0005851497199280686,0.9998689142069459
6.429228517957164,4.464021651931778,0.0001533234506281289,1.0000343476642557
6.237380995720826,4.464102333845602,0.00023400536445272735,1.0000524221028115
6.045533473484487,4.463923277504489,5.494902333946783e-05,1.0000123097321194
5.853685951248148,4.464053014007182,0.00018468552603234656,1.0000413734260156
5.661015049088047,4.4641192214003595,0.00025089291920998846,1.000056205268782
5.464227247309134,4.4639581246642726,8.979618312299209e-05,1.0000201162257745
5.2723797250727955,4.463739932962299,-0.000128395518850688,0.9999712367145708
5.2723797250727955,4.463669973393178,-0.00019835508797161339,0.9999555643058049
5.079708822912694,4.463987340797128,0.00011901231597821749,1.0000266612514574
4.882921021133791,4.464299885816876,0.00043155733572675103,1.0000966778820453
4.69025011897369,4.46463950102693,0.0007711725457806295,1.0001727588022389
4.498402596737341,4.464903529324956,0.001035200843806372,1.0002319066709924
4.306555074501002,4.465165411680431,0.0012970831992813459,1.0002905738036683
4.113884172340901,4.465267002258528,0.0013986737773787894,1.0003133322209472
3.9228600300283247,4.464855548628367,0.0009872201472171938,1.0002211579900147
3.731012507791986,4.464453476359067,0.0005851478779170805,1.000131085380405
3.5383416056318846,4.464106354955117,0.00023802647396742316,1.0000533229155637
3.5383416056318846,4.464008785486535,0.0001404570053855636,1.0000314653110374
3.347317463319298,4.464049528922802,0.00018120044165215177,1.0000405926941205
3.155469941082959,4.464113859307002,0.00024553082585221375,1.0000550040475624
2.9627990389228582,4.464539520366248,0.0006711918850985654,1.0001503610401803
2.7709515166865195,4.464766288470377,0.0008979599892278145,1.0002011618450972
2.579103994450181,4.464630119666069,0.0007617911849191472,1.0001706571809161
2.387256472213842,4.46423850264991,0.00037017416876050646,1.0000829267669924
2.194585570053741,4.463824635985637,-4.369249551228194e-05,0.9999902119658787
2.0035614277411544,4.463725994466786,-0.00014233401436314352,0.9999681141996383
2.0035614277411544,4.463747439156194,-0.0001208893249557974,0.9999729182592183
1.810890525581053,4.463774780122082,-9.354835906716374e-05,0.9999790432082258
1.6190430033447145,4.46416050086176,0.00029217238061018946,1.000065452732722
1.4271954811083758,4.46449153966966,0.0006232111885102753,1.0001396123592028
1.235347958872037,4.464496632829444,0.0006283043482948614,1.0001407533336695
1.043500436635688,4.46466818297666,0.0007998544955105658,1.0001791841597134
0.8516529143993492,4.464633604750449,0.000765276269299342,1.0001714379128113
0.6540417326966838,4.464407639763016,0.0005393112818667944,1.0001208170228557
0.46219421046034503,4.464265574682226,0.0003972462010768396,1.000088991469247
0.46219421046034503,4.46439772237702,0.0005293938958708111,1.0001185953206757
0.26952330830024385,4.464313555378815,0.0004452268976651297,1.0000997401502245
0.07767578606390517,4.46386832848115,0.0,1.0
-0.11334835624868149,4.463776924222621,-9.14042585282715e-05,0.9999795235316541
-0.3051958784850202,4.46385117383483,-1.715464631946162e-05,0.9999961569999254
-0.49786678064512135,4.463886824111311,1.8495630161652343e-05,1.0000041434085418
-0.6897143028814601,4.463321242071813,-0.0005470864093366501,0.9998774411857433
-0.8815618251177988,4.462536131030521,-0.001332197450628847,0.9997015598685721
-1.0734093473541375,4.462687577472173,-0.0011807510089765216,0.9997354870435038
-1.0734093473541375,4.4634799276158,-0.0003884008653498583,0.9999129900712188
-1.2652568695904867,4.464124581651706,0.000256253170556775,1.0000574060773526
-1.4571043918268254,4.464247615077199,0.0003792865960496883,1.0000849681415622
-1.648951914063164,4.464150850567325,0.00028252208617551844,1.000063290864646
-1.841622816223265,4.46388333902693,1.5010545780569373e-05,1.0000033626766462
-2.0326469585358415,4.463653352929982,-0.00021497555116756217,0.9999518409739383
-2.2253178606959425,4.4636139504775585,-0.00025437800359107143,0.9999430139993225
-2.417165382932292,4.4636839118886895,-0.00018441659246004605,0.9999586868207372
-2.609836285092393,4.463802924204668,-6.540427648182856e-05,0.9999853480721945
-2.800860427404969,4.463763521752245,-0.00010480672890444964,0.9999765210975791
-2.800860427404969,4.4635884865206465,-0.00027984196050301335,0.9999373095396391
-2.9927079496413076,4.463689541073609,-0.000178787407540959,0.9999599478760607
-3.1845554718776463,4.464181943709156,0.0003136152280065474,1.0000702563796529
-3.376402994113985,4.464631727741472,0.0007633992603226503,1.0001710174234872
-3.5740141758166613,4.464368506244166,0.0005001777630164739,1.000112050294993
-3.766685077976762,4.464330710025135,0.0004623815439854795,1.0001035831502993
-3.958532600213101,4.464474652114902,0.0006063236337521261,1.000135829193232
-4.150380122449439,4.463954908513465,8.658003231509781e-05,1.000019395740632
-4.342227644685778,4.463745293213645,-0.00012303526750478966,0.9999724375231411
-4.342227644685778,4.463877173816876,8.84533572609314e-06,1.0000019815404657
-4.534075166922117,4.464297472782765,0.0004291443016155583,1.0000961373118642
-4.725922689158466,4.464863857938959,0.000995529457809674,1.0002230194496236
-4.918593591318567,4.464719112732495,0.0008507842513454378,1.0001905934917295
-5.1096177336311435,4.463951959454219,8.363097306940404e-05,1.000018735089594
-5.301465255867482,4.463648797637343,-0.000219530843806659,0.9999508204929778
-5.493312778103821,4.463677746678636,-0.0001905818025136341,0.9999573056845567
-5.685983680263922,4.463870203648115,1.8751669657035563e-06,1.0000004200766752
-5.877831202500261,4.464028620258529,0.00016029177737930667,1.0000359087153974
-5.877831202500261,4.463895669447037,2.7340965887745483e-05,1.0000061249490073
-6.069678724736599,4.463800244078994,-6.808440215522182e-05,0.9999847476679092
-6.2623496268967,4.463817398725314,-5.0929755835760204e-05,0.999988590667984
-6.453373769209298,4.463943114118492,7.478563734242272e-05,1.000016753549128
-6.645221291445637,4.46413074686176,0.00026241838061036304,1.0000587872135331
-6.8370688136819755,4.464333928017954,0.00046559953680436195,1.0001043040480906
-7.0297397158420765,4.46432320567325,0.0004548771921006889,1.0001019020183006
-7.221587238078415,4.464503065131059,0.0006347366499097618,1.000142194303954
-7.413434760314754,4.464626098556553,0.0007577700754035632,1.0001697563681635
-7.413434760314754,4.4644167540323165,0.0005484255511669645,1.0001228588100746
-7.611045942017429,4.4643266907576304,0.0004583622764808837,1.000102682750196
-7.802893464253768,4.4642323374398565,0.0003640089587069184,1.0000815456308119
-7.994740986490107,4.464127530710951,0.0002592022298015806,1.0000580667283907
-8.186588508726446,4.465015840405746,0.0011475119245965004,1.0002570667054123
-8.379259410886547,4.465221701687613,0.0013533732064630044,1.0003031839442549
-8.570283553199124,4.464773525730701,0.0009051972495512928,1.0002027831429918
-8.762131075435462,4.464654513414722,0.0007861849335721871,1.0001761218915344
-8.959742257138137,4.464771112696589,0.0009027842154392118,1.0002022425728105
-8.959742257138137,4.464880209468582,0.0010118809874324342,1.000226682534737
-9.151589779374476,4.4647333183195705,0.000864989838420982,1.0001937758407662
-9.343437301610814,4.464620471213645,0.0007521427324954644,1.000168495725489
-9.536108203770917,4.464471435964094,0.0006031074829442318,1.0001351087080899
-9.727955726007256,4.464074992879713,0.0002066643985632055,1.0000462971538038
-9.919803248243594,4.464155138768403,0.00028681028725330293,1.0000642515115026
-10.111650770479933,4.4641224375511666,0.00025410907001699456,1.0000569257539242
-10.303498292716272,4.464139056172352,0.00027072769120284335,1.000060648673142
-10.49534581495261,4.464455084434471,0.0005867559533214717,1.0001314456229764
-10.68719333718895,4.46486868216517,0.0010003536840201832,1.0002241001773367
-10.68719333718895,4.4650927701436265,0.0012244416624769272,1.0002743005779684
-10.879040859425308,4.465051223590665,0.0011828951095154139,1.0002649932799246
-11.070888381661646,4.464693646933573,0.0008253184524233959,1.0001848886193971
-11.263559283821747,4.464533355156194,0.0006650266750440892,1.0001489799039995
-11.455406806058086,4.464551314761221,0.0006829862800712405,1.0001530032316843
-11.647254328294425,4.464885033694794,0.0010167052136447197,1.0002277632624506
-11.839101850530763,4.465563193906644,0.0016948654254944628,1.0003796853537728
-12.030949372767102,4.465688104341114,0.0018197758599640679,1.0004076679073066
-12.222796895003441,4.465624041048474,0.00175571256732443,1.0003933163879684
-12.222796895003441,4.465379313339318,0.0015109848581680296,1.0003384922553669
-12.41464441723978,4.46528227989587,0.001413951414720671,1.0003167547316973
-12.60731531939988,4.465258960039497,0.0013906315583476214,1.0003115305954422
-12.79916284163622,4.465090894976662,0.0012225664955121118,1.0002738805012934
-12.991010363872558,4.464998954692999,0.0011306262118493393,1.0002532839520906
-13.182857886108897,4.464942664685817,0.0010743362046676808,1.000240673811504
-13.374705408345257,4.4650051180610415,0.0011367895798919392,1.000254664675622
-13.566552930581596,4.464930870290844,0.0010625418096941175,1.0002380316199997
-13.759223832741696,4.46480890891562,0.0009405804344702062,1.0002107097175041
-13.759223832741696,4.464917734912029,0.0010494064308792517,1.0002350890200287
-13.922253057646392,4.464957675231598,0.0010893467504482501,1.0002440364881504
-13.922253057646392,4.4649383746427285,0.001070046161578908,1.0002397127519984
-13.922253057646392,4.464896023131059,0.001027694649909705,1.0002302251263444
-13.922253057646392,4.464930601357271,0.001062272876121817,1.0002379713732468
-13.922253057646392,4.465158174420108,0.0012898459389587558,1.0002889525057737
-13.922253057646392,4.465225722797127,0.0013573943159777002,1.000304084757007
-13.922253057646392,4.465297290441652,0.0014289619605021286,1.000320117408344
-13.922253057646392,4.465222773737882,0.0013544452567320064,1.0003034241059687
-13.922253057646392,4.465044253421904,0.0011759249407541361,1.0002634318161339
-13.922253057646392,4.464987160298025,0.001118831816875776,1.0002506417605863
-13.922253057646392,4.465098668262119,0.001230339780969203,1.000275621880045
-13.922253057646392,4.465060068926392,0.0011917404452423952,1.0002669748203903
-13.922253057646392,4.464953654122083,0.0010853256409335543,1.000243135675398
-13.922253057646392,4.465031655910234,0.0011633274290847595,1.0002606097096687
-13.922253057646392,4.465306135777379,0.00143780729622911,1.0003220989488097
-13.922253057646392,4.465421664850988,0.0015533363698381208,1.0003479798810209
-13.922253057646392,4.465295146341114,0.0014268178599641246,1.000319637084916
-13.922253057646392,4.4653715400538605,0.0015032115727109385,1.0003367508766152
-13.922253057646392,4.465491090236984,0.0016227617558346452,1.0003635326215787
-13.922253057646392,4.465459728161581,0.0015913996804313157,1.0003565068598188
-13.922253057646392,4.4655559566463205,0.0016876281651709846,1.000378064055878
-13.922253057646392,4.465667464610413,0.0017991361292635233,1.0004030441753364
-13.922253057646392,4.4655012765565525,0.001632948075402929,1.0003658145705114
-13.922253057646392,4.465455171026931,0.0015868425457812307,1.0003554859662094
-13.922253057646392,4.465412283490125,0.0015439550089757503,1.000345878259698
-13.922253057646392,4.465405046229804,0.0015367177486540484,1.0003442569618035
-13.922253057646392,4.465467501447038,0.0015991729658884068,1.0003582482385704
-13.922253057646392,4.465410675414722,0.0015423469335722473,1.0003455180171268
-13.922253057646392,4.465384139407541,0.0015158109263913033,1.0003395733957294
-13.922253057646392,4.4653892307253145,0.0015209022441649012,1.0003407139575469
-13.922253057646392,4.46542300583483,0.0015546773536803116,1.000348280289488
-13.922253057646392,4.465817571910234,0.001949243429084646,1.0004366713544501
