Angle (degree),rho (mOhm cm),Delta rho (mOhm cm),rho/rho(theta=0)
99.1144498094028,4.691950668982407,-0.10388590993034086,0.9783383131970913
99.1144498094028,4.6919532426398565,-0.10388333627289104,0.9783388498412008
99.1144498094028,4.691960104498385,-0.10387647441436254,0.9783402806361029
99.1144498094028,4.692045879571993,-0.10379069934075424,0.978358165956463
99.1144498094028,4.692010711902334,-0.1038258670104133,0.9783508329981604
99.1144498094028,4.691955386740395,-0.10388119217235214,0.978339296916597
99.1144498094028,4.691850311814723,-0.1039862670980245,0.9783173873031347
98.9283659466328,4.691843021136087,-0.10399355777666042,0.9783158670931534
98.73075476493011,4.691804422168762,-0.10403215674398592,0.9783078186605827
98.73075476493011,4.691695487862119,-0.10414109105062863,0.978285104311407
98.53890724269378,4.69157411556194,-0.1042624633508078,0.9782597964640312
98.34623634053368,4.691516646299462,-0.10431993261328554,0.9782478133070716
98.15438881829733,4.691444166122801,-0.10439241278994693,0.9782327001614359
97.962541296061,4.691465181255297,-0.10437139765745052,0.9782370821148555
97.77069377382466,4.69148104907289,-0.1043555298398573,0.9782403907800554
97.5788462515883,4.691344237775224,-0.10449234113752315,0.9782118636825585
97.38699872935196,4.691289341433394,-0.10454723747935368,0.9782004170160745
97.19432782719186,4.691331371698385,-0.10450520721436263,0.9782091809229132
97.00248030495553,4.691418862052425,-0.10441771686032286,0.9782274239035903
97.00248030495553,4.691417146771993,-0.10441943214075433,0.9782270662432733
96.81063278271918,4.691234445091562,-0.1046021338211851,0.9781889703495904
96.61878526048285,4.691207855297667,-0.10462872361508069,0.978183426000141
96.42693773824651,4.690985697009695,-0.1048508819030527,0.9781371028437288
96.23509021601016,4.6906704729694795,-0.10516610594326803,0.9780713741569755
96.04324269377383,4.690467613796769,-0.1053689651159786,0.9780290751400319
95.85139517153749,4.69045002996194,-0.10538654895080768,0.9780254086608807
95.65872426937739,4.690528514356912,-0.1053080645558353,0.9780417737712594
95.46770012706482,4.690589843737163,-0.10524673517558458,0.9780545618175662
95.46770012706482,4.690537092232676,-0.10529948668007183,0.9780435623801126
95.27502922490471,4.690474905212208,-0.10536167370053917,0.9780305955036471
95.08318170266836,4.690433732587433,-0.10540284632531449,0.978022010426967
94.89051080050825,4.690408000433753,-0.10542857847899434,0.9780166449076761
94.69948665819568,4.690465898516337,-0.10537068039641007,0.9780287174797148
94.50681575603558,4.690573975182765,-0.1052626037299822,0.9780512529987321
94.31496823379923,4.6905113593421905,-0.10532521957055696,0.9780381967071874
94.12312071156289,4.69032951603878,-0.1055070628739676,0.9780002797972972
93.93127318932656,4.690337664357631,-0.10549891455511684,0.9780019788374369
93.93127318932656,4.690404997956195,-0.10543158095655247,0.9780160188484874
93.73942566709022,4.690315791584919,-0.1055207873278281,0.977997418053859
93.54757814485389,4.690354819372352,-0.10548175954039518,0.978005555901509
93.35490724269378,4.690385270020827,-0.10545130889192045,0.97801190529394
93.16305972045743,4.690373690404309,-0.10546288850843855,0.978009490779532
92.97203557814485,4.690369401466427,-0.10546717744632073,0.9780085964751053
92.78018805590851,4.69040113783842,-0.10543544107432723,0.9780152139591399
92.58834053367218,4.690341953295512,-0.10549462561723555,0.9780028731418634
92.39649301143584,4.690328658398564,-0.10550792051418334,0.9780001009671387
92.20382210927573,4.690305927985637,-0.10553065092711034,0.9779953613534023
92.20382210927573,4.690272046039498,-0.10556453287324974,0.9779882964867035
92.00703430749682,4.690322654180251,-0.1055139247324961,0.9779988490023951
91.81436340533672,4.69038484120072,-0.10545173771202787,0.9780118158788608
91.62251588310039,4.690417006392819,-0.10541957251992873,0.9780185227779742
91.43066836086405,4.690404569136086,-0.10543200977666167,0.9780159294334079
91.2388208386277,4.690287914593896,-0.10554866431885124,0.9779916053055377
91.04697331639136,4.690275477337163,-0.10556110157558418,0.9779890119609714
90.85512579415501,4.690319651702693,-0.10551692721005423,0.9779982229432064
90.66327827191868,4.690356964209696,-0.1054796147030519,0.9780060031305393
90.66327827191868,4.690440595182764,-0.10539598372998338,0.9780234413755029
90.47143074968234,4.690493346687253,-0.10534323222549435,0.9780344408129569
90.27875984752224,4.690545669371635,-0.10529090954111275,0.9780453508353316
90.08691232528591,4.690591559017595,-0.10524501989515223,0.9780549194778835
89.89506480304955,4.690564540403591,-0.10527203850915612,0.9780492857133547
89.70321728081322,4.690543954091202,-0.10529262482154511,0.9780449931750144
89.51136975857688,4.690595847955476,-0.10524073095727182,0.9780558137823098
89.31952223634053,4.690732659989947,-0.10510391892280069,0.978084341033441
89.1276747141042,4.69080385296948,-0.10503272594326774,0.9780991857802045
89.1276747141042,4.690900350756194,-0.10493622815655357,0.978119306938448
88.9350038119441,4.69106761196553,-0.10476896694721738,0.9781541832747418
88.74315628970774,4.691232300991024,-0.10460427792172311,0.9781885232741943
88.55130876747141,4.691304781167685,-0.1045317977450626,0.9782036364198297
88.35946124523507,4.691339948837344,-0.10449663007540355,0.9782109693781322
88.1618500635324,4.691490484588869,-0.10434609432387809,0.9782423582190671
87.97000254129607,4.691620862848116,-0.10421571606463154,0.9782695439367415
87.77815501905972,4.69169720314255,-0.10413937577019716,0.9782854619717242
87.58548411689962,4.691805708629084,-0.10403087028366365,0.9783080869058203
87.58548411689962,4.691807853466428,-0.10402872544631947,0.9783085341348509
87.39445997458704,4.691933085147577,-0.10390349376517083,0.97833464671794
87.20178907242693,4.6920643217838425,-0.10377225712890503,0.9783620114194068
87.0099415501906,4.692202419541832,-0.10363415937091514,0.9783908067621416
86.81809402795426,4.692414713493716,-0.10342186541903153,0.9784350730644625
86.62048284625159,4.692528795115261,-0.10330778379748651,0.9784588607018575
86.429458703939,4.692580688979533,-0.1032558899332141,0.9784696813091528
86.2367878017789,4.692615856649192,-0.10322072226355594,0.9784770142674551
86.04494027954257,4.692681474967325,-0.10315510394542216,0.9784906966181888
86.04494027954257,4.692757814524955,-0.10307876438779218,0.9785066144995372
85.85309275730623,4.692879615645243,-0.1029569632675047,0.9785320117619926
85.66124523506988,4.693036584435189,-0.10279999447755817,0.9785647419827505
85.46939771283354,4.693312781424776,-0.10252379748797136,0.9786223329754881
85.27672681067344,4.693627147824776,-0.10220943108797176,0.9786878828320827
85.08570266836087,4.693805560567324,-0.10203101834542316,0.978725084421339
84.89385514612452,4.693914923694075,-0.10192165521867214,0.978747888185594
84.70118424396442,4.693988261510952,-0.1018483174017959,0.9787631801613879
84.50933672172809,4.694124644725315,-0.10171193418743218,0.97879161799744
84.31748919949173,4.694245587468582,-0.10159099144416572,0.9788168362761024
84.31748919949173,4.6944355798276485,-0.10140099908509903,0.9788564523797666
84.12481829733163,4.694551805549731,-0.10128477336301689,0.9788806870925575
83.93379415501906,4.6946598822161585,-0.10117669669658902,0.9789032226115748
83.74194663278273,4.694763670681509,-0.10107290823123893,0.9789248639797995
83.55009911054638,4.695060453246679,-0.10077612566606842,0.9789867473572431
83.35825158831004,4.695307486048114,-0.10052909286463318,0.9790382572027874
83.16558068614994,4.695407843215799,-0.10042873569694866,0.9790591830967442
82.9737331639136,4.695527499498743,-0.10030907941400447,0.9790841331301691
82.78188564167725,4.695906197756554,-0.09993038115619335,0.9791630970922599
82.78188564167725,4.696513057783842,-0.09932352112890541,0.9792896360218716
82.59003811944092,4.697010554684381,-0.09882602422836673,0.9793933711872286
82.39819059720458,4.69734078963878,-0.09849578927396774,0.9794622298626577
82.20551969504447,4.697234428252783,-0.09860215065996414,0.9794400520039576
82.01449555273189,4.696912771174148,-0.09892380773859966,0.9793729819373815
81.82182465057178,4.6966142725917415,-0.09922230632100604,0.9793107407459867
81.62997712833545,4.696533215276123,-0.09930336363662473,0.9792938391451325
81.43812960609911,4.696672600231239,-0.09916397868150817,0.9793229028867391
81.24051842439644,4.697009697044165,-0.09882688186858246,0.97939319235707
81.24051842439644,4.697217702058169,-0.09861887685457837,0.9794365643549647
81.04867090216011,4.697285464476841,-0.09855111443590658,0.9794506937810944
80.85682337992375,4.6973948283403955,-0.09844175057235205,0.9794734976989834
80.66497585768742,4.697611410493358,-0.09822516841938977,0.9795186581520969
80.47230495552732,4.697857156834471,-0.09797942207827681,0.9795698997524037
80.28045743329098,4.698013696804309,-0.09782288210843859,0.9796025405580822
80.08860991105465,4.698082746420107,-0.09775383249264014,0.9796169383830836
79.8967623888183,4.698166377393178,-0.09767020151956984,0.9796343766280475
79.70491486658196,4.698352080814363,-0.09748449809838444,0.9796730984272852
79.70491486658196,4.698576383202873,-0.09726019570987443,0.9797198686590934
79.51306734434561,4.6987959678333935,-0.09704061107935402,0.9797656551713958
79.32121982210927,4.699076024203951,-0.09676055470879685,0.9798240508998467
79.12937229987294,4.699399826119929,-0.09643675279281894,0.979891568195453
78.9375247776366,4.699735207652425,-0.09610137126032292,0.9799615000054672
78.74567725540025,4.700026843639498,-0.09580973527324943,0.9800223102483258
78.55382973316391,4.700238279951167,-0.09559829896158067,0.9800663977204883
78.3611588310038,4.700473304315978,-0.09536327459676919,0.9801154036365458
78.16931130876748,4.7007091863210055,-0.09512739259174197,0.9801645883827618
77.97746378653113,4.700888885523878,-0.09494769338886933,0.9802020582172559
77.97746378653113,4.701052287352245,-0.09478429156050261,0.9802361298178365
77.78561626429479,4.701386811244524,-0.09444976766822322,0.980305882797692
77.59376874205846,4.7018542863166966,-0.09398229259605095,0.9804033579856973
77.39615756035577,4.702260003925315,-0.09357657498743244,0.9804879558659509
77.20431003811944,4.7024105396768405,-0.09342603923590698,0.9805193447068858
77.0124625158831,4.7024671512991025,-0.09336942761364497,0.980531149033687
76.82061499364676,4.70246586483878,-0.09337071407396724,0.9805308807884494
76.62794409148665,4.702716757021185,-0.09311982189156254,0.9805831953697068
76.43609656925032,4.703005820087612,-0.09283075882513536,0.9806434691220899
76.43609656925032,4.703175654954398,-0.09266092395834935,0.9806788821024931
76.24424904701398,4.70342440377307,-0.09241217513967737,0.9807307497619888
76.05240152477764,4.703587805601437,-0.09224877331131065,0.9807648213625694
75.86055400254129,4.70374820568905,-0.09208837322369767,0.9807982670575954
75.66788310038119,4.704035552738241,-0.09180102617450636,0.9808581829960273
75.47685895806862,4.704380798606823,-0.0914557803059246,0.9809301716601323
75.28501143583227,4.7046209695497305,-0.09121560936301698,0.9809802507107745
75.08657687420585,4.7049319046520655,-0.09090467426068205,0.9810450850931015
74.89555273189326,4.705222682998923,-0.0906138959138243,0.9811057165058016
74.89555273189326,4.705477435299103,-0.09035914361364483,0.9811588359764064
74.70370520965693,4.705718464619031,-0.09011811429371619,0.9812090940108417
74.51103430749683,4.705948771225854,-0.08988780768689342,0.9812571162073934
74.31918678526048,4.706212101401795,-0.08962447751095226,0.9813120242868512
74.12733926302414,4.706491728952244,-0.0893448499605034,0.9813703306002227
73.9354917407878,4.706866138272172,-0.08897044064057535,0.9814484002578867
73.74364421855147,4.707187366530701,-0.08864921238204637,0.9815153809093837
73.55179669631512,4.707489295673968,-0.08834728323877972,0.9815783374214122
73.35994917407878,4.707699015968402,-0.08813756294434594,0.9816220670796236
73.35994917407878,4.707960630863914,-0.08787594804883359,0.9816766174987648
73.16810165184245,4.708196941689049,-0.08763963722369894,0.98172589166006
72.97543074968235,4.708401516142191,-0.0874350627705569,0.9817685483373207
72.78440660736976,4.708707305403232,-0.08712927350951549,0.9818323097386966
72.59173570520966,4.709084716463915,-0.08675186244883282,0.9819110053019154
72.39988818297331,4.70950758835045,-0.08632899056229792,0.9819991800926067
72.20804066073698,4.709736608496949,-0.08609997041579831,0.9820469340439207
72.01619313850064,4.709779496402155,-0.08605708251059241,0.9820558767809177
71.82352223634054,4.710018809704848,-0.08581776920789963,0.9821057770014017
71.6316747141042,4.710322025308439,-0.08551455360430893,0.982169001758668
71.6316747141042,4.710505155808977,-0.08533142310377073,0.98220718706743
71.43982719186785,4.710756476811492,-0.08508010210125594,0.9822595910637671
71.2479796696315,4.711008227370916,-0.0848283515418311,0.9823120846288173
71.05119186785261,4.711248398313825,-0.08458818059892259,0.9823621636794598
70.8585209656925,4.711576489167684,-0.08426008974506338,0.9824305752794926
70.66667344345616,4.712115157956195,-0.08372142095655288,0.9825428953678957
70.47482592121982,4.712562047452784,-0.08327453145996344,0.9826360781711952
70.28297839898347,4.7128738409321365,-0.08296273798061105,0.9827010915373143
70.09113087674714,4.713225948659246,-0.08261063025350168,0.9827745109963213
70.09113087674714,4.713725160840216,-0.08211141807253153,0.9828786038219953
69.8992833545108,4.7141651877414725,-0.08167139117127498,0.9829703556767586
69.7066124523507,4.714461970306643,-0.08137460860610446,0.9830322390542021
69.51558831003813,4.714806787355117,-0.08102979155763013,0.983104138303228
69.32291740787802,4.715192347471454,-0.08064423144129318,0.9831845330602204
69.13106988564168,4.715508857971994,-0.0803277209407538,0.9832505299922115
68.93839898348158,4.715819793811132,-0.08001678510161536,0.9833153645281725
68.74737484116899,4.716119149296949,-0.07971742961579853,0.9833777843960915
68.55552731893266,4.716378191271813,-0.07945838764093427,0.9834317983247569
68.55552731893266,4.716630799471456,-0.07920577944129192,0.9834844707199659
68.3636797966963,4.716798490237703,-0.0790380886750448,0.9835194366249729
68.17183227445997,4.71706096277343,-0.0787756161393176,0.9835741658742724
67.97998475222363,4.717410925663197,-0.07842565324955064,0.9836471381042491
67.78731385006353,4.71801478394973,-0.07782179496301733,0.9837730511283059
67.5954663278272,4.718499414773429,-0.07733716413931813,0.9838741035340176
67.40361880559085,4.7188545242412925,-0.07698205467145502,0.9839481488985792
67.21177128335451,4.719241370817954,-0.07659520809479314,0.9840288119008096
67.01992376111818,4.7197268592818675,-0.07610971963087998,0.9841300431366795
67.01992376111818,4.720053234118493,-0.07578334479425486,0.9841980969227614
66.82725285895808,4.720333290489049,-0.07550328842369858,0.9842564926512121
66.63046505717917,4.7206956913723515,-0.07514088754039605,0.984332058379389
66.4328538754765,4.720948728392101,-0.07488785052064628,0.9843848201896771
66.24100635324015,4.721263523612209,-0.07457305530053837,0.9844504594613512
66.04833545108005,4.721724137562657,-0.07411244135009021,0.9845465040080886
65.85731130876746,4.722125565496588,-0.07371101341615915,0.9846302074302811
65.66546378653113,4.722473384285818,-0.0733631946269293,0.984702732584862
65.47279288437103,4.72292413390018,-0.07291244501256777,0.9847967202775084
65.47279288437103,4.723381316552963,-0.07245526235978428,0.984892049349978
65.28176874205846,4.723658799266069,-0.07217777964667871,0.9849499084343191
65.08909783989836,4.723994609618671,-0.07184196929407616,0.9850199296594123
64.89725031766201,4.724460369410413,-0.07137620950233448,0.9851170471871008
64.69963913595934,4.724954006929982,-0.07088257198276526,0.9852199776167446
64.507791613723,4.725411617666069,-0.07042496124667874,0.9853153959506592
64.31594409148666,4.72588466887325,-0.06995191003949763,0.9854140338419629
64.12327318932655,4.72634613972711,-0.06949043918563724,0.9855102570652249
63.93224904701398,4.726772014091203,-0.06906456482154422,0.9855990579151048
63.93224904701398,4.727141705653142,-0.06869487325960577,0.985676143853263
63.740401524777646,4.727594170547936,-0.06824240836481188,0.9857704892062267
63.548554002541294,4.728087378510593,-0.06774920040215449,0.9858733300671572
63.35670648030496,4.7285299790693,-0.06730659984344722,0.98596561856603
63.164035578144855,4.728927547622263,-0.06690903129048476,0.9860485172525095
62.96724777636595,4.729307961160504,-0.06652861775224395,0.9861278388749171
62.77457687420585,4.7296334790937165,-0.06620309981903105,0.9861957139844745
62.58272935196951,4.729914821924596,-0.06592175698815161,0.986254377958163
62.39088182973316,4.730249345816876,-0.06558723309587133,0.9863241309380186
62.39088182973316,4.730633618736087,-0.06520296017666016,0.9864042572961396
62.199034307496824,4.731093374309515,-0.06474320460323213,0.9865001228590842
62.00718678526049,4.731507240236985,-0.06432933867576285,0.9865864197794774
61.81451588310038,4.73182718203519,-0.06400939687755791,0.9866531321857366
61.6234917407878,4.732201162535008,-0.06363541637773906,0.986731112428321
61.43164421855146,4.7326231767813285,-0.06321340213141902,0.9868191083888538
61.233209656925034,4.732917386425853,-0.06291919248689481,0.9868804552758219
61.042185514612456,4.733151553150449,-0.06268502576229817,0.9869292823617211
60.84951461245235,4.733463346629803,-0.06237323228294489,0.9869942957278404
60.84951461245235,4.733867348221185,-0.06196923069156224,0.9870785357941427
60.657667090216,4.734306946302334,-0.06152963261041311,0.9871701982338268
60.465819567979665,4.734720383409695,-0.06111619550305214,0.9872564057391405
60.27314866581956,4.735064771638061,-0.06077180727468612,0.987328215573087
60.08212452350699,4.7354426115188515,-0.06039396739389602,0.987407000551385
59.89027700127065,4.735783568449552,-0.060053010463195555,0.9874780949110634
59.69760609911055,4.736042180867504,-0.05979439804524311,0.9875320192710155
59.50575857687421,4.736342394730341,-0.05949418418240615,0.9875946181227272
59.314734434561636,4.73672323708869,-0.05911334182405792,0.987674029160214
59.12124015247777,4.737077488916338,-0.058759089996409664,0.9877478956946171
59.12124015247777,4.7374390321594255,-0.05839754675332198,0.9878232825926355
58.93021601016518,4.737916800387792,-0.05791977852495567,0.987922904049811
58.738368487928845,4.738380844899102,-0.057455734013645454,0.9880196639171823
58.54569758576874,4.738935382242011,-0.056901196670736454,0.9881352928244197
58.35467344345616,4.739523371974148,-0.05631320693859987,0.9882578970296426
58.16282592121982,4.740060754302333,-0.055775824610414304,0.9883699488728077
57.97015501905972,4.740413290849552,-0.05542328806319574,0.9884434577468941
57.77830749682338,4.740742668163734,-0.055093910749013375,0.9885121375921647
57.586459974587044,4.740922367366607,-0.054914211546140734,0.9885496074266588
57.586459974587044,4.740370402944345,-0.05546617596840253,0.988434515009897
57.3946124523507,4.74082715677702,-0.05500942213572735,0.9885297546672872
57.20276493011436,4.741728226448834,-0.054108352463913434,0.9887176404838673
57.01009402795426,4.742445307979892,-0.05339127093285523,0.9888671621615265
56.81824650571792,4.742978830190305,-0.05285774872244264,0.9889784091153444
56.62722236340534,4.7434866202470385,-0.05234995866570902,0.9890842905498717
56.435374841169,4.743970821513825,-0.05186575739892252,0.9891852533868698
56.24352731893266,4.74439884071526,-0.05143773819748709,0.98927450146578
56.05085641677255,4.744757810300898,-0.051078768611849235,0.9893493517196891
56.05085641677255,4.74513993911957,-0.050696639793177845,0.9894290310024135
55.85900889453621,4.74554051015009,-0.05029606876265724,0.9895125557480818
55.661397712833555,4.745869458644165,-0.0499671202685823,0.9895811461782732
55.468726810673445,4.746119493186356,-0.04971708572639155,0.9896332819293724
55.27770266836087,4.746490471945423,-0.049346106967324666,0.9897106362664025
55.08585514612453,4.74688246510018,-0.048954113812567535,0.9897923724032177
54.89400762388818,4.7474056941543985,-0.048430884758349,0.9899014730878656
54.70216010165184,4.748016414299461,-0.04782016461328631,0.9900288169068248
54.5103125794155,4.748475741052784,-0.04736083785996392,0.9901245930546906
54.5103125794155,4.748833424178097,-0.04700315473465011,0.9901991750633617
54.31846505717916,4.749151221875764,-0.04668535703698318,0.9902654403942248
54.12579415501906,4.749567660723878,-0.04626891818886936,0.990352273805093
53.93394663278272,4.749995251105207,-0.045841327807540466,0.9904414324689244
53.742099110546384,4.750349931752963,-0.04548664715978479,0.9905153884184067
53.55025158831005,4.750657007474328,-0.04517957143841933,0.9905794180650205
53.35264040660737,4.751061437885817,-0.04477514102693014,0.9906637475464019
53.15996950444727,4.751526340037344,-0.04431023887540331,0.9907606862439319
52.96812198221093,4.751997246407182,-0.04383933250556549,0.9908588769062051
52.96812198221093,4.752420119030521,-0.0434164598822262,0.9909470518505306
52.77709783989835,4.7527443497666075,-0.04309222914613997,0.9910146585612162
52.585250317662016,4.75307372708079,-0.042762851831957605,0.9910833384064867
52.39340279542567,4.75352619123878,-0.04231038767396722,0.9911776836058164
52.200731893265576,4.753917755573429,-0.0419188233393184,0.9912593303275522
52.00394409148666,4.754168219672532,-0.041668359240215835,0.9913115556473648
51.81209656925032,4.754496739346499,-0.041339839566248315,0.991380056662477
51.61942566709022,4.754983085450628,-0.04085349346211942,0.9914814667285053
51.42757814485388,4.7555028839439855,-0.040333694968762046,0.9915898520925194
51.235730622617545,4.7559004517601435,-0.03993612715260397,0.9916727506253648
51.235730622617545,4.756323753203591,-0.039512825709156374,0.9917610149847695
51.043883100381194,4.756793373113107,-0.03904320579964082,0.9918589374018053
50.85203557814486,4.75724112024991,-0.03859545866283742,0.9919522990352629
50.66018805590852,4.757587652578815,-0.03824892633393251,0.9920245559446056
50.46834053367217,4.757905450276482,-0.037931128636265576,0.9920908212754688
50.27649301143583,4.758289723195691,-0.03754685571705618,0.9921709476335893
50.08382210927573,4.758655984196769,-0.0371805947159789,0.9922473182511136
49.89197458703939,4.759072851864991,-0.03676372704775677,0.9923342410770611
49.70012706480305,4.759445545904489,-0.03639103300825841,0.9924119530744084
49.70012706480305,4.7597783537795335,-0.036058225133213995,0.9924813482403129
49.50827954256671,4.760035679737164,-0.03580089917558382,0.9925350043550274
49.316432020330375,4.7604212398535015,-0.03541533905924599,0.99261539911202
49.12458449809404,4.760772061120288,-0.03506451779245978,0.9926885503257892
48.931913595933935,4.761089000440934,-0.03474757847181387,0.9927546366728593
48.74088945362135,4.761459549643089,-0.0343770292696588,0.9928319014411763
48.54821855146125,4.761834817340036,-0.03400176157271151,0.9929101500826327
48.35637102922491,4.762147896542908,-0.03368868236983946,0.9929754315403556
48.16452350698856,4.762472127278994,-0.033364451633753234,0.9930430382510412
48.16452350698856,4.76292630745422,-0.03291027145852787,0.9931377412643221
47.97267598475222,4.76336890874973,-0.032467670163017104,0.9932300299168288
47.78082846251588,4.763703431905207,-0.03213314700754033,0.9932997827430506
47.58898094027954,4.763954753644525,-0.03188182526822292,0.9933521868930215
47.397133418043204,4.764198784705206,-0.031637794207541425,0.9934030708330112
47.2044625158831,4.764484845294076,-0.031351733618671496,0.9934627185262057
47.012614993646764,4.764688561370198,-0.03114801754254959,0.9935051962196737
46.82076747141042,4.764947174524955,-0.03088940438779275,0.9935591207332599
46.62891994917408,4.765423656292999,-0.030412922619748706,0.9936584739451978
46.43707242693774,4.765892846645602,-0.02994373226714586,0.99375630679352
46.43707242693774,4.766387341805387,-0.029449237107360915,0.9938594160533224
46.23946124523507,4.766669542276481,-0.02916703663626663,0.9939182588571692
46.04761372299873,4.767044380416516,-0.02879219849623116,0.9939964179299123
45.850002541296064,4.767442806609695,-0.028393772303052067,0.9940794954465506
45.65815501905972,4.76772114769982,-0.028115431212927255,0.9941375335146843
45.466307496823376,4.767937730589588,-0.027898848323159697,0.9941826941214322
45.27445997458704,4.768322003508797,-0.027514575403950303,0.9942628204795527
45.081789072426936,4.768745733772352,-0.02709084514039528,0.9943511742540366
45.081789072426936,4.768931008373429,-0.02690557053931819,0.994389806638195
44.8899415501906,4.769075539906643,-0.026761039006104603,0.9944199435143865
44.698094027954255,4.769395910524956,-0.026440668387791355,0.994486745335725
44.50624650571792,4.769778468163735,-0.026058110749012542,0.9945665140335286
44.314398983481574,4.770086831082226,-0.025749747830521308,0.9946308120790139
44.12255146124524,4.770242941495153,-0.025593637417594906,0.9946633633159792
43.92494027954257,4.770349731701256,-0.02548684721149108,0.9946856305897586
43.733092757306224,4.770601053440575,-0.025235525472172782,0.9947380347397297
43.54042185514612,4.77093471969264,-0.024901859220107347,0.994807608889427
43.54042185514612,4.771380751549013,-0.024455827363734528,0.9949006128625678
43.34939771283355,4.771911271281867,-0.023925307630880077,0.9950112337571969
43.157550190597206,4.772360734435908,-0.023475844476839924,0.995104953204606
42.9648792884371,4.772739003136805,-0.023097575775942403,0.9951838275979832
42.773031766200766,4.773090682043807,-0.022745896868940463,0.9952571576419109
42.58118424396442,4.773369451954039,-0.022467126958708228,0.9953152851251238
42.389336721728085,4.773743861273968,-0.02209271763877929,0.9953933547827879
42.19748919949174,4.774070664930701,-0.021765913982046747,0.995461497983949
42.0056416772554,4.774263659767326,-0.02157291914542192,0.9955017401468019
41.81379415501906,4.774412050681508,-0.021424528231239748,0.9955326817587065
41.81379415501906,4.774695538349731,-0.021141040563016134,0.9955917929614255
41.62194663278272,4.775010333569839,-0.020826245342908223,0.9956574322330997
41.43009911054638,4.7753860293500905,-0.020450549562657017,0.9957357701360013
41.23742820838628,4.7755966080215435,-0.020239970891203996,0.9957796787780053
41.04558068614994,4.775821339230162,-0.020015239682585673,0.9958265384248929
40.853733163913596,4.776019479908079,-0.019817099004668215,0.9958678535686967
40.66188564167726,4.776186313034112,-0.019650265878635942,0.9959026406435453
40.469214739517156,4.776403753564094,-0.019432825348653537,0.9959479800804516
40.27819059720458,4.776689814152962,-0.019146764759785384,0.9960076277736457
40.27819059720458,4.776945424830162,-0.018891154082585793,0.9960609262280433
40.08634307496824,4.777312971554759,-0.01852360735798886,0.9961375649371713
39.89367217280813,4.777655214945782,-0.018181363966965236,0.9962089275420876
39.70264803049555,4.777848209782406,-0.017988369130341297,0.9962491697049404
39.50997712833545,4.778130410253501,-0.017706168659246124,0.9963080125087873
39.31812960609911,4.778436628334649,-0.017399950578098178,0.9963718633252422
39.126282083862776,4.7787518523748655,-0.017084726537881956,0.9964375920119957
38.93361118170267,4.779056355175584,-0.016780223737163702,0.996501085168134
38.741763659466336,4.779196168950808,-0.016640409961939717,0.9965302383248196
38.741763659466336,4.779423044259964,-0.01641353465278339,0.9965775450471033
38.550739517153744,4.779649920305925,-0.016186658606822668,0.9966248519230211
38.35889199491741,4.779943271573429,-0.015893307339318596,0.9966860198261964
38.166221092757304,4.780307816557272,-0.0155287623554754,0.9967620326297699
37.97437357052097,4.780616178738959,-0.015220400173788562,0.9968263305216211
37.78252604828463,4.780795449121723,-0.015041129791024233,0.9968637109410359
37.59067852604828,4.780988443958349,-0.014848134954398517,0.996903953103889
37.39883100381194,4.781223897143268,-0.014612681769479607,0.9969530484350256
37.206983481575605,4.781439622392819,-0.014396956519928672,0.9969980302116148
37.01513595933926,4.7816197504158,-0.01421682849694772,0.9970355894611883
37.01513595933926,4.78194226513465,-0.013894313778097356,0.9971028383579227
36.823288437102924,4.782297804159426,-0.013538774753321547,0.9971769732911977
36.63061753494282,4.782540976843088,-0.013295602069659296,0.9972276782473949
36.438770012706485,4.782671784659247,-0.013164794253500922,0.9972549535337826
36.24692249047013,4.782845908463914,-0.012990670448833619,0.9972912608186122
36.0550749682338,4.783146979230163,-0.01268959968258443,0.9973540383468485
35.862404066073694,4.783381145954758,-0.012455432957989565,0.9974028654327473
35.67137992376112,4.783631181233753,-0.012205397678994423,0.9974550013374807
35.47870902160102,4.783893224949372,-0.011943353963375536,0.9975096411717008
35.47870902160102,4.784050193739318,-0.011786385173429892,0.9975423713924585
35.28686149936468,4.784138113650269,-0.011698465262478308,0.997560703941849
35.09501397712833,4.784253052175224,-0.01158352673752372,0.997584670255768
34.89822617534943,4.784415596363376,-0.01142098254937185,0.9976185630261903
34.70637865311309,4.784593151465709,-0.011243427447038101,0.9976555857852881
34.51370775095299,4.784822171612208,-0.011014407300539375,0.9977033397366021
34.32186022871665,4.785019025829803,-0.010817553082944187,0.9977443866351683
34.1300127064803,4.7852343215224415,-0.010602257390305958,0.997789278843044
33.938165184243964,4.785431605296948,-0.01040497361579984,0.9978304153103235
33.938165184243964,4.785738680281509,-0.010097898631238778,0.9978944448033031
33.74631766200762,4.78593424803878,-0.009902330873967635,0.9979352234566315
33.55447013977128,4.785938965796769,-0.00989761311597892,0.9979362071761372
33.362622617534946,4.785932532758349,-0.009904046154398216,0.9979348657963146
33.16995171537484,4.78603160346571,-0.009804975447037734,0.9979555234450336
32.978104193138506,4.7862061560904845,-0.009630422822263007,0.9979919201449424
32.78049301143583,4.786418450042371,-0.00941812887037674,0.9980361864472638
32.58864548919949,4.786595146767684,-0.009241432145063122,0.998073030222569
32.396797966963156,4.786758119775944,-0.00907845913680383,0.9981070124080704
32.396797966963156,4.786951543432675,-0.008885035480072467,0.9981473439860024
32.20495044472681,4.786998720275763,-0.008837858636984386,0.9981571810274261
32.013102922490475,4.7871917143755836,-0.008644864537163954,0.9981974230366448
31.821255400254127,4.78751594511167,-0.008320633801077726,0.9982650297473306
31.629407878017787,4.787781419388151,-0.008055159524596789,0.9983203849021847
31.436736975857688,4.787750111836266,-0.008086467076481085,0.9983138568332296
31.244889453621347,4.787780561747936,-0.008056017164811635,0.9983202060720263
31.053865311308773,4.787927237381688,-0.007909341531059155,0.9983507900236142
30.86119440914867,4.787991569239498,-0.007845009673249415,0.9983642041291099
30.669346886912322,4.788062334135727,-0.007774244777020378,0.9983789596144281
30.669346886912322,4.7881618329263915,-0.00767474598635598,0.9983997065245922
30.47749936467598,4.788353111745781,-0.007483467166966129,0.9984395908734941
30.284828462515883,4.788562403956912,-0.007274174955835377,0.9984832312702606
30.092980940279542,4.788760973454937,-0.0070756054578104965,0.9985246358291435
29.901133418043205,4.788878056817236,-0.006958522095511732,0.9985490493720932
29.709285895806865,4.7890255908280075,-0.006810988084740011,0.9985798123074735
29.517438373570528,4.789140529352963,-0.006696049559784534,0.9986037786213928
29.325590851334177,4.789285489706284,-0.006551089206463523,0.9986340049126635
29.13374332909784,4.789251608496949,-0.00658497041579853,0.9986269401995989
29.13374332909784,4.789199714632675,-0.006636864280072707,0.9986161195923032
28.9418958068615,4.789251608496949,-0.00658497041579853,0.9986269401995989
28.750048284625162,4.789478912626213,-0.00635766628653478,0.9986743363369617
28.55820076238882,4.789903071709874,-0.005933507202873223,0.9987627795265246
28.360589580686145,4.790251320056015,-0.005585258856732445,0.9988353942498185
28.167918678526046,4.790437452297308,-0.00539912661543962,0.9988742054641354
27.976071156289706,4.790611147281868,-0.00522543163087974,0.9989104233338859
27.78422363405337,4.79084316916912,-0.004993409743627275,0.9989588031907544
27.59319949174079,4.790903640909157,-0.004932938003590515,0.998971412406903
27.59319949174079,4.790943526336805,-0.004893052575942747,0.9989797290847112
27.40052858958069,4.791004855717056,-0.00483172319569114,0.9989925171310181
27.20868106734434,4.790823012413645,-0.005013566499102673,0.9989546002211278
27.01601016518424,4.790798137163375,-0.005038441749372069,0.9989494133783611
26.824986022871663,4.791137378813645,-0.004699200099102185,0.9990201500777227
26.633138500635326,4.791491630641293,-0.004344948271454818,0.9990940166121257
26.441290978398985,4.79164388167325,-0.004192697239497889,0.9991257631133778
26.248620076238886,4.792056461140396,-0.0037801177723517654,0.9992117917885333
26.057595933926297,4.792381549516697,-0.0034550293960506906,0.9992795773293772
26.057595933926297,4.792339519251706,-0.003497059661041746,0.9992708134225385
25.864925031766198,4.792197561375944,-0.0036390175368037347,0.9992412131904568
25.673077509529858,4.792137089635907,-0.0036994892768404952,0.9992286039743082
25.48122998729352,4.792139663293358,-0.0036969156193897845,0.9992291406184178
25.288559085133418,4.792333086213286,-0.0035034926994619298,0.9992694720427158
25.09671156289708,4.792462178012209,-0.0033744009005385323,0.9992963895151524
24.90486404066074,4.792390556212567,-0.0034460227001806842,0.9992814553533094
24.713839898348155,4.79213280143483,-0.0037037774779173915,0.9992277098235159
24.521168996188052,4.792220720608977,-0.003615858303770203,0.9992460422192722
24.329321473951715,4.792418004383483,-0.0034185745292640846,0.9992871786865517
24.329321473951715,4.792632871256014,-0.003203707656733279,0.9993319814793482
24.137473951715375,4.792707066713106,-0.0031295121996413044,0.9993474522853006
23.944803049555276,4.792696773556912,-0.0031398053558353567,0.9993453060161305
23.753778907242697,4.792650455090845,-0.00318612382190242,0.9993356479584997
23.561108005082588,4.792774829131778,-0.0030617497809695138,0.9993615817114303
23.369260482846247,4.792925793703412,-0.0029107852093357423,0.9993930599674445
23.17741296060991,4.793146665531061,-0.0026899133816868925,0.999439114878619
22.98556543837357,4.793238016002873,-0.002598562909874147,0.9994581627486433
22.793717916137233,4.793138087655296,-0.002698491257451252,0.9994373262697657
22.793717916137233,4.793440445618673,-0.0023961332940745095,0.9995003721968738
22.60104701397713,4.79375309673824,-0.0020834821745072674,0.9995655643931513
22.410022871664545,4.793892052873249,-0.001944526039498129,0.9995945387196786
22.218175349428208,4.794010851515979,-0.0018257273967687837,0.9996193099229451
22.025504447268105,4.794175968624776,-0.0016606102879714868,0.9996537391838427
21.833656925031768,4.79422400310808,-0.0016125758046676708,0.9996637550554249
21.64263278271919,4.794276326529265,-0.0015602523834825632,0.9996746652314337
21.44996188055909,4.794417426764812,-0.0014191521479354208,0.9997040866333571
21.25811435832275,4.794443158918492,-0.0013934199942555736,0.999709452152648
21.25811435832275,4.794537940687972,-0.0012986382247754946,0.9997292154969405
21.066266836086402,4.794719355908079,-0.001117223004668766,0.9997670431453854
20.8735959339263,4.794564531218672,-0.0012720476940755177,0.999734760000024
20.682571791613725,4.794371965938959,-0.001464612973788526,0.9996946074058845
20.48496060991106,4.794410564169481,-0.0014260147432665349,0.9997026556848212
20.29311308767472,4.794600556528546,-0.0012360223842016183,0.999742271788485
20.10126556543837,4.794700484876122,-0.0011360940366254013,0.9997631082673624
19.90859466327827,4.79481327930054,-0.0010232996122079285,0.9997866275058855
19.717570520965694,4.794779826911311,-0.0010567520014364007,0.9997796522078999
19.717570520965694,4.794649877472173,-0.0011867014405746446,0.9997525559053049
19.519135959339266,4.794657168150809,-0.0011794107619387262,0.9997540761152862
19.327288437102926,4.794640871513106,-0.0011957073996411438,0.9997506780350067
19.135440914866578,4.79461728272316,-0.0012192961895873822,0.9997457594374778
18.943593392630238,4.794736082102693,-0.0011004968100545298,0.9997705307943783
18.7517458703939,4.79490591696948,-0.00093066194326763,0.9998059437747817
18.55989834815756,4.794890906055296,-0.0009456728574512852,0.9998028137861058
18.368050825921223,4.794892621335728,-0.0009439575770198161,0.9998031714464228
18.17537992376112,4.794980112426571,-0.0008564664861765436,0.9998214145807339
18.17537992376112,4.7950277180897665,-0.000808860822981039,0.9998313410372368
17.984355781448535,4.795013993635906,-0.0008225852768415365,0.9998284792937986
17.792508259212195,4.794969819270377,-0.0008667596423705959,0.9998192683115639
17.600660736975858,4.795045730744705,-0.000790848168042757,0.9998350969314675
17.407989834815755,4.795251591658169,-0.0005849872545784507,0.9998780218539659
17.216142312579418,4.795359239504489,-0.0004773394082588922,0.9999004679579038
17.024294790343077,4.7953099185608625,-0.0005266603518849777,0.999890183841084
16.83244726810674,4.795306487263196,-0.000530091649551423,0.9998894683668159
16.639776365946627,4.795372105581328,-0.0004644733314194127,0.9999031507175491
16.44792884371029,4.795483613545422,-0.00035296536732509765,0.9999264017108346
16.44792884371029,4.795571104636266,-0.0002654742764818252,0.9999446448451457
16.251141041931387,4.795610561243806,-0.00022601766894148057,0.9999528721078748
16.058470139771284,4.7955041998578105,-0.00033237905493699316,0.9999306942491747
15.866622617534947,4.795342084489767,-0.0004944944229805515,0.9998968908938318
15.674775095298598,4.795337795551885,-0.0004987833608627312,0.9998959965894051
15.482927573062259,4.795417566407183,-0.00041901250556453107,0.9999126299450222
15.29108005082592,4.795399124932137,-0.0004374539806102362,0.9999087846357122
15.099232528589582,4.795347659887971,-0.0004889190247761022,0.999898053443496
14.907385006353243,4.795405129150448,-0.0004314497622992519,0.9999100366004554
14.907385006353243,4.795428717203591,-0.00040786170915652065,0.9999149550443504
14.715537484116904,4.795393978354039,-0.0004426005587081505,0.999907711501127
14.523689961880555,4.795431719681149,-0.00040485923159838677,0.9999155811035392
14.331842439644216,4.795727644606105,-0.0001089343066427162,0.9999772856508243
14.139994917407877,4.795915063307721,7.848439497326609e-05,1.0000163651103788
13.947324015247776,4.795839581390306,3.002477558133876e-06,1.0000006260591887
13.755476493011438,4.795809559561939,-2.7019350808288323e-05,0.9999943660818371
13.55704193138501,4.795778252010055,-5.832690269258478e-05,0.999987838012882
13.366017789072423,4.795642727172711,-0.00019385174003616612,0.9999595791606226
13.366017789072423,4.795560382659964,-0.0002761962527833006,0.9999424091608964
13.174170266836084,4.795577966494793,-0.0002586124179542182,0.9999460756400476
12.982322744599745,4.795185115699821,-0.0006514632129261955,0.999864160673074
12.789651842439644,4.795208703752962,-0.0006278751597852406,0.9998690791169687
12.598627700127068,4.795456594194615,-0.0003799847181324978,0.9999207677926718
12.405956797966967,4.795649160211132,-0.0001874187016150941,0.9999609205404456
12.214109275730618,4.795763669915979,-7.290899676881679e-05,0.9999847974392853
12.023085133418041,4.795820281538242,-1.6297374505924722e-05,0.9999966017660865
11.83041423125794,4.79583615009264,-4.288201074231779e-07,0.9999999105849208
11.83041423125794,4.7957203531906645,-0.00011622572208302984,0.9999757652872089
11.63774332909784,4.795490904224058,-0.0003456746886891793,0.9999279219208158
11.4458958068615,4.795465600890485,-0.00037097802226249144,0.999922645816604
11.254871664548924,4.79551706593465,-0.00031951297809751367,0.99993337700882
11.063024142312575,4.7955895461113105,-0.00024703280143700823,0.9999484901544554
10.86541296060991,4.795656450889767,-0.00018012802298006392,0.9999624407504267
10.673565438373572,4.795672748264273,-0.0001638306484741392,0.9999658389843402
10.481717916137233,4.795707915933932,-0.00012866297881508615,0.9999731719426428
10.289870393900895,4.795761096995332,-7.548191741513222e-05,0.9999842609488099
10.289870393900895,4.795781253750809,-5.532516193884618e-05,0.9999884639184367
10.097199491740792,4.795821139178456,-1.5439734291078366e-05,0.9999967805962449
9.905351969504444,4.795762812275764,-7.376663698366315e-05,0.9999846186091269
9.713504447268106,4.795647015373789,-0.00018956353895838163,0.9999604733114151
9.51589326556544,4.795524785433393,-0.0003117934793541721,0.9999349866338805
9.324045743329101,4.795478038147218,-0.00035854076552954695,0.9999252391611704
9.132198221092763,4.795490904224058,-0.0003456746886891793,0.9999279219208158
8.939527318932662,4.795465172070378,-0.0003714068423699146,0.9999225564015248
8.748503176620074,4.79547760932711,-0.0003589695856378583,0.9999251497460909
8.748503176620074,4.795493477881508,-0.00034310103123935676,0.9999284585649253
8.555832274459974,4.795517494754758,-0.0003190841579892023,0.9999334664238994
8.364808132147397,4.795544942925673,-0.000291635987074379,0.9999391897571412
8.172960609911058,4.795521354872532,-0.0003152240402153339,0.9999342713132467
7.98111308767472,4.7955380810671455,-0.000298497845601986,0.9999377589622394
7.788442185514608,4.795609703603591,-0.00022687530915632692,0.9999526932777164
7.596594663278269,4.795683899060683,-0.00015267985206435242,0.9999681640836688
7.4047471410419305,4.795737079385279,-9.949952746879376e-05,0.9999792529362017
7.212899618805592,4.79575509277702,-8.148613572789287e-05,0.9999830089840662
7.021052096569253,4.795651733131778,-0.00018484578096966686,0.9999614570309209
7.021052096569253,4.795585685993537,-0.00025089291921087664,0.999947685265108
6.828381194409152,4.795760238618312,-7.634029443526202e-05,0.9999840819650171
6.636533672172813,4.7959425114786365,0.00010593256588897759,1.000022088443621
6.444686149936464,4.7959056277917425,6.904887899494838e-05,1.0000143976713673
6.252838627700125,4.795792833367326,-4.374554542163622e-05,0.9999908784328444
6.060991105463787,4.7956881879985644,-0.00014839091418306083,0.9999690583880954
5.869143583227448,4.795698051597846,-0.00013852731490171522,0.9999711150885519
5.677296060991109,4.795706629473609,-0.00012994943913824386,0.999972903697405
5.48544853875476,4.7957306463468585,-0.00010593256588897759,0.9999779115563789
5.48544853875476,4.795870888942191,3.431002944331851e-05,1.0000071541281441
5.292777636594659,4.795981968086176,0.00014538917342843405,1.00003031570635
5.10093011435832,4.796060023661042,0.00022344474829427696,1.0000465914016496
4.909082592121981,4.796060452481149,0.00022387356840170014,1.0000466808167288
4.717235069885643,4.7960029832186715,0.00016640430592396172,1.0000346976597692
4.524564167725542,4.795937793720647,0.00010121480789937465,1.0000211047241152
4.333540025412965,4.795988829944704,0.00015225103195692924,1.000031746501252
4.141692503176617,4.795999980741113,0.00016340182836582784,1.0000340716005804
3.9498449809402776,4.795925785284021,8.920637127385334e-05,1.0000186007946281
3.9498449809402776,4.795817279797487,-1.9299115260551503e-05,0.9999959758605317
3.757997458703939,4.79577439189228,-6.218702046734137e-05,0.9999870331235345
3.5661499364676,4.795797551125314,-3.9027787433809635e-05,0.9999918621523499
3.373479034307499,4.795916779324956,8.020041220824226e-05,1.00001672292433
3.1816315120711605,4.7960257136315985,0.00018913471885095845,1.0000394372735057
2.989783989834811,4.796037722068223,0.00020114315547559158,1.0000419412029926
2.7979364675984724,4.795904770151526,6.819123877832567e-05,1.0000142188412087
2.6060889453621336,4.79584429841149,7.719498742453368e-06,1.0000016096250604
2.414241423125795,4.795852447467145,1.5868554397613366e-05,1.000003308818834
2.221570520965694,4.795853305107361,1.67261946133479e-05,1.0000034876489927
2.221570520965694,4.795831861154758,-4.717757989602944e-06,0.9999990162804941
2.0305463786531175,4.79584258313106,6.004218312760656e-06,1.0000012519647437
1.8378754764930165,4.795923641183483,8.706227073584927e-05,1.0000181537192319
1.6460279542566674,4.795984112923518,0.0001475340107708334,1.0000307629353802
1.4541804320203287,4.795945513956195,0.00010893504344711147,1.0000227145028098
1.26233290978399,4.795791118086895,-4.546082585221711e-05,0.9999905207725276
1.0704853875476512,4.795719924370557,-0.00011665454219045301,0.9999756758721298
0.8778144853875501,4.795698909974867,-0.00013766893788069723,0.9999712940723448
0.6867903430749634,4.795228861245242,-0.0006077176675054474,0.9998732822402294
0.6867903430749634,4.795267889032676,-0.0005686898800716378,0.9998814200878795
0.4941194409148624,4.795421426524955,-0.000415152387792439,0.9999134348343691
0.30227191867852365,4.79554751584632,-0.0002890630664271754,0.999939726247617
0.11042439644218494,4.795687330358348,-0.00014924855439968354,0.9999688795579366
-0.08718678526048051,4.7958365789127475,0.0,1.0
-0.27903430749681923,4.795908201449192,7.16225364447709e-05,1.0000149343154767
-0.47088182973316833,4.795986257024058,0.00014967811131061382,1.0000312100107767
-0.662729351969507,4.795978107968402,0.00014152905565456564,1.0000295108170025
-0.8545768742058457,4.795894477732137,5.789881938955688e-05,1.000012072725673
-0.8545768742058457,4.795751661479353,-8.49174333943381e-05,0.9999822935097982
-1.0530114358322737,4.795653877232317,-0.00018270168043077462,0.9999619041063171
-1.2448589580686125,4.7956122765242375,-0.0002243023885100115,0.9999532297681918
-1.435883100381199,4.795654306789228,-0.00018227212351984434,0.9999619936750302
-1.6277306226175376,4.795642727172711,-0.00019385174003616612,0.9999595791606226
-1.8204015247776388,4.7955681021587075,-0.0002684767540399591,0.9999440187859568
-2.0122490470139778,4.795585685993537,-0.00025089291921087664,0.999947685265108
-2.2040965692503165,4.795684756700898,-0.00015182221184950606,0.9999683429138272
-2.395944091486655,4.795813848499821,-2.2730412926108556e-05,0.9999952603862637
-2.395944091486655,4.795901768410772,6.518949802458707e-05,1.0000135929356542
-2.5877916137229935,4.795927071744345,9.049283159789923e-05,1.000018869039866
-2.779639135959343,4.7959373649005395,0.00010078598779195147,1.000021015309036
-2.9714866581956816,4.795928358941473,9.178002872545221e-05,1.0000191374387377
-3.1641575603557826,4.795963097791024,0.0001265188782761939,1.000026380981961
-3.3560050825921213,4.795950659797486,0.00011408088473885414,1.0000237874837605
-3.5527928843710246,4.795869173661759,3.2594749011849444e-05,1.000006796467827
-3.7454637865311358,4.795771390151526,-6.518876122107997e-05,0.9999864072179799
-3.9364879288437122,4.795722498028008,-0.00011408088473974232,0.9999762125162394
-3.9364879288437122,4.795644442453142,-0.00019213645960558523,0.9999599368209395
-4.129158831003814,4.795549231863555,-0.0002873470491921992,0.999940084061568
-4.321006353240152,4.795475036406463,-0.0003615425062841737,0.9999246132556155
-4.512853875476491,4.795489188943627,-0.00034738996912064835,0.9999275642604988
-4.70470139771283,4.795535507409696,-0.0003010715030518085,0.99993722231813
-4.896548919949178,4.795527359090844,-0.0003092198219034614,0.9999355232779901
-5.08921982210928,4.795357094667146,-0.00047948424560129155,0.9999000207288735
-5.281067344345619,4.795116924461042,-0.0007196544517054093,0.9998499418318653
-5.4720914866581944,4.795223714667146,-0.0006128642456015854,0.9998722091056446
-5.664762388818295,4.795372534401436,-0.00046404451131110136,0.9999032401326284
-5.664762388818295,4.795445014578097,-0.0003915643346505959,0.9999183532782638
-5.856609911054634,4.795468173811132,-0.00036840510161528783,0.9999231823070797
-6.049280813214746,4.795377680979534,-0.00045889793321318706,0.9999043132672137
-6.240304955527322,4.79529919658456,-0.0005373823281873413,0.9998879481568346
-6.432975857687423,4.795270461953321,-0.0005661169594262105,0.9998819565783548
-6.624,4.795131505818313,-0.0007050730944344608,0.9998529822518276
-6.815847522236338,4.795066745877199,-0.0007698330355481176,0.9998394788848867
-7.008518424396439,4.795124215139677,-0.0007123637730703791,0.9998514620418464
-7.199542566709016,4.795286759327828,-0.0005498195849193976,0.9998853548122685
-7.199542566709016,4.795463456053142,-0.00037312285960577896,0.9999221985875736
-7.39303684879288,4.7953982672919215,-0.00043831162082597075,0.9999086058055536
-7.584884371029219,4.7952357231037706,-0.0006008558089769522,0.9998747130351315
-7.775908513341794,4.795167103044883,-0.0006694758678644774,0.9998604047788433
-7.967756035578154,4.79514565909228,-0.0006909198204674283,0.9998559334103448
-8.160426937738254,4.795158953989229,-0.0006776249235187493,0.9998587055850697
-8.35145108005083,4.795006702957272,-0.0008298759554756785,0.9998269590838177
-8.544121982210932,4.7948222859964105,-0.001014292916337034,0.9997885055298179
-8.73596950444727,4.7948192835188514,-0.001017295393896056,0.999787879470629
-8.73596950444727,4.7947781116308805,-0.0010584672818669816,0.999779294547583
-8.92781702668361,4.794820141895871,-0.0010164370168768144,0.9997880584544214
-9.125428208386285,4.794923929624417,-0.0009126492883302362,0.9998096996690122
-9.32303939008894,4.795069747617953,-0.000766831294794379,0.9998401047904414
-9.514063532401517,4.795180397941832,-0.0006561809709157984,0.9998631769535682
-9.706734434561618,4.795259311156912,-0.0005772677558351091,0.9998796314790264
-9.898581956797956,4.795270033133214,-0.0005665457795336337,0.9998818671632755
-10.090429479034317,4.795130648178097,-0.0007059307346501953,0.999852803421669
-10.288040660736971,4.795033722308079,-0.0008028566046682784,0.9998325930019805
-10.288040660736971,4.794980112426571,-0.0008564664861765436,0.9998214145807339
-10.47988818297331,4.794920499063555,-0.0009160798491922861,0.9998089843483783
-10.672559085133411,4.794875895877918,-0.0009606830348296569,0.9997996839510642
-10.863583227445988,4.794956953193537,-0.0008796257192100754,0.9998165855519185
-11.05625412960611,4.795520497232316,-0.00031608168043106843,0.9999340924830882
-11.248101651842449,4.795514921834112,-0.00032165707863551773,0.999932929933424
-11.439125794155025,4.795309060920647,-0.0005275179921007123,0.9998900050109255
-11.630973316391364,4.795116924461042,-0.0007196544517054093,0.9998499418318653
-11.823644218551465,4.794991263222981,-0.0008453156897667569,0.9998237396800626
-11.823644218551465,4.794942371099463,-0.000894207813284531,0.9998135449783222
-12.015491740787803,4.794889619594974,-0.0009469593177735547,0.9998025455408682
-12.207339263024142,4.794890906055296,-0.0009456728574512852,0.9998028137861058
-12.400010165184243,4.794869890922801,-0.0009666879899468128,0.9997984318326865
-12.59103430749682,4.794864315524597,-0.0009722633881503739,0.9997972692830224
-12.78370520965692,4.7947553812179535,-0.0010811976947939783,0.9997745549338466
-12.97555273189326,4.794651592752604,-0.0011849861601431755,0.999752913565622
-13.172340533672173,4.7945752531949735,-0.0012613257177740422,0.9997369956842733
-13.364188055908512,4.7945199280330355,-0.0013166508797120002,0.9997254596027101
-13.364188055908512,4.794529363549013,-0.0013072153637345707,0.9997274270417215
-13.55603557814485,4.794561528741114,-0.0012750501716336515,0.9997341339408352
-13.74788310038119,4.794426432723878,-0.0014101461888698097,0.999705964503655
-13.94055400254129,4.794329935673968,-0.0015066432387795814,0.9996858434990458
-14.13240152477763,4.794367248180969,-0.001469330731778129,0.9996936236863786
-14.32507242693773,4.794392122694434,-0.0014444562183131282,0.999698810375511
-14.516096569250326,4.7943067764409335,-0.0015298024718140013,0.9996810144702302
-14.708767471410427,4.794044303905207,-0.0017922750075403115,0.9996262852209308
-14.900614993646766,4.793957242371275,-0.0018793365414726537,0.9996081316553329
-15.092462515883105,4.79393150948079,-0.0019050694319577843,0.9996027659824077
-15.092462515883105,4.793910065528187,-0.0019265133845607352,0.9995982946139091
-15.243964421855146,4.793934082401437,-0.0019024965113105807,0.9996033024728833
-15.243964421855146,4.793972681368762,-0.0018638975439850825,0.9996113509054539
-15.243964421855146,4.793962817769479,-0.0018737611432682044,0.9996092942049971
-15.243964421855146,4.793849593788151,-0.0019869851245966075,0.9995856853977607
-15.243964421855146,4.793711067210054,-0.0021255117026939274,0.9995568006399468
-15.243964421855146,4.793703346974506,-0.0021332319382416642,0.9995551908612521
-15.243964421855146,4.793754812018672,-0.0020817668940757983,0.9995659220534684
-15.243964421855146,4.793876184318851,-0.0019603945938966305,0.9995912299008444
-15.243964421855146,4.7939139256459615,-0.0019226532667859786,0.9995990995032566
-15.243964421855146,4.793868464820108,-0.001968114092639084,0.999589620275784
-15.243964421855146,4.793872753021185,-0.0019638258915621876,0.9995905144265763
-15.243964421855146,4.793885191014722,-0.001951387898025736,0.9995931079247766
-15.243964421855146,4.793913496825853,-0.00192308208689429,0.9995990100881773
-15.243964421855146,4.79396839243088,-0.0018681864818672622,0.9996104566010273
-15.243964421855146,4.793974396649192,-0.0018621822635553897,0.9996117085657708
-15.243964421855146,4.793951666236266,-0.0018849126764814983,0.9996069689520345
-15.243964421855146,4.7939641042298025,-0.0018724746829450467,0.9996095624502348
-15.243964421855146,4.793963675409696,-0.0018729035030515817,0.9996094730351558
-15.243964421855146,4.794058885999282,-0.001777692913465856,0.9996293257945272
-15.243964421855146,4.79403915732711,-0.0017974215856373377,0.9996252120863458
-15.243964421855146,4.793981688064632,-0.001854890848115076,0.9996132289293862
-15.243964421855146,4.7938894792157996,-0.0019470996969479515,0.9995940020755691
-15.243964421855146,4.79392893582334,-0.0019076430894076069,0.9996022293382982
-15.243964421855146,4.793982116884741,-0.0018544620280067647,0.9996133183444655
-15.243964421855146,4.793996698242012,-0.0018398806707358162,0.9996163587644279
-15.243964421855146,4.793944375557631,-0.0018922033551165285,0.9996054487420534
-15.243964421855146,4.793862889421904,-0.001973689490843533,0.9995884577261198
-15.243964421855146,4.793821716797129,-0.002014862115618854,0.9995798726494397
-15.243964421855146,4.793813997298384,-0.0020225816143630837,0.999578263024379
-15.243964421855146,4.793859886944345,-0.0019766919684025552,0.9995878316669309
-15.243964421855146,4.793889050395692,-0.0019475285170553747,0.99959391266049
-15.243964421855146,4.793847878507719,-0.0019887004050280765,0.9995853277374437
-15.243964421855146,4.7937955558233405,-0.0020410230894070125,0.9995744177150695
-15.243964421855146,4.793760387416877,-0.002076191495870461,0.9995670846031327
-15.243964421855146,4.7938242904545785,-0.0020122884581690315,0.9995804092935491
-15.243964421855146,4.79400870741544,-0.001827871497307676,0.9996188628475489
-15.243964421855146,4.7942059904531416,-0.0016305884596059528,0.9996599991611942
-15.243964421855146,4.794395125171993,-0.0014414537407541061,0.9996994364347
-15.243964421855146,4.794458598652783,-0.0013779802599644952,0.999712671556403
-15.243964421855146,4.794485618003591,-0.001350960909156207,0.999718305474566
-15.243964421855146,4.794556382899821,-0.0012801960129262824,0.9997330609598843
-15.243964421855146,4.7945525227820465,-0.001284056130701039,0.9997322560705368
-15.243964421855146,4.794537940687972,-0.0012986382247754946,0.9997292154969405
-15.243964421855146,4.794444445378815,-0.001392133533932416,0.9997097203978856
-15.243964421855146,4.794277612989587,-0.0015589659231602937,0.9996749334766712
-15.243964421855146,4.794155383049192,-0.001681195863555196,0.9996494467991367
-15.243964421855146,4.7942604579748656,-0.001576120937881953,0.9996713564125992
-15.243964421855146,4.794311923019031,-0.001524655893716087,0.9996820876048154
-15.243964421855146,4.794311494198923,-0.0015250847138243984,0.999681998189736
-15.243964421855146,4.794223574287971,-0.0016130046247768703,0.9996636656403454
-15.243964421855146,4.794117641722083,-0.0017189371906640716,0.9996415771967248
-15.243964421855146,4.794061030099821,-0.0017755488129260755,0.9996297728699236
-15.243964421855146,4.794060172459606,-0.00177640645314181,0.9996295940397651
-15.243964421855146,4.794041730984561,-0.001794847928186627,0.9996257487304554
-15.243964421855146,4.7940395861472185,-0.0017969927655290263,0.9996253015014251
-15.243964421855146,4.794055454701615,-0.0017811242111323011,0.9996286103202591
-15.243964421855146,4.794074324996768,-0.0017622539159791728,0.9996325450446482
-15.243964421855146,4.794170393226572,-0.001666185686175936,0.9996525766341785
-15.243964421855146,4.794276326529265,-0.0015602523834825632,0.9996746652314337
-15.243964421855146,4.794281472370558,-0.0015551065421899324,0.9996757382123845
-15.243964421855146,4.794181973579893,-0.0016546053328543309,0.9996549913022205
-15.243964421855146,4.794137799214363,-0.0016987796983842784,0.9996457803199855
-15.243964421855146,4.7941000578872535,-0.0017365210254940422,0.9996379107175734
-15.243964421855146,4.794174682164453,-0.0016618967482946445,0.9996534709386049
-15.243964421855146,4.794306347620826,-0.0015302312919214245,0.999680925055151
-15.243964421855146,4.794462887590665,-0.0013736913220823155,0.9997135658608297
-15.243964421855146,4.794507061956194,-0.001329516956553256,0.9997227768430644
-15.243964421855146,4.794481757885817,-0.0013548210269300753,0.9997175005852186
-15.243964421855146,4.794493337502335,-0.0013432414104128654,0.9997199150996264
-15.243964421855146,4.794485189183483,-0.0013513897292645183,0.9997182160594865
-15.243964421855146,4.79443329531921,-0.0014032835935378074,0.9997073954521911
-15.243964421855146,4.7943560973845605,-0.0014804815281870276,0.9996912985870501
-15.243964421855146,4.794364245703412,-0.0014723332093353747,0.99969299762719
-15.243964421855146,4.794311923019031,-0.001524655893716087,0.9996820876048154
-15.243964421855146,4.7942081345536804,-0.0016284443590670605,0.9996604462365904
-15.243964421855146,4.794109064583124,-0.0017275143296231477,0.9996397887415057
-15.243964421855146,4.794042588624776,-0.0017939902879717806,0.9996259275606137
-15.243964421855146,4.794123645940396,-0.001712932972351311,0.9996428291614683
-15.243964421855146,4.794265604552963,-0.0015709743597849268,0.9996724295471843
-15.243964421855146,4.794358241485099,-0.0014783374276481354,0.9996917456624463
-15.243964421855146,4.794332938151527,-0.0015036407612205593,0.9996864695582347
-15.243964421855146,4.794346233048475,-0.0014903458642727685,0.9996892417329594
-15.243964421855146,4.794527647531778,-0.0013089313809695469,0.9997270692277704
-15.243964421855146,4.794713780509875,-0.001122798402872327,0.9997658805957215
-15.243964421855146,4.7947832582089775,-0.0010533207037699555,0.999780367682168
-15.243964421855146,4.7947854023095156,-0.0010511766032319514,0.9997808147575641
-15.243964421855146,4.794686761159067,-0.0011498177536806153,0.9997602466775586
-15.243964421855146,4.794628862339677,-0.0012077165730701722,0.9997481739518855
-15.243964421855146,4.794584259154041,-0.0012523197587066548,0.9997388735545717
-15.243964421855146,4.794600986085459,-0.0012355928272889116,0.9997423613571985
-15.243964421855146,4.794616853903052,-0.0012197250096956935,0.9997456700223984
-15.243964421855146,4.7946194275605025,-0.0012171513522449828,0.999746206666508
-15.243964421855146,4.794593265849911,-0.0012433130628366484,0.9997407515785038
-15.243964421855146,4.794606560746859,-0.0012300181658888576,0.9997435237532285
