Angle (degree),rho (mOhm cm),Delta rho (mOhm cm),rho/rho(theta=0)
102.16294460891231,2.6881396969895874,-1.1372298698326748,0.7027137247872831
102.16294460891231,2.688141841090126,-1.1372277257321364,0.7027142852822891
102.16294460891231,2.6881457012078998,-1.1372238656143625,0.7027152943659101
102.16294460891231,2.688143556370557,-1.1372260104517053,0.702714733678294
102.16294460891231,2.688169932491203,-1.137199634331059,0.7027216287299186
102.16294460891231,2.6881967374319573,-1.137172829390305,0.7027286358805444
102.00040520824638,2.6881913764438066,-1.1371781903784557,0.7027272344504193
101.82779699514981,2.6879175387016163,-1.137452028120646,0.7026556498002549
101.66022318826857,2.686601316642011,-1.1387682501802514,0.7023115727021828
101.49193018049942,2.6829863159784564,-1.1423832508438059,0.7013665657949005
101.32507557450609,2.677100843258887,-1.1482687235633753,0.6998280287681478
101.32507557450609,2.669065411669659,-1.1563041551526032,0.6977274652934655
101.15750176762484,2.6590657261055655,-1.1663038407166968,0.6951134209797286
100.98417435364037,2.6463626171159786,-1.1790069497062836,0.6917926675812174
100.81660054675913,2.6308565851734294,-1.194512981648833,0.68773919466267
100.6497459407658,2.6123033855439854,-1.2130661812782768,0.6828891535606658
100.48145293299665,2.5924159512000005,-1.2329536156222618,0.677690326624709
100.31387912611541,2.5705565419087972,-1.254813024913465,0.6719760004898456
100.14199011390674,2.5476298737867147,-1.2777396930355476,0.6659826793945645
99.9736971061376,2.5227850550089768,-1.3025845118132855,0.6594879294511292
99.9736971061376,2.4978922017479355,-1.3274773650743268,0.6529806226860682
99.80612329925636,2.4721398802599643,-1.353229686562298,0.6462486400532467
99.63854949237512,2.4461553217378817,-1.3792142450843805,0.6394559477216485
99.47097568549388,2.419186706537882,-1.4061828602843804,0.6324060105250177
99.30340187861263,2.392619090451706,-1.4327504763705563,0.6254608995698308
99.1351088708435,2.3650789973041295,-1.4602905695181327,0.6182615708078638
98.96753506396225,2.3376596324897667,-1.4877099343324955,0.6110938019595483
98.80068045796891,2.3100097466585283,-1.515359820163734,0.603865772001071
98.63238745019977,2.282535700649192,-1.54283386617307,0.5966837087966109
98.63238745019977,2.2545227707044884,-1.570846796117774,0.589360774513957
98.4604984379911,2.2276352128201076,-1.5977343540021547,0.5823320267250952
98.29292463110986,2.199846799673968,-1.6255227671482944,0.5750677839739763
98.1203164180133,2.172600701024058,-1.6527688657982043,0.5679453090930608
97.95202341024415,2.144685769736445,-1.680683797085817,0.5606479928991639
97.78444960336292,2.117469692178097,-1.7078998746441654,0.5535333659113832
97.61687579648166,2.0909269513421904,-1.7344426154800718,0.5465947576613167
97.44930198960043,2.064331672675045,-1.7610378941472171,0.5396424153575016
97.28172818271919,2.0382167358937164,-1.7871528309285458,0.5328156404995047
97.28172818271919,2.0117715648947936,-1.8135980019274687,0.525902538239194
97.11415437583794,1.9851321118621186,-1.8402374549601437,0.5189386481973739
96.9465805689567,1.9579488441996413,-1.867420722622621,0.5118325981314561
96.77900676207545,1.93108894889623,-1.8942806179260323,0.5048110816912226
96.61071375430632,1.904894454932855,-1.9204751118894072,0.4979635095793509
96.44385914831295,1.8784992481077203,-1.946870318714542,0.49106346858617145
96.27556614054382,1.8522603661055654,-1.9731092007166968,0.484204292879404
96.10799233366258,1.8255010423798923,-1.99986852444237,0.477209067121935
95.94041852678133,1.799171237989228,-2.0261983288330345,0.4703261231525405
95.94041852678133,1.772094974942909,-2.0532745918793536,0.46324804544701537
95.77284471990009,1.7459391875202874,-2.079430379301975,0.45641059171457793
95.60527091301884,1.7196759666614003,-2.105693600160862,0.4495450535227467
95.4369779052497,1.6936777919956914,-2.131691774826571,0.44274880175894504
95.27012329925637,1.667770324571634,-2.1575992422506283,0.43597626201565987
95.10183029148722,1.6422751146312389,-2.1830944521910234,0.4293114915941254
94.93425648460598,1.6165583896330342,-2.208811177189228,0.42258881433406464
94.76668267772475,1.5918704320718133,-2.233499134750449,0.4161350698970979
94.5983896699556,1.56755516855009,-2.2578143982721723,0.40977875239705513
94.43153506396226,1.543727967149731,-2.281641599672531,0.4035500205100725
94.43153506396226,1.5201227088904847,-2.3052468579317775,0.3973793073680073
94.263961257081,1.4970512940883305,-2.3283182727339318,0.3913481476593469
94.09638745019976,1.4741337394987435,-2.351235827323519,0.38535720895675646
93.9280944424306,1.4522152525012568,-2.373154314321005,0.37962743916207115
93.76052063554937,1.4301284322441652,-2.395241134578097,0.3738536649237198
93.59294682866813,1.408923595480072,-2.41644597134219,0.3683104523285226
93.42537302178688,1.387761968604668,-2.4376075982175944,0.3627785353448825
93.25779921490565,1.3671031996179535,-2.458266367204309,0.3573780717750644
93.0902254080244,1.3471064014104133,-2.4782631654118488,0.35215065574159826
93.0902254080244,1.3279976992244165,-2.497371867597846,0.34715539924357824
92.92193240025526,1.3088753808947935,-2.5164941859274688,0.34215658331335486
92.75435859337402,1.2903052406606823,-2.5350643261615797,0.3373021137229729
92.58750398738067,1.2724629031971277,-2.5529066636251345,0.3326379009843391
92.41921097961153,1.2554146315260324,-2.56995493529623,0.32818126708968054
92.25163717273027,1.2385326565874328,-2.5868369102348296,0.3237681052647373
92.08406336584903,1.2226286272718134,-2.602740939550449,0.3196105907977545
91.9164895589678,1.2072906080789947,-2.6180789587432676,0.3156010385375372
91.74819655119865,1.1929677394427292,-2.632401827379533,0.31185685947560055
91.74819655119865,1.1793283923748654,-2.646041174447397,0.30829136159896164
91.58134194520531,1.1667341108552964,-2.658635455966966,0.30499905707790304
91.41376813832406,1.1548199203432676,-2.6705496464789946,0.3018845369501325
91.24619433144282,1.143917664236984,-2.6814519025852785,0.2990345492781335
91.07790132367369,1.1337135110563736,-2.691656055765889,0.29636705454269363
90.91032751679244,1.1245502420596052,-2.700819324762657,0.293971660101267
90.7427537099112,1.116385183014722,-2.7089843838075405,0.2918372103697432
90.57517990302995,1.1094981758822262,-2.715871390940036,0.29003685957691333
90.40760609614871,1.1038144895482946,-2.7215550772739676,0.2885510720641912
90.24003228926748,1.0994363032976662,-2.7259332635245963,0.2874065587892907
90.24003228926748,1.0960753048675047,-2.7292942619547578,0.28652795127923164
90.06670487528301,1.093789499913824,-2.731580066908438,0.28593041294633287
89.89985026928966,1.0926131992028727,-2.7327563676193893,0.28562291305896165
89.73227646240842,1.0926754930599643,-2.732694073762298,0.2856391974612928
89.56398345463928,1.0935211307332138,-2.7318484360890487,0.28586025784734903
89.39712884864592,1.0949412480947938,-2.7304283187274683,0.28623149449174984
89.2288358408768,1.0964913156323162,-2.728878251189946,0.286636701756158
89.06126203399553,1.0984936329177737,-2.7268759339044886,0.287160132826145
88.8936882271143,1.101555811518851,-2.723813755303411,0.28796062505247416
88.8936882271143,1.105671846480431,-2.7196977203418315,0.2890366086639084
88.72611442023305,1.1105635057594256,-2.714806061062837,0.29031535028443584
88.55782141246391,1.1164115591353683,-2.7089580076868938,0.2918441054213678
88.39024760558267,1.1234213318649908,-2.701948234957271,0.2936765486944096
88.22267379870142,1.1315041539705566,-2.6938654128517054,0.295789500649606
88.05581919270809,1.1406851143755834,-2.684684452446679,0.2981895198489676
87.88752618493895,1.1506910185680432,-2.674678548254219,0.300805189790832
87.7199523780577,1.161655354858169,-2.663714211964093,0.3036714060082715
87.54734416496113,1.1737283370140037,-2.6516412298082583,0.30682743628062603
87.54734416496113,1.1868695439511672,-2.638500022871095,0.3102627140250663
87.3797703580799,1.2007384460854578,-2.6246311207368045,0.3138882205001992
87.21219655119864,1.2157105269974866,-2.6096590398247757,0.3178021118642867
87.04462274431741,1.2312406826499103,-2.5941288841723518,0.32186189102578733
86.87704893743617,1.247935667707002,-2.5774338991152606,0.3262261713300718
86.70947513055492,1.2656059178929984,-2.559763648929264,0.3308453982772541
86.54118212278578,1.2841912834513465,-2.5411782833709156,0.33570384796000907
86.37360831590455,1.3033771828351888,-2.5219923839870733,0.34071928478217733
86.20603450902328,1.3237681190348296,-2.501601447787433,0.34604973347306806
86.20603450902328,1.3452051920962298,-2.4801643747260327,0.35165365557443196
86.03846070214205,1.3678388301974866,-2.4575307366247756,0.35757037491510957
85.8701676943729,1.3908257556495514,-2.434543811172711,0.3635794480387712
85.70331308837956,1.4149509199755836,-2.4104186468466784,0.3698860712040914
85.53573928149831,1.4397853380236987,-2.385584228798564,0.37637810226522234
85.36816547461707,1.4657881236107722,-2.35958144321149,0.383175559382202
85.20059166773584,1.4929302193852783,-2.332439347436984,0.3902708465957334
85.03229865996668,1.520670920031598,-2.3046986467906643,0.3975226166957826
84.86472485308545,1.5487776665321367,-2.276591900290126,0.4048700758130168
84.6971510462042,1.5780175053285461,-2.247352061493716,0.4125137395912852
84.6971510462042,1.607820673016876,-2.217548893805386,0.4203046646686464
84.52957723932296,1.6392685824387794,-2.186100984383483,0.4285255460429987
84.36200343244172,1.670797120356194,-2.1545724464660685,0.4367675047261189
84.19371042467257,1.7033245121924596,-2.122045054629803,0.4452705764602537
84.02685581867922,1.7368323157357273,-2.088537251086535,0.4540299402179109
83.85928201179797,1.770851233059964,-2.0545183337622985,0.4629229155840782
83.69170820491674,1.8055835862075404,-2.0197859806147216,0.47200239210023315
83.5234151971476,1.8407315205630164,-1.984638046259246,0.4811905068017032
83.35584139026635,1.8762622277041294,-1.9491073391181328,0.4904786831518457
83.35584139026635,1.911429033091562,-1.9139405337307003,0.499671730979809
83.18826758338511,1.9475391520890486,-1.8778304147332137,0.5091113729194199
83.01997457561596,1.9831832968847398,-1.8421862699375224,0.5184292033075831
82.8480855634073,2.0186824813271094,-1.806687085495153,0.5277091392254764
82.68051175652606,2.0550314848071816,-1.7703380820150807,0.5372112285909928
82.5079035434295,2.090507295606463,-1.7348622712157993,0.5464850543428799
82.33961053566036,2.125369598193178,-1.699999968629084,0.5555985012864324
82.172755929667,2.1597993797041295,-1.6655701871181328,0.5645988817489016
82.00518212278577,2.1932523937421906,-1.6321171730800716,0.5733439228367488
82.00518212278577,2.2267302830305207,-1.5986392837917416,0.5820954666297163
81.83257390968922,2.25871203664632,-1.5666575301759424,0.5904559016300832
81.66500010280797,2.291123310333932,-1.5342462564883301,0.5989286186111347
81.49742629592673,2.3229568867087975,-1.5024126801134647,0.6072503182061125
81.32913328815759,2.355282813406104,-1.4700867534161581,0.6157007244041625
81.15724427594893,2.386973788675045,-1.4383957781472172,0.6239851462659871
80.98895126817979,2.418431883679713,-1.4069376831425493,0.6322086902805332
80.81706225597112,2.4497909087138243,-1.375578658108438,0.6404063361514291
80.81706225597112,2.4811231288071816,-1.3442464380150807,0.6485969748716992
80.64948844908989,2.512111175082226,-1.3132583917400362,0.6566976422016759
80.48119544132074,2.5432145894391383,-1.282154977383124,0.6648284682077891
80.30930642911207,2.573578191852065,-1.2517913749701974,0.6727658980122903
80.14173262223083,2.6030885439296227,-1.2222810228926395,0.6804802773845484
79.9741588153496,2.632142357321365,-1.1932272095008973,0.6880753117686059
79.80658500846835,2.6604295538283664,-1.1649400129938958,0.6954699428004253
79.6332575944839,2.688437766015081,-1.1369318008071811,0.702791643801456
79.46640298849054,2.7157130281163373,-1.109656538705925,0.7099217423775038
79.46640298849054,2.7426895779619396,-1.0826799888603227,0.7169737537908772
79.2981099807214,2.7689511903770203,-1.056418376445242,0.7238388715151489
79.13053617384016,2.794576778576661,-1.0307927882456012,0.730537724463082
78.96296236695892,2.8196360354068224,-1.0057335314154399,0.7370885312263036
78.79466935918977,2.843834323139677,-0.9815352436825853,0.7434142697752606
78.62781475319643,2.867512812379174,-0.957856754443088,0.7496041264220177
78.45520654009987,2.890707099615081,-0.9346624672071813,0.7556674065393357
78.28763273321863,2.9130101815152605,-0.9123593853070018,0.7614977143071435
78.12005892633738,2.935111048209695,-0.8902585186125673,0.7672751604619196
78.12005892633738,2.956605482960144,-0.8687640838621182,0.7728940776344908
77.95248511945614,2.977755315808977,-0.8476142510132854,0.7784229115103775
77.784192111687,2.9983566155332144,-0.8270129512890478,0.7838083518879332
77.61733750569365,3.0184962292567326,-0.8068733375655297,0.7890731017040531
77.44976369881242,3.0384192608272893,-0.786950305994973,0.7942812342053808
77.28147069104327,3.0579086985350097,-0.7674608682872526,0.7993760197855124
77.11389688416202,3.0767380944172356,-0.7486314724050267,0.8042982620821874
76.94128867106546,3.095169278516338,-0.7302002883059244,0.8091164067809264
76.77371486418423,3.112871158237702,-0.71249840858456,0.8137439020888031
76.77371486418423,3.1299445195691207,-0.6954250472531416,0.8182070947380826
76.60614105730298,3.1461442593996414,-0.6792253074226209,0.8224419116747316
76.43784804953384,3.1621587238922806,-0.6632108429299817,0.8266282952941167
76.27099344354049,3.177072691574866,-0.6482968752473961,0.8305269951248301
76.10341963665925,3.191694594450269,-0.6336749723719932,0.8343493455199971
75.9351266288901,3.205505706075404,-0.6198638607468583,0.8379597448249216
75.76755282200887,3.2192357603849193,-0.6061338064373429,0.841548954722077
75.60069821601552,3.23248504398851,-0.592884522833752,0.8450124850744128
75.43240520824637,3.245387365706284,-0.5799822011159783,0.8483853152003377
75.26483140136513,3.257713921275404,-0.5676556455468584,0.8516076327709141
75.26483140136513,3.2694168906226215,-0.5559526761996407,0.8546669370140174
75.09725759448389,3.2807244355174148,-0.5446451313048475,0.8576228723026924
74.92968378760264,3.2914864490283664,-0.5338831177938959,0.8604361987860448
74.7621099807214,3.3017447470104133,-0.5236248198118489,0.8631178476575729
74.59453617384017,3.3119597290039495,-0.5134098378183127,0.8657881731817084
74.42624316607102,3.321826462651347,-0.5035431041709151,0.8683674621824294
74.25866935918978,3.331540517183483,-0.49382904963877916,0.8709068389308583
74.09109555230853,3.3409882383253144,-0.4843813284969478,0.8733765927616443
73.92352174542728,3.350388784097666,-0.4749807827245962,0.8758340143540266
73.92352174542728,3.359672031360862,-0.46569753546140014,0.8782607726321576
73.75594793854604,3.368692591678277,-0.4566769751439854,0.8806188612193756
73.58765493077689,3.3773436748438064,-0.4480258919784559,0.8828803638047888
73.42008112389566,3.38601512991167,-0.4393544369105924,0.8851471918631997
73.2532265179023,3.3944063141989234,-0.4309632526233389,0.887340753593818
73.08565271102107,3.4026051476165176,-0.4227644192057447,0.8894840323736524
72.91807890413983,3.410595117643088,-0.4147744491791743,0.8915727116207159
72.74978589637068,3.4184695059145422,-0.40690006090772,0.8936311763347529
72.58221208948945,3.426009799113824,-0.3993597677084382,0.895602304370245
72.58221208948945,3.4332972689666073,-0.392072297855655,0.8975073411844624
72.4146382826082,3.440203039557631,-0.3851665272646314,0.8993125969827304
72.24706447572696,3.446917101772352,-0.37845246504991037,0.9010677377861059
72.07949066884571,3.4535578261701976,-0.3718117406520647,0.9028037071563444
71.91119766107656,3.4598923332236984,-0.3654772335985639,0.9044596274387768
71.74362385419532,3.466197461678995,-0.3591721051432675,0.9061078677839662
71.57605004731408,3.472285150341113,-0.3530844164811491,0.9076992666163608
71.40847624043283,3.478270551408259,-0.34709901541400345,0.9092639261773762
71.24090243355158,3.4842490906168764,-0.3411204762053859,0.910826791961762
71.07332862667035,3.490314691359426,-0.3350548754628364,0.9124124167325441
71.07332862667035,3.4962153894032317,-0.3291541774190305,0.9139549338516699
70.90575481978911,3.5019857091877924,-0.32338385763446986,0.9154633684443971
70.73746181201996,3.507447881200718,-0.3179216856215441,0.9168912493112027
70.56988800513872,3.5131024040833037,-0.3122671627389586,0.9183694131287924
70.40303339914539,3.5186895933673252,-0.306679973454937,0.9198299750918716
70.23474039137623,3.524233251515979,-0.3011363153062834,0.9212791574654479
70.067166584495,3.529474980521365,-0.29589458630089727,0.9226494117412303
69.89959277761375,3.5347175679037703,-0.2906519989184919,0.9240198904076249
69.7320189707325,3.539739497868582,-0.28563006895368037,0.9253326864334958
69.7320189707325,3.544661713895871,-0.28070785292639133,0.9266194159746046
69.56372596296336,3.5493145955289056,-0.27605497129335665,0.9278357380976721
69.39687135697001,3.553852753047038,-0.2715168137752242,0.9290220698857148
69.22857834920086,3.5582628908165175,-0.2671066760057448,0.9301749356918656
69.06100454231962,3.5624444365228007,-0.2629251302994615,0.93126804464075
68.88911553011097,3.5663862415798926,-0.25898332524236967,0.9322984823509465
68.72082252234182,3.57016721699246,-0.25520234982980217,0.9332868771573882
68.55396791634848,3.573870351240216,-0.25149921558204635,0.9342549232985699
68.38567490857933,3.5777772023008976,-0.24759236452136468,0.9352762235918973
68.38567490857933,3.5816656118865358,-0.2437039549357265,0.9362927030503431
68.2173819008102,3.585668959997128,-0.23970060682513417,0.9373392288933136
68.05052729481685,3.5898858885199285,-0.23548367830233374,0.9384415873580679
67.88295348793561,3.593559216086176,-0.23181035073608625,0.9394018416556151
67.71394127927856,3.597219677575584,-0.22814988924667823,0.9403587325979063
67.54708667328522,3.601046543370916,-0.22432302345134625,0.9413591237309676
67.38023206729189,3.60496047070018,-0.22040909612208237,0.9423822738504253
67.21193905952273,3.608771039121006,-0.21659852770125632,0.9433784046436107
67.0443652526415,3.6123482984574506,-0.2130212683648116,0.9443135454905162
67.0443652526415,3.615671662397128,-0.20969790442513414,0.9451823148686441
66.87679144576025,3.6190825181644524,-0.2062870486578099,0.946073955717389
66.70849843799111,3.6223402645228013,-0.20302930229946092,0.9469255718296212
66.54092463110986,3.6255160951885097,-0.19985347163375256,0.9477557741434716
66.37335082422861,3.628697930072532,-0.1966716367497301,0.9485875460359493
66.20577701734737,3.6318197227734292,-0.19354984404883302,0.9494036221421568
66.03820321046612,3.6349599569493716,-0.19040960987289068,0.9502245190832466
65.86631419825747,3.637998546760503,-0.1873710200617591,0.9510188449014592
65.69802119048833,3.6411730917026937,-0.1841964751195686,0.9518487111109161
65.69802119048833,3.6442069644926396,-0.18116260232962267,0.9526418038401151
65.53044738360708,3.64721253073465,-0.17815703608761213,0.9534274968795741
65.36287357672583,3.650176068185279,-0.1751934986369834,0.9542022030612544
65.1952997698446,3.652941035401078,-0.17242853142118442,0.954925000471413
65.02772596296336,3.6557240152718133,-0.16964555155044891,0.9556525066174525
64.86015215608211,3.658575186381329,-0.1667943804409333,0.956397838816005
64.69257834920087,3.661493691089408,-0.16387587573285423,0.9571607728690679
64.52500454231964,3.6644778141156196,-0.1608917527066427,0.9579408603806362
64.35743073543838,3.6675245537192103,-0.157845013103052,0.9587373166577017
64.18913772766925,3.670421185654579,-0.15494838116768328,0.9594945328912629
64.18913772766925,3.6732616347877913,-0.15210793203447093,0.9602370622295646
64.01652951457268,3.676124815070737,-0.1492447517515254,0.9609855337779813
63.84823650680353,3.6790030055310594,-0.14636656129120285,0.96173792917666
63.681381900810194,3.6816882018915615,-0.14368136493070072,0.962439873476053
63.51380809392895,3.6842996308782765,-0.14106993594398576,0.9631225340506976
63.346234287047714,3.6868887590089776,-0.13848080781328465,0.9637993648994493
63.17794127927857,3.6895979722427295,-0.1357715945795328,0.9645075875133502
63.01108667328522,3.6923852403145436,-0.13298432650771863,0.9652362146494021
62.84351286640398,3.6950061055540395,-0.13036346126822274,0.965921341979903
62.84351286640398,3.6976205370183126,-0.12774902980394964,0.966604787440166
62.67593905952274,3.7001517663296237,-0.12521780049263853,0.9672664828050438
62.50836525264149,3.7027782062305206,-0.1225913605917417,0.9679530674225606
62.340072244872346,3.705256684037343,-0.12011288278491916,0.9686009728767991
62.1724984379911,3.707774188894793,-0.11759537792746944,0.9692590804958079
62.00492463110986,3.710261244577379,-0.11510832224488343,0.9699092283152908
61.837350824228615,3.712670672768402,-0.11269889405386024,0.9705390833264042
61.66905781645947,3.7149415743813283,-0.11042799244093393,0.9711327257374857
61.501484009578235,3.7173111171447037,-0.10805844967755851,0.9717521541932163
61.501484009578235,3.7196553565745063,-0.10571421024775596,0.9723649680374352
61.33462940358489,3.7219995952675045,-0.1033699715547578,0.9729777816890441
61.167055596703655,3.7241902972050274,-0.10117926961723489,0.9735504588903591
60.9987625889345,3.726218025397487,-0.09915154142477522,0.974080532692913
60.83046958116535,3.728464480580252,-0.09690508624201044,0.9746677844978754
60.66361497517202,3.7306864900696595,-0.09468307675260279,0.9752486458893288
60.496041168290766,3.7329170766980257,-0.09245249012423651,0.9758317494534163
60.32774816052162,3.735055884771275,-0.09031368205098733,0.9763908609420943
60.16089355452828,3.737171961694794,-0.08819760512746821,0.9769440302206581
59.992600546759135,3.7393669518333934,-0.08600261498886885,0.977517828411985
59.992600546759135,3.74153149132352,-0.08383807549874245,0.978083666418566
59.82430753898999,3.743680162996051,-0.08168940382621104,0.9786453563768819
59.657452932996655,3.7456448465278283,-0.079724720294434,0.9791589495075474
59.48987912611541,3.747620680856015,-0.07774888596624718,0.9796754575974647
59.32230531923417,3.749581933090126,-0.07578763373213615,0.9801881537435105
59.154012311465024,3.751577067270378,-0.07379249955188438,0.9807097070589225
58.98715770547169,3.753519020389228,-0.07185054643303435,0.9812173581720836
58.81454949237512,3.7555433172840225,-0.06982624953823979,0.9817465349900181
58.64697568549388,3.757640523912389,-0.06772904290987336,0.9822947713346986
58.64697568549388,3.7596622478865354,-0.0657073189357269,0.9828232755586253
58.47940187861264,3.7617041293529625,-0.06366543746929976,0.9833570492060492
58.3111088708435,3.7637391482240576,-0.06163041859820462,0.9838890288842338
58.143535063962254,3.765692680959426,-0.05967688586283604,0.984399707055648
57.975961257081,3.767722125169121,-0.057647441653141396,0.9849302294468167
57.80838745019976,3.769778159172711,-0.05559140764955117,0.9854677027465006
57.63577923710321,3.77185649476912,-0.05351307205314226,0.9860110059646876
57.468205430221964,3.77385591715045,-0.05151364967181227,0.9865336802701119
57.30063162334072,3.775673067408259,-0.04969649941400345,0.9870087063365001
57.30063162334072,3.777524098875404,-0.04784546794685829,0.9874925893796442
57.13305781645947,3.779376844886177,-0.04599272193608517,0.9879769206261837
56.965484009578226,3.7813012141701976,-0.04406835265206466,0.9884799751024651
56.79791020269699,3.783298492450988,-0.04207107437127444,0.989002088912883
56.629617194927846,3.785197128844524,-0.040172437977738173,0.9894984164860418
56.462762588934496,3.7871245006061045,-0.03824506621615775,0.990002255847942
56.29518878205325,3.7889630940797128,-0.03640647274254949,0.9904828874422211
56.12689577428411,3.7907952545149013,-0.034574312307360966,0.990961837358872
55.959321967402865,3.792510761144704,-0.032858805677558056,0.9914102924949931
55.959321967402865,3.794248139810413,-0.031121427011849168,0.991864465258006
55.79174816052163,3.7961008865579897,-0.02926868026427254,0.9923487966971551
55.624174353640385,3.7979913746326748,-0.02737819218958748,0.9928429941966809
55.45660054675914,3.799776787044884,-0.025592779777378283,0.9933097235887098
55.28830753899,3.8014871470965885,-0.02388241972567373,0.9937568333442061
55.11641852678134,3.8031040118391384,-0.02226555498312388,0.9941795022430683
54.948125519012194,3.804789067820467,-0.02058049900179526,0.9946199971944433
54.78127091301885,3.8065281625034113,-0.01884140431885095,0.9950746185460709
54.613697106137614,3.8080511023798933,-0.017318464442368953,0.9954727342966877
54.613697106137614,3.809471112904848,-0.01589845391741429,0.995843943012643
54.44540409836846,3.810849093164812,-0.014520473657450239,0.9962041644855997
54.27783029148721,3.8123668871999996,-0.013002679622262647,0.9966009350482014
54.110256484605976,3.8139147030635554,-0.011454863758706857,0.9970055536965485
53.94268267772473,3.8155174145321364,-0.009852152290125815,0.9974245227505404
53.77438966995559,3.817130419156913,-0.008239147665349389,0.9978461825657818
53.60753506396225,3.8185830244308803,-0.006786542391381989,0.9982259119614894
53.43924205619311,3.8200459221242364,-0.00532364469802582,0.9986083319258359
53.27238745019976,3.82151053583483,-0.0038590309874324547,0.9989912004787976
53.27238745019976,3.822852919605028,-0.0025166472172344356,0.9993421165789937
53.104094442430615,3.824188011959785,-0.0011815548624771743,0.9996911266109489
52.93652063554937,3.825472496910592,0.00010293008832995554,1.000026907227271
52.76894682866813,3.8268170255181326,0.001447458695870374,1.000378384015083
52.60137302178689,3.828158122091203,0.00278855526894084,1.0007289636256653
52.43379921490565,3.829558832764094,0.004189265941831888,1.0010951271161264
52.265506207136504,3.830637028718133,0.005267461895870795,1.001376981178905
52.09793240025525,3.83177269393465,0.006403127112387885,1.0016738584339466
51.93035859337401,3.8327698318362664,0.007400265014004148,1.0019345228963463
51.762784786492766,3.8342481692639145,0.008878602441652284,1.0023209790025667
51.762784786492766,3.8359555268380614,0.010585960015799145,1.0027673038724447
51.59521097961153,3.837329218160144,0.011959651337881905,1.0031264041627792
51.427637172730286,3.8388062691274683,0.013436702305205994,1.0035125239719958
51.260063365849035,3.840341647734291,0.01497208091202884,1.0039138913640875
51.091051157192,3.8415497923906647,0.016180225568402484,1.004229715661654
50.92419655119865,3.842714621058528,0.017345054236265867,1.0045342166118278
50.75662274431741,3.843962651879355,0.018593085057092562,1.0048604676573871
50.58904893743617,3.845490310250629,0.020120743428366783,1.0052598168822369
50.421475130554924,3.846644845762299,0.021275278940036557,1.0055616270711616
50.421475130554924,3.847440841245242,0.022071274422979847,1.0057697103606422
50.249586118346265,3.8483856557256733,0.023016088903411003,1.006016696818794
50.081293110577114,3.8495256098800716,0.024156043057809384,1.0063146952564574
49.91371930369588,3.850844405597128,0.02547483877486556,1.0066594451411468
49.745426295926734,3.852016096123519,0.02664652930125655,1.0069657398679501
49.57857168993339,3.853047544054578,0.027677977232315687,1.0072353734061068
49.405963476836824,3.8536694149960504,0.028299848173788167,1.0073979383375753
49.23838966995559,3.8535377502764807,0.028168183454218454,1.0073635195141728
49.070815863074344,3.8547420355518853,0.02937246872962307,1.0076783349207283
49.070815863074344,3.8564579702649917,0.03108840344272945,1.0081269019632408
48.9032420561931,3.8579663295210063,0.03259676269874401,1.008521206155206
48.735668249311864,3.8591658970384213,0.03379633021615902,1.0088347882801383
48.56809444243062,3.860267681045602,0.03489811422333977,1.0091228085584236
48.39980143466148,3.861286691719929,0.03591712489766685,1.0093891908403254
48.232227627780226,3.8622340798578096,0.036864513035547386,1.009636850085094
48.06465382089898,3.863183612833034,0.03781404601077165,1.009885070017479
47.89636081312984,3.864183323655297,0.038813756833034674,1.0101464070738864
47.72447180092119,3.86521863170413,0.03984906488186768,1.010417049695664
47.72447180092119,3.86612484795404,0.04075528113177773,1.0106539460880464
47.55689799403994,3.866889963968403,0.04152039714614064,1.01085395709378
47.3886049862708,3.867878095174148,0.042508528351885566,1.0111122670919341
47.21671597406213,3.8688271993292647,0.04345763250700241,1.0113603749253182
47.04842296629299,3.86965707528474,0.04428750846247764,1.0115773149989447
46.88156836029965,3.870468938585278,0.04509937176301593,1.0117895463366904
46.71399455341841,3.871276941768044,0.045907374945781676,1.0120007685908154
46.545701545649266,3.872000885894435,0.04663131907217277,1.0121900167441624
46.37884693965592,3.872738982557989,0.04736941573572695,1.0123829645497695
46.37884693965592,3.8734689301658882,0.04809936334362597,1.0125737820891334
46.21055393188677,3.8742524876552964,0.04888292083303414,1.0127786139297494
46.042980125005535,3.874951985351527,0.049582418529264594,1.0129614714769775
45.87109111279688,3.8757016616315982,0.05033209480933598,1.0131574463408373
45.70351730591563,3.8765182426901257,0.051148675867863425,1.0133709109602063
45.53522429814648,3.8772756384689413,0.05190607164667904,1.0135689037986981
45.36693129037734,3.8779614117113104,0.05259184488904811,1.0137481736000573
45.1993574834961,3.878600008847397,0.05323044202513483,1.0139151109704032
45.03178367661486,3.8792707719123882,0.05390120509012597,1.0140904569215
45.03178367661486,3.8800178752718133,0.05464830844955104,1.0142857591913523
44.86492907062152,3.8807066509917414,0.055337084169479134,1.01446581387833
44.69735526374027,3.881298500104848,0.055928933282585636,1.014620530724054
44.52978145685903,3.8818513221673254,0.05648175534506317,1.0147650454050072
44.36148844908988,3.8823977111913823,0.05702814436912007,1.014907878408332
44.19391464220864,3.883020868593178,0.05765130177091571,1.0150707796368044
44.026340835327396,3.883564683959785,0.05819511713752279,1.0152129398535121
43.85876702844616,3.884077620594614,0.058708053772351665,1.0153470279790824
43.691193221564916,3.8845909860495516,0.059221419227289296,1.0154812282036543
43.691193221564916,3.885124937080072,0.05975537025780975,1.015620809758114
43.523619414683665,3.8857013471956914,0.06033178037342912,1.015771490654574
43.35604560780242,3.88631935801939,0.060949791197127734,1.0159330465024217
43.188471800921185,3.886876040199641,0.06150647337737869,1.0160785702669957
43.020178793152034,3.8873272178973064,0.06195765107504414,1.0161965138250715
42.84828978094338,3.8877805404323156,0.06241097361005332,1.0163150180707634
42.67999677317424,3.8882072731734296,0.06283770635116737,1.0164265714079403
42.50738856007767,3.8886455847942556,0.06327601797199334,1.0165411516107596
42.33981475319643,3.8889016242915617,0.06353205746929946,1.0166080835745435
42.33981475319643,3.888295192347577,0.06292562552531455,1.0164495545923389
42.17224094631519,3.8886065570068227,0.06323699018456042,1.0165309492533794
42.00466713943395,3.8894162762068225,0.06404670938456025,1.016742620096119
41.83205892633738,3.890146223814722,0.06477665699245971,1.016933437635483
41.66448511945614,3.8907440778829443,0.06537451106068204,1.0170897242524435
41.492596107247486,3.891233425727828,0.06586385890556556,1.0172176459698974
41.32430309947834,3.8917090498556557,0.06633948303339343,1.0173419801340924
41.1567292925971,3.8922078332165175,0.06683826639425527,1.0174723684147928
40.98915548571585,3.892605830589588,0.06723626376732561,1.0175764099632285
40.98915548571585,3.89281855336158,0.06744898653931752,1.0176320183870098
40.82158167883461,3.893131633301257,0.06776206647899485,1.017713861444055
40.65400787195337,3.8934845986685818,0.06811503184631951,1.0178061310564832
40.486434065072125,3.8937312026499105,0.0683616358276482,1.0178705964570205
40.31886025819089,3.893967943031957,0.06859837620969467,1.01793248338792
40.151286451309645,3.8942411375439856,0.06887157072172334,1.0180038998895824
39.9829934435405,3.894416547808976,0.0690469809867138,1.0180497543519884
39.81541963665925,3.8944941745637345,0.06912460774147222,1.018070046967748
39.64784582977801,3.894632272321724,0.06926270549946167,1.0181061474687787
39.64784582977801,3.8947557887224424,0.06938622190018018,1.018138436218548
39.48027202289676,3.894952214119928,0.06958264729766572,1.0181897843024532
39.31197901512762,3.8951503555346507,0.06978078871238846,1.0182415809749736
39.144405208246376,3.8952305552100537,0.06986098838779142,1.0182625461847403
38.97683140136514,3.8953532139705573,0.06998364714829508,1.0182946107365074
38.80925759448389,3.895637988099102,0.07026842127683963,1.0183690542964223
38.641683787602645,3.8958339846764813,0.07046441785421909,1.0184202902813266
38.4741099807214,3.8960381295727116,0.0706685627504493,1.0184736563398642
38.306536173840165,3.8962294091289054,0.0708598423066431,1.018523659235755
38.13824316607102,3.896306177506643,0.07093661068438095,1.018543727460902
38.13824316607102,3.8963301951166978,0.0709606282944355,1.0185500059680201
37.97138856007768,3.896414683729982,0.07104511690771975,1.0185720923604087
37.80381475319643,3.8966861622247757,0.07131659540251345,1.0186430602734564
37.63552174542728,3.896836697976302,0.0714671311540398,1.0186824122233522
37.46866713943395,3.896888163020467,0.07151859619820478,1.0186958658369878
37.3003741316648,3.8967989566491923,0.07142938982693003,1.0186725461629755
37.13280032478356,3.896694311280431,0.07132474445816861,1.0186451905396994
36.965226517902316,3.896803674407182,0.07143410758491964,1.0186737794445988
36.79693351013317,3.8969529236983846,0.07158335687612238,1.0187127950974908
36.79693351013317,3.896892880778456,0.07152331395619393,1.018697099118611
36.62935970325192,3.8969199001292645,0.07155033330700222,1.0187041623187376
36.462505097258585,3.8969542101587074,0.0715846433364451,1.0187131313944944
36.29421208948944,3.896902745114542,0.07153317829227968,1.0186996777808588
36.1266382826082,3.8968272624603233,0.07145769563806104,1.0186799456601054
35.959064475726954,3.8966509945551167,0.0712814277328544,1.018633866999697
35.79149066884572,3.8964494225795328,0.0710798557572705,1.0185811735351669
35.61888245574915,3.8963190443202875,0.07094947749802527,1.0185470910087684
35.45130864886791,3.8963233325213653,0.07095376569910306,1.0185482119987808
35.45130864886791,3.8962452769465,0.07087571012423766,1.0185278072840198
35.279419636659256,3.896154355294794,0.07078478847253189,1.0185040392140028
35.11112662889011,3.896069866681508,0.07070029985924586,1.0184819528216138
34.94355282200886,3.8960561429644534,0.0706865761421911,1.0184783652683551
34.77525981423972,3.896012397419031,0.07064283059676857,1.0184669296293511
34.608405208246374,3.8958627193077207,0.0704931524854584,1.0184278018774582
34.44083140136514,3.8956890243231608,0.07031945750089852,1.018382395811057
34.27253839359599,3.8954968878635556,0.07012732104129338,1.0183321689097737
34.10568378760265,3.8953557876280076,0.06998622080574535,1.0182952835231245
34.10568378760265,3.8951683681895872,0.06979880136732497,1.0182462897108544
33.9381099807214,3.894986953706284,0.06961738688402175,1.0181988656698215
33.769097772064356,3.894841564532855,0.06947199771059287,1.0181608591005504
33.60224316607101,3.894770799636625,0.06940123281436295,1.0181423602614204
33.434669359189776,3.8946228375425496,0.06925327072028731,1.0181036810981419
33.26709555230853,3.894427269785279,0.06905770296301661,1.018052557212239
33.09952174542729,3.8942196935913826,0.06885012676912039,1.017998294169082
32.92691353233072,3.893932345805387,0.06856277898312468,1.0179231778225495
32.759339725449486,3.89365872247325,0.0682891556509877,1.0178516492218856
32.759339725449486,3.8934451420610414,0.06807557523877916,1.0177958166001015
32.591046717680335,3.8931710899087975,0.0678015230865352,1.0177241759004367
32.41915770547168,3.8929339214434475,0.06756435462118526,1.017662177063146
32.25158389859045,3.892692035220109,0.06732246839784661,1.0175989449442322
32.084010091709196,3.892431277964812,0.06706171114254955,1.0175307796988247
31.91571708394005,3.892138784337523,0.06676921751526077,1.0174543181642777
31.748143277058805,3.8919191997070013,0.06654963288473903,1.0173969159638665
31.57553506396225,3.891670879708439,0.06630131288617669,1.0173320019747145
31.408680457968913,3.891354369207899,0.06598480238563686,1.0172492621256592
31.408680457968913,3.8910713103597843,0.065701743537522,1.0171752669617489
31.241106651087662,3.890739360124955,0.06536979330269288,1.0170884909708202
31.072813643318515,3.890376530421545,0.06500696359928293,1.0169936426961446
30.905239836437275,3.890081891956913,0.06471232513465086,1.0169166204739815
30.737666029556035,3.889856303108079,0.0644867362858168,1.0168576486949432
30.565057816459476,3.8897126299518847,0.06434306312962246,1.0168200907142868
30.397484009578235,3.8895239240531425,0.06415435723088025,1.0167707606050134
30.22487579648167,3.8891936890987435,0.06382412227648127,1.0166844330100895
30.05730198960043,3.8887648122570915,0.06339524543482922,1.0165723191779068
30.05730198960043,3.888347515768761,0.06297794894649877,1.0164632325965866
29.889728182719185,3.8880644569206466,0.06269489009838436,1.0163892374326764
29.722154375837945,3.8878997686319576,0.06253020180969537,1.0163461858305207
29.553861368068798,3.887608990285099,0.06223942346283673,1.0162701726919783
29.38628756118755,3.887262029136086,0.06189246231382395,1.0161794726581772
29.21943295519421,3.8868816155978454,0.06151204877558314,1.0160800277466213
29.046824742097655,3.8865569560416517,0.06118738921938949,1.0159951576313235
28.87925093521641,3.886271753092998,0.060902186270735736,1.015920601972407
28.710957927447268,3.885881475218672,0.06051190839640963,1.0158185783986033
28.710957927447268,3.8854101400287258,0.0600405732064635,1.0156953654170306
28.5383497143507,3.884961964071813,0.0595923972495509,1.0155782065519632
28.371495108357365,3.884610285164811,0.05924071834254896,1.0154862732365386
28.203202100588218,3.8842620375554757,0.058892470733213464,1.015395236905734
28.03634749459488,3.883897063751526,0.058527496929263734,1.015299828136052
27.868054486825738,3.8835732618355476,0.05820369501328537,1.0152151822187563
27.700480679944494,3.883211289772352,0.057841722950089824,1.0151205581420828
27.53218767217534,3.8828145788596053,0.05744501203734309,1.015016852890651
27.365333066182004,3.882527660630521,0.05715809380825876,1.0149418488357296
27.365333066182004,3.8822278763245968,0.0568583095023345,1.014863481425552
27.19775925930076,3.881869764379175,0.05650019755691282,1.0147698664324993
27.03018545241952,3.8815137965342914,0.05614422971202915,1.0146768119344527
26.861892444650376,3.8811029330843803,0.055733366262118,1.0145694070307607
26.694318637769133,3.880668909664632,0.055299342842369814,1.0144559478179533
26.526744830887882,3.880188567778815,0.05481900095655279,1.014330380372135
26.359171024006642,3.879756260376302,0.05438669355403958,1.0142173697479426
26.190878016237498,3.879311944537163,0.05394237771490085,1.014101219966496
26.023304209356255,3.878863339760144,0.05349377293788171,1.0139839490024278
26.023304209356255,3.8783821402341117,0.053012573411849395,1.013858157358607
25.85644960336292,3.8778220267561943,0.052452459933931994,1.0137117366094133
25.688875796481675,3.8773339653716343,0.05196439854937207,1.0135841511889632
25.52058278871252,3.8767549823353677,0.05138541551310549,1.0134327976984956
25.35300898183128,3.875983862102693,0.05061429528043071,1.013231217114135
25.184715974062136,3.8758397601263916,0.050470193304129385,1.0131935470344777
25.017861368068797,3.8759225327224422,0.05055296590017999,1.013215184838252
24.850287561187557,3.875682361779533,0.05031279495727059,1.0131524011153425
24.682713754306313,3.875106810040933,0.0497372432186709,1.0130019446094949
24.515139947425062,3.874486654379893,0.04911708755763078,1.0128398280740316
24.515139947425062,3.873923539161222,0.04855397233895964,1.0126926226318294
24.34684693965592,3.873342411287613,0.04797284446535066,1.012540708453746
24.17927313277468,3.872860354121365,0.04749078729910261,1.0124146926119229
24.011699325893435,3.872492378576661,0.0471228117543987,1.0123184991492322
23.844125519012195,3.8721278328560143,0.046758266033751994,1.0122232022859412
23.672236506803532,3.871805318137164,0.04643575131490163,1.0121388928582593
23.50394349903439,3.8714043182865354,0.04603475146427316,1.0120340664242053
23.336369692153145,3.870889666371275,0.045520099549012816,1.01189952990263
23.168076684384,3.8703707255181325,0.04500115869587029,1.0117638721984326
23.168076684384,3.8698440651662485,0.0444744983439862,1.0116261965196036
23.000502877502758,3.8694507855511673,0.044081218728905025,1.0115233882527912
22.832929070621518,3.868951144550091,0.04358157772782878,1.0113927757740886
22.66607446462818,3.8684373502750447,0.04306778345278239,1.0112584634505155
22.497781456859027,3.8674307768574505,0.04206121003518826,1.010995332424869
22.330207649977783,3.8669169833192103,0.04154741649694804,1.0108610202939063
22.162633843096543,3.866925989278277,0.04155642245601454,1.0108633745655418
21.9943408353274,3.866900257124596,0.041530690302333806,1.010856647855029
21.826767028446156,3.8667604433493716,0.04139087652710938,1.0108200987653835
21.826767028446156,3.8664207728789948,0.041051206056732514,1.010731304607213
21.65991242245282,3.866019344208259,0.04064977738599662,1.0106263660741581
21.49233861557157,3.8656552280445244,0.04028566122226218,1.0105311815024784
21.324764808690325,3.865238789196409,0.039869222374146585,1.0104223191191606
21.15647180092118,3.8647370033579898,0.039367436535727496,1.0102911459528419
20.98889799403994,3.864112988315979,0.03874342149371657,1.0101280205263672
20.821324187158698,3.863681538553681,0.03831197173141865,1.0100152341001774
20.653750380277458,3.8632955496172356,0.03792598279497339,1.0099143317089958
20.48545737250831,3.8627843282628365,0.03741476144057421,1.00978069197943
20.48545737250831,3.8622375111554765,0.036867944333214275,1.009637747069714
20.31788356562706,3.861742587175584,0.036373020353321905,1.0095083676800245
20.15030975874582,3.861282831602155,0.03591326477989254,1.0093881817567043
19.98273595186458,3.860810209951885,0.035440643129622806,1.0092646324781276
19.815162144983336,3.860347023080791,0.03497745625852877,1.0091435495701881
19.647588338102096,3.859959747684022,0.03459018086175991,1.009042310882003
19.480014531220853,3.8594206500754042,0.03405108325314199,1.0089013839469185
19.30740631812429,3.8588729745910237,0.033503407768761484,1.0087582146465897
19.139832511243046,3.858428229194973,0.033058662372710934,1.0086419525735322
19.139832511243046,3.8579260152732506,0.03255644845098837,1.0085106675008222
18.972258704361806,3.857395494803591,0.03202592798132864,1.0083719827383717
18.804684897480563,3.856972622180252,0.031603055357989795,1.008261438484816
18.637111090599323,3.856623088110593,0.0312535212883307,1.0081700658570076
18.469537283718072,3.856273982861041,0.03090441603877858,1.0080788053282002
18.301244275948928,3.85575032424991,0.030380757427647787,1.0079419143423796
18.13438966995559,3.855243820653502,0.02987425383123954,1.0078095078944376
17.966096662186445,3.8546948587087977,0.02932529188653543,1.0076660022971051
17.7985228553052,3.854183638091203,0.028814071268940644,1.0075323627601493
17.630229847536057,3.8537830670606823,0.028413500238420042,1.0074276484250966
17.630229847536057,3.8535064419877916,0.028136875165529318,1.0073553351314244
17.462656040654817,3.8532649845845603,0.02789541776229809,1.0072922151115116
17.29580143466147,3.852954048745422,0.027584481923159654,1.0072109325494725
17.127508426892323,3.8525873596610416,0.027217792838779342,1.0071150753837854
16.960653820898987,3.8520478332323163,0.026678266410053997,1.0069740363497
16.792360813129843,3.8515825015238785,0.02621293470161623,1.0068523927541442
16.62047180092118,3.8513165984272897,0.025947031605027426,1.006782882320722
16.452897994039937,3.851090151201437,0.02572058437917457,1.0067236861510718
16.284604986270793,3.8507157426183136,0.025346175796051362,1.0066258110107533
16.284604986270793,3.850280003918133,0.02491043709587082,1.0065119034019407
16.11703117938955,3.8498845794657095,0.024515012643447243,1.0064085344475127
15.94945737250831,3.849572785986355,0.024203219164092626,1.0063270276874707
15.781883565627068,3.8491756469903065,0.023806080168044197,1.0062232105296482
15.614309758745827,3.8487197507978457,0.023350183975583416,1.0061040334973388
15.446735951864577,3.848277150239139,0.022907583416876598,1.0059883321118974
15.279162144983335,3.8478422691791745,0.022472702356912233,1.0058746487010874
15.11086913721419,3.8474352658470385,0.022065699024776286,1.0057682528810168
14.938980125005527,3.847103314875405,0.021733748053142765,1.0056814766974782
14.938980125005527,3.8467280479152604,0.021358481092998094,1.0055833771665468
14.770687117236383,3.8464102509543987,0.021040684132136445,1.0055003010204882
14.603832511243045,3.8460272637587076,0.02065769693644537,1.0054001833223152
14.4355395034739,3.845631410486176,0.020261843663913925,1.0052967022688857
14.267965696592658,3.845214542817954,0.019844975995691794,1.005187727786567
14.100391889711416,3.844727767893717,0.019358201071454584,1.0050604786631205
13.932818082830176,3.8444018218771996,0.01903225505493733,1.0049752722508187
13.765244275948934,3.8440677268050267,0.018698159982764473,1.004887935572274
13.596951268179788,3.8436234109658893,0.018253844143627074,1.0047717857908276
13.596951268179788,3.843171803711311,0.017802236889048917,1.0046537299411407
13.429377461298547,3.8426777381084394,0.01730817128617712,1.0045245749420637
13.262522855305209,3.842336781177738,0.016967214355475768,1.0044354444868893
13.094229847536065,3.8419482193206465,0.016578652498384194,1.0043338695017006
12.921621634439498,3.8415699498829454,0.016200383060683166,1.004234985085151
12.754047827558257,3.8412989002082587,0.015929333385996447,1.0041641292711043
12.586474020677015,3.8409909661098744,0.015621399287612192,1.0040836314020736
12.418900213795775,3.8405831051375228,0.01521353831526051,1.0039770113840003
12.251326406914533,3.840114771688331,0.014745204866068562,1.003854583095436
12.251326406914533,3.839718060775583,0.01434849395332094,1.003750877844004
12.083033399145387,3.8393372184172354,0.013967651594973152,1.0036513208334472
11.916178793152032,3.8389229236696587,0.013553356847396447,1.0035430189451355
11.747885785382886,3.838620136886176,0.013250570063913614,1.0034638666493394
11.581031179389548,3.838449873199282,0.013080306377019735,1.003419357567558
11.412738171620404,3.838176678687254,0.012807111864991949,1.0033479410658956
11.245164364739162,3.8377512331432677,0.012381666321005458,1.0032367242183324
11.07759055785792,3.8374235711095155,0.012054004287253228,1.003151069217416
10.909297550088775,3.837224143971275,0.011854577149012613,1.0030989364405019
10.741723743207535,3.8369741086922806,0.011604541870018359,1.003033574055345
10.741723743207535,3.836701343000359,0.011331776178096664,1.0029622696526834
10.574869137214197,3.8364028451547583,0.01103327833249601,1.0028842385395096
10.406576129445051,3.8361322243001794,0.010762657477917159,1.0028134948244642
10.239721523451713,3.835825148578815,0.01045558175655259,1.0027332213460458
10.071428515682568,3.8354687519138246,0.01009918509156238,1.0026400547489982
9.903854708801308,3.8350819053371636,0.009712338514901386,1.0025389281598143
9.736280901920066,3.834785980412209,0.009416413589946604,1.0024615696406476
9.568707095038826,3.834562964484022,0.00919339766175975,1.002403270455617
9.401133288157585,3.8343185053400366,0.00894893851777434,1.0023393657426956
9.401133288157585,3.8341083554886897,0.00873878866642741,1.0022844299129212
9.232840280388439,3.8339329452236988,0.008563378401436506,1.0022385754505152
9.065266473507197,3.833658893071455,0.008289326249192541,1.0021669347508504
8.89841186751386,3.833385269739318,0.008015702917055556,1.0020954061501866
8.730118859744715,3.833129659062119,0.007760092239856853,1.002028586285404
8.562545052863474,3.8328491738714536,0.007479607049191372,1.0019552639081104
8.394971245982232,3.8326115765859963,0.007242009763734014,1.0018931529718187
8.22739743910099,3.8324734780912024,0.007103911268940166,1.001857052278178
8.05982363221975,3.8322200122513466,0.006850445429084306,1.0017907931010115
8.05982363221975,3.831934380482586,0.006564813660323576,1.0017161253430937
7.8915306244506045,3.831662043610772,0.006292476788509749,1.0016449330394337
7.724676018457248,3.8314124371518856,0.006042870329623362,1.001579682753278
7.556383010688103,3.831186848303053,0.005817281480790637,1.0015207109742401
7.388809203806861,3.831011438038061,0.005641871215798844,1.0014748565118339
7.216200990710314,3.8308034330240583,0.005433866201796089,1.0014204813696759
7.049346384716958,3.830461618453142,0.00509205163087989,1.001331126716499
6.881053376947813,3.830200432377738,0.0048308655554758495,1.0012628493720905
6.713479570066571,3.829950825918851,0.004581259096588575,1.0011975990859348
6.713479570066571,3.829681491524596,0.004311924702333769,1.001127191667893
6.54590576318533,3.829422879106643,0.004053312284380883,1.0010595871101018
6.377612755416185,3.829206296216877,0.0038367293946146575,1.0010029696026996
6.210038948534944,3.829103366128546,0.0037337993062838137,1.0009760623754282
6.043184342541606,3.8289549744775586,0.0035854076552963576,1.0009372709205386
5.87489133477246,3.8287332457464993,0.003363678924237057,1.0008793082251217
5.707317527891219,3.8284467563375224,0.003077189515260148,1.0008044162692016
5.539743721009978,3.8282271717070016,0.0028576048847392954,1.0007470140687904
5.372169914128737,3.828081352976661,0.002711786154398599,1.0007088952079084
5.204596107247495,3.8279960067231595,0.0026264399008972816,1.0006865846175168
5.204596107247495,3.827816736340395,0.0024471695181329522,1.0006397210714901
5.037022300366253,3.827522956252783,0.002153389430520569,1.0005629232399393
4.868729292597108,3.8274461871382415,0.0020766203159792163,1.0005428548221824
4.701155485715849,3.8274865013859958,0.002116934563733519,1.000553393476566
4.533581678834607,3.827420883804668,0.002051316982405904,1.0005362402106706
4.366007871953366,3.827192292478277,0.001822725656014601,1.0004764835460143
4.198434065072124,3.8268530508280065,0.0014834840057442733,1.0003878014868448
4.030860258190883,3.8265193853127473,0.0011498184904850106,1.0003005770999114
3.858252045094317,3.8264194569651715,0.0010498901429092378,1.000274454565649
3.858252045094317,3.826380429177738,0.0010108623554758722,1.0002642522082685
3.6899590373251723,3.826367562364094,0.0009979955418315534,1.000260888660402
3.5231044313318343,3.826366704723879,0.000997137901616707,1.0002606644624
3.354811423562689,3.8262624881752254,0.0008929213529631497,1.0002334209381252
3.187237616681448,3.8261681352258528,0.0007985684035904939,1.000208755883488
3.0203830106881098,3.826137684577379,0.0007681177551166485,1.000200795698742
2.8520900029189646,3.8261415446951523,0.0007719778728900728,1.0002018047823629
2.6845161960377233,3.8260712086190307,0.0007016417967684596,1.0001834180422342
2.516942389156482,3.8258541976459606,0.00048463082369831767,1.0001266886284403
2.516942389156482,3.8257281075877922,0.00035854076552999103,1.000093727092054
2.344334176059916,3.8258031614219035,0.00043359459964120717,1.0001133471138062
2.1767603691786745,3.82591123808833,0.0005416712660677447,1.0001415997217016
2.009186562297433,3.825921531244525,0.0005519644222626852,1.000144290482951
1.8416127554161916,3.8258413308323167,0.0004717640100544429,1.000123325080574
1.67403894853495,3.8257474074398563,0.00037784061759404963,1.0000987723175483
1.5064651416537087,3.825659487528905,0.0002899207066429099,1.0000757889405398
1.3388913347724671,3.8256045911870746,0.0002350243648123751,1.0000614383422848
1.1705983270033222,3.8255865785321364,0.00021701170987409313,1.0000567296064036
1.1705983270033222,3.825623461482226,0.00025389465996372707,1.000066371276168
1.0037437210099662,3.8256243198592457,0.0002547530369834128,1.0000665956667802
0.8361699141287247,3.825584434431598,0.00021486760933564497,1.0000561691113976
0.6678769063595797,3.825563419299103,0.0001938524768405614,1.0000506754898983
0.5003030994783383,3.825516671276122,0.00014710445385990312,1.0000384549652759
0.3327292925970968,3.8254244631640937,5.4896341831423e-05,1.0000143505982553
0.16515548571585534,3.8253622761436272,-7.29067863503019e-06,0.9999980941243695
-0.0024183211653861195,3.8253695668222623,0.0,1.0
-0.17502653426195203,3.8254141700079,4.4603185637814846e-05,1.0000116598370064
-0.17502653426195203,3.8253644202441657,-5.146578096582033e-06,0.9999986546193755
-0.3426003411431935,3.825303090863914,-6.647595834818887e-05,0.999982622343492
-0.510174148024435,3.8252747850527826,-9.47817694796349e-05,0.9999752228463619
-0.6784671557935799,3.8253331126922805,-3.645412998176667e-05,0.9999904704292369
-0.8460409626748213,3.8253785735181327,9.006695870450443e-06,1.0000023544642453
-1.0136147695560629,3.8253588448459603,-1.0721976301919511e-05,0.9999971971397495
-1.1855037817647252,3.8253798599784563,1.0293156194052244e-05,1.0000026907612491
-1.3530775886459667,3.8253901531346504,2.058631238810449e-05,1.0000053815224983
-1.5213705964151116,3.8254840772639143,0.00011451044165200486,1.0000299344781338
-1.5213705964151116,3.8255424041666073,0.00017283734434503373,1.0000451818683989
-1.6889444032963532,3.8255016610987433,0.0001320942764810873,1.0000345311150134
-1.8565182101775946,3.8254909391224423,0.00012137230018005596,1.0000317282547633
-2.0248112179467395,3.8256050200071816,0.00023545318491935419,1.0000615504412858
-2.192385024827981,3.8257255346671455,0.0003559678448832315,1.0000930544980466
-2.3642740370366435,3.825853339268941,0.00048377244667863195,1.000126464237828
-2.531847843917885,3.8259982996222623,0.0006287328000000869,1.000164358708098
-2.699421650799126,3.826150980211132,0.0007814133888697228,1.0002042713456099
-2.8677146585682713,3.8263190997974865,0.0009495329752242654,1.000248219932385
-2.8677146585682713,3.8264366119798927,0.001067045157630453,1.0002789391035274
-3.0345692645616094,3.826591007112388,0.0012214402901258303,1.000319299944434
-3.202862272330754,3.82665491015009,0.0012853433278277038,1.0003360050069345
-3.371155280099899,3.8266836447813293,0.001314077959067017,1.000343516603066
-3.538009886093237,3.826727819146859,0.0013582523245969647,1.000355064341071
-3.7055836929744785,3.826774566433034,0.0014049996107718954,1.000367284673083
-3.873876700743642,3.8269667028926393,0.0015971360703770365,1.0004175115743663
-4.041450507624883,3.827106945487972,0.0017373786657097767,1.000454172763013
-4.208305113618221,3.8271785680244172,0.0018090012021549917,1.0004728958001456
-4.376598121387366,3.827287503067864,0.001917936245601659,1.0005013727986536
-4.376598121387366,3.82740415687325,0.002034590050987717,1.0005318675791834
-4.544171928268607,3.827561555220108,0.0021919883978456234,1.0005730134983184
-4.711745735149849,3.827674349644524,0.002304782822261764,1.0006024993878373
-4.879319542031091,3.8278544776675054,0.00248491084524316,1.000649587131867
-5.046893348912332,3.8280822113536805,0.0027126445314182845,1.0007091195985207
-5.214467155793574,3.8282147337134655,0.002845166891203288,1.0007437626199256
-5.3820409626748145,3.827932962062478,0.002563395240215538,1.0006701039456287
-5.549614769556056,3.827965985631598,0.002596418809335699,1.0006787367243821
-5.717907777325201,3.828402581971994,0.0030330151497315327,1.0007928685311969
-5.717907777325201,3.8288288851561942,0.003459318333931982,1.0009043095767622
-5.8862007850943465,3.8291531158922805,0.0037835490700182106,1.000989067593059
-6.053055391087702,3.8294752017910234,0.0041056349687611515,1.0010732649217398
-6.220629197968944,3.8298637643849194,0.004494197562657121,1.0011748400995386
-6.393237411065492,3.830532811432675,0.005163244610412843,1.0013497374620204
-6.560811217946733,3.8305448198692997,0.005175253047037476,1.0013528766192743
-6.728385024827975,3.8304071509314195,0.005037584109157223,1.0013168882172454
-6.895958831709234,3.8303659790434477,0.004996412221185409,1.0013061253648587
-7.063532638590476,3.83043545674255,0.0050658899202877805,1.0013242877143753
-7.063532638590476,3.8306263067418316,0.00525673991956932,1.001374178318655
-7.231825646359621,3.830861331106643,0.005491764284380807,1.0014356166609395
-7.399399453240862,3.8310281642326753,0.00565859741041308,1.0014792289507113
-7.566973260122103,3.8311679780079,0.005798411185637953,1.0015157780403567
-7.734547067003345,3.831448892018672,0.006079325196409524,1.001589212516651
-7.902120873884586,3.8318275902764807,0.00645802345421842,1.0016882090322017
-8.069694680765828,3.832077195998564,0.006707629176301744,1.0017534591257475
-8.23726848764707,3.8322993542865356,0.006929787464273307,1.0018115341127758
-8.405561495416213,3.832580268297307,0.007210701475044878,1.00188496858907
-8.573135302297455,3.83280671552316,0.007437148700897733,1.0019441647587204
-8.573135302297455,3.8329173651102333,0.00754779828797103,1.0019730899606234
-8.7414283100666,3.833099637970557,0.007730071148294826,1.002020738392269
-8.908282916059957,3.8334247263468586,0.008055159524596345,1.0021057206065682
-9.075856722941198,3.833779835814722,0.00841026899245989,1.0021985507140023
-9.24343052982244,3.8341100707691202,0.008740503946857991,1.002284878308926
-9.411004336703682,3.834330084956553,0.008960518134290663,1.002342392800948
-9.579297344472826,3.8345488119468585,0.009179245124596225,1.0023995708033568
-9.746151950466164,3.834723793391742,0.009354226569479707,1.0024453131667617
-9.913725757347406,3.834922363626571,0.009552796804308539,1.002497221938283
-9.913725757347406,3.8351543855138237,0.009784818691561448,1.0025578753949491
-10.082018765116551,3.8353743989644533,0.010004832142191056,1.0026153896943615
-10.249592571997791,3.8356681797888696,0.01029861296660739,1.0026921877185222
-10.417166378879033,3.8360687500825845,0.010699183260322265,1.0027969018609646
-10.585459386648179,3.8364440170427296,0.01107445022046738,1.002895001391896
-10.75303319352942,3.836774251997128,0.011404685174865925,1.00298132898682
-10.919887799522776,3.837094193795333,0.011724626973070862,1.0030649658204946
-11.087461606404018,3.83735923998851,0.011989673166247883,1.003134252248524
-11.255754614173162,3.8375419409321365,0.012172374109874262,1.0031820125865605
-11.255754614173162,3.8377846855324957,0.012415118710233486,1.003245469096087
-11.423328421054403,3.8379673864761226,0.01259781965386031,1.0032932294341237
-11.590902227935645,3.8380994807526037,0.012729913930341397,1.0033277605491373
-11.763510441032192,3.838341366975943,0.012971800153680935,1.0033909926680513
-11.931084247913452,3.83875094396553,0.013381377143267592,1.0034980612747395
-12.098658054794694,3.8391390777393184,0.013769510917056138,1.003599524353537
-12.266231861675935,3.839442722163016,0.014073155340753818,1.0036789008473355
-12.433805668557177,3.839851870332496,0.01448230351023394,1.0037858573550227
-12.601379475438419,3.8401958290039504,0.014826262181688143,1.0038757725032053
-12.601379475438419,3.8405826763174145,0.0152131094951522,1.003976899284999
-12.769672483207563,3.8409849618915617,0.015615395069299431,1.0040820618234465
-12.9365270892009,3.8414442893816885,0.016074722559426213,1.0042021358403757
-13.104100896082143,3.841833280058887,0.016463713236624766,1.0043038229245655
-13.272393903851288,3.8421304914441654,0.01676092462190315,1.004381517740736
-13.43996771073253,3.84229432209264,0.016924755270377734,1.0044243451448893
-13.60754151761377,3.8425049007640943,0.017135333941832087,1.0044793930736649
-13.775115324495012,3.8428132629457816,0.01744369612351937,1.0045600028490869
-13.947723537591578,3.8431988230621186,0.017829256239856317,1.004660793141267
-13.947723537591578,3.843508471704129,0.018138904881866758,1.0047417392136924
-14.116016545360724,3.8437808085759424,0.01841124175368014,1.0048129315173526
-14.282871151354062,3.844134202763375,0.018764635941112662,1.0049053132287817
-14.450444958235302,3.8445270535583487,0.019157486736086415,1.005008009396593
-14.618737966004447,3.8449486389845604,0.01957907216229815,1.005118217160535
-14.785592571997803,3.845373226888331,0.020003660066068907,1.005229209810096
-14.953166378879045,3.845733912491203,0.020364345668940853,1.0053234975897656
-15.12145938664819,3.846086449038421,0.020716882216158528,1.0054156551031925
-15.28903319352943,3.8464261187719933,0.021056551949730995,1.005504449068753
-15.456607000410672,3.846794523873609,0.021424957051346727,1.0056007548230548
-15.456607000410672,3.847180941630161,0.021811374807898964,1.0057017693132373
-15.624900008179818,3.8476514191798925,0.02228185235763025,1.0058247580968078
-15.791754614173156,3.848124899207182,0.02275533238491967,1.0059485317659969
-15.964362827269722,3.848468000238421,0.02309843341615858,1.006038222716177
-16.131936634150964,3.8488038105910234,0.02343424376876113,1.0061260077907264
-16.299510441032204,3.8491554894980253,0.02378592267576307,1.006217941106151
-16.467803448801348,3.8494338305881515,0.024064263765889216,1.0062907029884383
-16.705858942697024,3.849765780822981,0.024396214000718786,1.006377478979367
-16.705858942697024,3.850228967694075,0.02485940087181282,1.0064985618873064
-16.705858942697024,3.8505360426786357,0.025166475856373438,1.0065788351731149
-16.705858942697024,3.8506063787547578,0.025236811932495495,1.0065972219132437
-16.705858942697024,3.850609381232316,0.02523981441005363,1.0065980067988622
-16.705858942697024,3.8505999457163376,0.02523037889407531,1.0065955402356155
-16.705858942697024,3.8506363998463202,0.025266833024057966,1.0066050698063789
-16.705858942697024,3.8505669221472174,0.02519735532495515,1.006586907456862
-16.705858942697024,3.8504974444481155,0.025127877625853223,1.0065687451073457
-16.705858942697024,3.850511168165171,0.02514160134290888,1.0065723326606046
