Angle (degree),rho (mOhm cm),Delta rho (mOhm cm),rho/rho(theta=0)
103.723279638716,4.724996036458169,-0.09416113415870697,0.980461078395031
103.723279638716,4.724996465278277,-0.09416070533859866,0.9804611673774181
103.723279638716,4.725005471974147,-0.09415169864272865,0.9804630363133234
103.723279638716,4.725067230174507,-0.09408994044236874,0.98047585145883
103.723279638716,4.725067230174507,-0.09408994044236874,0.98047585145883
103.723279638716,4.724997322918493,-0.09415984769838293,0.9804613453421919
103.723279638716,4.724972448405027,-0.09418472221184881,0.9804561837521907
103.723279638716,4.724969445927469,-0.09418772468940695,0.980455560722592
103.723279638716,4.725025199909516,-0.09413197070735979,0.9804671299617915
103.723279638716,4.725109688522801,-0.09404748209407465,0.9804846617853644
103.723279638716,4.725100682563735,-0.09405648805314115,0.9804827930023495
103.723279638716,4.725059509938959,-0.09409766067791647,0.9804742494700849
103.723279638716,4.725028631207182,-0.09412853940969423,0.980467841973777
103.723279638716,4.7250234846290855,-0.09413368598779037,0.9804667740322441
103.723279638716,4.724991747520288,-0.09416542309658826,0.9804601884182718
103.723279638716,4.725059509938959,-0.09409766067791647,0.9804742494700849
103.723279638716,4.725084814009335,-0.09407235660754054,0.9804795001953632
103.723279638716,4.725162011943986,-0.09399515867288954,0.980495519165469
103.723279638716,4.725265799672532,-0.09389137094434385,0.9805170556551229
103.723279638716,4.725280810586714,-0.09387636003016198,0.9805201704973351
103.723279638716,4.725279524126392,-0.09387764649048425,0.9805199035501746
103.723279638716,4.7252465005572715,-0.0939106700596044,0.9805130509890418
103.723279638716,4.72521347698815,-0.09394369362872546,0.9805061984279089
103.723279638716,4.7252074727698385,-0.09394969784703733,0.9805049525216022
103.723279638716,4.725316407076481,-0.09384076354039461,0.9805275569527893
103.56074023805006,4.725410760025853,-0.09374641059102284,0.9805471356770414
103.38813202495349,4.72531940955404,-0.09383776106283559,0.9805281799823881
103.22055821807224,4.725225914244884,-0.09393125637199162,0.9805087792229097
103.0522652103031,4.725229774362657,-0.09392739625421864,0.980509580217282
102.85664256879367,4.7250942495253145,-0.09406292109156134,0.9804814581136558
102.68906876191244,4.724881526753323,-0.09427564386355325,0.9804373170399243
102.52077575414329,4.724725844423699,-0.09443132619317662,0.9804050121525526
102.52077575414329,4.724720697845601,-0.09443647277127454,0.9804039442110193
102.35392114814994,4.724857509143269,-0.09429966147360691,0.9804323332618065
102.18562814038079,4.724915407962658,-0.09424176265421824,0.9804443475658308
102.01805433349955,4.724851933745064,-0.09430523687181225,0.9804311763378863
101.85048052661831,4.724601899202873,-0.094555271414003,0.980379292879153
101.68290671973706,4.724498539557631,-0.09465863105924477,0.9803578452189954
101.51533291285583,4.724502399675405,-0.0946547709414709,0.9803586462133679
101.34703990508667,4.724480526902694,-0.09467664371418216,0.9803541075000749
101.18018529909334,4.724326989410413,-0.09483018120646314,0.9803222476775282
101.18018529909334,4.724254509233752,-0.09490266138312364,0.9803072076665689
101.0126114922121,4.724182457877199,-0.09497471273967673,0.9802922566379965
100.84431848444295,4.72404821950018,-0.09510895111669626,0.9802644014815308
100.67674467756171,4.723811050298025,-0.09534612031885104,0.9802151876472943
100.50845166979256,4.723690536374866,-0.09546663424201007,0.9801901803858807
100.34087786291133,4.723659228086176,-0.09549794253069965,0.9801836837542953
100.17402325691798,4.723564446316697,-0.09559272430017884,0.9801640160476562
100.00644945003673,4.723573881832675,-0.09558328878420053,0.9801659739659486
99.83887564315549,4.723585032629084,-0.09557213798779163,0.9801682878137884
99.83887564315549,4.723536569325673,-0.09562060129120287,0.9801582314280564
99.67130183627425,4.723317842335368,-0.09583932828150754,0.9801128444480179
99.5030088285051,4.7232903941644535,-0.09586677645242236,0.9801071488108053
99.33543502162387,4.723271952689409,-0.09588521792746718,0.9801033221094979
99.16714201385471,4.7232663772912025,-0.0958907933256734,0.9801021651855777
99.00028740786138,4.7232517959339315,-0.09590537468294436,0.9800991394786429
98.83199440009223,4.723267234931418,-0.09588993568545767,0.9801023431503515
98.66513979409889,4.72336373198133,-0.09579343863554612,0.9801223667865383
98.49756598721765,4.723370594576661,-0.09578657604021501,0.9801237908105094
98.32999218033639,4.723226063043447,-0.0959311075734286,0.9800937997709775
98.32999218033639,4.723210623309156,-0.09594654730771968,0.9800905959463783
98.15738396723985,4.723304118618312,-0.09585305199856364,0.9801099967058567
97.9890909594707,4.723299829680432,-0.09585734093644405,0.9801091067290977
97.82151715258946,4.723110266141472,-0.0960469044754042,0.9800697713158192
97.65394334570821,4.722951153250987,-0.09620601736588874,0.9800367545693527
97.48636953882698,4.722901403487254,-0.09625576712962225,0.9800264312364602
97.31807653105781,4.722741432219749,-0.09641573839712692,0.9799932363723292
97.15050272417658,4.722671954520647,-0.09648521609622929,0.9799788193909685
96.98364811818324,4.722780031187074,-0.0963771394298023,0.9800012458573818
96.98364811818324,4.7228014751396765,-0.09635569547719935,0.9800056955882879
96.81607431130199,4.722868808738241,-0.09628836187863499,0.9800196676577142
96.64850050442075,4.722929280478277,-0.09622789013859911,0.9800322158560598
96.48092669753952,4.722896685729264,-0.09626048488761185,0.9800254522773139
96.31263368977037,4.722756014313824,-0.09640115630305157,0.9799962622321546
96.14505988288913,4.72260333446176,-0.09655383615511592,0.9799645803743818
95.97676687511998,4.722539431424058,-0.09661773919281824,0.9799513201640504
95.80991226912664,4.722598187883663,-0.09655898273321295,0.9799635124328487
95.6423384622454,4.722624348857451,-0.09653282175942479,0.9799689409700103
95.6423384622454,4.722677958738959,-0.09647921187791653,0.9799800652972754
95.47404545447625,4.722583176969479,-0.0965739936473966,0.9799603975906362
95.30647164759502,4.72245151224991,-0.09670565836696543,0.9799330764813826
95.13889784071375,4.722557444078996,-0.09659972653787996,0.9799550578829711
94.97132403383252,4.722708837470737,-0.09644833314613876,0.9799864727935833
94.80375022695127,4.7226367868509875,-0.09652038376588834,0.9799715219179014
94.63617642007003,4.72259218366535,-0.09656498695152571,0.9799622665265418
94.46860261318879,4.7225853218068226,-0.09657184881005332,0.9799608426554614
94.30102880630754,4.72259218366535,-0.09656498695152571,0.9799622665265418
94.1334549994263,4.722640646231957,-0.09651652438491887,0.9799723227593832
94.1334549994263,4.722668094402873,-0.09648907621400316,0.979978018396596
93.96444279076925,4.722605907382405,-0.0965512632344705,0.9799651142687028
93.79758818477592,4.7225308542850994,-0.09662631633177643,0.9799495403634225
93.63001437789468,4.722582319329264,-0.09657485128761145,0.9799602196258627
93.46244057101343,4.722634213193537,-0.09652295742333905,0.9799709878706895
93.2941475632443,4.722590896468223,-0.09656627414865326,0.9799619994264905
93.12729295725093,4.722502548473968,-0.09665462214290788,0.9799436667614358
92.9597191503697,4.722397902368402,-0.0967592682484737,0.9799219521541175
92.79214534348846,4.722357159300539,-0.0968000113163372,0.9799134977571303
92.79214534348846,4.722540717884381,-0.09661645273249508,0.979951587111211
92.6238523357193,4.722715271245961,-0.09644189937091507,0.9799878078351676
92.45627852883807,4.722698973871455,-0.096458196745421,0.9799844260457947
92.2836703157415,4.722771025228007,-0.0963861453888688,0.9799993770743669
92.11609650886025,4.722930566938599,-0.09622660367827685,0.9800324828032203
91.94852270197902,4.722741432219749,-0.09641573839712692,0.9799932363723292
91.78094889509778,4.722561304196769,-0.09659586642010698,0.9799558588773435
91.61337508821653,4.722420203961221,-0.09673696665565501,0.9799265798497973
91.44580128133529,4.722334428887612,-0.0968227417292642,0.9799087810790635
91.44580128133529,4.722358445760863,-0.09679872485601315,0.9799137647042911
91.27822747445406,4.722493541778097,-0.09666362883877877,0.9799417978255303
91.1099344666849,4.722552298237702,-0.09660487237917348,0.9799539900943286
90.94307986069157,4.722573741453502,-0.09658342916337403,0.979958439672344
90.77478685292242,4.7225801752287255,-0.09657699538815034,0.9799597747139283
90.60721304604118,4.722499545996409,-0.0966576246204669,0.9799430437318369
90.43963923915994,4.722483248621903,-0.09667392199497282,0.9799396619424641
90.2720654322787,4.7223983311885105,-0.09675883942836538,0.9799220411365044
90.09945721918213,4.722313842575225,-0.09684332804165052,0.9799045093129316
90.09945721918213,4.722322419714184,-0.09683475090269145,0.9799062891135596
89.92684900608556,4.722315129035548,-0.09684204158132825,0.979904776260092
89.75927519920432,4.722315986675763,-0.09684118394111252,0.9799049542248658
89.59170139232309,4.7224905400373425,-0.0966666305795334,0.979941174948822
89.42340838455394,4.723356012482586,-0.09580115813428947,0.980120764950684
89.2565537785606,4.7236124808,-0.09554468981687592,0.9801739834510013
89.08826077079145,4.723313124577379,-0.09584404603949714,0.9801118654888716
88.92140616479811,4.722975598944345,-0.09618157167253116,0.9800418271769669
88.75383235791688,4.723259944252783,-0.0958972263640927,0.9801008302968842
88.75383235791688,4.72350483295368,-0.09565233766319547,0.9801516459669749
88.58553935014773,4.723163876022981,-0.09599329459389505,0.9800808956430845
88.41796554326648,4.722922418619749,-0.09623475199712672,0.9800307919849793
88.25039173638523,4.722857229121724,-0.0962999414951522,0.9800172648274874
88.08281792950399,4.722786893045602,-0.09637027757127381,0.9800026697284625
87.91452492173484,4.7228469359655305,-0.09631023465134536,0.9800151289444213
87.7476703157415,4.722930566938599,-0.09622660367827685,0.9800324828032203
87.57937730797236,4.722901832307361,-0.09625533830951483,0.980026520218847
87.41180350109111,4.722734999181329,-0.0964221714355471,0.9799919014836355
87.41180350109111,4.722670668060323,-0.09648650255655244,0.9799785524438079
87.24422969420988,4.722793326820826,-0.09636384379605012,0.9800040047700468
87.07234068200121,4.722823776732496,-0.09633339388437978,0.9800103232839678
86.90404767423207,4.722807479357989,-0.0963496912588866,0.9800069414945947
86.73647386735082,4.722834498708798,-0.0963226719080783,0.9800125481494208
86.56890006046959,4.722766736290127,-0.09639043432674921,0.9799984870976078
86.40132625358835,4.722734999181329,-0.0964221714355471,0.9799919014836355
86.2337524467071,4.72285980204237,-0.09629736857450588,0.9800177987218086
86.06617863982586,4.72297002354614,-0.09618714707073561,0.980040670253047
85.89788563205671,4.723108122040934,-0.09604904857594221,0.980069326403885
85.89788563205671,4.723157014164454,-0.09600015645242177,0.9800794717720042
85.73103102606338,4.723204190270736,-0.09595298034613986,0.9800892610576846
85.56273801829424,4.72319432593465,-0.0959628446822256,0.9800872141570054
85.39516421141299,4.7231861776157995,-0.09597099300107637,0.9800855233387643
85.22759040453174,4.7232337825421915,-0.09592338807468437,0.9800954016068321
85.05929739676259,4.723276241627289,-0.09588092898958678,0.9801042120862571
84.89172358988135,4.723355154842369,-0.09580201577450698,0.9801205869859099
84.72486898388802,4.7234795288833045,-0.0956776417335714,0.9801463952416966
84.55729517700676,4.723648506109875,-0.09550866450700113,0.9801814588888422
84.55729517700676,4.7236656618614,-0.09549150875547596,0.9801850187958795
84.38972137012553,4.72366308820395,-0.09549408241292578,0.9801844847486678
84.22142836235638,4.723641644251347,-0.09551552636552874,0.9801800350177617
84.05385455547514,4.723633924752604,-0.09552324586427208,0.9801784331819074
83.8862807485939,4.723858655961221,-0.09529851465565464,0.9802250660682528
83.71798774082475,4.7241121218010775,-0.09504504881579834,0.9802776615389716
83.55041393394352,4.724079955872173,-0.09507721474470276,0.9802709869426125
83.38355932795015,4.723995896078995,-0.09516127453788048,0.9802535441014265
83.21526632018103,4.724097540443807,-0.09505963017306929,0.9802746358320368
83.21526632018103,4.724345859705566,-0.09481131091131001,0.9803261633612225
83.04841171418768,4.724611762802155,-0.09454540781472076,0.9803813396269417
82.88011870641853,4.724728417344346,-0.09442875327253031,0.9804055460468738
82.71182569864938,4.724830061709156,-0.09432710890772,0.9804266377774838
82.54497109265604,4.724770018789228,-0.09438715182764756,0.9804141785615252
82.3773972857748,4.7246602261055655,-0.09449694451131041,0.9803913960126737
82.20982347889357,4.724664086223339,-0.09449308439353654,0.9803921970070462
82.04224967201232,4.7246756658398565,-0.09448150477701933,0.980394599837273
81.87467586513108,4.724802613538241,-0.09435455707863483,0.9804209421402712
81.70638285736193,4.7249977517386,-0.0941594188782755,0.9804614343245787
81.70638285736193,4.7251264147174155,-0.09403075589946042,0.9804881325571243
81.53880905048068,4.725204041472173,-0.09395312914470288,0.9805042405096167
81.37123524359944,4.72527266153106,-0.09388450908581625,0.9805184795262034
81.2036614367182,4.725383740675046,-0.09377342994183024,0.9805415290222156
81.03608762983696,4.725520981529623,-0.09363618908725257,0.9805700072082798
80.8685138229557,4.725750859316339,-0.09340631130053723,0.9806177080361583
80.70022081518657,4.725872231616517,-0.09328493900035895,0.9806428934152364
80.53336620919323,4.725900108607541,-0.09325706200933492,0.9806486780348362
80.36507320142408,4.7259245543008985,-0.09323261631597735,0.9806537506424504
80.36507320142408,4.726038635185638,-0.0931185354312376,0.9806774230151705
80.19749939454285,4.7262517867777385,-0.09290538383913738,0.980721653071289
80.0299255876616,4.726411758045243,-0.09274541257163271,0.98075484793542
79.86163257989246,4.726670799283304,-0.09248637133357196,0.9808086003300587
79.69477797389912,4.726776303029085,-0.0923808675877913,0.9808304929021507
79.52720416701787,4.726976159724237,-0.09218101089263886,0.9808719641984951
79.35891115924872,4.727284950726033,-0.09187221989084282,0.9809360399260266
79.19205655325538,4.727361291020467,-0.09179587959640845,0.9809518809313583
79.02376354548623,4.727305965858529,-0.0918512047583473,0.9809404006745458
79.02376354548623,4.727256644914902,-0.09190052570197427,0.98093016632404
78.856189738605,4.727209897628726,-0.09194727298814964,0.9809204660207461
78.68861593172375,4.727271655829084,-0.0918855147877915,0.9809332811662522
78.5203229239546,4.727436344117774,-0.09172082649910163,0.9809674548366388
78.35346831796126,4.727556000400718,-0.09160117021615743,0.9809922841332789
78.18589451108002,4.727627194117057,-0.0915299764998192,0.9810070571970777
78.01760150331087,4.727816328835907,-0.09134084178096913,0.9810463036279689
77.85002769642963,4.728119973259605,-0.091037197357271,0.9811093114139671
77.6831730904363,4.72840689148869,-0.09075027912818623,0.9811688484282056
77.51488008266715,4.728582731310594,-0.09057443930628217,0.9812053360993229
77.51488008266715,4.7286492072689414,-0.09050796334793443,0.9812191302039753
77.34730627578591,4.7287234027260325,-0.09043376789084334,0.9812345261444819
77.17973246890466,4.72894384499677,-0.09021332562010631,0.9812802690540681
77.01215866202342,4.72919259381544,-0.0899645768014361,0.9813318857185311
76.84458485514217,4.729360284581688,-0.0897968860351881,0.9813666824185164
76.67701104826092,4.729434051218672,-0.08972311939820354,0.9813819893766365
76.50943724137969,4.729629190155835,-0.08952798046104071,0.9814224817138345
76.34186343449845,4.729908388886177,-0.08924878173069928,0.9814804168922188
76.1735704267293,4.730274220330342,-0.08888295028653381,0.9815563288061102
76.1735704267293,4.730516964193897,-0.08864020642297898,0.981606699411376
76.00599661984806,4.730586442629803,-0.0885707279870731,0.9816211165456271
75.83842281296681,4.730788872245602,-0.08836829837127347,0.9816631217362928
75.67012980519767,4.731122537760863,-0.08803463285601332,0.981732359053825
75.50327519920434,4.731410314366967,-0.0877468562499093,0.9817920741857279
75.33570139232309,4.7316530582305205,-0.08750411238635536,0.9818424447909935
75.16740838455395,4.731747411179893,-0.0874097594369827,0.981862023515246
74.99551937234529,4.731733687462836,-0.0874234831540397,0.9818591757730846
74.82722636457613,4.731634187935368,-0.0875229826815076,0.9818385291072994
74.82722636457613,4.7316899419174145,-0.08746722869946133,0.9818500983464988
74.6596525576949,4.732029612387792,-0.08712755822908402,0.9819205817232287
74.49207875081366,4.732385579495871,-0.08677159112100519,0.9819944467364409
74.32450494393241,4.732644620733932,-0.08651254988294355,0.9820481991310797
74.15693113705116,4.73280416318133,-0.0863530074355463,0.9820813050128239
73.98935733016992,4.733080788254219,-0.08607638236265647,0.9821387061439961
73.82106432240077,4.733464204270018,-0.08569296634685752,0.9822182669473117
73.65349051551952,4.733811165419032,-0.0853460051978443,0.9822902631775092
73.48663590952619,4.7341598418484745,-0.08499732876840138,0.9823626153372538
73.48663590952619,4.734419740726751,-0.0847374298901249,0.9824165456966663
73.31906210264495,4.734652620991023,-0.08450454962585319,0.9824648695541431
73.1507690948758,4.735015450694435,-0.08414171992244057,0.9825401585913268
72.98319528799456,4.735273205472173,-0.08388396514470298,0.9825936440388049
72.81562148111333,4.735378709217954,-0.08377846139892231,0.982615536610897
72.64804767423207,4.735378709217954,-0.08377846139892231,0.982615536610897
72.47975466646294,4.735548115264633,-0.08360905535224283,0.9826506892404299
72.31218085958169,4.73586291048474,-0.08329426013213581,0.982716010874268
72.14532625358835,4.736039607946858,-0.0831175626700178,0.9827526765101586
71.9777524467071,4.736317090659965,-0.08284007995691045,0.982810255606105
71.9777524467071,4.736693215260323,-0.08246395535655271,0.9828883034030623
71.80945943893796,4.737002435819031,-0.08215473479784485,0.9829524682658713
71.64188563205671,4.73720486543483,-0.0819523051820461,0.9829944734565368
71.47431182517546,4.737536386849551,-0.08162078376732484,0.9830632658621348
71.30673801829423,4.737866192983843,-0.08129097763303328,0.9831317023381855
71.13916421141299,4.738169408587432,-0.08098776202944347,0.9831946211417968
70.97159040453174,4.73837484068079,-0.0807823299360857,0.9832372493620611
70.8040165976505,4.73885646902693,-0.08030070158994551,0.9833371897311108
70.63572358988135,4.739233022447397,-0.07992414816947857,0.9834153265104554
70.63572358988135,4.739295209467863,-0.079861961149013,0.9834282306383483
70.46814978300011,4.739420870705925,-0.07973629991095077,0.983454305994186
70.30057597611888,4.73958641663483,-0.07957075398204605,0.9834886576293463
70.13300216923763,4.739869475482945,-0.07928769513393075,0.9835473938021031
69.96470916146848,4.7403648275461405,-0.07879234307073535,0.9836501819133138
69.79282014925982,4.740928800405028,-0.07822837021184803,0.9837672091940022
69.62524634237859,4.741292058928546,-0.07786511168832977,0.9838425872135723
69.45695333460944,4.741618004945063,-0.07753916567181296,0.9839102226952503
69.2900987286161,4.741827725976302,-0.0773294446405739,0.983953740892274
69.2900987286161,4.742145094117056,-0.07701207649981967,0.9840195964204335
69.12252492173485,4.742528510132855,-0.07662866048402073,0.9840991572237492
68.9542319139657,4.742856600986714,-0.07630056963016152,0.9841672377702522
68.78665810708446,4.743263604318851,-0.07589356629802513,0.9842516930635175
68.61908430020321,4.743821144139319,-0.0753360264775571,0.9843673854555124
68.44647608710666,4.744239727824776,-0.0749174427921,0.984454243731895
68.27890228022542,4.744524501216517,-0.07463266940035851,0.9845133356813085
68.11132847334417,4.744882613161939,-0.07427455745493727,0.9845876457593455
67.94375466646294,4.745175107526033,-0.07398206309084276,0.9846483398503949
67.94375466646294,4.7454461572007185,-0.07371101341615738,0.9847045840576472
67.77618085958169,4.745711202657092,-0.07344596795978386,0.9847595823585927
67.60860705270044,4.745933789765171,-0.07322338085170443,0.9848057703330038
67.4410332458192,4.74622714176948,-0.07293002884739597,0.9848666423888266
67.27345943893795,4.746632429821185,-0.07252474079569105,0.9849507417525444
67.10516643116881,4.747087038816518,-0.07207013180035826,0.9850450754667682
66.93759262428757,4.747398832295871,-0.07175833832100498,0.9851097742238982
66.76570361207891,4.747650154035189,-0.07150701658168668,0.9851619247826828
66.59741060430976,4.747906622352604,-0.07125054826427224,0.9852151432830003
66.59741060430976,4.748326921318492,-0.07083024929838366,0.9853023574889306
66.42983679742852,4.7489054755346505,-0.0702516950822254,0.9854224104765538
66.26226299054728,4.7495607988653505,-0.06959637175152533,0.9855583934518956
66.09468918366603,4.750144499659606,-0.06901267095727004,0.9856795143810518
65.9271153767848,4.750472161693358,-0.06868500892351825,0.9857475059451679
65.75954156990355,4.750672876028725,-0.06848429458815097,0.9857891552062858
65.59124856213441,4.751012974582406,-0.06814419603446975,0.985859727412512
65.42367475525317,4.751392530480431,-0.06776464013644468,0.9859384872214553
65.25610094837192,4.751814115906643,-0.06734305471023294,0.9860259683745461
65.08852714149067,4.7521992472028725,-0.06695792341400342,0.9861058851074093
65.08852714149067,4.752551354929983,-0.06660581568689317,0.9861789492791397
64.92095333460944,4.752946779382405,-0.06621039123447048,0.9862610018950689
64.75337952772819,4.7533490656933575,-0.0658081049235184,0.9863444783820788
64.58508651995903,4.753684876045961,-0.06547229457091497,0.9864141607644363
64.4175127130778,4.7540189703813285,-0.0651382002355474,0.9864834870643554
64.25065810708446,4.75444141418456,-0.06471575643231553,0.9865711463351108
64.08236509931531,4.754880583445602,-0.06427658717127382,0.9866622762247353
63.91407209154617,4.755283727396769,-0.0638734432201069,0.986745930676519
63.74721748555283,4.755698450964453,-0.06345871965242278,0.9868319879585293
63.74721748555283,4.7560925889565535,-0.06306458166032236,0.986913773627298
63.57892447778369,4.7566668542348305,-0.062490316382045386,0.9870329366381619
63.41206987179035,4.757229969453501,-0.06192720116337469,0.9871497859540763
63.24449606490911,4.7576918698642725,-0.06146530075260337,0.987245632674658
63.07692225802786,4.758077429243806,-0.06107974137306993,0.9873256382370174
62.90862925025871,4.7584162420739675,-0.06074092854290836,0.9873959436489735
62.74177464426536,4.758790222573788,-0.06036694804308773,0.9874735465339969
62.57348163649622,4.759267133161939,-0.05989003745493715,0.9875725079439003
62.405907829614975,4.759822099324956,-0.05933507129191984,0.9876876662886833
62.405907829614975,4.760285715016159,-0.05887145560071705,0.9877838689388125
62.23833402273374,4.760681997108797,-0.058475173508078626,0.9878660995195154
62.070760215852495,4.761073131886536,-0.05808403873033985,0.987947262005795
61.90246720808335,4.761546183093716,-0.05761098752315963,0.9880454225742165
61.735612602090015,4.761823236986714,-0.05733393363016148,0.9881029126877755
61.567319594320864,4.7621367457465,-0.05702042487037584,0.9881679673744533
61.39974578743963,4.762558331909515,-0.0565988387073606,0.9882554486804348
61.22785677523096,4.7629730554772,-0.05618411513967558,0.9883415059624453
61.060282968349725,4.7634392440890485,-0.055717926527827366,0.9884382425068956
61.060282968349725,4.763883989485099,-0.055273181131776816,0.9885305294733308
60.891989960580574,4.764391349984919,-0.054765820631956785,0.9886358093971551
60.72441615369934,4.764925730572353,-0.05423144004452318,0.9887466961286965
60.556842346818094,4.765384628505566,-0.053772542111309996,0.9888419198196794
60.38926853993685,4.765792490214722,-0.053364680402153475,0.9889265532306093
60.22097553216771,4.7661776207741475,-0.052979549842728346,0.9890064698105817
60.05412092617436,4.766618934872532,-0.05253823574434424,0.9890980447650312
59.88654711929312,4.767009212746858,-0.05214795787001769,0.9891790294394274
59.718254111523976,4.76741535843878,-0.05174181217809615,0.9892633067679192
59.550680304642725,4.767760175487254,-0.051396995129621814,0.9893348580861822
59.550680304642725,4.768083977403232,-0.0510731932136439,0.9894020486559258
59.38310649776148,4.7682924112373435,-0.05086475937953239,0.9894452997528982
59.21553269088024,4.768609351294794,-0.05054781932208208,0.9895110664515614
59.047958883999,4.769097412679354,-0.05005975793752171,0.9896123417093048
58.87966587622986,4.7696811134736095,-0.049476057143266416,0.9897334626384611
58.712811270236514,4.770258810049552,-0.048898360567323884,0.9898533376613105
58.54451826246737,4.770793619457092,-0.048363551159783746,0.9899643133752384
58.37694445558613,4.771240508953682,-0.047916661663194304,0.9900570452536079
58.20937064870489,4.77172599668079,-0.047431173936085536,0.9901577864641393
58.20937064870489,4.772172028537164,-0.04698514207971183,0.9902503403777351
58.04179684182364,4.772612484995332,-0.04654468562154346,0.9903417373674107
57.873503834054496,4.773072240568761,-0.046084930048114536,0.9904371390231675
57.70664922806115,4.773394326467505,-0.04576284414937071,0.9905039735104733
57.539075421179916,4.773634068590305,-0.045523102026570506,0.9905537212390308
57.36646720808335,4.773976311981329,-0.04518085863554688,0.9906247385100819
57.198893401202106,4.774456653867146,-0.04470051674972986,0.9907244119319711
57.03060039343296,4.774882099411132,-0.044275071205744254,0.9908126940794345
56.863745787439626,4.775374020913465,-0.043783149703410906,0.9909147703315502
56.863745787439626,4.775942282710234,-0.043214887906642296,0.991032687588998
56.69617198055838,4.776445354272173,-0.04271181634470267,0.9911370775360632
56.52787897278924,4.7768557896387795,-0.042301380978096326,0.9912222449942047
56.36030516590799,4.777201463590664,-0.04195570702621154,0.9912939741243507
56.192731359026745,4.777630340432316,-0.04152683018455949,0.9913829682837998
56.0244383512576,4.778178873556912,-0.04097829705996414,0.9914967917398887
55.857583745264265,4.778795597920287,-0.04036157269658869,0.9916247652301777
55.69000993838302,4.779268649127469,-0.03988852148940669,0.9917229257985996
55.52243613150178,4.779665788860323,-0.039491381756552535,0.9918053343440763
55.52243613150178,4.7801474172064635,-0.03900975341041235,0.9919052747131261
55.354143123732634,4.780649202308079,-0.03850796830879677,0.9920093977130304
55.18656931685138,4.7809747195044885,-0.03818245111238738,0.9920769442123217
55.01899550997014,4.781375719355117,-0.03778145126175847,0.9921601537521711
54.8514217030889,4.78174927103483,-0.037407899582046156,0.9922376676548074
54.68384789620766,4.78206149333429,-0.03709567728258545,0.9923024553943243
54.515554888438515,4.782399018967325,-0.03675815164955054,0.9923724937062293
54.348700282445165,4.782812027254579,-0.036345143362296994,0.9924581950586923
54.18040727467602,4.783303948020108,-0.03585322259676804,0.9925602711579173
54.01283346779478,4.783792010141473,-0.03536516047540328,0.9926615465685514
54.01283346779478,4.784234181880073,-0.03492298873680255,0.9927532994877749
53.84525966091354,4.784558412616159,-0.03459875800071721,0.9928205790399054
53.6776858540323,4.784883929812567,-0.03427324080430871,0.9928881255391964
53.510112047151054,4.785296937363017,-0.033860233253858674,0.9929738267387689
53.34253824026982,4.785851904262837,-0.03330526635403874,0.9930889852364422
53.17424523250067,4.786237034822262,-0.032920135794613614,0.9931689018164146
53.00739062650732,4.786605439923878,-0.03255173069299744,0.9932453477775179
52.83909761873818,4.786991857680431,-0.03216531293644476,0.9933255314575417
52.671523811856936,4.787368411837702,-0.03178875877917431,0.9934036683897767
52.671523811856936,4.787731669624416,-0.031425500992459554,0.9934790462564563
52.50395000497569,4.788182848058887,-0.03097432255798882,0.9935726681115852
52.336376198094456,4.788582560712388,-0.03057460990448746,0.9936556105513833
52.168802391213205,4.789007577436267,-0.03014959318060928,0.9937438037164599
52.00122858433196,4.789318084455297,-0.029839086161579154,0.9938082355264293
51.83365477745072,4.789648748229803,-0.02950842238707274,0.9938768499672536
51.66608097056948,4.79004545914255,-0.029111711474326007,0.9939591695303435
51.49850716368824,4.790395422032317,-0.028761748584559044,0.994031788637249
51.330214155919094,4.790624870998923,-0.028532299617952894,0.9940794004827403
51.330214155919094,4.791019008991024,-0.028138161625851588,0.9941611861515092
51.16264034903785,4.791510929756553,-0.027646240860322635,0.9942632622507342
50.9950665421566,4.791832158751886,-0.027325011864990145,0.9943299189261569
50.82749273527536,4.7920611788983845,-0.02709599171849142,0.9943774417892615
50.65991892839412,4.792387124914902,-0.02677004570197372,0.9944450772709397
50.49234512151288,4.79286274904273,-0.0262944215741463,0.9945437717336826
50.32405211374373,4.793422861783842,-0.025734308833033737,0.9946599980199983
50.15647830686249,4.793868036000001,-0.025289134616874875,0.9947523739688204
49.98890449998124,4.794251022458887,-0.02490614815798864,0.9948318456368584
49.821330693099995,4.794557669360144,-0.024599501256731493,0.9948954764524556
49.821330693099995,4.794864745081508,-0.024292425535367812,0.9949591962504393
49.65375688621876,4.7952520204782765,-0.023905150138599396,0.9950395578952368
49.486183079337515,4.795646586553681,-0.02351058406319506,0.9951214323935018
49.31860927245627,4.796001696758349,-0.023155473858526676,0.995195119594831
49.151035465575035,4.796421995724237,-0.022735174892638987,0.9952823338007611
48.983461658693784,4.796862022625495,-0.02229514799138066,0.9953736416551596
48.81588785181254,4.797268169054219,-0.021889001562656496,0.9954579191365418
48.6475948440434,4.797631427577738,-0.021525743039138234,0.9955332971561118
48.48002103716215,4.7980049785206464,-0.021152192096229427,0.9956108109058577
48.48002103716215,4.798373383622263,-0.02078378699461325,0.995687256866961
48.31244723028091,4.79864872223483,-0.020508448382045685,0.9957443910509728
48.14487342339967,4.798980673206463,-0.020176497410412608,0.9958132725918483
47.97658041563052,4.799372666361221,-0.01978450425565459,0.9958946131957921
47.80900660874927,4.79961026364668,-0.0195469069701959,0.9959439158595249
47.642152002755935,4.7998542947073615,-0.019302875909514405,0.9959945535648418
47.47385899498679,4.800203399956913,-0.018953770659963176,0.9960669947069735
47.30628518810555,4.800571805058529,-0.018585365558347,0.9961434406680768
47.13871138122431,4.800832132756913,-0.01832503785996309,0.9961974600098761
47.13871138122431,4.801032847092281,-0.01812432352459492,0.9962391092709941
46.97113757434307,4.801249858802155,-0.017907311814720828,0.9962841403214852
46.80356376746182,4.801460437473609,-0.01769673314326692,0.9963278364832825
46.635989960580574,4.801909471070737,-0.017247699546138584,0.9964210132735865
46.46769695281143,4.8024567177350095,-0.01670045288186639,0.9965345697825148
46.300123145930186,4.802987667024776,-0.01616950359210012,0.9966447445020702
46.13326853993685,4.80329045380826,-0.015866716808615955,0.996707574323295
45.964975532167706,4.803452140356194,-0.015705030260681596,0.9967411251169732
45.797401725286456,4.803610395606463,-0.015546775010412794,0.996773963898666
45.62982791840521,4.803854425930341,-0.015302744686534808,0.9968246014510923
45.62982791840521,4.804170937167685,-0.014986233449191033,0.9968902791673688
45.462254111523976,4.8045324804107725,-0.014624690206103352,0.9969653012573916
45.29468030464273,4.8048845874010775,-0.014272583215798385,0.9970383652762312
45.12710649776149,4.805167646249192,-0.01398952436768397,0.9970971014489878
44.958813489992345,4.805552348725314,-0.013604821891561869,0.9971769291994641
44.791239683111094,4.805962783355118,-0.013194387261758145,0.9972620965047153
44.62366587622985,4.80618408326607,-0.012973087350806267,0.997308017379075
44.456092069348614,4.8064426964208256,-0.012714474196050318,0.9973616809442173
44.28851826246737,4.806744625564094,-0.012412545052781887,0.9974243328006683
44.28851826246737,4.806882294501976,-0.012274876114900302,0.9974528998162289
44.12094445558613,4.807067569103053,-0.012089601513823212,0.9974913452527476
43.95265144781698,4.807266568157989,-0.011890602458886512,0.9975326385843182
43.78507764093574,4.807435116564452,-0.011722054052423658,0.9975676132490771
43.61750383405449,4.807722892433753,-0.011434278183123148,0.9976273282280894
43.44993002717325,4.808029110514902,-0.011128060101974313,0.9976908700612995
43.28235622029201,4.8083314684782765,-0.010825702138599347,0.9977536109001373
43.114782413410765,4.8086316823411135,-0.010525488275762385,0.9978159068270407
42.94720860652953,4.808958057177739,-0.010199113439137264,0.9978836312911057
42.94720860652953,4.8092728523978465,-0.009884318219029353,0.9979489529249439
42.779634799648285,4.809604374549372,-0.0095527960675037,0.9980177454834326
42.612060992767034,4.809851407350808,-0.00930576326606758,0.9980690060654577
42.44448718588579,4.810070563161221,-0.009086607455654594,0.998114482027883
42.27619417811665,4.810185930506283,-0.008971240110592582,0.9981384213477635
42.10933957212331,4.810302585048474,-0.008854585568402129,0.9981626277676956
41.94104656435417,4.810688573984919,-0.00846859663195687,0.9982427224653325
41.77347275747292,4.811043254632675,-0.008113915984201192,0.998316320531384
41.60589895059167,4.811223383392459,-0.007933787224416733,0.9983536981792605
41.43760594282253,4.811391931798924,-0.007765238817952103,0.9983886728440197
41.43760594282253,4.811676705927469,-0.007480464689407107,0.9984477649463237
41.27075133682919,4.811956762298025,-0.007200408318850826,0.9985058780894815
41.10245832906004,4.812139034421544,-0.00701813619533187,0.9985437004964016
40.934884522178805,4.812319592001437,-0.006837578615439099,0.998581167126665
40.76731071529756,4.81249457344632,-0.006662597170556062,0.9986174766801177
40.59973690841631,4.81262237878492,-0.006534791831955822,0.9986439969478896
40.42712869531975,4.812830383798924,-0.006326786817951735,0.9986871590624753
40.25811648666271,4.813075271763016,-0.006081898853859791,0.9987379745796751
40.09198108155727,4.81329056819246,-0.0058666024244162784,0.9987826497006186
40.09198108155727,4.813415371053501,-0.005741799563375061,0.9988085469387917
39.92440727467603,4.813622947247397,-0.005534223369479285,0.9988516200709904
39.75683346779478,4.81387512662693,-0.005282043989946139,0.9989039485945486
39.584225254698225,4.814050537628726,-0.0051066329881495065,0.9989403472832791
39.415932246929074,4.814147463498744,-0.005009707118132312,0.9989604599018523
39.24907764093574,4.814335311020467,-0.004821859596408906,0.9989994392326923
39.0815038340545,4.8145844886592455,-0.004572681957630387,0.9990511448795423
38.91393002717326,4.814854680693717,-0.004302489923158959,0.9991072111220212
38.7456370194041,4.815071692403591,-0.0040854782132848655,0.9991522421725121
38.7456370194041,4.815241956090486,-0.003915214526389654,0.9991875727668188
38.577344011634956,4.815573478242011,-0.0035836923748648886,0.9992563653253073
38.41048940564162,4.8158526769723515,-0.0033044936445243422,0.9993143005036913
38.242915598760376,4.816025513579893,-0.0031316570369828156,0.9993501649923192
38.07462259099123,4.816105713992102,-0.003051456624773685,0.9993668069920236
37.90704878410999,4.8161790518089775,-0.0029781188078983334,0.9993820249677565
37.740194178116646,4.816247671867863,-0.0029094987490125845,0.9993962639843431
37.5726203712354,4.816408500775584,-0.002748669841292184,0.9994296368132479
37.40504656435416,4.816700565582765,-0.00245660503411127,0.9994902417690193
37.40504656435416,4.816996919327829,-0.002160251289047288,0.9995517367015505
37.236753556585015,4.817082694401437,-0.0020744762154389917,0.999569535472284
37.06846054881587,4.817125582306644,-0.002031588310232202,0.9995784349340961
36.901605942822535,4.817245238589587,-0.0019119320272888984,0.999603264230736
36.734032135941284,4.817398347998564,-0.0017588226183118394,0.9996350352237865
36.56645832906004,4.817543308351886,-0.0016138622649899403,0.9996651152457052
36.3981653212909,4.817736731271814,-0.0014204393450620856,0.9997052515004651
36.23131071529756,4.817993628409336,-0.0011635422075402246,0.9997585589831693
36.06301770752842,4.818165179293358,-0.0009919913235174604,0.9997941566775274
36.06301770752842,4.818231225694794,-0.0009259449220815341,0.9998078616469023
35.89544390064717,4.818289553334291,-0.0008676172825845541,0.9998199649333135
35.72787009376593,4.818371039470018,-0.0007861311468575494,0.9998368737272877
35.56029628688468,4.818492840590307,-0.000664330026569182,0.999862148088753
35.39272248000344,4.81870084560431,-0.00045632501256598346,0.9999053102033384
35.22011426690688,4.818888693862837,-0.0002684767540390709,0.9999442896870689
35.05254046002564,4.819006206045243,-0.00015096457163288335,0.9999686740717748
34.884247452256496,4.819037084777021,-0.00012008583985512189,0.9999750815680827
34.71739284626315,4.818964175780251,-0.00019299483662482686,0.9999599525747362
34.549099838494,4.8189976281694795,-0.0001595424473963547,0.999966894118256
34.549099838494,4.8192438033307,8.663271382403082e-05,1.0000179767355073
34.382245232500665,4.819507991146859,0.0003508205299826983,1.0000727970716792
34.21395222473152,4.819718140998205,0.0005609703813291844,1.0001164042510897
34.04637841785028,4.819863101351527,0.0007059307346510835,1.0001464842730083
33.87880461096904,4.820022643798922,0.00086547318204655,1.0001795901547523
33.71123080408779,4.820153450878277,0.0009962802614014166,1.0002067332992324
33.54365699720655,4.820189476188151,0.001032305571275316,1.0002142087370733
33.3753639894374,4.820295837574148,0.0011386669572717167,1.000236279273939
33.20779018255616,4.82027353598133,0.0011163653644539195,1.0002316515782594
33.20779018255616,4.820262385184919,0.0011052145680432446,1.0002293377304192
33.040216375674916,4.820325859402515,0.0011686887856390271,1.000242508958364
32.87264256879368,4.820482399372351,0.0013252287554754716,1.000274991810509
32.705068761912436,4.820599911554758,0.0014427409378825473,1.000299376195215
32.537494955031185,4.820709703501616,0.0015525328847401099,1.0003221585911757
32.36920194726204,4.820885114503412,0.0017279438865358543,1.000358557279906
32.19731293505339,4.821027072379174,0.001869901762297843,1.0003880142722257
32.02901992728424,4.821141582084022,0.0019844114671458968,1.0004117756273327
31.862165321290902,4.821293405032676,0.002136234415799798,1.0004432796732228
31.862165321290902,4.821413061315621,0.002255890698744878,1.0004681089698628
31.693872313521748,4.821307128749731,0.002149958132855012,1.0004461274153837
31.52701770752841,4.821307128749731,0.002149958132855012,1.0004461274153837
31.358724699759268,4.821341867599282,0.002184696982405754,1.000453335906064
31.191870093765928,4.821440938306643,0.0022837676897671244,1.0004738935894624
31.023577085996784,4.821535291256015,0.002378120639138892,1.0004934723137147
30.85600327911554,4.821716276919211,0.0025591063023346905,1.0005310277734742
30.68842947223429,4.821874960989587,0.0027177903727109154,1.0005639555375536
30.520136464465146,4.821880107567685,0.0027229369508088297,1.000565023479087
30.520136464465146,4.8218633813730705,0.0027062107561945936,1.000561552707327
30.35328185847181,4.821883967685458,0.00272679706858181,1.0005658244734592
30.184988850702663,4.821910987036266,0.0027538164193900982,1.0005714311282854
30.017415043821423,4.822049084794256,0.002891914177379995,1.0006000871262328
29.84984123694018,4.822197047625135,0.0030398770082591398,1.00063079017775
29.68226743005894,4.822234788952245,0.0030776183353689035,1.0006386216980292
29.513974422289785,4.822164881696231,0.0030077110793547135,1.000624115581391
29.34711981629645,4.822141722463195,0.0029845518463194054,1.0006193099209373
29.1788268085273,4.822157591017595,0.003000420400718795,1.0006226027279237
29.011972202533965,4.822138719985638,0.0029815493687621597,1.000618686891339
29.011972202533965,4.822227068716696,0.0030698980998202785,1.000637019709284
28.84367919476482,4.822315417447757,0.003158246830881062,1.0006553525272297
28.676824588771474,4.822342007978457,0.003184837361581039,1.0006608701996689
28.50349717478701,4.8224350737307,0.0032779031138243653,1.0006801818238695
28.336642568793675,4.822498547948295,0.0033413773314192596,1.000693353051814
28.16403435569712,4.822485252314543,0.0033280816976670735,1.0006905941391493
27.99574134792797,4.8224865395116705,0.0033293688947946265,1.0006908612392005
27.828886741934625,4.8225152741429085,0.0033581035260326075,1.0006968238235738
27.828886741934625,4.822451371105207,0.003294200488331178,1.0006835636132427
27.66059373416548,4.822588183139676,0.003431012522800536,1.00071195281692
27.493019927284237,4.822761878124237,0.0036047075073613044,1.0007479954232121
27.325446120402997,4.822714701281149,0.003557530664273223,1.0007382059846406
27.157872313521757,4.822549584172352,0.003392413555475926,1.0007039433318672
26.98957930575261,4.8224762463554764,0.0033190757386005743,1.0006887253561343
26.817690293543947,4.822219349217954,0.003062178601077825,1.0006354178734298
26.650116486662707,4.822194473967685,0.0030373033508093172,1.0006302561305385
26.482542679781467,4.822457804143626,0.003300633526750474,1.000684898501936
26.31424967201232,4.822700977564094,0.003543806947218009,1.0007353582424796
26.31424967201232,4.822742149452066,0.0035849788351898226,1.0007439016218538
26.147395066018984,4.822733143492999,0.0035759728761233234,1.0007420328388388
25.979102058249836,4.823477673194973,0.004320502578097241,1.0008965265968996
25.81152825136859,4.823851652957989,0.004694482341113471,1.0009741293290322
25.643954444487346,4.823470381779533,0.004313211162656927,1.0008950135905414
25.476380637606105,4.823028210040934,0.003871039424057976,1.0008032606713182
25.308806830724862,4.822824065144704,0.0036668945278277576,1.0007608995511053
25.141233023843622,4.822779890779175,0.003622720162298698,1.0007517331421325
24.97365921696238,4.822764879864992,0.003607709248115931,1.0007486182999203
24.97365921696238,4.822779890779175,0.003622720162298698,1.0007517331421325
24.805366209193227,4.822779033138959,0.0036218625220829637,1.000751555177359
24.637792402311984,4.822783322076841,0.0036261514599651434,1.0007524451541183
24.470218595430744,4.822876387829085,0.003719217212209358,1.0007717567783192
24.297610382334184,4.823008482105566,0.0038513114886900013,1.0007991670228504
24.130036575452944,4.822936001928905,0.003778831312029496,1.0007841270118911
23.962462768571694,4.822808196590306,0.0036510259734301442,1.0007576067441193
23.794888961690454,4.8227447231095155,0.003587552492639645,1.0007444356690653
23.62731515480921,4.822718561398924,0.0035613907820479795,1.0007390069790134
23.62731515480921,4.822790612755476,0.0036334421386001736,1.0007539580075857
23.45974134792797,4.82293685956912,0.003779688952244342,1.0007843049766647
23.287133134831414,4.823086966500538,0.003929795883662379,1.0008154529401163
23.118840127062267,4.823172741574147,0.004015570957271564,1.00083325171085
22.95198552106892,4.823089968241292,0.003932797624416118,1.0008160758168243
22.783692513299776,4.822911126678636,0.0037539560617600998,1.0007789652689993
22.616837907306437,4.8227550162657105,0.0035978456488345856,1.0007465715521318
22.448544899537293,4.82270440886176,0.003547238244884454,1.0007360702544654
22.280971092656053,4.822824922784919,0.003667752168043492,1.000761077515879
22.280971092656053,4.822903836,0.0037466653831241814,1.000777452415532
22.11339728577481,4.822961305262477,0.0038041346456010317,1.0007893775842787
21.94582347889356,4.822980176294435,0.0038230056775594434,1.0007932934208639
21.777530471124415,4.822980176294435,0.0038230056775594434,1.0007932934208639
21.61067586513108,4.8229372883892285,0.0037801177723526536,1.0007843939590517
21.443102058249835,4.822827925262478,0.003670754645602514,1.0007617005454779
21.275528251368595,4.82272370797702,0.0035665373601441175,1.0007400749205462
21.107235243599447,4.8226778183310595,0.003520647714183589,1.000730552582026
20.939661436718197,4.822756731546141,0.0035995609292651665,1.0007469274816791
20.939661436718197,4.822767024702334,0.0036098540854583305,1.0007490633647451
20.772087629836957,4.822669669275404,0.003512498658528429,1.0007288616108942
20.604513822955717,4.822605338154399,0.0034481675375230836,1.0007155125710667
20.43622081518657,4.822531571517415,0.0033744009005394204,1.000700205612947
20.26864700830533,4.822511842845243,0.0033546722283670505,1.0006961118115882
20.101073201424086,4.822611771192819,0.0034546005759432674,1.0007168474597605
19.93421859543074,4.8226778183310595,0.003520647714183589,1.000730552582026
19.765925587661595,4.822613057653142,0.003455887036266425,1.0007171144069211
19.598351780780355,4.822547868155118,0.003390697538241838,1.0007035872494292
19.43077797389911,4.822484823494435,0.003327652877558762,1.0006905051567623
19.43077797389911,4.822360878273609,0.003203707656733279,1.0006647858833628
19.26320416701787,4.822225353436266,0.0030681828193896976,1.0006366637797366
19.095630360136628,4.822197047625135,0.0030398770082591398,1.00063079017775
18.92805655325538,4.82225751936517,0.003100348748294124,1.0006433383760955
18.759763545486233,4.822252801607182,0.0030956309903062973,1.0006423594169496
18.592908939492897,4.822270814262119,0.003113643645242803,1.00064609713587
18.42461593172375,4.822236933052783,0.0030797624359069076,1.0006390666099634
18.25704212484251,4.8220628092481155,0.0029056386312396043,1.0006029350212846
18.08946831796127,4.8219229954728915,0.0027658248560156196,1.0005739229408992
18.08946831796127,4.82191484715404,0.0027576765371639667,1.0005722321226578
17.921175310192123,4.821917848894794,0.0027606782779177053,1.0005728549993658
17.754320704198776,4.821996762109874,0.0028395914929983945,1.0005892298990189
17.586746897317536,4.821997190929982,0.0028400203131058177,1.0005893188814057
17.41845388954839,4.821994189189229,0.0028370185723529673,1.000588696004698
17.25088008266715,4.821979178275045,0.002822007658169312,1.0005855811624853
17.083306275785908,4.821925568393537,0.002768397776661047,1.0005744568352202
16.915732468904665,4.821793903673968,0.002636733057092222,1.0005471357259665
16.748158662023414,4.821705126122802,0.002547955505925792,1.0005287139256342
16.748158662023414,4.8215949046190305,0.0024377340021546345,1.0005058423943958
16.580584855142174,4.821576463143987,0.0024192925271107057,1.0005020156930888
16.41301104826093,4.8216793932323165,0.0025222226154406613,1.0005233742179689
16.24543724137969,4.821641223821904,0.0024840532050278696,1.0005154538681937
16.07786343449845,4.821586327480072,0.0024291568631964466,1.000504062593768
15.909570426729305,4.821627499368043,0.002470328751167372,1.0005126059731417
15.741996619848063,4.821639507804668,0.0024823371877920053,1.0005150977857553
15.574422812966821,4.8215434395748655,0.0023862689579896568,1.0004951631319559
15.40684900608558,4.821528428660682,0.0023712580438060016,1.0004920482897433
15.239275199204338,4.821552875090844,0.0023957044739679745,1.0004971210502482
15.239275199204338,4.821548157332855,0.0023909867159792597,1.000496142091102
15.070982191435176,4.821585469839857,0.002428299222980712,1.0005038846289942
14.903408384553934,4.821597478276482,0.0024403076596062334,1.000506376441608
14.735834577672692,4.821612917273969,0.0024557466570929165,1.0005095801133166
14.563945565464048,4.821564454707361,0.0024072840904851844,1.000499523880475
14.396371758582807,4.821567027628007,0.0024098570111315,1.0005000577747962
14.228078750813644,4.821509129545422,0.0023519589285463383,1.0004880436236623
14.060504943932402,4.821347871817594,0.0021907012007185145,1.0004545818123707
13.89293113705116,4.821152304060324,0.0019951334434482604,1.000414000492786
13.89293113705116,4.821030502940036,0.001873332323159893,1.0003887261313207
13.725357330169919,4.820924571110952,0.001767400494076199,1.0003667447297324
13.557064322400775,4.820837080020109,0.0016799094032329265,1.000348589876561
13.390209716407437,4.820853377394614,0.001696206777737963,1.0003519716659337
13.221916708638291,4.820884256126392,0.0017270855095157245,1.0003583791622415
13.05434290175705,4.820853377394614,0.001696206777737963,1.0003519716659337
12.887488295763712,4.820691262026571,0.001534091409695293,1.0003183318898683
12.719195287994568,4.8205415839152606,0.001384413298384679,1.0002872729088035
12.551621481113326,4.820505987425494,0.0013488168086182029,1.0002798864533495
12.551621481113326,4.820585329460683,0.0014281588438072035,1.0002963503353894
12.384047674232084,4.8205660303454225,0.001408859728546652,1.0002923456693085
12.216473867350825,4.820441655567685,0.0012844849508093503,1.0002665372606316
12.048900060469583,4.82044508686535,0.0012879162484740192,1.000267249272617
11.879887851812535,4.820530004298743,0.0013728336818674691,1.0002848700785767
11.713033245819197,4.820625214888331,0.0014680442714549713,1.0003046267676028
11.545459438937955,4.820623499607899,0.0014663289910235022,1.0003042708380552
11.377885632056714,4.820568603266068,0.0014114326491920792,1.0002928795636294
11.210311825175472,4.820531719579174,0.00137454896229805,1.000285226008124
11.210311825175472,4.820465243620826,0.0013080730039503052,1.0002714319034718
11.037703612078905,4.82045623766176,0.001299067044883806,1.000269563120457
10.870129805197665,4.820442084387792,0.0012849137709158853,1.0002666262430182
10.702555998316424,4.820409919195691,0.0012527485788149662,1.0002599517995499
10.534982191435182,4.820300555332136,0.0011433847152604315,1.0002372582330852
10.366689183666036,4.820143157722082,0.0009859871052064761,1.0002045974161662
10.199834577672698,4.820018354861042,0.0008611842441661466,1.0001787001779932
10.031541569903554,4.819905989256733,0.0007488186398569852,1.0001553837348205
9.863967763022313,4.820040227633752,0.0008830570168765206,1.000183238891286
9.697113157028975,4.820069391085099,0.000912220468222813,1.0001892904580463
9.697113157028975,4.819976324596051,0.0008191539791750913,1.0001699786809548
9.528820149259829,4.8199767534161575,0.0008195827992816263,1.0001700676633414
9.356211936163264,4.820062099669659,0.0009049290527833875,1.0001877774516883
9.188638129282023,4.8202482326477565,0.0010910620308806074,1.0002264010058715
9.02106432240078,4.820294979933932,0.0011378093170559822,1.0002361013091654
8.853490515519539,4.820135009403232,0.0009778387863557114,1.000202906597925
8.685916708638297,4.819962600878995,0.000805430262118989,1.0001671309387936
8.518342901757057,4.819800056690845,0.0006428860739688957,1.0001334021803416
8.350049893987912,4.8196971258657095,0.0005399552488336568,1.0001120435025705
8.350049893987912,4.819630649907362,0.000473479290485912,1.000098249397918
8.182476087106652,4.8196177838305205,0.00046061321364465613,1.0000955796205306
8.015621481113314,4.819648663299102,0.0004914926822259247,1.000101987269729
7.847328473344169,4.819559885747935,0.0004027151310594945,1.0000835654693967
7.6797546664629275,4.819415354214722,0.00025818359784590683,1.000053574429865
7.512180859581686,4.819413210114184,0.00025603949730790276,1.000053129517931
7.343887851812541,4.819206062740395,4.889212351955052e-05,1.0000101453681192
7.176314044931299,4.819220215277559,6.30446606830759e-05,1.0000130820926671
7.009459438937961,4.819443231205746,0.0002860605888699297,1.0000593590494649
7.009459438937961,4.8193964839195695,0.00023931330269366669,1.000049658746171
6.84188563205672,4.819280687017594,0.00012351640071806003,1.0000256302910124
6.6743118251754785,4.819309850468941,0.0001526798520652406,1.000031681857773
6.506018817406334,4.819345876515619,0.00018870589874353527,1.0000391574485046
6.338445010525092,4.819240801589946,8.363097307029221e-05,1.0000173538587993
6.1708712036438325,4.819143017342909,-1.4153273967032476e-05,0.9999970631225615
6.0032973967625916,4.819207349200719,5.0178583842708235e-05,1.0000104123152798
5.830689183666044,4.819216783979893,5.961336301751885e-05,1.0000123700806816
5.658080970569477,4.81920692038061,4.974976373439688e-05,1.0000103233328927
5.658080970569477,4.81912543350808,-3.173710879611491e-05,0.999993414386028
5.486191958360815,4.81904909395045,-0.00010807666642609348,0.999977573533587
5.31789895059167,4.819071394806463,-8.577581041269156e-05,0.9999822010763758
5.150325143710429,4.8191777561924605,2.0585575584597393e-05,1.0000042716132418
4.982751336829187,4.819175183271814,1.801265493828197e-05,1.0000037377189206
4.8144583290600425,4.819146448640575,-1.0721976300587244e-05,0.9999977751345472
4.647603723066704,4.81901778566176,-0.0001393849551156734,0.9999710769020016
4.480029916185463,4.819006206045243,-0.00015096457163288335,0.9999686740717748
4.307421703088897,4.819093697136086,-6.34734807896109e-05,0.9999868289249463
4.307421703088897,4.819150737578457,-6.433038419295656e-06,0.9999986651113065
4.139847896207655,4.8190486651303415,-0.00010850548653440484,0.9999774845512
3.9715548884385106,4.818966749437703,-0.00019042117917322798,0.9999604866219483
3.8047002824451726,4.818950880883303,-0.0002062897335726177,0.999957193814962
3.637126475563931,4.8190040612079,-0.00015310940897617087,0.9999682290069497
3.468833467794786,4.819064104127828,-9.306648904772175e-05,0.9999806882229085
3.3012596609135447,4.819071824363376,-8.534625349998493e-05,0.9999822902116535
3.1336858540323034,4.819122431767325,-3.473884955074169e-05,0.9999927915093199
2.9661120471510616,4.819260958345423,0.00010378772854746643,1.0000215364896543
2.9661120471510616,4.819287548876122,0.00013037825924655522,1.0000270541620933
2.797819039381917,4.819072682003591,-8.448861328513857e-05,0.9999824681764271
2.6295260316127718,4.818967178257811,-0.00018999235906491663,0.9999605756043353
2.4619522247315304,4.819019929762298,-0.00013724085457766932,0.9999715218139358
2.295097618738174,4.819053810971634,-0.00010335964524177399,0.9999785523398423
2.127523811856933,4.818898129378816,-0.000259041238059865,0.9999462476053615
1.9599500049756913,4.818780617196411,-0.0003765534204651644,0.9999218632206559
1.7916569972065464,4.818835512801438,-0.00032165781543813665,0.9999332543421909
1.6248023912132084,4.818948736782765,-0.00020843383411062177,0.9999567489030278
1.6248023912132084,4.818949165602873,-0.0002080050140031986,0.9999568378854146
1.457228584331967,4.818953883360862,-0.00020328725601359565,0.9999578168445609
1.2896547774507254,4.818971467195691,-0.00018570342118451322,0.9999614655810944
1.1213617696815805,4.8189779002341115,-0.00017927038276432938,0.9999628004697881
0.9537879628003391,4.818909280175226,-0.00024789044165007823,0.9999485614532015
0.7854949550311942,4.818779329999282,-0.00037784061759360554,0.9999215961206044
0.6186403490378561,4.818899415839138,-0.0002577547777375955,0.9999465145525219
0.44603213594129026,4.819100987814722,-5.6182802153692535e-05,0.9999883417784138
0.2784583290600488,4.819134869024058,-2.23015928177972e-05,0.9999953723043205
0.2784583290600488,4.819034940676481,-0.00012222994039490231,0.999974636656148
0.11088452217880736,4.819051666871095,-0.00010550374578066624,0.9999781074279079
-0.056689284702434097,4.819157170616876,0.0,1.0
-0.22426309158367555,4.819233081354398,7.59107375225554e-05,1.0000157518700543
-0.3918368984649352,4.819359171412567,0.00020200079569132612,1.0000419162082788
-0.5594107053461767,4.819453953182046,0.00029678256517051693,1.0000615839149178
-0.7269845122274181,4.819467248078994,0.0003100774621183078,1.000064342674692
-0.895277519996563,4.8193244325630165,0.00016726194614058443,1.0000347077175986
-1.0628513268778046,4.8193051327109515,0.00014796209407563765,1.0000307028986266
-1.230425133759046,4.819278542180252,0.00012137156337654886,1.0000251852261879
-1.230425133759046,4.8191704655138246,1.3294896948679025e-05,1.0000027587597744
-1.3979989406402875,4.81913444020395,-2.2730412926108556e-05,0.9999952833219334
-1.5655727475215289,4.819225361855656,6.819123878010203e-05,1.0000141500342001
-1.7331465544027704,4.819296555571992,0.00013938495511656157,1.0000289230979986
-1.9007203612840118,4.819346305335727,0.00018913471885095845,1.0000392464308914
-2.068294168165253,4.819311136929264,0.0001539663123883983,1.0000319488049336
-2.2365871759343983,4.8191704655138246,1.3294896948679025e-05,1.0000027587597744
-2.4041609828156396,4.819104847195692,-5.23234211842194e-05,0.9999891426198956
-2.571734789696899,4.8191567417967685,-4.288201074231779e-07,0.9999999110176132
-2.571734789696899,4.819229650793537,7.248017666139361e-05,1.0000150400109595
-2.7400277974660443,4.8192678209407545,0.00011065032387858054,1.0000229605136253
-2.9068824034593823,4.819116856369121,-4.031424775519099e-05,0.9999916345853999
-3.075175411228527,4.818935441149013,-0.0002217294678628079,0.9999539899903629
-3.242030017221865,4.818814069585638,-0.0003431010312375804,0.9999288047641754
-3.409603824103107,4.818729580972352,-0.00042758964452360715,0.9999112729406024
-3.5778968318722515,4.818794769733573,-0.0003624008833025272,0.9999247999452037
-3.745470638753493,4.818974468936446,-0.00018270168042988644,0.9999620884578025
-3.9130444456347346,4.819090265838421,-6.690477845516796e-05,0.9999861169129608
-3.9130444456347346,4.819094125956195,-6.304466068129955e-05,0.9999869179073333
-4.081337453403879,4.819141302062478,-1.5868554397613366e-05,0.999996707193014
-4.248911260285121,4.819126719968402,-3.0450648473845376e-05,0.9999936813331884
-4.415765866278459,4.819201344982406,4.417436552994758e-05,1.0000091664089727
-4.583339673159719,4.819340729937523,0.00018355932064739733,1.0000380895069716
-4.751632680928863,4.819271680321724,0.00011450970484805367,1.000023761355107
-4.919206487810105,4.819218071177021,6.0900560145071836e-05,1.0000126371807327
-5.086780294691346,4.8191970560445245,3.988542764865599e-05,1.0000082764322136
-5.254354101572588,4.819208206840934,5.103622405844277e-05,1.0000105902800533
-5.4226471093417326,4.8193017021500895,0.0001445315332135877,1.0000299910395318
-5.4226471093417326,4.819395625542549,0.00023845492567353688,1.0000494806285065
-5.589501715335071,4.819372895129623,0.00021572451274742832,1.00004476395044
-5.757075522216312,4.819370751029085,0.00021358041220942425,1.0000443190385058
-5.925368529985457,4.819337727459964,0.00018055684308837527,1.0000374664773728
-6.092223135978795,4.819275969259606,0.00011879864273023344,1.0000246513318667
-6.26051614374794,4.819278542180252,0.00012137156337654886,1.0000251852261879
-6.4280899506291815,4.8193823306456025,0.0002251600287266342,1.0000467218687326
-6.595663757510423,4.819475397134649,0.0003182265177734678,1.0000660336458238
-6.763237564391683,4.81958304498097,0.00042587436409391444,1.0000883711298503
-6.763237564391683,4.819770893239498,0.0006137226226217152,1.000127350613581
-6.930811371272924,4.819924430731779,0.0007672601149026903,1.0001592104361279
-7.099104379042069,4.820049662412926,0.000892491796050443,1.0001851966566877
-7.265958985035407,4.819974180495513,0.0008170098786370872,1.0001695337690206
-7.434251992804552,4.819828362501974,0.0006711918850985654,1.0001392757823278
-7.601825799685793,4.819771322059605,0.0006141514427291384,1.0001274395959678
-7.7701188074549385,4.819696268225494,0.0005390976086179222,1.0001118655377967
-7.936973413448277,4.819641800703771,0.0004846300868948106,1.000100563245758
-8.104547220329518,4.819638798963017,0.00048162834614107197,1.00009994036905
-8.104547220329518,4.8197327230922795,0.0005755524754036401,1.000119430110915
-8.272121027210758,4.8198099210269305,0.0006527504100546366,1.0001354490810208
-8.440414034979904,4.819783759316338,0.0006265886994620828,1.0001300203909684
-8.607987841861146,4.819791049994973,0.000633879378097113,1.0001315332444358
-8.775561648742388,4.819817640525674,0.0006604699087979782,1.000137050916875
-8.943135455623647,4.819696268225494,0.0005390976086179222,1.0001118655377967
-9.110709262504889,4.819691550467505,0.0005343798506292075,1.0001108865786505
-9.278283069386129,4.819688548726751,0.0005313781098754689,1.0001102637019426
-9.44585687626737,4.819644374361221,0.00048720374434552127,1.0001010972929698
-9.613430683148612,4.819698841882944,0.0005416712660677447,1.0001123995850085
-9.613430683148612,4.819793623652425,0.0006364530355487119,1.0001320672916478
-9.781723690917758,4.819833509080072,0.0006763384631964797,1.0001403437238612
-9.949297497799,4.819901271498745,0.0007441008818691586,1.0001544047756745
-10.11687130468024,4.8199767534161575,0.0008195827992816263,1.0001700676633414
-10.284445111561482,4.82007110636553,0.0009139357486542821,1.000189646387594
-10.452018918442723,4.820144444182406,0.000987273565530522,1.0002048643633268
-10.619592725323965,4.82013929760431,0.000982126987434384,1.000203796421794
-10.787166532205207,4.820204487102334,0.001047316485458083,1.0002173235792855
-10.960493946189676,4.8202255022348295,0.0010683316179536106,1.0002216843278047
-10.960493946189676,4.820278253739318,0.0011210831224417461,1.0002326305374054
-11.128067753070917,4.820344300877559,0.001187130260682956,1.0002463356596711
-11.294922359064255,4.820414207396769,0.0012570367798927506,1.0002608416234184
-11.462496165945497,4.820478968074687,0.0013217974578108027,1.0002742797985238
-11.630789173714641,4.820410348015799,0.0012531773989232775,1.0002600407819366
-11.797643779707998,4.820349447455656,0.001192276838779982,1.0002474036012043
-11.965936787477142,4.820374321969122,0.001217151352245871,1.0002525651912055
-12.133510594358384,4.820549732970917,0.0013925623540407273,1.0002889638799355
-12.301084401239626,4.820614492912029,0.0014573222951534959,1.0003024019021498
-12.301084401239626,4.820632505566966,0.0014753349500900015,1.0003061396210702
-12.468658208120868,4.820637652145064,0.0014804815281879158,1.0003072075626034
-12.636232015002108,4.820707988221185,0.001550817604309529,1.0003218026616283
-12.804525022771253,4.820777894740395,0.0016207241235193237,1.0003363086253756
-12.972098829652495,4.82087825190808,0.001721081291203852,1.0003571332559347
-13.139672636533737,4.821039938456015,0.001882767839139099,1.0003906840496133
-13.307246443414979,4.820951160904848,0.0017939902879717806,1.0003722622492808
-13.474820250296219,4.82074015415009,0.0015829835332139552,1.0003284772579872
-13.643113258065364,4.820614064091921,0.0014568934750451845,1.0003023129197628
-13.643113258065364,4.820564743148295,0.001407572531419099,1.000292078569257
-13.810687064946606,4.820551448251346,0.00139427763447042,1.0002893198094829
-13.977541670939962,4.820584900640575,0.0014277300236988921,1.0002962613530026
-14.145115477821204,4.820727287336446,0.0015701167195700805,1.0003258073277093
-14.31772369091775,4.820811775949731,0.001654605332855219,1.0003433391512822
-14.490331904014317,4.820798052232675,0.0016408816157991168,1.000340491409121
-14.658624911783463,4.820824642763376,0.001667472146499982,1.0003460090815604
-14.826198718664703,4.820796336952245,0.0016391663353694241,1.0003401354795738
-14.99305332465804,4.820852519754399,0.0016953491375231167,1.0003517937011601
-14.99305332465804,4.820863670550809,0.0017064999339329034,1.000354107549
-15.145523912893346,4.820824213943268,0.0016670433263925588,1.0003459200991736
