Angle (degree),rho (mOhm cm),Delta rho (mOhm cm),rho/rho(theta=0)
98.13939146437839,3.542925682440645,-0.5523870429345794,0.8651172498959849
98.13939146437839,3.5429554818034745,-0.5523572435717501,0.8651245263519792
98.13939146437839,3.5429293804554747,-0.5523833449197499,0.8651181528831503
98.13939146437839,3.5428884877955307,-0.5524242375796939,0.8651081676481546
98.13939146437839,3.5428732615109473,-0.5524394638642773,0.8651044496696741
98.13939146437839,3.5430085559395104,-0.5523041694357143,0.8651374860792564
97.95330760160839,3.543072722625284,-0.5522400027499406,0.8651531544030394
97.76063669944828,3.5429783208566628,-0.5523344045185619,0.8651301032284524
97.56878917721193,3.5424593304840113,-0.5528533948912133,0.8650033753306203
97.56878917721193,3.540573693440138,-0.5547390319350867,0.8645429374665741
97.3769416549756,3.5358758058034825,-0.5594369195717421,0.8633957997626458
97.18509413273925,3.5280963836348422,-0.5672163417403824,0.8614962080366128
96.99324661050291,3.51806328898809,-0.5772494363871346,0.8590463109665831
96.80139908826658,3.506433634733988,-0.5888790906412367,0.8562065634225083
96.60872818610648,3.493827338350809,-0.6014853870244155,0.8531283378440152
96.41688066387013,3.48059546909764,-0.6147172562775847,0.8498973588833164
96.22420976171003,3.466929874572838,-0.6283828508023865,0.8465604721932897
96.02742195993112,3.4522554462065993,-0.6430572791686253,0.8429772468451218
96.02742195993112,3.4372551807313654,-0.6580575446438592,0.8393144580714368
95.83557443769477,3.4213887696307905,-0.6739239557444341,0.8354401724760379
95.64372691545844,3.4048606791940927,-0.6904520461811319,0.8314043169638845
95.4518793932221,3.388494636992921,-0.7068180883823034,0.8274080306486136
95.26003187098577,3.3715265134339107,-0.7237862119413139,0.8232647271460818
95.06818434874943,3.354684765869559,-0.7406279595056655,0.8191522823357019
94.87551344658932,3.337562424329947,-0.7577503010452777,0.8149713216404371
94.68366592435298,3.3205966931204656,-0.774716032254759,0.8108286023056329
94.49181840211665,3.3040261868722034,-0.7912865385030212,0.8067823896328891
94.49181840211665,3.2879213801216123,-0.8073913452536123,0.8028498922070385
94.2999708798803,3.2722787923401837,-0.8230339330350409,0.7990302601470729
94.10812335764395,3.256781504852827,-0.8385312205223978,0.7952461077449051
93.9162758354076,3.241780368684935,-0.8535323566902897,0.7915831063640967
93.72360493324751,3.227462012510539,-0.8678507128646857,0.7880868272922501
93.53258079093493,3.214011322870978,-0.8813014025042465,0.7848024164202261
93.3407332686986,3.202476287871817,-0.8928364375034077,0.7819857731568952
93.14888574646226,3.191929640757809,-0.9033830846174156,0.7794104760254554
92.95621484430215,3.1822778497056174,-0.9130348756696072,0.7770536862759481
92.76436732206581,3.1729888736685883,-0.9223238517066363,0.774785489276126
92.76436732206581,3.164849899526974,-0.9304628258482506,0.7727981015752591
92.57251979982948,3.157233395539143,-0.9380793298360817,0.7709382914707369
92.38067227759312,3.150427788177411,-0.9448849371978136,0.7692764873990813
92.18882475535679,3.1443969687335143,-0.9509157566417104,0.7678038722782558
91.99697723312045,3.139254914987075,-0.9560578103881494,0.7665482773844694
91.80512971088412,3.1347430028181136,-0.960569722557111,0.7654465514671774
91.61328218864777,3.1314648352413395,-0.9638478901338852,0.7646460832742451
91.42061128648767,3.1296516301108057,-0.9656610952644189,0.7642033319504453
91.22876376425133,3.1297077490553322,-0.9656049763198924,0.7642170351639213
91.22876376425133,3.1315422700874334,-0.9637704552877913,0.7646649914385995
91.03691624201498,3.1348202209252625,-0.9604925044499621,0.7654654067078701
90.84506871977864,3.139361062511771,-0.9559516628634537,0.7665741966565285
90.65322119754231,3.1452096045028015,-0.9501031208724231,0.7680023029778826
90.46137367530596,3.1522092358208504,-0.9431034895543742,0.7697114841289772
90.26952615306963,3.1602936134221844,-0.9350191119530402,0.7716855403594677
90.07767863083328,3.1695086343942527,-0.9258040909809719,0.7739356788934484
89.88500772867317,3.1795567378392677,-0.9157559875359569,0.7763892408358015
89.69316020643684,3.190983015477882,-0.9043297098973424,0.7791793275531882
89.69316020643684,3.2033992034058962,-0.8919135219693284,0.7822111321455656
89.5013126842005,3.217031083066718,-0.8782816423085067,0.7855397862862754
89.30946516196416,3.2317635877543713,-0.8635491376208533,0.7891371928033329
89.1118539802615,3.2469928969678263,-0.8483198284073983,0.7928559098427159
88.92000645802514,3.262857567430458,-0.8324551579447665,0.7967297704063626
88.72815893578881,3.279533786230775,-0.8157789391444497,0.8008017961388515
88.53548803362871,3.2963905418460144,-0.7989221835292102,0.8049179056390594
88.34446389131614,3.3134963521831176,-0.7818163731921071,0.8090948297189015
88.15179298915604,3.3299433105062675,-0.7653694148689572,0.8131108742620304
88.15179298915604,3.346629969397359,-0.7486827559778657,0.8171854492725537
87.95994546691969,3.3634208184362584,-0.7318919069389662,0.8212854655997222
87.76809794468335,3.3795567302149805,-0.7157559951602441,0.8252255583010051
87.576250422447,3.395809664581815,-0.6995030607934094,0.8291942257646957
87.37863924074433,3.4118861943738215,-0.6834265310014032,0.833119818477651
87.186791718508,3.428722069060136,-0.6665906563150887,0.8372308292392948
86.99494419627166,3.4457998199249746,-0.64951290545025,0.8414009017123986
86.80309667403532,3.4626722375448162,-0.6326404878304084,0.8455208355858969
86.61124915179897,3.478092306925023,-0.6172204184502017,0.8492861327473715
86.61124915179897,3.4933568534067043,-0.6019558719685203,0.8530134540791712
86.41857824963887,3.507515553695103,-0.5877971716801218,0.8564707481218626
86.22673072740254,3.521297736582751,-0.5740149887924737,0.8598361035444783
86.0348832051662,3.534334059475358,-0.5609786658998668,0.8630193336826388
85.84303568292985,3.547236611091024,-0.5480761142842008,0.8661698993368121
85.64624788115094,3.5594135334237373,-0.5358991919514873,0.8691432796741092
85.4544003589146,3.5713853385030228,-0.5239273868722019,0.8720665741529671
85.26172945675451,3.582766807980545,-0.5125459173946796,0.874845719542036
85.06988193451816,3.5934748516184922,-0.5018378737567324,0.8774604267343826
85.06988193451816,3.603950806709727,-0.49136191866549783,0.8800184621748324
84.87721103235806,3.6137748693492755,-0.4815378560259491,0.8824173174755954
84.68536351012172,3.6235545588003717,-0.4717581665748529,0.8848053376603544
84.49351598788539,3.632974913764813,-0.46233781161041154,0.887105614976436
84.29672818610648,3.6419199983387167,-0.4533927270365079,0.8892898400097231
84.10488066387013,3.6505472942922457,-0.44476543108297895,0.8913964669102948
83.91303314163379,3.6588163424433495,-0.4364963829318751,0.8934156162904795
83.72036223947369,3.6670684244193024,-0.42824430095592225,0.8954306228429271
83.52851471723736,3.6752326307110104,-0.42008009466421425,0.8974241717704903
83.52851471723736,3.6835134246181895,-0.4117993007570351,0.8994461892481471
83.336667195001,3.6915658279934855,-0.4037468973817391,0.9014124379610725
83.14481967276467,3.699600830220989,-0.39571189515423555,0.9033744376339466
82.95297215052832,3.707393085577307,-0.38791963979791744,0.9052771629882367
82.761124628292,3.7148747301092166,-0.38043799526600797,0.9071040428954907
82.56845372613189,3.72204532734932,-0.3732673980259045,0.9088549707784026
82.3774295838193,3.7289910145860508,-0.36632171078917386,0.9105509797775918
82.18558206158296,3.7359301772331555,-0.35938254814206916,0.9122453955920689
81.99373453934662,3.7426292020975516,-0.35268352327767305,0.9138811741793518
81.80106363718653,3.7488866721827643,-0.34642605319246034,0.9154091332156521
81.80106363718653,3.7549566443960374,-0.34035608097918724,0.9168913087222166
81.60345245548386,3.7608234574801442,-0.3344892678950804,0.9183238765082504
81.41242831317128,3.766172585109525,-0.3291401402656997,0.9196300350333947
81.21975741101117,3.771271135612794,-0.3240415897624307,0.920875007235805
81.02790988877483,3.7762617987008027,-0.3190509266744219,0.9220936353169001
80.8360623665385,3.7811023760483047,-0.31421034932691994,0.9232756152222463
80.64421484430216,3.785686286652716,-0.3096264387225087,0.9243949218324615
80.45236732206581,3.7900257097480003,-0.30528701562722427,0.925454529092341
80.26051979982948,3.7943764436267178,-0.30093628174850684,0.9265168982373784
80.26051979982948,3.798527498904779,-0.2967852264704458,0.9275305095428937
80.06867227759312,3.8025041069848995,-0.2928086183903251,0.9285015240530875
79.8768247553568,3.806486806176755,-0.28882591919846945,0.9294740259006701
79.68415385319669,3.810387718553972,-0.28492500682125277,0.9304265569132704
79.49230633096035,3.8142947220429244,-0.2810180033323002,0.9313805752632597
79.30045880872402,3.818109064401198,-0.2772036609740267,0.9323119674704138
79.10861128648767,3.821599744513684,-0.2737129808615406,0.9331643273136212
78.91676376425133,3.8250486612735695,-0.27026406410165515,0.9340064893147098
78.72491624201498,3.828420578160001,-0.2668921472152235,0.9348298493637577
78.72491624201498,3.8316837376858874,-0.2636289876893372,0.9356266528668619
78.53224533985488,3.8348598907254376,-0.26045283464978697,0.936402210987215
78.34039781761854,3.838100428684456,-0.25721229669076884,0.937193490720003
78.14855029538221,3.8412583106309315,-0.25405441474429313,0.9379645873756769
77.95670277314586,3.844226954814899,-0.25108577056032555,0.938689475652358
77.76485525090953,3.847358734665996,-0.24795399070922874,0.9394541986567069
77.57300772867318,3.8502173165714932,-0.24509540880373137,0.9401522117505019
77.38033682651307,3.853003682555221,-0.24230904282000365,0.9408325910452168
77.1893126842005,3.8558239816366235,-0.23948874373860107,0.9415212561779007
76.9966417820404,3.8584667879642205,-0.23684593741100413,0.9421665808465692
76.9966417820404,3.860966905328346,-0.23434582004687865,0.9427770634963153
76.80479425980405,3.863526620670757,-0.2317861047044678,0.9434020988755552
76.61294673756773,3.866069370585391,-0.22924335478983382,0.9440229916095528
76.42109921533137,3.8683524074536924,-0.22696031792153226,0.9445804671972303
76.22925169309504,3.870544088109239,-0.22476863726598584,0.9451156352790148
76.0374041708587,3.8727662205865783,-0.22254650478864635,0.945658239135265
75.84473326869859,3.8748487089089396,-0.220464016466285,0.9461667444587921
75.65370912638602,3.8769612140804495,-0.21835151129477515,0.9466825793444702
75.46103822422592,3.87909677579147,-0.21621594958375479,0.9472040442127788
75.46103822422592,3.881188400034056,-0.21412432534116865,0.9477147803598931
75.26919070198957,3.883353978594226,-0.21195874678099846,0.948243574790353
75.07734317975323,3.8854308115248695,-0.20988191385035515,0.9487506991713007
74.88549565751688,3.8873771347260067,-0.20793559064921796,0.9492259554781213
74.69364813528055,3.8892703852858594,-0.20604234008936517,0.9496882524226554
74.50180061304421,3.8911423184493947,-0.20417040692582988,0.9501453440513207
74.30912971088411,3.892910280446194,-0.2024024449290307,0.9505770478344884
74.11810556857152,3.8946195129152392,-0.2006932124599854,0.9509944109477996
73.92049438686885,3.8962756719956255,-0.1990370533795991,0.9513988145163291
73.92049438686885,3.8980806104038415,-0.19723211497138315,0.9518395472586744
73.72864686463252,3.899845961817415,-0.19546676355780956,0.9522706135854618
73.53103568292985,3.901602613030779,-0.19371011234444557,0.9526995554834711
73.33918816069352,3.9032853084318084,-0.19202741694341618,0.953110438733144
73.14651725853342,3.904732652991312,-0.19058007238391284,0.953463853638564
72.95549311622084,3.9061469351457965,-0.18916579022942814,0.9538091953131378
72.76282221406073,3.9076260364450173,-0.18768668893020735,0.9541703646299659
72.57097469182439,3.9092982917552708,-0.18601443361995385,0.9545786986016042
72.37912716958805,3.910890500888829,-0.18442222448639578,0.9549674867700125
72.37912716958805,3.9122943422051635,-0.18301838317006114,0.9553102789840567
72.18645626742796,3.913692528877157,-0.1816201964980677,0.9556516904380172
71.99543212511536,3.9150950652755663,-0.18021766009965834,0.9559941640151189
71.80358460287903,3.9165602459555036,-0.17875247941972106,0.9563519341729042
71.61091370071892,3.918114172264969,-0.17719855311025556,0.956731374380202
71.41906617848258,3.919567172216189,-0.1757455531590355,0.9570861702282007
71.22721865624625,3.9210266975044097,-0.17428602787081493,0.9574425594434071
71.0353711340099,3.9223000298386146,-0.17301269553661003,0.9577534837658196
70.84352361177356,3.9236529733768726,-0.17165975199835204,0.9580838476791479
70.84352361177356,3.9252464874283564,-0.17006623794686826,0.9584729544844988
70.65085270961347,3.9268252109152724,-0.16848751445995225,0.9588584497061784
70.45982856730087,3.9282434085709075,-0.16706931680431714,0.9592047474740748
70.26715766514079,3.9296324593226757,-0.16568026605254893,0.959543928104448
70.0761335228282,3.9310924195835373,-0.16422030579168734,0.9599004235319682
69.8834626206681,3.932574566438625,-0.1627381589365995,0.9602623365174905
69.6866748188892,3.9340654134939212,-0.16124731188130337,0.9606263739317906
69.49482729665284,3.9355349446476504,-0.1597777807275742,0.9609852063952125
69.30215639449275,3.9369357411554935,-0.15837698421973112,0.9613272551230577
69.30215639449275,3.9382517067875833,-0.15706101858764132,0.9616485897122177
69.11030887225641,3.939569847282882,-0.15574287809234244,0.9619704553629485
68.91846135002007,3.9408484000361614,-0.15446432533906318,0.9622826544156257
68.72661382778372,3.942022110182671,-0.1532906151925535,0.9625692528331866
68.53476630554738,3.9431022900005943,-0.1522104353746303,0.9628330128657795
68.34209540338728,3.9441280900171822,-0.15118463535804239,0.9630834943516577
68.1510712610747,3.9453178971409346,-0.14999482823429,0.9633740233548228
67.9584003589146,3.9465251046651035,-0.14878762071012108,0.9636688012155437
67.76737621660203,3.9475804873055753,-0.1477322380696493,0.9639265062337544
67.57470531444193,3.9485510390702943,-0.14676168630493036,0.96416349711328
67.57470531444193,3.9494859185941458,-0.14582680678107884,0.964391777488075
67.38121103235807,3.9504934475176574,-0.1448192778575672,0.9646377975092736
67.18524661050292,3.9515940732918646,-0.14371865208336,0.9649065500681167
66.99339908826657,3.9528138972647673,-0.14249882811045733,0.9652044086334332
66.7957879065639,3.954124207505141,-0.1411885178700838,0.9655243622800143
66.60394038432756,3.9552526745179155,-0.1400600508573091,0.965799913156943
66.41209286209123,3.956284565646236,-0.1390281597289884,0.9660518819802094
66.22024533985488,3.9574952536989145,-0.1378174716763101,0.9663475097219388
66.02757443769478,3.9588351458157973,-0.1364775795594273,0.9666746867183573
66.02757443769478,3.9601637271492462,-0.13514899822597837,0.9669991018296178
65.83655029538221,3.9613639751111482,-0.13394875026407638,0.9672921802933123
65.64387939322211,3.962612510267902,-0.13270021510732244,0.967597049601343
65.45203187098576,3.9640093912745957,-0.1313033341006289,0.9679381422358659
65.26100772867319,3.965308825704177,-0.13000389967104775,0.968255440209603
65.06833682651308,3.9664799267622115,-0.1288327986130131,0.9685414015357743
64.87648930427675,3.9676871342863813,-0.1276255910888433,0.9688361793964954
64.6846417820404,3.9688995629769996,-0.12641316239822498,0.9691322321699761
64.49279425980406,3.9700784935425846,-0.12523423183264004,0.9694201053178019
64.49279425980406,3.971174768843001,-0.12413795653222381,0.9696877955710086
64.30094673756771,3.972188388878246,-0.12312433649697851,0.9699353029295955
64.10909921533137,3.9732067936125492,-0.12210593176267537,0.9701839786236379
63.91725169309503,3.9742856677651717,-0.12102705761005295,0.9704474198367931
63.72458079093494,3.9752727507324006,-0.12003997464282401,0.9706884473317418
63.52696960923227,3.9763490143017983,-0.11896371107342629,0.970951251088517
63.33512208699593,3.9775122843575335,-0.11780044101769116,0.9712353002280435
63.14327456475958,3.9786477124273247,-0.11666501294789988,0.9715125508669888
62.95142704252324,3.979835343940494,-0.11547738143473074,0.9718025486260881
62.95142704252324,3.9811069363841316,-0.11420578899109302,0.9721130480992439
62.759579520286906,3.982476411124898,-0.11283631425032681,0.9724474486279949
62.56773199805056,3.983707545133861,-0.11160518024136357,0.9727480688959748
62.375061095890466,3.984892566811179,-0.11042015856404541,0.9730374293811889
62.18403695357789,3.9860284298536124,-0.10928429552161223,0.9733147862324484
61.99218943134155,3.9871682083971964,-0.10814451697802818,0.9735930991770305
61.79951852918145,3.9883049413849134,-0.10700778399031119,0.9738706684529185
61.60767100694511,3.9895008388730235,-0.10581188650220108,0.9741626846109765
61.41582348470876,3.9907258825176264,-0.10458684285759823,0.9744618177240627
61.41582348470876,3.991908729331736,-0.10340399604348871,0.974750647147706
61.22397596247242,3.9931115863821134,-0.10220113899311123,0.9750443627027904
61.03212844023608,3.9943549018671676,-0.10095782350805704,0.9753479574630514
60.840280917999735,3.995525132232544,-0.09978759314268082,0.9756337061820992
60.64843339576339,3.9965757294265827,-0.09873699594864194,0.9758902426823595
60.456585873527054,3.997632417732355,-0.09768030764286983,0.976148266520008
60.26473835129072,3.9985925286589237,-0.09672019671630094,0.9763827079390038
60.072067449130614,3.999646605634096,-0.0956661197411286,0.9766400941377772
59.87939654697051,4.000731570151077,-0.094581155224148,0.9769050225058253
59.68837240465794,4.00172778903853,-0.09358493633669429,0.9771482808243612
59.68837240465794,4.002609594426346,-0.09270313094887861,0.9773636014718791
59.496524882421596,4.003488789978311,-0.09182393539691347,0.9775782848455119
59.30467736018526,4.004404092743787,-0.09090863263143767,0.9778017849361899
59.11282983794891,4.005299819498262,-0.09001290587696253,0.978020504925246
58.92098231571257,4.006184234721927,-0.0891284906532972,0.9782364628466484
58.72831141355247,4.007164357379514,-0.08814836799571069,0.9784757907620756
58.53646389131613,4.008153180237308,-0.0871595451379168,0.9787172431062805
58.34461636907978,4.009222048524421,-0.0860906768508034,0.9789782410712199
58.15276884684344,4.010226097666801,-0.08508662770842346,0.9792234113939058
58.15276884684344,4.01108963196154,-0.0842230934136845,0.9794342705767439
57.960921324607106,4.012123262980428,-0.08318946239479619,0.9796866642492671
57.768250422447004,4.0131629843636745,-0.08214974101155015,0.9799405450766832
57.57640290021067,4.014157898333203,-0.08115482704202126,0.9801834847582768
57.38455537797433,4.015079291463037,-0.08023343391218773,0.9804084720038476
57.192707855737986,4.016033746997889,-0.079278978377336,0.9806415324802644
57.00086033350165,4.017030835083251,-0.07828189029197397,0.9808850030409334
56.80901281126531,4.018107534372664,-0.07720519100256062,0.9811479131925177
56.61716528902896,4.019234262242248,-0.07607846313297628,0.9814230394026855
56.61716528902896,4.020246576612194,-0.07506614876303086,0.9816702279418349
56.42449438686886,4.021277597047856,-0.07403512832736858,0.9819219841579777
56.23264686463252,4.022235968083859,-0.07307675729136598,0.9821560007277172
56.04079934239617,4.023166497133917,-0.07214622824130767,0.9823832187968753
55.84895182015983,4.024150534545278,-0.07116219082994668,0.9826235026231296
55.657104297923496,4.025197216985543,-0.07011550838968184,0.9828790832125628
55.46525677568716,4.026158632830035,-0.06915409254518945,0.9831138432685007
55.273409253450815,4.027150501243698,-0.06816222413152673,0.9833560392814003
55.08156173121448,4.028259392245471,-0.06705333312975359,0.9836268100567069
54.888890829054375,4.029056366757533,-0.06625635861769119,0.9838214165655395
54.888890829054375,4.029967319796593,-0.06534540557863178,0.9840438545330761
54.697866686741804,4.0310344481931395,-0.06427827718208512,0.9843044276487589
54.50601916450547,4.032060248209727,-0.06325247716549764,0.9845549091346371
54.314171642269116,4.0330377602840874,-0.06227496509113717,0.984793599593684
54.12150074010901,4.033956543578071,-0.0613561817971533,0.98501794956537
53.929653217872676,4.034880982263772,-0.06043174311145272,0.9852436804796352
53.737805695636325,4.035816296760266,-0.05949642861495885,0.9854720670667445
53.54595817339999,4.036759441511683,-0.05855328386354142,0.9857023656580032
53.35411065116365,4.0377169418550265,-0.05759578352019812,0.9859361696206189
53.35411065116365,4.038774935078725,-0.05653779029649986,0.9861945120952101
53.16143974900355,4.039830317719197,-0.05548240765602763,0.986452217113421
52.97041560669097,4.040925287354312,-0.05438743802091306,0.9867195885471897
52.77774470453087,4.041974144657782,-0.05333858071744224,0.986975700198193
52.58095690275196,4.042953832342728,-0.052358893032496745,0.9872149219013062
52.38910938051562,4.043836507675826,-0.05147621769939903,0.9874304549734519
52.19643847835552,4.044590849637379,-0.050721875737846034,0.9876146513980324
52.00459095611918,4.045292987408179,-0.05001973796704551,0.987786100519964
51.81192005395908,4.046139556275145,-0.049173169100079406,0.9879928170575608
51.81192005395908,4.047050943539469,-0.04826178183575536,0.9882153610549159
51.6208959116465,4.047879240565983,-0.04743348480924148,0.9884176159453377
51.42904838941016,4.048725373712931,-0.04658735166229366,0.9886242260881248
51.237200867173826,4.049545404764501,-0.045767320610723417,0.9888244625795872
51.04535334493748,4.050430690680827,-0.04488203469439789,0.9890406331081137
50.85268244277737,4.051309886232792,-0.04400283914243275,0.9892553164817466
50.660834920541035,4.052144708596306,-0.04316801677891835,0.9894591647393758
50.4689873983047,4.053073932728441,-0.042238792646783985,0.9896860641715917
50.27713987606835,4.0539548681709725,-0.04135785720425211,0.9899011723944812
50.27713987606835,4.054897142977108,-0.04041558239811671,0.9901312585611118
50.084468973908244,4.055836372227375,-0.03947635314784925,0.990360601059048
49.893444831595666,4.056681635429039,-0.03863108994618525,0.9905669987772068
49.70159730935933,4.057538644386779,-0.037774080988445924,0.9907762645928376
49.50974978712299,4.058098092446731,-0.03721463292849325,0.9909128715133511
49.312138605420316,4.058594896972536,-0.036717828402689,0.9910341820356772
49.12029108318398,4.0595671886278195,-0.035745536747405104,0.9912715977644588
48.922679901481324,4.060768306535006,-0.03454441884021886,0.991564888652782
48.73083237924497,4.061906344440648,-0.033406380934576596,0.9918427765656124
48.73083237924497,4.0629056081365915,-0.0324071172386331,0.9920867783703469
48.538984857008636,4.063792198970842,-0.03152052640438274,0.9923032675358157
48.34631395484853,4.06449868796281,-0.03081403741241484,0.9924757791458791
48.15528981253595,4.065140357062668,-0.030172368312556763,0.9926324629311936
47.962618910375845,4.065762449404147,-0.02955027597107751,0.9927843664323901
47.77077138813951,4.0664228253170975,-0.028889900058127083,0.9929456180771933
47.578923865903164,4.067172816804859,-0.028139908570365968,0.9931287521961372
47.38625296374307,4.067891920750809,-0.027420804624415318,0.9933043441458056
47.19522882143049,4.068626251728721,-0.026686473646504005,0.9934836542564502
47.00255791927039,4.069297502705085,-0.026015222670139337,0.9936475613916015
47.00255791927039,4.069941346668151,-0.02537137870707351,0.9938047762384864
46.81153377695781,4.070682202983063,-0.02463052239216168,0.9939856797163384
46.618862874797706,4.07137346494307,-0.02393926043215444,0.9941544731654257
46.42701535256136,4.072055156757586,-0.02325756861763839,0.994320929761107
46.235167830325025,4.072652453416367,-0.022660271958857336,0.9944667786129127
46.04249692816492,4.073240613407547,-0.022072111967677444,0.9946103964586355
45.851472785852344,4.073928830559064,-0.021383894816160876,0.9947784464215241
45.659625263616,4.074690132830259,-0.020622592544965457,0.9949643424256261
45.466954361455905,4.075464486522829,-0.019848238852395284,0.9951534253466378
45.466954361455905,4.076152268701705,-0.019160456673519732,0.9953213690972125
45.27593021914332,4.076804813612354,-0.018507911762871032,0.9954807085553704
45.08325931698322,4.0774129853345515,-0.017899740040673073,0.9956292128975247
44.89141179474688,4.078042038733048,-0.01727068664217679,0.9957828161607379
44.69956427251054,4.078714159654698,-0.016598565720526537,0.995946935720518
44.5077167502742,4.079355393781913,-0.015957331593311253,0.996103513293518
44.31586922803786,4.079914406869226,-0.01539831850599871,0.9962400140017176
44.12319832587776,4.0803929403019525,-0.014919785073272074,0.9963568630593638
43.932174183565174,4.08090322972702,-0.014409495648204818,0.9964814663459225
43.932174183565174,4.081430921047256,-0.013881804327968261,0.996610318855028
43.74032666132884,4.081869431765322,-0.013443293609902263,0.9967173951023067
43.547655759168734,4.082332303193448,-0.012980422181776419,0.996830419786663
43.35580823693239,4.08283998353004,-0.01247274184518421,0.9969543859818321
43.16396071469605,4.083452070006014,-0.011860655369210882,0.9971038462348137
42.97128981253595,4.084199451657924,-0.01111327371730031,0.9972863430798726
42.78026567022337,4.084922036132385,-0.010390689242839812,0.9974627849105497
42.588418147987035,4.08542014557611,-0.009892579799114287,0.9975844140698173
42.39657062575069,4.0858838876968955,-0.009428837678329138,0.9976976513612974
42.20472310351435,4.086519901405035,-0.008792823970189545,0.9978529542040324
42.20472310351435,4.087076304656497,-0.008236420718727544,0.997988817638347
42.01205220135425,4.087594425083866,-0.00771830029135856,0.998115333111551
41.82020467911791,4.088211732726288,-0.00710099264893671,0.9982660682772923
41.62835715688156,4.088795107271035,-0.006517618104189715,0.9984085176050645
41.4307459751789,4.089370652308231,-0.0059420730669934585,0.9985490551111823
41.238898452942564,4.0900427732298805,-0.005269952145344092,0.9987131746709621
41.04705093070622,4.090592216171701,-0.004720509203523626,0.9988473385257554
40.855203408469876,4.09106378854741,-0.004248936827814909,0.9989624878213847
40.66335588623353,4.091587564366496,-0.0037251610087283282,0.9990903842371679
40.66335588623353,4.092100029402149,-0.003212695973076052,0.9992155187677928
40.470684984073436,4.092655997680969,-0.002656727694255956,0.9993512759897933
40.27883746183709,4.093115389327961,-0.002197336047263576,0.9994634509756365
40.086989939600755,4.093378582155428,-0.001934143219796347,0.9995277178204702
39.89514241736441,4.093752272981383,-0.001560452393841949,0.9996189662429994
39.70329489512807,4.094162941713508,-0.0011497836617166968,0.9997192439896977
39.51144737289173,4.094613197440274,-0.0006995279349508721,0.9998291881519532
39.31877647073163,4.095126097448567,-0.00018662792665757877,0.9999544288948922
39.12692894849529,4.09561289610886,0.0003001707336354187,1.000073296169002
39.12692894849529,4.096114050361079,0.0008013249858542792,1.000195668814469
38.92931776679262,4.096541684520977,0.001228959145752384,1.0003000892064084
38.73252996501371,4.096869697240557,0.0015569718653321019,1.0003801838759918
38.540682442777374,4.097276015498888,0.001963290123663697,1.000479399317053
38.34883492054104,4.0976988642123535,0.002386138837128904,1.0005826511910418
38.15122373883837,4.098080385293234,0.002767659918009535,1.000675811617721
37.95937621660203,4.098303991126059,0.0029912657508344154,1.000730412046997
37.76752869436568,4.098561528561811,0.003248803186586713,1.0007932979492522
37.76752869436568,4.09896349634635,0.0036507709711255387,1.0008914510846765
37.57568117212934,4.099465085571209,0.004152360195984528,1.0010139299424574
37.38301026996924,4.099840081315091,0.004527355939866418,1.0011054970019295
37.19198612765666,4.100183320319253,0.004870594944028639,1.001189309649993
36.994374945954,4.100560925898983,0.005248200523758406,1.0012815139833497
36.80252742371765,4.1009672441573155,0.005654518782090889,1.001380729424411
36.60409286209122,4.101309177496177,0.005996452120952789,1.001464223253037
36.41306871977864,4.101581506243871,0.006268780868646573,1.0015307209214583
36.221221197542306,4.101874280947848,0.006561555572623057,1.0016022111161296
36.221221197542306,4.102264502976313,0.006951777601088338,1.001697496154082
36.0285502953822,4.102623837462968,0.007311112087743155,1.0017852390227595
35.836702773145866,4.102930099308338,0.007617373933113569,1.0018600225291503
35.644855250909515,4.103207647727731,0.007894922352506661,1.001927794745341
35.45300772867318,4.103380355035105,0.008067629659880282,1.001969966691406
35.26116020643684,4.103541750811667,0.008229025436442328,1.002009376569817
35.069312684200504,4.103749260414626,0.008436535039401782,1.0020600465959846
34.8766417820404,4.103969385718942,0.008656660343717704,1.0021137971442522
34.684794259804065,4.1041077249559965,0.0087949995807719,1.0021475770400332
34.49294673756771,4.104265640951428,0.008952915576203146,1.0021861372199319
34.49294673756771,4.104559285600688,0.00924656022546344,1.0022578398392314
34.30109921533138,4.104719377206703,0.009406651831478818,1.002296931263196
34.10925169309503,4.104895129322569,0.009582403947343998,1.0023398466954598
33.917404170858696,4.105110033460433,0.009797308085208734,1.002392322330967
33.71896960923227,4.105401503993862,0.010088778618637662,1.0024634940711916
33.52794546691968,4.105652951065254,0.01034022569002957,1.0025248928185533
33.33033428521702,4.10581608747976,0.010503362104535618,1.0025647277287166
33.138486762980676,4.106086240616871,0.010773515241646159,1.002630694153072
33.138486762980676,4.105888736879421,0.010576011504196181,1.0025824673751202
32.94663924074434,4.105846539301553,0.010533813926328683,1.0025721635031823
32.754791718508,4.1061871677224895,0.010874442347264868,1.0026553386948658
32.562944196271665,4.106504304631277,0.011191579256052187,1.002732777691605
32.371096674035314,4.1066530847064815,0.011340359331256877,1.002769107047916
32.173485492332645,4.106761842067027,0.011449116691802708,1.00279566359386
31.98163797009631,4.107052876880438,0.011740151505213348,1.0028667289392748
31.78979044785997,4.107220363768737,0.011907638393512165,1.002907626155075
31.59711954569987,4.107443098908903,0.012130373533678629,1.0029620139772273
31.40527202346352,4.107560557217032,0.012247831841807333,1.0029906951344443
31.40527202346352,4.10762059166271,0.012307866287485147,1.003005354441243
31.21342450122718,4.107713252793388,0.012400527418163776,1.003027980584078
31.021576978990844,4.107775897074915,0.012463171699690356,1.0030432771647613
30.82890607683074,4.107844196748159,0.012531471372934533,1.0030599546880237
30.637881934518166,4.1079425132705545,0.01262978789532987,1.0030839617734377
30.445211032358063,4.107979926149365,0.012667200774139964,1.0030930973099201
30.254186890045478,4.107913801339328,0.012601075964103536,1.0030769508482282
30.061515987885375,4.107862902813875,0.0125501774386505,1.0030645223650168
29.86966846564904,4.107838541356443,0.012525815981218713,1.0030585737454447
29.86966846564904,4.107992106878082,0.01267938150285719,1.0030960716197066
29.677820943412698,4.108121745914929,0.012809020539704008,1.00312772708671
29.48597342117636,4.108227892692248,0.012915167317023801,1.0031536461762736
29.293302519016258,4.108357096756452,0.013044371381227826,1.0031851954309625
29.102278376703673,4.108556340384469,0.013243615009244536,1.003233847058171
28.910430854467332,4.108588097871562,0.013275372496337035,1.0032416016520742
28.717759952307233,4.1085541655212605,0.013241440146035899,1.0032333159966003
28.525912430070893,4.1085150127518855,0.013202287376660848,1.0032237556108614
28.334064907834556,4.108561560803545,0.013248835428320227,1.0032351217884359
28.334064907834556,4.1086028884361285,0.013290163060903915,1.0032452132357452
28.142217385598215,4.108538939236677,0.013226213861452507,1.0032295980181198
27.95036986336188,4.108726437108617,0.01341371173339212,1.0032753815478557
27.758522341125527,4.108439317796357,0.013126592421132344,1.0032052722957634
27.565851438965428,4.10783767141116,0.012524946035935791,1.0030583613208166
27.37482729665285,4.107890744799819,0.0125780194245948,1.0030713208655981
27.176392735026422,4.108099559320703,0.012786833945478193,1.003122309528708
26.985368592713847,4.108210491544456,0.012897766169231772,1.0031493971362224
26.793521070477496,4.108156983183155,0.01284425780792997,1.0031363313791264
26.793521070477496,4.108198310815738,0.012885585440513658,1.0031464228264357
26.60167354824116,4.108241814058908,0.012929088683683254,1.0031570455178118
26.409002646081056,4.108223542965831,0.012910817590606527,1.003152584053132
26.21715512384472,4.108382763879187,0.0130700385039626,1.003191462869973
26.024484221684617,4.108589837762128,0.013277112386903767,1.0032420265013309
25.833460079372042,4.108638996397013,0.013326271021788294,1.0032540301352852
25.64161255713569,4.108515882697168,0.01320315732194377,1.0032239680354897
25.44400137543303,4.108382328906546,0.013069603531321583,1.003191356657659
25.251330473272926,4.108263130707851,0.012950405332626147,1.0031622506511855
25.251330473272926,4.108187435004947,0.012874709629722147,1.003143767153592
25.054542671494023,4.108121745914929,0.012809020539704008,1.00312772708671
24.86187176933392,4.108056491050176,0.01274376567495139,1.0031117930496465
24.670847627021335,4.108072587280043,0.012759861904818592,1.0031157234527552
24.478176724861235,4.108098254402777,0.012785529027552478,1.0031219908917655
24.281388923082332,4.10802777911895,0.012715053743725058,1.0031047821244372
24.08954140084599,4.107976010648214,0.0126632852729891,1.0030921412165976
23.897693878609655,4.108065191997759,0.012752466622534264,1.0031139176609194
23.705846356373304,4.108025604255741,0.01271287888051642,1.0031042510628665
23.705846356373304,4.10789509527361,0.012582369898385792,1.0030723831712347
23.513998834136967,4.107794168167992,0.012481442792767083,1.003047738629441
23.321327931976864,4.107756755289182,0.012444029913956989,1.0030386030929583
23.129480409740527,4.1074900819332045,0.012177356557979913,1.002973486367116
22.937632887504186,4.107282573077622,0.011969847702397729,1.002922816523444
22.744961985344087,4.10728474794083,0.011972022565605478,1.0029233475850146
22.5539378430315,4.1072817031323385,0.011968977757113919,1.0029226040988157
22.36209032079516,4.107105081071191,0.011792355695966705,1.002879476241924
22.17024279855882,4.106808390118688,0.011495664743462974,1.0028070297714344
22.17024279855882,4.106653519679124,0.01134079430389967,1.0027692132602304
21.97757189639872,4.106541716762711,0.011228991387486786,1.0027419130455923
21.78572437416238,4.106369445175356,0.011056719800131454,1.0026998474943372
21.593876851926044,4.106094941564454,0.010782216189229032,1.002632818764345
21.402029329689704,4.105954861689457,0.010642136314232609,1.0025986138368121
21.210181807453356,4.1059887940397575,0.010676068664532856,1.0026068994922859
21.018334285217016,4.105947901379815,0.010635176004590186,1.0025969142572906
20.825663383056916,4.105929630286739,0.010616904911514347,1.0025924527926109
20.634639240744338,4.105831313016969,0.010518587641744404,1.002568445524702
20.44196833858424,4.105653386037894,0.010340660662669698,1.002524999030867
20.44196833858424,4.1056133633232355,0.010300637948010838,1.0025152262205
20.2501208163479,4.105611188460027,0.0102984630848022,1.0025146951589292
20.052509634645222,4.10550765077118,0.010194925395955678,1.002489413160755
19.860662112408885,4.105267079510581,0.00995435413535617,1.0024306700862373
19.668814590172545,4.1051261296903006,0.009813404315075935,1.0023962527340757
19.476967067936208,4.1050182422750385,0.009705516899813915,1.0023699086127604
19.285119545699867,4.10481464817323,0.009501922798005324,1.0023201946799154
19.09327202346352,4.104663258262176,0.00935053288695098,1.0022832280497198
18.900601121303417,4.1045344891706135,0.00922176379538886,1.002251785007345
18.900601121303417,4.104422251281559,0.00910952590633407,1.0022243785803926
18.709576978990842,4.104302618110221,0.00898989273499673,1.002195166361605
18.511142417364415,4.10423910388341,0.00892637850818545,1.0021796573562933
18.32011827505184,4.104209956979543,0.008897231604318101,1.00217254021877
18.12827075281549,4.104209956979543,0.008897231604318101,1.00217254021877
17.936423230579152,4.103998967595452,0.008686242220226958,1.0021210204940896
17.74375232841905,4.103785367628135,0.008472642252910667,1.0020688633130292
17.551904806182712,4.1037762317079105,0.008463506332685888,1.002066632489442
17.36005728394637,4.1037875432387185,0.00847481786349391,1.002069394557095
17.36005728394637,4.103698796861816,0.00838607148659154,1.0020477243250876
17.16738638178627,4.103504773652877,0.008192048277652297,1.0020003474281447
16.976362239473694,4.103291173685559,0.00797844831033423,1.0019481902470837
16.784514717237347,4.103108896232695,0.007796170857470308,1.001903681447613
16.592667195001006,4.102936624645338,0.007623899270113199,1.0018616158963574
16.399996292840907,4.102753476499814,0.0074407511245890845,1.0018168944897627
16.208148770604566,4.1028304771206425,0.007517751745417911,1.0018356966242985
16.01630124836823,4.102862669580376,0.0075499442051514265,1.0018435574305158
15.823630346208127,4.102832217011208,0.007519491635983755,1.0018361214735547
15.823630346208127,4.102783929068982,0.007471203693757644,1.0018243304467238
15.631782823971788,4.102656464895344,0.007343739520119463,1.001793206041291
15.439935301735439,4.10247853791627,0.007165812541045646,1.0017497595474565
15.248911159422862,4.102301915855123,0.006989190479898433,1.0017066316905647
15.057063637186523,4.102177932209994,0.006865206834769211,1.0016763571661405
14.864392735026422,4.102151395141975,0.006838669766750627,1.0016698773025017
14.672545212790084,4.102056124175447,0.006743398800222344,1.001646613885782
14.480697690553745,4.101990434338052,0.006677708962827822,1.0016305736364042
14.288850168317396,4.101872541057283,0.006559815682058101,1.0016017862668734
14.097002646081057,4.101733766847586,0.006421041472361111,1.0015679001587778
14.097002646081057,4.101510596734777,0.006197871359552742,1.0015134061243112
13.904331743920956,4.10133658450948,0.006023859134255183,1.0014709155413042
13.71330760160838,4.101272635310026,0.005959909934801111,1.001455300323678
13.515696419905714,4.101155611974539,0.005842886599314312,1.0014267253787754
13.323025517745604,4.101025972937693,0.005713247562468382,1.0013950699117722
13.131177995509265,4.100961153792957,0.005648428417732276,1.001379242269518
12.940153853196689,4.1008767578898455,0.005564032514620898,1.0013586343431469
12.747482951036588,4.100741463461282,0.005428738086057372,1.0013255979335645
12.55563542880025,4.100552660671417,0.005239935296192044,1.001279495766886
12.55563542880025,4.100408666042645,0.005095940667420251,1.0012443349285258
12.36378790656391,4.1003203546383835,0.005007629263158897,1.0012227709088322
12.171940384327561,4.100257710356855,0.00494498498163054,1.0012074743281485
11.980092862091222,4.100170269645253,0.004857544270028491,1.0011861229155787
11.788245339854884,4.100103274889934,0.0047905495147091415,1.0011697640292587
11.596397817618545,4.100008873121313,0.004696147746088286,1.0011467128546716
11.403726915458444,4.099872708747466,0.00455998337224095,1.0011134640204609
11.211879393222105,4.099703916941243,0.004391191566018193,1.0010722481677186
11.020031870985767,4.099569058232698,0.004256332857472955,1.001039318152946
11.020031870985767,4.099418102546909,0.0041053771716841325,1.001002457552569
10.828184348749417,4.099292379011212,0.00397965363598729,1.000971758178888
10.635513446589316,4.099185361541234,0.0038726361660090802,1.000945626482201
10.443665924352977,4.099090524799971,0.00377779942474632,1.0009224690952998
10.252641782040401,4.0989047675659736,0.003592042190748934,1.0008771105973158
10.060794259804062,4.0987190095846,0.0034062842093751655,1.0008317519168364
9.862359698177624,4.098616777561054,0.003304052185828965,1.0008067887380996
9.671335555865047,4.098627218399205,0.003314493023980347,1.0008093381986296
9.479488033628709,4.098725099948958,0.0034123745737337785,1.0008332390717296
9.479488033628709,4.098647229382847,0.00333450400762203,1.0008142245125655
9.286817131468608,4.098509760091075,0.003197034715850755,1.0007806570414126
9.094969609232269,4.098442765335756,0.0031300399605314055,1.0007642981550926
8.902298707072168,4.098300945570192,0.0029882201949673615,1.000729668378303
8.71127456475958,4.098224815642023,0.002912090266798728,1.0007110788508908
8.519427042523242,4.09812084372791,0.0028081183526857956,1.0006856908228976
8.326756140363141,4.097980328880273,0.002667603505048355,1.0006513796830507
8.135731998050565,4.0978445994790675,0.0025318741038429238,1.000618237061154
7.943884475814226,4.097674502754919,0.002361777379694452,1.0005767025714691
7.943884475814226,4.097537468435791,0.00222474306056597,1.0005432413126307
7.751213573654125,4.097416529599152,0.002103804223927419,1.000513710274405
7.559366051417776,4.097300376956322,0.0019876515810972606,1.0004853479366256
7.367518529181437,4.097218591636436,0.001905866261211031,1.0004653774666346
7.175671006945098,4.097138981179757,0.0018262558045325505,1.0004459380582138
6.9838234847087595,4.097067200978007,0.0017544756027820796,1.0004284106539438
6.791975962472421,4.096964533981819,0.001651808606593974,1.0004033412628928
6.59930506031232,4.096837070555556,0.001524345180331288,1.0003722170399556
6.4082809179997335,4.096717871609483,0.0014051462342585808,1.0003431108509864
6.215610015839633,4.0967317929761435,0.0014190676009189218,1.0003465101925249
6.215610015839633,4.096762244797936,0.0014495194227110986,1.0003539459669903
6.023762493603294,4.096774860499295,0.0014621351240702296,1.0003570264890909
5.831914971366955,4.096702211099634,0.001389485724409667,1.0003392868426872
5.640067449130616,4.096580402317713,0.001267676942488194,1.0003095433798337
5.448219926894278,4.096475995430959,0.0011632700557342446,1.0002840491395264
5.256372404657939,4.096382898580263,0.0010701732050382162,1.0002613166018817
5.063701502497827,4.09627457619236,0.0009618508171351792,1.0002348662682523
4.871853980261489,4.09619192092719,0.0008791955519651395,1.000214683373633
4.68000645802515,4.096031830068552,0.0007191046933270329,1.000175592132164
4.68000645802515,4.095962224730006,0.0006494993547816463,1.0001585957894636
4.488158935788811,4.096001377499383,0.0006886521241584731,1.0001681561752027
4.2963114135524725,4.095889575330345,0.0005768499551201955,1.0001408561430598
4.103640511392371,4.095773421940142,0.0004606965649172068,1.0001124936227856
3.9117929891560324,4.095685546255896,0.0003728208806714761,1.0000910359979012
3.7199454669196834,4.095597234851635,0.0002845094764101219,1.0000694719782075
3.5280979446833447,4.095411911842904,9.918646767914652e-05,1.0000242195100424
3.336250422447006,4.095262696795055,-5.0028580169225734e-05,0.999987783941417
3.1444029002106673,4.095293149364223,-1.957601100155415e-05,0.9999952198983779
3.1444029002106673,4.095259217013923,-5.35083613018017e-05,0.9999869342429041
2.951731998050566,4.09524834120313,-6.438417209420066e-05,0.99998427857006
2.760707855737979,4.095216583716038,-9.614165918669926e-05,0.9999765239761567
2.5688603335016404,4.095222674080396,-9.005129482897445e-05,0.9999780111310497
2.3770128112653017,4.095183086338378,-0.0001296390368468181,0.9999683445329965
2.185165289028963,4.0951674250811525,-0.00014530029407211487,0.999964520342202
1.9933177667926245,4.09517047063702,-0.00014225473820417278,0.9999652640108965
1.8014702445562858,4.095158724880945,-0.0001540004942794937,0.9999623959134243
1.6087993423961846,4.095126097448567,-0.00018662792665757877,0.9999544288948922
1.4169518201598355,4.095140018815227,-0.00017270655999723772,0.9999578282364306
1.4169518201598355,4.0951226176674345,-0.00019010770779015473,0.9999535791963793
1.2242809179997343,4.095046052019248,-0.000266673355976188,0.9999348832741578
1.033256775687158,4.0949903680473625,-0.0003223573278621217,0.9999212862729958
0.8414092534508194,4.094985582600928,-0.00032714277429679584,0.9999201177550447
0.6495617312144807,4.095033871290531,-0.000278854084693414,0.9999319089643715
0.4577142089781316,4.09513436342351,-0.00017836195171483382,0.9999564472938514
0.26504330681803046,4.095234419836471,-7.830553875365354e-05,0.9999808792285219
0.07319578458169172,4.095312725375225,0.0,1.0
-0.11865173765464698,4.095288798890432,-2.3926484792546887e-05,0.9999941575927415
-0.11865173765464698,4.095234854809113,-7.787056611174847e-05,0.999980985440836
-0.3104992598909857,4.095249211148413,-6.351422681127872e-05,0.9999844909946882
-0.5031701620510869,4.095306200038224,-6.52533700051805e-06,0.9999984066327926
-0.6941943043636631,4.09527792307964,-3.480229558494585e-05,0.9999915019198975
-0.8868652065237642,4.095116962275718,-0.00019576309950686266,0.9999521982538003
-1.077889348836351,4.095023865425022,-0.000288859950202891,0.9999294657161557
-1.270560250996452,4.095039091709606,-0.00027363366561861113,0.9999331836946362
-1.4624077732327907,4.095058667720607,-0.00025405765461794516,0.9999379637962581
-1.6542552954691294,4.09517047063702,-0.00014225473820417278,0.9999652640108965
-1.6542552954691294,4.095297064117998,-1.5661257226184944e-05,0.9999961758092052
-1.8461028177054681,4.09525486654013,-5.785883509457079e-05,0.9999858719372672
-2.0379503399418173,4.095216583716038,-9.614165918669926e-05,0.9999765239761567
-2.229797862178156,4.095239640255547,-7.30851196779625e-05,0.9999821539587868
-2.422468764338257,4.095308374901432,-4.350473792769094e-06,0.9999989376943632
-2.6143162865745957,4.095314900238432,2.174863207748956e-06,1.0000005310615705
-2.8061638088109344,4.095372324100885,5.9598725660414686e-05,1.000014552911989
-2.998011331047273,4.095440624521505,0.00012789914628008603,1.0000312306177468
-3.1906822332073745,4.095533285652182,0.00022056027695782632,1.0000538567605817
-3.3817063755199612,4.095600715380144,0.0002879900049190809,1.000070321859216
-3.3817063755199612,4.09564639348652,0.00033366811129553753,1.000081475612162
-3.5735538977563,4.095712952521822,0.00040022714659748715,1.0000977281036727
-3.7654014199926387,4.095746449899482,0.000433724524257606,1.0001059075468328
-3.9572489422289774,4.095765591685216,0.00045286630999097355,1.0001105816186355
-4.149919844389078,4.095839546750177,0.0005268213749527462,1.000128640084477
-4.341767366625417,4.095994417189741,0.00068169181451605,1.0001664565956812
-4.5336148888617664,4.0960679372820605,0.0007552119068359175,1.0001844088492087
-4.725462411098105,4.096077508174928,0.0007647827997034895,1.0001867458851104
-4.917309933334444,4.0961240562265875,0.0008113308513628681,1.0001981120626846
-4.917309933334444,4.096226723222775,0.0009139978475500854,1.0002231814537352
-5.115744494960872,4.096361147706054,0.0010484223308298013,1.0002560054386893
-5.306768637273448,4.096471209984526,0.0011584846093013468,1.0002828806215758
-5.499439539433549,4.096581707983012,0.0012689826077876276,1.000309862199271
-5.690463681746135,4.09666088346705,0.0013481580918250913,1.0003291953953777
-5.882311203982474,4.096617815196523,0.0013050898212982887,1.000318678916316
-6.074982106142575,4.096060976972419,0.0007482515971943826,1.0001827092696873
-6.272593287845241,4.09601747372925,0.0007047483540256749,1.0001720865783115
-6.464440810081579,4.096280667304093,0.0009679419288683988,1.0002363536056407
-6.464440810081579,4.096489916050243,0.0011771906750182026,1.0002874482985693
-6.6554649523941665,4.096758330044161,0.0014456046689366175,1.0003529900561634
-6.848135854554267,4.096989765384536,0.001677040009311348,1.0004095023070938
-7.0399833767905955,4.097116794585532,0.001804069210307624,1.0004405205002123
-7.2318308990269555,4.097214241162645,0.0019015157874200384,1.000464315160998
-7.423678421263294,4.097293851619323,0.001981126244098519,1.0004837545694187
-7.615525943499633,4.097406524481019,0.002093799105794325,1.0005112672086849
-7.807373465735972,4.0975744455945815,0.0022617202193568886,1.0005522704543033
-7.99922098797231,4.097674502754919,0.002361777379694452,1.0005767025714691
-7.99922098797231,4.097460467814962,0.0021477424397371436,1.0005244391780947
-8.191068510208648,4.0975948922982415,0.0022821669230168595,1.0005572631630488
-8.38373941236875,4.097881141665217,0.0025684162899928253,1.0006271599905128
-8.576410314528852,4.098030792433083,0.0027180670578585975,1.0006637019539477
-8.773198116307764,4.097980328880273,0.002667603505048355,1.0006513796830507
-8.965045638544103,4.098103006860102,0.002790281484877255,1.0006813353880373
-9.156893160780442,4.098305296043984,0.0029925706687592424,1.0007307306839395
-9.34874068301678,4.098403177593737,0.0030904522185126737,1.0007546315570393
-9.540588205253119,4.098467562513208,0.0031548371379832574,1.0007703531694747
-9.540588205253119,4.098559788671243,0.0032470632960182044,1.0007928730999953
-9.73325910741322,4.098626348453921,0.003313623078696537,1.0008091257740013
-9.924283249725796,4.098715964028733,0.0034032386535081116,1.0008310082481422
-10.116130771962135,4.098735975759751,0.0034232503845261775,1.0008358947445735
-10.308801674122236,4.098745981625259,0.0034332562500347663,1.0008383379927892
-10.500649196358575,4.0988456030655795,0.0035328776903549297,1.0008626637151454
-10.693320098518697,4.09900090922516,0.0036881838499356334,1.000900586621159
-10.884344240831274,4.09914838438244,0.0038356590072154972,1.0009365973405278
-11.076191763067612,4.099329356170005,0.004016630794779985,1.000980787320561
-11.268862665227713,4.0994146220184,0.0041018966431751736,1.0010016076715604
-11.268862665227713,4.099517724734604,0.004204999359379791,1.0010267834574207
-11.460710187464052,4.099714792752036,0.00440206737681148,1.0010749038405629
-11.65255770970039,4.099899245815485,0.004586520440260422,1.0011199438840999
-11.84440523193673,4.1000488958359735,0.004736170460748923,1.0011564856650392
-12.036252754173068,4.100116760536576,0.0048040351613511945,1.0011730569759874
-12.228100276409407,4.100259450247424,0.004946724872199049,1.0012078991774056
-12.419947798645746,4.10035298207076,0.005040256695535206,1.001230737927364
-12.611795320882084,4.1004278070810045,0.0051150817057799,1.0012490088178336
-12.803642843118423,4.100510027373532,0.005197301998307147,1.0012690855001387
-12.803642843118423,4.100611389451794,0.005298664076569537,1.001293836254247
-12.996313745278524,4.1007101409468305,0.00539741557160589,1.001317949551975
-13.187337887591122,4.100926351497373,0.005613626122148219,1.0013707441894157
-13.380008789751223,4.101160832393615,0.005848107018390003,1.0014280001090403
-13.571856311987561,4.1013296241998365,0.0060168988246118715,1.0014692159617824
-13.7637038342239,4.101456217680817,0.006143492305592524,1.001500127760092
-13.955551356460239,4.101504505623042,0.006191780247817746,1.0015119187869226
-14.14822225862034,4.101531912636345,0.00621918726112014,1.0015186110751897
-14.339246400932916,4.101573675988948,0.006260950613723004,1.001528808917309
-14.339246400932916,4.101765088614661,0.00645236323943621,1.0015755483578717
-14.531093923169255,4.101934750366167,0.006622024990942776,1.0016169766352425
-14.724588205253118,4.101970858327053,0.006658132951828044,1.0016257935347825
-14.915612347565695,4.102007400513203,0.006694675137977946,1.0016347164641413
-15.107459869802033,4.102103977145031,0.00679125176980655,1.0016582987002987
-15.299307392038372,4.10248462828063,0.0071719029054051475,1.00175124670235
-15.491154914274732,4.102750866663963,0.007438141288738542,1.0018162572158777
-15.683002436511071,4.102652550141569,0.007339824766344094,1.001792250130464
-15.875673338671172,4.102585555386249,0.007272830011024745,1.001775891244144
-16.06752086090751,4.102641239358135,0.007328513982910678,1.001789488245306
-16.06752086090751,4.1027791436225485,0.007466418247323858,1.001823161928773
-16.21902276687955,4.102915742969037,0.007603017593812211,1.0018565169752978
-16.21902276687955,4.1030158001293735,0.007703074754148886,1.0018809490924636
-16.21902276687955,4.103142828582995,0.007830103207770556,1.001911967103087
-16.21902276687955,4.103108461260052,0.007795735884827515,1.0019035752352987
-16.21902276687955,4.103047556869091,0.007734831493866778,1.0018887035038717
-16.21902276687955,4.103109766177977,0.007797040802752342,1.0019038938722409
-16.21902276687955,4.103185461133505,0.007872735758279958,1.001922377187339
-16.21902276687955,4.103096715503978,0.007783990128753082,1.0019007071378268
-16.21902276687955,4.1030236303843,0.00771090500907512,1.0018828610966135
-16.21902276687955,4.103011884628224,0.007699159252999799,1.0018799929991413
-16.21902276687955,4.103024935302224,0.0077122099269990585,1.0018831797335557
-16.21902276687955,4.103024065356941,0.0077113399817161365,1.0018829673089273
-16.21902276687955,4.102972731858848,0.007660006483622972,1.0018704326134023
-16.21902276687955,4.102855273550719,0.007542548175494268,1.0018417514561853
-16.21902276687955,4.102719979122154,0.007407253746928966,1.0018087150466026
