Angle (degree),rho (mOhm cm),Delta rho (mOhm cm),rho/rho(theta=0)
99.54819735664805,0.38398132713651706,-3.2144366314961585,0.10670837338818252
99.54819735664805,0.38400781024114905,-3.2144101483915266,0.1067157330403787
99.54819735664805,0.3842220341045602,-3.214195924528115,0.10677526583114226
99.54819735664805,0.38434485363576304,-3.2140731049969125,0.10680939736689346
99.54819735664805,0.3842765014052424,-3.214141457227433,0.10679040228869342
99.54819735664805,0.3841523952663555,-3.21426556336632,0.10675591320479222
99.54819735664805,0.38420233262046677,-3.2142156260122086,0.10676979079063281
99.54819735664805,0.3843723017329982,-3.2140456568996774,0.10681702519044001
99.54819735664805,0.38466471512229805,-3.2137532435103773,0.10689828684282765
99.36129011395428,0.38500894221156196,-3.2134090164211133,0.1069939475173855
99.36129011395428,0.3849730505579893,-3.213444908074686,0.10698397323035569
99.16367893225161,0.3841096952462478,-3.2143082633864277,0.10674404687336585
98.97265478993903,0.38258083072631965,-3.215837127906356,0.1063191755722819
98.77998388777894,0.3791828954119928,-3.2192350632206828,0.10537488967959532
98.5881363655426,0.3716192553156194,-3.226798703317056,0.10327295483397016
98.39628884330625,0.35976508060912027,-3.2386528780235553,0.09997868083834918
98.20361794114615,0.3453680967537523,-3.253049861878923,0.0959777604280813
98.01259379883356,0.32956522875403954,-3.268852729878636,0.09158614495111833
97.82074627659722,0.3129656689913106,-3.285452289641365,0.08697312891085923
97.82074627659722,0.29624862379217237,-3.302169334840503,0.0823274636792722
97.62889875436088,0.2790486100735368,-3.3193693485591385,0.07754758154318725
97.43622785220077,0.26189845317630167,-3.3365195054563737,0.07278155461291042
97.24438032996444,0.2445368065490844,-3.353881152083591,0.06795675470728346
97.0525328077281,0.22715468110922804,-3.3712632775234472,0.06312626374161998
96.86068528549177,0.21018324508610414,-3.3882347135465714,0.05840990332484041
96.66801438333167,0.1938661809582765,-3.4045517776743988,0.05387539279398818
96.47699024101908,0.17877023557917415,-3.4196477230535014,0.04968023104439573
96.28431933885898,0.16476512426369838,-3.433652834368977,0.04578821197477175
96.28431933885898,0.15201808213831242,-3.446399876494363,0.04224581021046153
96.0932951965464,0.1405975418188869,-3.4578204168137887,0.03907204316874604
95.90144767431006,0.12988967362513465,-3.4685282850075407,0.03609632764129769
95.70877677214997,0.11977180568143625,-3.478646152951239,0.03328457312583752
95.51692924991362,0.11011158914542192,-3.4883063694872534,0.03059999989196976
95.32508172767727,0.10110585163605028,-3.4973121069966253,0.02809730631582008
95.13241082551717,0.09262244553220828,-3.505795513100467,0.02573976858636035
94.93562302373827,0.08439820820725315,-3.5140197504254225,0.023454253835294533
94.74295212157817,0.0768618420275763,-3.5215561166050993,0.021359898408461205
94.74295212157817,0.07030744224883305,-3.528110516383842,0.019538431348744275
94.55192797926559,0.06446589564331777,-3.5339520629893575,0.017915066116392292
94.35925707710548,0.05887039015221544,-3.53954756848046,0.016360075685756353
94.16740955486914,0.05362000631922442,-3.544797952313451,0.014900994530273775
93.97638541255657,0.0487020989835404,-3.549715859649135,0.013534308560989451
93.78371451039646,0.04427333206022263,-3.554144626572453,0.012303554664629781
93.59186698816012,0.040405334628538604,-3.558012624004137,0.011228638555342191
93.40001946592379,0.03690832882052424,-3.5615096298121514,0.010256820982115332
93.20817194368745,0.033686557890398566,-3.564731400742277,0.009361491154629175
93.01550104152734,0.030546129426527836,-3.5678718292061475,0.008488766390587583
93.01550104152734,0.027354693135037703,-3.5710632654976378,0.007601866556221813
92.82447689921476,0.024525597220481154,-3.5738923614121942,0.00681566107729197
92.63180599705466,0.022003855023554758,-3.5764141036091206,0.006114869166536666
92.43995847481831,0.019939144449263917,-3.5784788141834114,0.0055410862991692
92.24811095258198,0.018081241169364454,-3.580336717463311,0.005024775158757532
92.05132315080307,0.016330607283619392,-3.582087351349056,0.004538274172526831
91.85865224864297,0.014940415663755835,-3.5834775429689194,0.004151940056855676
91.66680472640662,0.013713869761852782,-3.5847040888708226,0.003811083070256733
91.47495720417028,0.012632552188998204,-3.5857854064436774,0.003510585022146319
91.47495720417028,0.011719994183353682,-3.5866979644493218,0.0032569852413161693
91.27816940239138,0.010840060118908439,-3.587577898513767,0.00301245165056575
91.08549850023128,0.010053425970484739,-3.5883645326621907,0.00279384609738465
90.89365097799494,0.009320750683561939,-3.5890972079491137,0.0025902357065557863
90.7018034557586,0.008694288522872531,-3.589723670109803,0.0024161419331555863
90.50995593352225,0.008174160950606822,-3.5902437976820685,0.0022715985315148977
90.31810841128592,0.007687331613371635,-3.590730627019304,0.002136308706143925
90.12626088904958,0.007284044413447755,-3.5911339142192276,0.0020242352325896967
89.93441336681325,0.0068250007499202885,-3.5915929578827552,0.0018966670432340905
89.93441336681325,0.0064227233380912034,-3.591995235294584,0.001784874189692991
89.74174246465314,0.006177443224640575,-3.592240515408035,0.0017167108700702116
89.5498949424168,0.0058516637362125675,-3.592566294896463,0.001626176781986737
89.35804742018045,0.006226759840278636,-3.592191198792397,0.0017304159527496011
89.16619989794411,0.007262025958315261,-3.59115593267436,0.002018116306054309
88.97352899578401,0.008297841577637344,-3.5901201170550383,0.0023059693657126903
88.78250485347144,0.009068473264847398,-3.589349485367828,0.0025201278364821275
88.5906573312351,0.009653039546283665,-3.5887649190863917,0.002682578749121078
88.39880980899875,0.010141497272617594,-3.5882764613600577,0.0028183211036638873
88.39880980899875,0.01066191970659964,-3.587756038926076,0.0029629464473468086
88.2069622867624,0.011261836753206463,-3.587156121879469,0.0031296633361305613
88.0142913846023,0.011880087436179534,-3.5865378711964957,0.003301475140673687
87.82244386236597,0.01261719471890844,-3.585800763913767,0.0035063171827051224
87.63059634012963,0.01351482915852065,-3.5849031294741547,0.003755769705989353
87.4387488178933,0.014428311927253143,-3.5839896467054224,0.004009626478391522
87.24690129565695,0.01549151532827289,-3.5829264433044026,0.004305090599914454
87.05505377342061,0.016810106346355477,-3.58160785228632,0.0046715269153289165
86.86238287126051,0.018337313977594256,-3.580080644655081,0.0050959377672075805
86.86238287126051,0.020112150904933575,-3.578305807727742,0.005589164776338482
86.67053534902416,0.022122461168789947,-3.5762954974638856,0.006147829802738097
86.47868782678782,0.0243233718763088,-3.5740945867563667,0.006759462673855479
86.28684030455149,0.02668005691820467,-3.571737901714471,0.007414385217314372
86.09499278231515,0.029360510248330345,-3.569057448384345,0.008159282936517673
85.90232188015504,0.032394945890456016,-3.5660230127422192,0.009002552305726438
85.7104743579187,0.03576531249268223,-3.562652646139993,0.009939176856007108
85.51945021560613,0.03959607807533214,-3.5588218805573435,0.011003746238076756
85.32760269336978,0.04379812007862119,-3.5546198385540544,0.012171493301257191
85.13493179120968,0.048388841518233396,-3.550029117114442,0.013447254341910898
85.13493179120968,0.0534737493671526,-3.544944209265523,0.014860349737547308
84.94308426897334,0.059240651344933566,-3.539177307287742,0.016462971235126838
84.75123674673699,0.06570142867893716,-3.5327165299537384,0.018258420626575116
84.55938922450065,0.07270245645505209,-3.5257155021776234,0.020204005563232996
84.36671832234056,0.08023190035087972,-3.518186058281796,0.022296437288059277
84.17569418002797,0.08833428306355476,-3.5100836755691205,0.02454808865424848
83.98384665779164,0.0970888865713465,-3.501329072061329,0.026980992115834778
83.79117575563154,0.10700323929177738,-3.491414719340898,0.029736189770583628
83.60015161331896,0.11736338234412928,-3.481054576288546,0.032615272515126324
83.60015161331896,0.12832723617479352,-3.470090722457882,0.035662126426124
83.40748071115885,0.13994479170355478,-3.458473166929121,0.03889064397531267
83.21563318892251,0.15248968552502692,-3.4459282731076484,0.042376868745666735
83.02378566668617,0.16569764929034114,-3.432720309342334,0.04604736058879131
82.83193814444984,0.17993120435030524,-3.41848675428237,0.05000286415274433
82.64009062221349,0.19488235029414727,-3.403535608338528,0.05415778615339018
82.44741972005339,0.21077667626542193,-3.3876412823672535,0.05857481779173666
82.25557219781705,0.22703290695597847,-3.3713850516766968,0.06309242271630011
82.0637246755807,0.24411615907475767,-3.3543017995579176,0.06783985681516462
82.0637246755807,0.2618772774204668,-3.3365406812122087,0.0727756698724277
81.87187715334437,0.2800702744222621,-3.3183476842104134,0.07783150196612598
81.68002963110803,0.29909011859806106,-3.299327840034614,0.08311711480889483
81.48818210887168,0.318483594691562,-3.2799343639411136,0.08850655992517868
81.29633458663535,0.33817122649551173,-3.2602467321371638,0.09397775088472764
81.10366368447525,0.35904408546829447,-3.239373873164381,0.09977831635898232
80.9118161622389,0.3813224265113106,-3.217095532121365,0.10596946516357574
80.71996864000256,0.40456490885385993,-3.1938530497788156,0.11242854874134361
80.52812111776622,0.42863271053299823,-3.1697852480996773,0.11911698848231343
80.33627359552989,0.4546686534928546,-3.1437493051398206,0.12635237449337858
80.33627359552989,0.4815253321296948,-3.1168926265029806,0.13381584286908807
80.14442607329354,0.5094079907991382,-3.089009967833537,0.1415644309958654
79.9525785510572,0.5386159851343627,-3.059801973498313,0.14968132977499524
79.7599076488971,0.56884063141228,-3.0295773272203954,0.15808075602991592
79.56806012666075,0.6005398088604669,-2.9978781497722085,0.16688995435334578
79.37703598434818,0.6333507414885459,-2.9650672171441297,0.1760081093329153
79.17860142272175,0.6674469636577379,-2.9309709949749374,0.18548344615069506
78.98757728040917,0.7025858918331059,-2.8958320667995694,0.19524855086596835
78.79408299832531,0.7391147554341113,-2.8593032031985643,0.2053999185005623
78.79408299832531,0.7765842525931778,-2.821833706039498,0.2158126881092667
78.60305885601272,0.8142553217278278,-2.7841626369048478,0.22628147455034045
78.4112113337764,0.8512942798147217,-2.7471236788179536,0.23657459739284872
78.21936381154005,0.8855997403346499,-2.7128182182980254,0.24610808152790556
78.0275162893037,0.9201112223913825,-2.678306736241293,0.2556988190279613
77.83566876706738,0.9578911720459605,-2.640526786586715,0.2661978633549115
77.64382124483102,0.99631325770772,-2.6021047009249556,0.2768753572156744
77.45197372259469,1.0365073540481151,-2.5619106045845603,0.28804529267132895
77.26012620035834,1.0773194612122083,-2.521098497420467,0.29938697327465746
77.26012620035834,1.1182549779403952,-2.4801629806922803,0.31076294938382004
77.06745529819824,1.1585737695684024,-2.439844189064273,0.3219675376477491
76.87560777596191,1.19991264465781,-2.3985053139748658,0.3334556070061833
76.68376025372557,1.2411134212524237,-2.3573045373802515,0.34490529880637355
76.49191273148922,1.282080138695871,-2.3163378199368045,0.35628994559126614
76.30006520925288,1.3232181918764812,-2.2751997667561943,0.36772220656081783
76.10821768701653,1.3644751512732496,-2.233942807359426,0.37918751155625124
75.91554678485645,1.405697157410413,-2.1927208012222623,0.39064310304424693
75.72452264254386,1.4468321012768401,-2.151585857355835,0.4020744999356902
75.53185174038376,1.4872210153077199,-2.1111969433249556,0.41329857520854335
75.53185174038376,1.5281446304359068,-2.0702733281967687,0.4246712438642259
75.34000421814743,1.5696083083863557,-2.0288096502463198,0.43619399592558017
75.14815669591107,1.6112841727152607,-1.9871337859174147,0.44777571456082754
74.95630917367474,1.6527913818010773,-1.9456265768315981,0.45931056392045794
74.76363827151464,1.693760565328546,-1.9046573933041295,0.47069589602985973
74.57179074927829,1.734979354578097,-1.8634386040545785,0.4821505935451015
74.38076660696572,1.776111725523878,-1.8223062331087974,0.49358127542214797
74.18891908472936,1.8171574630190306,-1.7812604956136449,0.5049878818717081
73.99624818256927,1.8582335443260323,-1.7401844143066432,0.5164029208636238
73.99624818256927,1.8991582315044881,-1.6992597271281873,0.5277758874419716
73.80440066033293,1.9406494644624777,-1.6577684941701978,0.5393062970372359
73.61255313809659,1.9815917362125675,-1.616826222420108,0.5506841503663269
73.42070561586026,2.0213232889120287,-1.5770946697206467,0.5617255449892458
73.22803471370015,2.059505524877559,-1.5389124337551165,0.5723363846428025
73.03701057138757,2.097057312762657,-1.5013606458700184,0.582772022836251
72.84433966922748,2.1333943078061046,-1.4650236508265708,0.5928700702173992
72.65249214699112,2.170035804913465,-1.4283821537192103,0.6030527386924319
72.46064462475479,2.2040270596567324,-1.394390898975943,0.6124989050727774
72.46064462475479,2.2381596290456014,-1.360258329587074,0.6219843427793629
72.26879710251845,2.2724901247023337,-1.3259278339303417,0.6315247841764977
72.0769495802821,2.3059862417924597,-1.2924317168402157,0.6408333518512915
71.88510205804576,2.3402376098240576,-1.2581803488086178,0.6503518036891133
71.69243115588566,2.373965748064632,-1.2244522105680433,0.6597248500190039
71.50140701357309,2.4076046806707363,-1.1908132779619391,0.6690731061117693
71.30873611141298,2.4405406850197493,-1.1578772736129261,0.6782260185103969
71.1177119691004,2.473697130902693,-1.1247208277299823,0.6874401915898194
70.92504106694031,2.50655143396912,-1.0918665246635553,0.6965703992099789
70.73319354470397,2.5388893691030523,-1.0595285895296231,0.7055571082320237
70.73319354470397,2.569269054480431,-1.0291489041522444,0.7139996198375744
70.54134602246762,2.5984613951870736,-0.9999565634456018,0.722112168474847
70.34949850023128,2.6264779701026932,-0.9719399885299822,0.7298979719133851
70.15765097799493,2.6523911204983848,-0.9460268381342907,0.7370992338828363
69.9658034557586,2.67603229723088,-0.9223856614017953,0.7436691145927131
69.77395593352226,2.698305571712747,-0.9001123869199286,0.7498588554004569
69.58128503136216,2.7210356007640932,-0.8773823578685822,0.7561755282585435
69.38449722958325,2.74397534937307,-0.8544426092596056,0.7625504821612562
69.1926497073469,2.765490156025853,-0.8329278026068225,0.7685294448332184
69.1926497073469,2.785300393171993,-0.8131175654606824,0.7740347078054128
68.9999788051868,2.8044857568991026,-0.7939322017335728,0.7793663185153593
68.80813128295047,2.8234723367181336,-0.7749456219145419,0.7846426871966242
68.61628376071413,2.8420105254333934,-0.756407433199282,0.7897944480338517
68.42361285855402,2.861335059705566,-0.7370828989271097,0.7951647342247075
68.23258871624144,2.880754375747218,-0.7176635828854576,0.8005613602600641
68.03991781408133,2.899280770435907,-0.6991371881967683,0.8057098435384571
67.84230663237868,2.917220891409695,-0.6811970672229806,0.8106954014086175
67.65045911014234,2.934800755600718,-0.6636172030319574,0.8155808439539586
67.65045911014234,2.9531435917055657,-0.6452743669271097,0.8206783163197916
67.45943496782975,2.9715636250082587,-0.6268543336244168,0.8257972417793823
67.26676406566965,2.9895993853917417,-0.6088185732409337,0.8308093778321759
67.0749165434333,3.00716359543842,-0.5912543631942553,0.8356904700923292
66.88306902119697,3.0243724816071813,-0.5740454770254941,0.8404728178814393
66.69039811903687,3.0408958082068223,-0.5575221504258532,0.845064648733106
66.4993739767243,3.0562118477903057,-0.5422061108423697,0.8493209746406455
66.3067030745642,3.0706373252682226,-0.5277806333644528,0.8533298134258427
66.11485555232785,3.084792396301616,-0.5136255623310593,0.8572635062864609
66.11485555232785,3.098752113250988,-0.49966584538168757,0.8611429102661686
65.92383141001527,3.1129725874556553,-0.48544537117702014,0.8650947786617096
65.73116050785517,3.126912791616517,-0.4715051670161583,0.8689687600393923
65.53931298561882,3.1401144695569125,-0.4583034890757629,0.8726375050523846
65.34746546338249,3.1533399499605026,-0.44507800867217284,0.8763128647675787
65.15479456122239,3.165914610381329,-0.4325033482513465,0.8798073616729923
64.9637704189098,3.178332087602155,-0.4200858710305204,0.8832581773824449
64.7710995167497,3.1899818758879714,-0.408436082744704,0.8864956524116778
64.58007537443713,3.2009158691030524,-0.39750208952962307,0.8895342080605151
64.58007537443713,3.2116750952833035,-0.3867428633493719,0.8925241959674062
64.38822785220079,3.2222782103138243,-0.3761397483188511,0.8954708006010018
64.19555695004068,3.232801340078995,-0.36561661855368044,0.898395177337152
64.00370942780434,3.243603454164453,-0.3548145044682225,0.9013970837887201
63.81186190556801,3.254591486081149,-0.3438264725515263,0.9044506567874696
63.620014383331664,3.2654497822319573,-0.3329681764007182,0.907468176229523
63.42816686109533,3.276141674813645,-0.3222762838190305,0.9104394521359357
63.235495958935225,3.286668449549731,-0.3117495090829445,0.913364841809148
63.04364843669888,3.2972539807454226,-0.3011639778872528,0.9163065598967584
62.8526242943863,3.3073012719727113,-0.29111668665996415,0.9190987011496067
62.8526242943863,3.3170768695583486,-0.28134108907432687,0.9218153387659196
62.66077677214995,3.326212583547577,-0.27220537508509857,0.9243541527931538
62.46810586998985,3.334696190356912,-0.2637217682757633,0.9267117462986506
62.27625834775351,3.3429233295856378,-0.2554946290470377,0.9289980674884915
62.084410825517175,3.3509405333730706,-0.2474774252596048,0.9312260476396574
61.89173992335707,3.358371248298744,-0.24004671033393166,0.9332910425933
61.700715781044494,3.365058935129623,-0.2333590235030525,0.9351495501118152
61.5080448788844,3.371655913982047,-0.22676204465062844,0.9369828498919582
61.31702073657182,3.3785198694549377,-0.2198980891777378,0.9388903424489092
61.31702073657182,3.3852502290441655,-0.21316772958850994,0.9407607087228107
61.12517321433548,3.391812469047038,-0.20660548958563751,0.9425843545800491
60.93250231217538,3.3979617007626572,-0.2004562578700182,0.9442932254745118
60.74065478993903,3.404042956386356,-0.19437500224631954,0.9459832058196547
60.54880726770269,3.4101445824387793,-0.18827337619389617,0.947678847104955
60.356959745466355,3.4163006767497315,-0.18211728188294396,0.9493896251139918
60.16428884330624,3.42282581939246,-0.17559213924021533,0.9512029616184617
59.97326470099367,3.4293593247640937,-0.16905863386858178,0.9530186221244792
59.780593798833564,3.435596905210772,-0.16282105342190345,0.9547520451226927
59.780593798833564,3.4417034641680435,-0.15671449446463193,0.9564490572617695
59.589569656520986,3.4480120239210055,-0.15040593471166996,0.9582022054022815
59.396075374437125,3.454445172124956,-0.1439727865077196,0.9599899766611808
59.19928757265821,3.4608856110075408,-0.13753234762513467,0.961779773998962
59.00744005042187,3.466911755879354,-0.1315062027533216,0.9634544390715271
58.81559252818553,3.472609809897307,-0.1258081487353686,0.9650379277277804
58.623745005949196,3.4782531819834834,-0.120164776649192,0.9666062202805223
58.43107410378909,3.48373744044237,-0.11468051819030523,0.9681302951717478
58.240049961476515,3.4892560096675043,-0.10916194896517117,0.9696639050215694
58.240049961476515,3.494737480795691,-0.10368047783698442,0.9711872053138649
58.04820243924018,3.5002326763777383,-0.09818528225493717,0.9727143196305508
57.85635491700384,3.5055966353235193,-0.09282132330915616,0.9742049632988086
57.66368401484374,3.510744440199641,-0.08767351843303439,0.9756355377721746
57.4718364926074,3.5157637972438063,-0.08265416138886916,0.9770304166055586
57.27998897037105,3.520597235719929,-0.07782072291274655,0.9783736286870031
57.08731806821095,3.525279710361221,-0.07313824827145465,0.9796748879334612
56.89547054597461,3.5297513919210055,-0.06866656671166993,0.9809175678031126
56.704446403662025,3.5341145672574505,-0.0643033913752249,0.982130093803873
56.51259888142569,3.5391412149802512,-0.05927674365242419,0.9835269987161391
56.51259888142569,3.5437855187375225,-0.054632439895152984,0.9848176502776481
56.319927979265586,3.547866064782765,-0.050551893849910545,0.9859516336259284
56.12890383695301,3.552016303673968,-0.04640165495870763,0.9871049846093088
55.936232934792905,3.5561084293357275,-0.04230952929694798,0.9882421859318908
55.74438541255657,3.5601004122398563,-0.038317546392819146,0.9893515575918871
55.55253789032023,3.5641391424301623,-0.03427881620251316,0.9904739203181561
55.35986698816013,3.5682709391095155,-0.0301470195231599,0.9916221462126609
55.16801946592379,3.572315459844883,-0.02610249878779225,0.992746118130838
54.976995323611206,3.576460980241293,-0.021956978391382442,0.9938981578449754
54.976995323611206,3.580513220475404,-0.01790473815727145,0.995024275011101
54.7843244214511,3.5846445883346503,-0.013773370298025167,0.9961723817365399
54.593300279138525,3.5887403597041296,-0.009677598928545805,0.9973105962009419
54.400629376978415,3.592738990056733,-0.005678968575942633,0.9984218151862213
54.20878185474208,3.5965853693773795,-0.0018325892552959466,0.9994907236245585
54.016934332505734,3.600239826648474,0.0018218680157984224,1.00050629694403
53.81932315080307,3.6038745552473967,0.00545659661472131,1.0015163876674278
53.627475628566735,3.607031086797846,0.008613128165170458,1.0023935874776602
53.435628106330384,3.6099242881723517,0.01150632953967623,1.003197607857662
53.435628106330384,3.61292856795404,0.014510609321364498,1.0040324969161942
53.24378058409405,3.6160525047554763,0.01763454612280091,1.0049006386488526
53.0519330618577,3.6194715088416527,0.021053550208977256,1.0058507795511828
52.860085539621366,3.622797017618672,0.024379058985996682,1.0067749381162105
52.66741463746126,3.6260225980481158,0.027604639415440335,1.0076713266031858
52.475567115224926,3.629268764789947,0.03085080615727165,1.0085734360243672
52.28371959298859,3.632392701591383,0.033974742958707616,1.0094415777570256
52.09104869082849,3.6353163528775587,0.03689839424488328,1.010254060164513
51.90002454851591,3.63814050537307,0.03972254674039455,1.011038891867772
51.70817702627957,3.6408655871612208,0.042447628528545334,1.011796191831111
51.70817702627957,3.643536630247756,0.04511867161508043,1.0125384744445374
51.51550612411946,3.6463419117113114,0.04792395307863595,1.0133180618898552
51.32448198180688,3.6492115242958705,0.05079356566319504,1.0141155269474298
51.13181107964678,3.6519370349041296,0.053519076271454136,1.0148729460798351
50.93996355741044,3.6546724098484744,0.05625445121579897,1.0156331065102773
50.74811603517409,3.6574086424330337,0.05899068380035821,1.0163935052788513
50.556268512937756,3.660077111862119,0.061659153229443486,1.0171350726731234
50.36359761077765,3.662665382352604,0.06424742371992842,1.0178543527901749
50.17257346846508,3.665083817239497,0.06666585860682162,1.0185264356095403
50.17257346846508,3.6674464981443444,0.06902853951166898,1.0191830244027291
49.97990256630498,3.6695707233867148,0.07115276475403931,1.0197733463905554
49.78805504406864,3.67140631511957,0.07298835648689472,1.020283457154218
49.597030901756064,3.673449911866428,0.07503195323375245,1.0208513724909996
49.40435999959596,3.675465202802155,0.07704724416947961,1.0214114216456267
49.21251247735961,3.6772746328244175,0.07885667419174203,1.0219142620724653
49.02066495512327,3.6791025050585286,0.08068454642585321,1.0224222275881791
48.828817432886936,3.681135808649192,0.08271785001651644,1.0229872824578576
48.636969910650585,3.6831030651016157,0.08468510646894023,1.023533982834256
48.636969910650585,3.684784690522083,0.08636673188940769,1.0240013063747118
48.44512238841425,3.6861974096315984,0.08777945099892293,1.0243939008775615
48.252451486254145,3.6876118447583486,0.08919388612567314,1.0247869722614338
48.06060396401781,3.689438000975224,0.09102004234254846,1.0252944608961252
47.86875644178147,3.69134607288474,0.09292811425206438,1.0258247138938177
47.6711452600788,3.6934604337910235,0.09504247515834807,1.026412294583607
47.47929773784246,3.6953299067332135,0.09691194810053805,1.0269318209320417
47.287450215606114,3.696711318290844,0.09829335965816854,1.027315715069274
47.09477931344601,3.6981656388452433,0.09974768021256786,1.0277198706096025
47.09477931344601,3.699467279547577,0.10104932091490149,1.0280815964339223
46.90375517113344,3.7008619860021548,0.10244402736947933,1.0284691852217205
46.7119076488971,3.70226827207325,0.10385031344057438,1.0288599919838204
46.51429646719443,3.7037800618901264,0.10536210325745099,1.0292801182265905
46.32244894495809,3.70530514660395,0.1068871879712745,1.0297039391199263
46.12977804279799,3.706846100608977,0.10842814197630135,1.030132170087741
45.93875390048541,3.707931586504847,0.10951362787217178,1.030433826512411
45.74690637824907,3.7090466661457815,0.11062870751310605,1.0307437070359504
45.55423547608897,3.7102981275274685,0.11188016889479302,1.031091488031953
45.55423547608897,3.7115615980825853,0.1131436394499099,1.0314426063760815
45.36156457392887,3.712726426750449,0.11430846811777373,1.0317663121493559
45.16560015207372,3.713811913383124,0.11539395475044856,1.0320679687787842
44.97292924991362,3.7148360706355477,0.11641811200287222,1.0323525819794177
44.781081727677275,3.715825488301616,0.11740752966894075,1.0326275410523889
44.58841082551717,3.71673384938887,0.11831589075619453,1.0328799745100072
44.3973866832046,3.717521266259246,0.1191033076265704,1.0330987975815424
44.20471578104449,3.718327983718492,0.1199100250858165,1.033322984284844
44.01369163873191,3.7192667939806103,0.12084883534793489,1.0335838795651895
44.01369163873191,3.720203889699102,0.12178593106642666,1.0338442983740284
43.82184411649557,3.7209415568057445,0.12252359817306901,1.034049295991071
43.62340955486914,3.7216950932035906,0.12327713457091516,1.034258703682592
43.43238541255657,3.722647199099461,0.12422924046678574,1.0345232938182618
43.240537890320226,3.723602736292998,0.12518477766032277,1.0347888375112184
43.04786698816012,3.72447292649623,0.12605496786355452,1.0350306632838873
42.85601946592379,3.7252710660797126,0.12685310744703715,1.03525246619635
42.66417194368744,3.7259727078764815,0.12755474924380605,1.0354474523832897
42.4723244214511,3.7265834280215437,0.1281654693888683,1.0356171714520812
42.28047689921476,3.7272138768387806,0.12879591820610514,1.0357923731169474
42.28047689921476,3.727705798341114,0.1292878397084385,1.035929078054503
42.08780599705466,3.7282942168933584,0.12987625826068294,1.036092599512824
41.89678185474208,3.7288410340007183,0.13042307536804287,1.0362445599336663
41.704934332505744,3.729444892287253,0.13102693365457752,1.0364123720926417
41.51226343034564,3.72998956603088,0.13157160739820473,1.0365637368729115
41.3204159081093,3.7305145103655297,0.13209655173285428,1.0367096188523492
41.12856838587296,3.730918511956912,0.1325005533242365,1.0368218908552203
40.936720863636616,3.731164687854937,0.13274672922226172,1.036890303113289
40.74487334140028,3.731490205051347,0.13307224641867155,1.036980764310446
40.74487334140028,3.7318603254333933,0.13344236680071786,1.0370836207285445
40.55302581916393,3.732250173750808,0.1338322151181326,1.0371919595379593
40.36117829692759,3.732476620976661,0.13405866234398545,1.0372548891999542
40.169330774691254,3.7326301584689414,0.13421219983626598,1.037297557254095
39.97171959298859,3.7328733318894085,0.13445537325673307,1.037365135123943
39.77904869082849,3.7330242964610414,0.13460633782836595,1.0374070881636868
39.588024548515904,3.7331396638061043,0.13472170517342885,1.037439148737636
39.3953536463558,3.7334162896157994,0.13499833098312397,1.0375160230231901
39.203506124119464,3.7337019213845606,0.13528396275188515,1.037595400063891
39.203506124119464,3.733840447962657,0.13542248932998158,1.0376338965864431
39.01165860188312,3.7340754723274685,0.13565751369479306,1.0376992098345186
38.81898769972302,3.734304492473968,0.13588653384129268,1.0377628545109103
38.627963557410446,3.7343589599956917,0.13594100136301623,1.0377779910298888
38.43529265525034,3.734346951559067,0.1359289929263916,1.0377746538865211
38.24426851293776,3.734371826072532,0.1359538674398566,1.037781566511389
38.05242099070142,3.734353813417595,0.13593585478491965,1.0377765607963374
37.85975008854132,3.734319074568043,0.13590111593536758,1.0377669068734325
37.667079186381216,3.734141090645601,0.13572313201292552,1.0377174451587323
37.667079186381216,3.7339472389055657,0.13552928027289024,1.0376635737790694
37.47605504406864,3.7337019213845606,0.13528396275188515,1.037595400063891
37.2842075218323,3.733310357049911,0.13489239841723544,1.037486584373454
37.09235999959595,3.732902495340755,0.13448453670807936,1.03737323964423
36.90051247735961,3.7323149344287256,0.1338969757960502,1.037209956524041
36.70784157519951,3.7319092175569133,0.13349125892423785,1.0370972078449057
36.51599405296317,3.731892490625494,0.13347453199281878,1.0370925594322946
36.324146530726836,3.7319370938111316,0.13351913517845615,1.0371049546532363
36.1322990084905,3.731748388649192,0.13333043001651657,1.0370525135071245
36.1322990084905,3.731439168827289,0.13302121019461355,1.0369665813487543
35.93468782678782,3.731141527885099,0.13272356925242335,1.036883866959928
35.74284030455148,3.7310621858499102,0.1326442272172348,1.0368618178160818
35.55016940239138,3.7310780544043087,0.1326600957716333,1.0368662276858027
35.359145260078805,3.7309382406290847,0.1325202819964093,1.0368273734512943
35.16729773784247,3.7305831311612208,0.13216517252854532,1.036728688564784
34.975450215606116,3.730167978036625,0.13175001940394937,1.0366133175519199
34.78360269336978,3.729727093495152,0.13130913486247664,1.0364907957808134
34.59093179120968,3.7292360296330345,0.13081807100035903,1.0363543291813904
34.39908426897334,3.72871279984201,0.13029484120933477,1.036208923673459
34.39908426897334,3.7282067258025138,0.12978876716983834,1.0360682857472052
34.207236746736996,3.72767706297307,0.12925910434039478,1.035921092498524
34.01538922450066,3.7272228827978453,0.12880492416516987,1.0357948758720938
33.82354170226432,3.7267352502333937,0.12831729160071825,1.0356593628299577
33.63169418002797,3.7262506201464998,0.12783266151382433,1.0355246841760422
33.439846657791634,3.725686218467505,0.1272682598348296,1.0353678370044566
33.2479991355553,3.7251689928947935,0.1267510342621181,1.0352241000682092
33.055328233395194,3.7246217469673253,0.12620378833464985,1.0350720204783006
32.86348071115886,3.7240616342262114,0.12564367559353595,1.034916365202134
32.86348071115886,3.7235362603346505,0.12511830170197502,1.0347703638488726
32.67163318892251,3.7229993068265705,0.1245813481938951,1.034621144521309
32.47978566668617,3.7227754332581684,0.12435747462549296,1.0345589300784688
32.287938144449825,3.7248503382937166,0.12643237966104115,1.0351355459856262
32.09609062221349,3.72431938900395,0.12590143037127444,1.0349879952297465
31.90341972005339,3.722315248864632,0.12389729023195661,1.0344310448803549
31.71157219781705,3.720627619225853,0.12220966059317773,1.0339620527682156
31.51972467558071,3.7194683659561942,0.1210504073235188,1.033639896397559
31.32787715334437,3.718581020738241,0.12016306210556538,1.033393303247971
31.32787715334437,3.7177575778211853,0.11933961918850988,1.0331644685415744
31.136029631108023,3.7169898888861765,0.1185719302535011,1.032951127861355
30.944182108871683,3.716292535290485,0.11787457665780954,1.0327573333650768
30.751511206711584,3.7156037595705578,0.11718580093788233,1.0325659226596375
30.560487064399005,3.7149321388653505,0.11651418023267501,1.0323792793311168
30.36863954216267,3.7142274945910234,0.11580953595834798,1.0321834587559566
30.175968640002566,3.713384323001796,0.11496636436912056,1.0319491414534863
29.984121117766218,3.7125115598779175,0.11409360124524204,1.0317066006664204
29.792273595529878,3.711739582005027,0.11332162337235152,1.0314920680907815
29.792273595529878,3.710981756669301,0.11256379803662542,1.0312814685038414
29.594662413827216,3.710495839385278,0.11207788075260261,1.0311464321379693
29.402814891590875,3.7100077780007186,0.11158981936804313,1.031010799926767
29.210967369354538,3.7091749003044883,0.11075694167181283,1.0307793432961574
29.019119847118187,3.708483122107002,0.1100651634743266,1.030587098202497
28.82727232488185,3.70781064376158,0.10939268512890443,1.0304002165358443
28.634601422721747,3.707095277510952,0.10867731887827636,1.0302014163245148
28.443577280409173,3.706407359431239,0.10798940079856356,1.0300102439572076
28.25090637824907,3.705636239198564,0.10721828056588878,1.0297959497197011
28.059882235936495,3.70481708521939,0.10639912658671458,1.0295683069087238
28.059882235936495,3.703974343187074,0.10555638455439853,1.0293341089800774
27.867211333776392,3.7031496130728914,0.10473165444021593,1.0291049165617248
27.675363811540045,3.7023995079727117,0.10398154934003623,1.0288964624274906
27.483516289303704,3.701683712901975,0.1032657542692994,1.0286975430470946
27.291668767067367,3.700924173022621,0.10250621438994578,1.0284864669886475
27.099821244831027,3.700028678749013,0.10161072011633765,1.0282376092172871
26.90797372259469,3.699086007632317,0.10066804899964144,1.0279756410058305
26.704598881425685,3.698226968225494,0.09980900959281858,1.027736914038397
26.512751359189348,3.6972547048373428,0.09883674620466731,1.027466722137587
26.512751359189348,3.6962682889120293,0.09785033027935386,1.0271925972480793
26.315140177486683,3.695439699416876,0.09702174078420045,1.026962332308131
26.123292655250342,3.694536485644525,0.09611852701184942,1.0267113292888224
25.931445133013995,3.6935920992473967,0.09517414061472129,1.026448884401101
25.739597610777654,3.6926652966851,0.09424733805242447,1.0261913260593654
25.547750088541317,3.691842711408258,0.09342475277558249,1.0259627296911007
25.355902566304977,3.6908974681077202,0.0924795094750448,1.0257000466700052
25.163231664144877,3.689829565309874,0.09141160667719861,1.0254032765865622
24.971384141908537,3.6886008336043092,0.0901828749716338,1.0250618121653388
24.971384141908537,3.6874012660868942,0.08898330745421879,1.0247284524691598
24.7795366196722,3.686191834233394,0.08777387560071848,1.024392351474944
24.58768909743585,3.6850934815238783,0.08667552289120284,1.0240871193640158
24.395841575199512,3.6842245777809697,0.08580661914829424,1.0238456510985452
24.20399405296317,3.683175974098385,0.08475801546570949,1.0235542442373524
24.012146530726834,3.6822028538068223,0.08378489517414689,1.0232838142031682
23.820299008490494,3.6812623275274694,0.08284436889479396,1.0230224420418002
23.628451486254146,3.680317512310234,0.08189955367755841,1.0227598779850127
23.43660396401781,3.679412153700538,0.08099419506786276,1.0225082789156152
23.43660396401781,3.678583993025494,0.08016603439281855,1.0222781331447335
23.243933061857707,3.677673917394615,0.07925595876193947,1.0220252232156086
23.052085539621366,3.6766446135640938,0.07822665493141834,1.0217391797814235
22.86023801738503,3.67560029881939,0.07718234018671444,1.0214489648156497
22.66839049514869,3.674561989029803,0.0761440303971277,1.021160418626318
22.47571959298859,3.673524536143627,0.0751065775109514,1.0208721105703602
22.28387207075224,3.6724407655281874,0.074022806895512,1.0205709308219546
22.092847928439664,3.671251490430162,0.07283353179748664,1.0202404313881208
21.900177026279565,3.670175868133573,0.07175790950089755,1.0199415160567296
21.900177026279565,3.6691002458369844,0.07068228720430891,1.0196426007253383
21.708329504043224,3.6680289124782766,0.06961095384560112,1.0193448772893663
21.516481981806887,3.6670304873795336,0.06861252874685819,1.0190674150517327
21.324634459570547,3.6660629424861764,0.06764498385350093,1.0187985344201662
21.131963557410444,3.664963731399641,0.0665457727669656,1.0184930637663479
20.935175755631533,3.6641651637328545,0.06574720510017906,1.018271141889577
20.743328233395193,3.6633022634714543,0.06488430483877883,1.0180313419910325
20.550657331235094,3.6623638820294437,0.0639459233967683,1.0177705658797531
20.358809808998753,3.6614396531245967,0.0630216944919213,1.017513722757172
20.358809808998753,3.660505559883663,0.06208760125098767,1.0172541383365539
20.166962286762416,3.659614354547936,0.06119639591526038,1.0170064724606125
19.975114764526065,3.658701705259605,0.0602837466269297,1.0167528473123328
19.783267242289728,3.6576874116064637,0.05926945297378827,1.0164709752049785
19.591419720053388,3.65662637140395,0.05820841277127453,1.0161761122361095
19.393808538350722,3.6556476749773794,0.057229716344703974,1.01590413259455
19.201961016114385,3.6549258756883303,0.05650791705565483,1.0157035446424703
19.010113493878034,3.6541834908236988,0.055765532191023315,1.0154972359609424
18.818265971641697,3.653209940975225,0.05479198234254934,1.0152266865529342
18.818265971641697,3.652367627026212,0.053949668393536765,1.0149926075885962
18.626418449405357,3.651667700509875,0.053249741877199774,1.0147980980779214
18.43457092716902,3.650915451309156,0.05249749267648074,1.0145890480983561
18.24272340493268,3.65003239429228,0.05161443565960466,1.0143436466394296
18.05005250277258,3.6491433330570917,0.05072537442441627,1.0140965766088192
17.85820498053623,3.648246981143268,0.0498290225105924,1.0138474804993265
17.666357458299892,3.6472258263684023,0.04880786773572687,1.0135637016869137
17.47450993606355,3.6463144635403952,0.047896504907719795,1.0133104340458325
17.281839033903452,3.645409104930701,0.04699114629802548,1.0130588349764353
17.090814891590874,3.6444214025450634,0.046003443912387976,1.0127843525797289
17.090814891590874,3.6436627195691202,0.045244760936444806,1.012573514654656
16.898967369354537,3.6429786616071813,0.04456070297450587,1.0123834150137017
16.707119847118186,3.6422405649436267,0.04382260631095125,1.0121782980228353
16.51527232488185,3.6413961068940752,0.042978148261399785,1.0119436232131662
16.322601422721746,3.640618554359784,0.04220059572710877,1.0117275414396676
16.13075390048541,3.6398139817378823,0.04139602310520685,1.0115039507864552
15.93890637824907,3.639173668584561,0.0407557099518856,1.0113260078235524
15.747058856012732,3.6384990461386,0.04008108750592454,1.011138530311569
15.555211333776382,3.6374581626915625,0.039040204058887085,1.0108492689030826
15.555211333776382,3.636415563964094,0.037997605331418605,1.0105595308183313
15.357600152073717,3.63587946809623,0.03746150946355442,1.0104105498289
15.165752629837378,3.635362672080431,0.03694471344775563,1.0102669322664768
14.97390510760104,3.634772108690844,0.03635415005816878,1.0101028147580673
14.779587445593414,3.634023718871096,0.03560576023842055,1.0098948373000978
14.584446403662024,3.6333349431511666,0.03491698451849112,1.009703426594658
14.392598881425686,3.6326942019145427,0.03427624328186729,1.0095253646674471
14.199927979265585,3.6318853403547586,0.03346738172208319,1.0093005821188155
14.008903836953008,3.6309915620983846,0.032573603465709144,1.0090522012284773
14.008903836953008,3.630059612957989,0.03164165432531352,1.0087932126531896
13.816232934792907,3.629295784140754,0.030877825508078605,1.0085809446993232
13.624385412556569,3.6286516116064633,0.030233652973787883,1.0084019292148252
13.427597610777655,3.627557118277918,0.029139159645242607,1.0080977696254925
13.234926708617554,3.626226314861041,0.02780835622836575,1.0077279394856433
13.043079186381215,3.625580855129624,0.027162896496948363,1.0075485662891894
12.851231664144876,3.625093222565171,0.02667526393249542,1.0074130532470529
12.659384141908538,3.624510808231239,0.026092849598563728,1.0072512003604157
12.467536619672188,3.6234519121292643,0.02503395349658888,1.0069569332368775
12.467536619672188,3.6229329712761227,0.024515012643447243,1.006812719624366
12.269925437969524,3.6224672114843806,0.024049252851705116,1.006683285023634
12.078077915733186,3.6218063127554756,0.02338835412280016,1.006499621331283
11.886230393496847,3.621117537035548,0.02269957840287251,1.0063082106258434
11.694382871260508,3.6204506340883307,0.022032675455655237,1.0061228783618086
11.501711969100405,3.619631908929264,0.021213950296588457,1.0058953547198974
11.309864446864058,3.618929837575584,0.020511878942908623,1.005700249159134
11.11801692462772,3.618246208433752,0.01982824980107667,1.005510268687246
10.92616940239138,3.617448069587074,0.019030110954398438,1.0052884659795411
10.92616940239138,3.6163801667892286,0.01796220815655314,1.0049916958960983
10.734321880155042,3.6154696616014363,0.017051702968760907,1.0047386665931493
10.54165097799494,3.6148143382707367,0.016396379638061287,1.0045565523034161
10.350626835682364,3.6143267057062833,0.0159087470736079,1.0044210392612793
10.158779313446015,3.613860088274327,0.01544212964165137,1.0042913663224156
9.966931791209676,3.613390897184919,0.014972938552243686,1.0041609781643968
9.774260889049575,3.612843650520647,0.014425691887971492,1.0040088983697304
9.582413366813237,3.6123594492538604,0.013941490621184993,1.003874338884881
9.389742464653136,3.611839650760503,0.013421692127827622,1.003729886934237
9.389742464653136,3.6112966930341117,0.012878734401436276,1.0035789990349897
9.198718322340559,3.6109428700265718,0.012524911393896332,1.0034806716556783
9.00687080010421,3.6105873310017955,0.01216937236912008,1.003381867395344
8.814199897944109,3.6103278609436273,0.011909902310951903,1.0033097606914672
8.62235237570777,3.6099933370513466,0.011575378418671178,1.0032167965344052
8.431328233395194,3.609543016257092,0.011125057624416623,1.0030916524295705
8.238657331235093,3.609030080359067,0.010612121726391699,1.0029491075935004
8.046809808998754,3.6083151429285465,0.009897184295871053,1.0027504265512368
7.854962286762415,3.607670541574147,0.009252582941471577,1.0025712918976726
7.663114764526066,3.607239520631957,0.008821561999281524,1.0024515112198455
7.663114764526066,3.6070499570929986,0.008631998460323143,1.0023988315308439
7.471267242289727,3.606897277240934,0.008479318608258346,1.0023564018148354
7.278596340129626,3.606832945383124,0.008414986750448605,1.00233852399782
7.08757219781705,3.606627942846679,0.00820998421400354,1.0022815538129215
6.894901295656949,3.6062200811375233,0.007802122504847908,1.0021682090836976
6.702230393496847,3.605748317127469,0.007330358494793465,1.0020371059112818
6.5112062511842606,3.6053932069228014,0.006975248290125968,1.001938420820014
6.319358728947922,3.6049857747705567,0.006567816137881266,1.0018251954646138
6.127511206711583,3.604610507073609,0.006192548440933532,1.001720908608206
6.127511206711583,3.6043381709385995,0.0059202123059241,1.0016452264228288
5.935663684475244,3.6040340969579896,0.005616138325314157,1.0015607242932525
5.743816162238906,3.603754470144345,0.005336511511669695,1.0014830160289934
5.551145260078805,3.6033200179044886,0.004902059271813197,1.0013622817938792
5.359297737842466,3.602021379679713,0.0036034210470377026,1.0010013903577801
5.167450215606117,3.6017782062592465,0.0033602476265710557,1.0009338124879323
4.975602693369778,3.6019617655798926,0.0035438069472171208,1.00098482360525
4.783755171133439,3.6020908573788155,0.003672898746140074,1.0010206982035894
4.5919076488971005,3.6020912869357273,0.0036733283030518926,1.0010208175774133
4.5919076488971005,3.601881565904489,0.003463607271813718,1.0009625361232717
4.400060126660762,3.60150715658456,0.003089197951884781,1.0008584878097537
4.207389224500661,3.60119107490413,0.002773116271454601,1.0007706487415675
4.0163650821880745,3.6009813538728905,0.002563395240215094,1.0007123672874256
3.823694180027973,3.600776351336446,0.0023583927037704733,1.0006553971025274
3.6318466577916344,3.600472277355835,0.0020543187231596427,1.0005708949729508
3.4399991355552957,3.600221384436625,0.0018034258039496542,1.0005011718551546
3.2473282333951943,3.6000133794226215,0.0015954207899460116,1.0004433672820352
3.0563040910826182,3.599715310397128,0.001297351764452781,1.0003605339289008
2.8636331889225066,3.5994524090412927,0.0010344504086172712,1.0002874736677365
2.8636331889225066,3.5992414015497305,0.0008234429170550506,1.0002288347063963
2.671785666686168,3.599038114293717,0.0006201556610414549,1.0001723411977628
2.479938144449829,3.5986645626140037,0.0002466039813282528,1.000068531222377
2.2880906222134905,3.598529466596769,0.00011150796409342689,1.000030988052354
2.0913028204345876,3.5986010891332136,0.0001831305005381978,1.0000508919482516
1.8936916387319116,3.5986508388969485,0.00023288026427303876,1.0000647174027448
1.7010207365718104,3.5986967285429086,0.00027876991023312314,1.0000774701308848
1.5042329347929075,3.5986594160359076,0.00024145740323211484,1.0000671009888256
1.5042329347929075,3.5985629189859965,0.00014496035332101087,1.00004028446806
1.306621753090242,3.5983227480430884,-9.521058958705808e-05,0.999973540986433
1.1139508509301304,3.5981280386628365,-0.00028991996983895874,0.9999194312686376
0.9229267086175542,3.5981421912000005,-0.00027576743267498927,0.9999233642573361
0.730255806457453,3.598333041199282,-8.491743339344993e-05,0.9999764014535361
0.5392316641448768,3.5984428338829453,2.4875250269840166e-05,1.0000069128296256
0.34738414190853806,3.5984445491633754,2.6590530699976966e-05,1.00000738950589
0.15388985982467446,3.5984085238535015,-9.434779173922436e-06,0.999997378075787
-0.037134282487912194,3.5984179586326754,0.0,1.0
-0.037134282487912194,3.598192369783842,-0.0002255888488336133,0.9999373088808952
-0.2289818047242509,3.597978789371634,-0.0004391692610412612,0.9998779549051583
-0.4208293269605896,3.597982219932496,-0.0004357387001796553,0.9998789082576874
-0.6126768491969283,3.5979693538556554,-0.000448604777020023,0.9998753327761875
-0.8053477513570295,3.598116029489408,-0.00030192914326754305,0.9999160939205122
-0.9963718936696058,3.5983004464502693,-0.00011751218240618755,0.9999673433759622
-1.1890427958297174,3.5984299670693005,1.2008436625077223e-05,1.0000033371433679
-1.3808903180660559,3.5984664219360862,4.846330341079508e-05,1.0000134679472945
-1.5727378403023946,3.598562490165889,0.0001445315332135877,1.0000401652989939
-1.7645853625387333,3.598664991434112,0.00024703280143656414,1.0000686503914433
-1.7645853625387333,3.5988193873034118,0.0004014286707363368,1.0001115569884742
-1.956432884775072,3.598985791609336,0.0005678329766607426,1.0001578007288727
-2.148280407011411,3.5991805009895876,0.0007625423569121992,1.000211910446668
-2.34012792924776,3.599359772109157,0.0009418134764813679,1.0002617298733245
-2.532798831407861,3.599441258244884,0.0010232996122083726,1.0002843748625012
-2.7246463536441996,3.599428392168044,0.001010433535368449,1.0002807993810015
-2.9164938758805383,3.5995330375368044,0.0011150789041289855,1.000309880318781
-3.108341398116877,3.5996424014003594,0.0012244427676839642,1.0003402725258044
-3.3001889203532158,3.5996608428754038,0.001242884242728337,1.000345397409922
-3.3001889203532158,3.59973246541185,0.0013145067791744403,1.00036530130582
-3.492859822513317,3.599919455293357,0.001501496660681667,1.0004172657756667
-3.683883964825904,3.6002749943181334,0.0018570356854579195,1.000516070036001
-3.8757314870622426,3.6006429705996412,0.002225011966965784,1.0006183306087688
-4.073342668764908,3.6008775661443453,0.002459607511669848,1.000683524687778
-4.265190191001246,3.6010010825450625,0.0025831239123870198,1.0007178498834994
-4.457037713237585,3.601233533252424,0.002815574619748684,1.0007824479124205
-4.6488852354739345,3.601637963663914,0.0032200050312387596,1.0008948390843575
-4.8415561376340355,3.6020642675849195,0.0036463089522440484,1.001013308902457
-4.8415561376340355,3.6022027941630164,0.0037848355303409242,1.0010518054250093
-5.033403659870374,3.6024785623324957,0.004060603699820309,1.001128441372431
