Angle (degree),rho (mOhm cm),Delta rho (mOhm cm),rho/rho(theta=0)
102.74260560007853,1.7310224323228007,-2.059350217397128,0.45668924728303595
102.74260560007853,1.7311200016071815,-2.0592526481127473,0.456714988626539
102.74260560007853,1.73138724531921,-2.0589854044007185,0.45678549454686007
102.74260560007853,1.7320864481095155,-2.058286201610413,0.45696996263348927
102.74260560007853,1.732971944317056,-2.0574007054028725,0.4572035798235051
102.74260560007853,1.7338402853256734,-2.056532364394255,0.4574326710208262
102.55569835738474,1.7339027403587075,-2.056469909361221,0.4574491483012431
102.35891055560583,1.7330488740549377,-2.057323775664991,0.45722387591177693
102.16706303336949,1.7308957797145423,-2.059476870005386,0.4566558329937397
101.97439213120938,1.7231064433432675,-2.067266206376661,0.454600801182593
101.78254460897305,1.707496274979533,-2.0828763747403958,0.45048242818702805
101.78254460897305,1.6844910684915622,-2.1058815812283664,0.4444130496287824
101.59069708673671,1.656537430847397,-2.1338352188725316,0.43703814477708386
101.39884956450038,1.6243330904919213,-2.1660395592280075,0.42854179274746074
101.20700204226404,1.5934716697475764,-2.1969009799723525,0.42039973823294613
101.01515452002769,1.559475161405386,-2.2308974883145427,0.411430565150531
100.82248361786759,1.5269104307213646,-2.263462218998564,0.402839132673192
100.63145947555502,1.4932735084858169,-2.2970991412341117,0.39396482786360204
100.43878857339492,1.4581213119016159,-2.3322513378183127,0.3846907538258426
100.24694105115857,1.4219652761806103,-2.368407373539318,0.3751518406206523
100.24694105115857,1.3848359586236985,-2.40553669109623,0.36535615006773126
100.05509352892224,1.3455275461917415,-2.444845103528187,0.35498555697186207
99.86324600668588,1.3088474768262117,-2.4815251728937167,0.3453083899080273
99.67057510452578,1.269191138215799,-2.5211815115041296,0.33484600473507
99.47955096221321,1.2317356064456013,-2.5586370432743273,0.32496425029254433
99.28770343997687,1.191070603919569,-2.5993020458003597,0.31423575304860263
99.09503253781676,1.1528933533561943,-2.6374792963637343,0.30416359020567063
98.90318501558042,1.1129274863870737,-2.677445163332855,0.29361954331042045
98.71133749334409,1.0752632124301618,-2.715109437289767,0.2836827171886683
98.51866659118399,1.0350290967479354,-2.7553435529719934,0.2730678992273791
98.51866659118399,0.9988591895806106,-2.791513460139318,0.26352532636980075
98.32764244887142,0.9589551747543986,-2.83141747496553,0.25299759769669505
98.13497154671131,0.923223458740395,-2.8671491909795335,0.24357063119073852
97.94312402447497,0.8882964221849193,-2.902076227535009,0.23435596029075287
97.75127650223862,0.8576994307443447,-2.9326732189755838,0.22628366918163584
97.56025235992604,0.825899775550449,-2.9644728741694797,0.21789408374173314
97.36675807784216,0.7956365706452424,-2.994736079074686,0.20990985429995443
97.17573393552959,0.7636556481447038,-3.026717001575225,0.20147244577683687
96.97812275382694,0.7362148530086177,-3.054157796711311,0.19423284226763737
96.97812275382694,0.7080280136692999,-3.0823446360506286,0.18679641267504826
96.7862752315906,0.6824020364369839,-3.1079706132829448,0.18003560586250186
96.59442770935424,0.655218567258528,-3.1351540824614004,0.17286389170915484
96.4025801871179,0.6295804609378816,-3.160792188782047,0.1660998849240856
96.21073266488156,0.6022903756233394,-3.188082274096589,0.1589000426298039
96.01806176272146,0.5775299249913824,-3.2128427247285463,0.152367584499655
95.82703762040889,0.5506323957500898,-3.239740253969839,0.14527130882257083
95.63436671824878,0.5253456332746859,-3.265027016445243,0.13859999578498008
95.44251919601244,0.49902296612315983,-3.291349683596769,0.13165538384729342
95.44251919601244,0.4752395833960503,-3.3151330663238783,0.12538070192944376
95.24490801430977,0.45114864915619385,-3.3392240005637346,0.11902487983326107
95.05388387199719,0.4295353481612209,-3.360837301558708,0.11332272255419513
94.8612129698371,0.4073360276488331,-3.3830366220710957,0.10746595791285356
94.66936544760075,0.3882745087529623,-3.402098140966966,0.1024370278689226
94.47751792536441,0.3676460491324955,-3.422726600587433,0.09699469764791094
94.28567040312808,0.34948024555152607,-3.4408924041684026,0.09220208086330225
94.09299950096798,0.3304882850348295,-3.459884364685099,0.08719150214933336
93.90115197873163,0.3139525475192101,-3.4764201022007186,0.08282893966702934
93.90115197873163,0.29723098574649914,-3.4931416639734296,0.07841735185812446
93.71012783641906,0.28236505217881513,-3.5080075975411136,0.07449532757674344
93.5182803141827,0.2677778212879713,-3.5225948284319575,0.07064683239199646
93.32560941202262,0.25420593896983845,-3.53616671075009,0.06706621286659553
93.13376188978627,0.24039013316445246,-3.549982516555476,0.0634212399095416
92.94191436754993,0.22823010918420109,-3.5621425405357274,0.060213105748603654
92.7500668453136,0.21567975722692997,-3.574692892492999,0.05690199280085735
92.55821932307724,0.20486504857701976,-3.585507601142909,0.05404878820876815
92.36554842091714,0.19436228058312388,-3.596010369136805,0.05127788176644989
92.1737008986808,0.1850208298319569,-3.6053518198879715,0.04881336135792034
92.1737008986808,0.1757683040664991,-3.6146043456534294,0.04637230169954045
91.98185337644446,0.1677254614232316,-3.622647188296697,0.0442503882660785
91.79000585420813,0.1597167781513465,-3.630655871568582,0.04213748697325262
91.59733495204803,0.15314052580675047,-3.637232123913178,0.040402498635079075
91.40631080973544,0.14652396575353682,-3.6438486839663917,0.03865687606319223
91.2144632874991,0.14077249662829444,-3.649600153091634,0.037139487231867864
91.02261576526276,0.13498623153274686,-3.655386418187182,0.03561291830836765
90.83076824302643,0.13038065857551168,-3.659991991144417,0.03439784702571277
90.63809734086632,0.1266203410006104,-3.6637523087193182,0.033405776344963445
90.63809734086632,0.12375611572653503,-3.6666165339933934,0.03265011838233884
90.44624981862998,0.12123204319809695,-3.6691406065218315,0.03198420166076674
90.25440229639365,0.11920813117303412,-3.6711645185468944,0.03145024043528871
90.06255477415729,0.11810438553490127,-3.6722682641850275,0.031159043305050236
89.87070725192096,0.11839876908366248,-3.671973880636266,0.031236709428137888
89.67885972968462,0.11938361874721723,-3.6709890309727116,0.03149653867306121
89.48701220744827,0.12077115167504489,-3.6696014980448837,0.03186260635454107
89.29516468521194,0.12331830146703772,-3.667054348252891,0.0325346114652209
89.10249378305184,0.12605621753892282,-3.664316432181006,0.03325694573810233
89.10249378305184,0.1294924485335009,-3.6608802011864277,0.03416351385478394
88.90488260134916,0.132719376043842,-3.6576532736760865,0.035014862207189225
88.71303507911283,0.13642192930298028,-3.6539507204169484,0.03599169314211375
88.52118755687648,0.14036639577091561,-3.650006253949013,0.037032347144359885
88.32934003464015,0.14531875562294438,-3.6450538940969843,0.038338909931107175
88.13749251240381,0.15035259365321366,-3.640020056066715,0.03966696880432673
87.94564499016747,0.15675672578509875,-3.63361592393483,0.04135654730325303
87.75379746793112,0.16354148584685818,-3.6268311638730704,0.043146545461418495
87.56112656577102,0.1718452563156194,-3.6185273934043094,0.04533729851821221
87.56112656577102,0.17972423793565528,-3.610648411784273,0.04741598110384612
87.37010242345845,0.1889691244771993,-3.601403525242729,0.049855025334029426
87.1782549012221,0.19852786139784562,-3.591844788322083,0.052376871549164136
86.985583999062,0.20978218525960504,-3.5805904644603235,0.05534605819697066
86.78797281735933,0.22073363171095153,-3.569639018008977,0.05823533781757886
86.59612529512299,0.23329239373680435,-3.557080255983124,0.06154866956262002
86.40427777288664,0.24552011658635553,-3.544852533133573,0.06477466446590603
86.21243025065031,0.25996975516696585,-3.530402894552963,0.06858685918023788
86.01975934849021,0.27403481192315976,-3.516337837796769,0.07229759109395438
86.01975934849021,0.2904663627307002,-3.4999062869892286,0.07663266638233125
85.82791182625387,0.3062662084696589,-3.48410644125027,0.08080108125840581
85.63688768394128,0.32387236165421907,-3.4665002880657094,0.08544604754842511
85.44504016170495,0.34093156308043093,-3.4494410866394976,0.08994671357857714
85.25236925954485,0.3597329416104129,-3.4306397081095157,0.09490701175173202
85.0605217373085,0.37771962216947935,-3.412653027550449,0.09965237117183956
84.86867421507216,0.39805477049407545,-3.3923178792258533,0.10501731815827865
84.67188641329325,0.41677905184739683,-3.3735935978725315,0.10995727606840787
84.47921551113315,0.43798632724955117,-3.3523863224703776,0.11555231311673644
84.47921551113315,0.4587446895220826,-3.331627960197846,0.12102891507408363
84.28736798889682,0.4813591156351886,-3.30901353408474,0.12699519549107033
84.09552046666047,0.5026769273407541,-3.2876957223791745,0.13261939492358277
83.90367294442413,0.5270554770107719,-3.2633171727091566,0.13905109753515033
83.7118254221878,0.5513513336596051,-3.2390213160603234,0.1454609835527239
83.5191545200277,0.5782221585339319,-3.2121504911859966,0.15255021391541987
83.32813037771511,0.6040790588940755,-3.186293590825853,0.15937194432286522
83.13545947555501,0.6331319608588869,-3.157240688861042,0.16703686401538095
82.94361195331867,0.6620115027166965,-3.128361147003232,0.17465604675192364
82.75176443108234,0.6931578583971275,-3.097214791322801,0.18287327459698324
82.75176443108234,0.723067709270736,-3.0673049404491923,0.19076427995125061
82.55991690884599,0.7566545733899461,-3.0337180763299827,0.1996253781131139
82.36806938660966,0.7885310244075404,-3.0018416253123883,0.20803522431120464
82.1762218643733,0.8236548077913826,-2.966717841928546,0.21730180219938072
81.98437434213697,0.8572831523353681,-2.9330894973845605,0.2261738439883247
81.79252681990063,0.8956945427299822,-2.8946781069899465,0.23630777907712194
81.60067929766429,0.9318732285522442,-2.8584994211676844,0.24585266797477037
81.40800839550418,0.9701464403245961,-2.8202262093953325,0.25595014790861803
81.21616087326785,1.003896612698025,-2.7864760370219033,0.26485433108330475
81.21616087326785,1.041877853237343,-2.7484947964825857,0.2748747813264027
81.02431335103151,1.0783635878876123,-2.7120090618323163,0.2845006777809282
80.8316424488714,1.1180557779220828,-2.672316871797846,0.29497252150252196
80.63979492663506,1.1545840650473969,-2.6357885846725315,0.3046096444191864
80.44794740439872,1.1941004826775583,-2.59627216704237,0.3150351147573288
80.25609988216239,1.230713405961221,-2.5596592437587073,0.3246945669186798
80.0650757398498,1.2713960998955116,-2.518976549824417,0.33542773162144235
79.8724048376897,1.3102192117486535,-2.480153437971275,0.34567028966016466
79.68055731545336,1.3546945144987432,-2.4356781352211856,0.3574040443223549
79.68055731545336,1.3970878895472174,-2.393284760172711,0.3685885316976547
79.48870979321701,1.4440601920750449,-2.346312457644884,0.3809810605777104
79.29686227098068,1.488361397729623,-2.3020112519903053,0.39266888384697435
79.10419136882058,1.5362102166624776,-2.2541624330574512,0.4052926608089546
78.91316722650801,1.580958124112747,-2.2094145256071815,0.4170983357611459
78.72131970427166,1.629212231281508,-2.1611604184384205,0.42982903841971604
78.52947218203532,1.6738262488631956,-2.116546400856733,0.4415993897029821
78.33680127987522,1.721598406070736,-2.0687742436491927,0.45420294128545524
78.14495375763887,1.7646783858452428,-2.0256942638746858,0.46556857304667265
77.95310623540253,1.8117364636308797,-1.978636186089049,0.47798373169581343
77.95310623540253,1.8538355214614006,-1.936537128258528,0.4890905704478373
77.7612587131662,1.8959939535619392,-1.8943786961579894,0.5002130736939637
77.56941119092984,1.9352653745493718,-1.8551072751705568,0.5105739074738124
77.37674028876975,1.9756971757486539,-1.8146754739712747,0.5212408800740578
77.18489276653341,2.0123052757271096,-1.778067373992819,0.5308990597206318
76.99304524429706,2.0503580168617597,-1.740014632858169,0.5409383737013987
76.80119772206073,2.086021380829443,-1.7043512688904854,0.5503473071397293
76.60935019982439,2.12420828113465,-1.6661643685852785,0.5604220158383657
76.41750267758805,2.1577950782046678,-1.6325775715152608,0.5692830963108885
76.41750267758805,2.1939273923267506,-1.596445257393178,0.5788157511343536
76.22565515535172,2.2266833743842014,-1.5636892753357272,0.5874576407543284
76.03298425319161,2.261729557906643,-1.5286430918132856,0.5967037457580227
75.84113673095527,2.2945340585278275,-1.495838591192101,0.6053584358512536
75.65011258864268,2.3292532225098745,-1.461119427210054,0.6145182644988701
75.45250140694002,2.3599323724201082,-1.4304402772998204,0.6226122311732288
75.25983050477993,2.3922195387899463,-1.3981531109299823,0.6311304348839442
75.06798298254358,2.422246793719929,-1.3681258559999998,0.6390524145162637
74.87613546030724,2.4551904103626576,-1.335182239357271,0.6477438070750305
74.87613546030724,2.4865485236014364,-1.3038241261184922,0.6560169021336644
74.6842879380709,2.520272963084381,-1.2700996866355476,0.6649142962950105
74.49244041583455,2.5508636559533215,-1.239508993766607,0.6729849256752645
74.29976951367445,2.583987937012567,-1.2063847127073615,0.6817239822589736
74.10874537136186,2.6137589387719933,-1.1766137109479353,0.6895783555648873
73.91607446920176,2.6442785981795334,-1.1460940515403952,0.6976302444496901
73.72505032688919,2.671487062707361,-1.1188855870125676,0.7048085530336332
73.53237942472909,2.700534067658887,-1.0898385820610414,0.7124719169389401
73.34053190249276,2.7267743436947938,-1.0635983060251348,0.7193947919332617
73.34053190249276,2.75251283389228,-1.0378598158276486,0.7261852826253544
73.14868438025641,2.7743531043231595,-1.016019545396769,0.7319473204113999
72.95683685802007,2.7968275772208258,-0.9935450724991028,0.7378766774890811
72.76498933578374,2.81708850945781,-0.9732841402621184,0.7432220443195646
72.57231843362364,2.8380133963195697,-0.9523592534003589,0.7487425798435072
72.38129429131105,2.8566330711705565,-0.9337395785493721,0.7536549398069432
72.18862338915095,2.876501581432675,-0.9138710682872535,0.7588967753989098
71.99759924683838,2.8948993142477564,-0.8954733354721722,0.7637505812157179
71.80492834467827,2.914138181019749,-0.8762344687001797,0.7688263002940028
71.61308082244192,2.9321488502693,-0.8582237994506285,0.7735779885616146
71.61308082244192,2.9510113776624776,-0.839361272057451,0.778554419413228
71.42123330020559,2.9678056474685817,-0.8225670022513469,0.7829851895137206
71.22938577796924,2.9857179459748657,-0.8046547037450629,0.7877109249918952
71.03671487580914,3.002326458204668,-0.7880461915152606,0.7920926873579331
70.84569073349657,3.0204545335368045,-0.7699181161831241,0.796875350438165
70.65384321126022,3.0368504832495513,-0.7535221664703773,0.8012010332213496
70.46117230910012,3.0538039746247754,-0.7365686750951532,0.8056738101596479
70.26932478686379,3.069096104908438,-0.7212765448114906,0.8097082763446001
70.07747726462743,3.0848388223411134,-0.7055338273788152,0.813861619270879
70.07747726462743,3.0994801315368044,-0.6908925181831242,0.8177243817348211
69.8856297423911,3.114280393368044,-0.6760922563518847,0.8216290800848193
69.69378222015476,3.127155534743268,-0.6632171149766606,0.8250258810236862
69.50193469791841,3.140484483102334,-0.6498881666175946,0.8285424081809964
69.31008717568207,3.1521086449658884,-0.6382640047540402,0.8316091678212163
69.11823965344573,3.1643592360107715,-0.6260134137091571,0.8348411959559139
68.92556875128564,3.1753553624596056,-0.615017287260323,0.83774226333504
68.7337212290493,3.1875445703375225,-0.6028280793824061,0.8409580969757817
68.54187370681295,3.198858334965889,-0.5915143147540398,0.8439429656612399
68.34920280465285,3.2109312088114907,-0.5794414409084379,0.8471281073244202
68.34920280465285,3.221558771008977,-0.5688138787109516,0.8499319377600033
68.15241500287394,3.232347428100539,-0.5580252216193897,0.8527782692657878
67.96056748063761,3.2422668071526033,-0.5481058425673253,0.8553952623608592
67.7678965784775,3.2531672392998203,-0.5372054104201083,0.8582710830662514
67.57687243616492,3.263116639443447,-0.5272560102764814,0.8608959965148967
67.38502491392859,3.273183445669659,-0.5171892040502697,0.8635518847761618
67.19317739169225,3.282273483317774,-0.5080991664021548,0.8659500757953975
67.00050648953214,3.2917462944883304,-0.49862635523159815,0.8684492525376254
66.80865896729581,3.300616265267504,-0.4897563844524244,0.8707893841285994
66.80865896729581,3.3097483873357274,-0.4806242623842012,0.873198678124771
66.61681144505945,3.3182044932926393,-0.47216815642728927,0.8754296212900919
66.42496392282312,3.3275159387935367,-0.4628567109263919,0.8778862255243973
66.23311640058678,3.336400921960503,-0.45397172775942574,0.8802303177781293
66.04126887835044,3.3461431198384206,-0.444229529881508,0.8828005658192125
65.84283431672401,3.354742898951526,-0.4356297507684026,0.8850694137420522
65.65181017441142,3.36368149015799,-0.4266911595619387,0.8874276492066111
65.45419899270875,3.3718818789694796,-0.41849077075044905,0.8895911274630552
65.45419899270875,3.380519452459605,-0.40985319726032365,0.8918699465366268
65.26235147047242,3.388441338452424,-0.4019313112675045,0.8939599484242787
65.06968056831232,3.395974018621185,-0.39439863109874373,0.8959472675785887
64.87783304607598,3.4025213556517055,-0.38785129406822305,0.8976746272963737
64.68680890376339,3.409181539788151,-0.38119110993177774,0.8994317590488249
64.49496138152706,3.4151571314111315,-0.37521551830879707,0.9010082772899594
64.30229047936696,3.4215535561831243,-0.3688190935368043,0.9026958223846259
64.11044295713062,3.4273227504991026,-0.363049899220826,0.9042178875874772
63.91859543489427,3.4332074738886895,-0.3571651758312391,0.9057704323986112
63.72674791265793,3.4387603516696594,-0.35161229805026917,0.9072354276099344
63.72674791265793,3.4446638377809697,-0.34570881193895886,0.9087929225205592
63.53490039042159,3.4503590514183125,-0.34001359830161615,0.9102954696745346
63.34222948826149,3.456019148962298,-0.3343535007576306,0.911788752279453
63.15038196602515,3.4617794979425502,-0.32859315177737836,0.9133084838500884
62.95935782371257,3.4674524619317775,-0.3229201877881511,0.914805160961677
62.76668692155248,3.4726635804021546,-0.317709069317774,0.9161799910778563
62.57483939931613,3.477970122398564,-0.3124025273213644,0.9175799964300482
62.382991877079796,3.4829295448330337,-0.30744310488689486,0.9188884225118045
62.191144354843445,3.48802486529623,-0.3023477844236986,0.9202327020679513
62.191144354843445,3.4929400592100546,-0.29743259050987403,0.9215294595026556
61.99929683260711,3.4982219422082586,-0.29215070751167005,0.9229229591625359
61.806625930447005,3.50321138389228,-0.28716126582764856,0.9242393051118952
61.61477840821067,3.5081579398815084,-0.28221470983842023,0.9255443366869817
61.417990606431765,3.5127442390879717,-0.27762841063195687,0.9267543230472416
61.226143084195414,3.516941330628367,-0.2734313190915616,0.9278616261881888
61.02853190249275,3.5207446628940757,-0.26962798682585287,0.9288650452757525
60.83586100033265,3.5245166312423706,-0.265856018477558,0.9298601897369637
60.64483685802007,3.5286952289946147,-0.26167742072531386,0.93096261373017
60.64483685802007,3.5333383542333934,-0.2570342954865352,0.9321875922924023
60.452165955859975,3.5377555144847395,-0.25261713523518914,0.9333529553475817
60.26114181354738,3.5423077714901257,-0.24806487822980294,0.9345539604798139
60.06847091138729,3.546427666201078,-0.24394498351885074,0.9356408970667104
59.875800009227184,3.5503446505314185,-0.24002799918851014,0.9366743005582193
59.684775866914606,3.554343386983842,-0.2360292627360865,0.9377292724097915
59.487164685211944,3.558392786100539,-0.23197986361938971,0.9387976104047366
59.2953171629756,3.5622347158599643,-0.22813793385996428,0.9398112125263405
59.103469640739256,3.565976396025135,-0.22439625369479366,0.9407983661681987
59.103469640739256,3.569490236035907,-0.22088241368402173,0.9417254095846374
58.91079873857915,3.573636130728905,-0.21673651899102353,0.9428192056506534
58.719774596266575,3.577506473504488,-0.21286617621544046,0.9438403038732434
58.527927074030224,3.5818016723806103,-0.2085709773393183,0.9449734903097906
58.33525617187013,3.5853642962046686,-0.20500835351526003,0.945913404179294
58.143408649633784,3.5889901802046675,-0.20138246951526106,0.9468700077470902
57.95156112739745,3.59254878291921,-0.1978238668007184,0.9478088607421395
57.754773325618544,3.5959982907037706,-0.19437435901615796,0.9487189316252268
57.56210242345844,3.5996675982657096,-0.190705051454219,0.9496869914707964
57.56210242345844,3.6031699109730706,-0.187202738746858,0.9506109936814021
57.369431521298345,3.6066250479425492,-0.18374760177737937,0.9515225496915306
57.177583999061994,3.6101477332890486,-0.18022491643088,0.9524519267401856
56.986559856749416,3.613387091590664,-0.17698555812926475,0.9533065546622858
56.79471233451308,3.6163865464093363,-0.17398610331059228,0.9540978897356047
56.602041432352976,3.6191088393931774,-0.1712638103267512,0.9548161022269391
56.411017290040405,3.6220742538527824,-0.16829839586714623,0.955598456558201
56.2183463878803,3.6249182411202883,-0.16545440859964033,0.9563487752023891
56.026498865643966,3.6274807783518854,-0.16289187136804317,0.9570248399243596
56.026498865643966,3.6301944949335727,-0.1601781547863559,0.9577407897352279
55.83465134340762,3.6330390182262122,-0.15733363149371637,0.958491249796945
55.637040161704945,3.6354605624272898,-0.15491208729263883,0.9591301168490425
55.44519263946861,3.637866024032316,-0.15250662568761264,0.9597647408892945
55.25334511723227,3.6402527229156196,-0.15011992680430897,0.9603944148300559
55.06067421507217,3.643199639903052,-0.14717300981687664,0.9611718890416352
54.86965007275959,3.6460256694075404,-0.14434698031238824,0.9619174699556113
54.671215511133155,3.6486557550161587,-0.1417168947037699,0.9626113557161085
54.48019136882058,3.6512579617917424,-0.13911468792818615,0.9632978863071774
54.48019136882058,3.6539472864667863,-0.13642536325314225,0.9640074008915132
54.287520466660474,3.656641435368043,-0.13373121435188562,0.9647181882336116
54.09567294442414,3.659726398168762,-0.1306462515511666,0.9655320825616394
53.90464880211156,3.6623363800718134,-0.1280362696481152,0.966220664435837
53.711977899951464,3.66498120913465,-0.1253914405852785,0.9669184399073416
53.52013037771511,3.66756465318851,-0.1228079965314186,0.9676000203989197
53.328282855478776,3.670291772240575,-0.12008087747935381,0.9683195061339874
53.13561195331867,3.672626200384201,-0.11774644933572764,0.9689353896787885
52.94458781100609,3.6749448148653507,-0.11542783485457786,0.9695471011634946
52.94458781100609,3.6772698616481154,-0.11310278807181318,0.9701605096585503
52.75274028876974,3.6797517169658893,-0.11062093275403928,0.9708152883695451
52.56089276653341,3.682076227723519,-0.10829642199640954,0.9714285554470715
52.36904524429707,3.6844615856229805,-0.10591106409694806,0.9720578756010246
52.17637434213697,3.6868423863877924,-0.10353026333213622,0.9726859934629947
51.983703439976864,3.6892365896229804,-0.1011360600969482,0.9733176472491639
51.79267929766429,3.6917669616624775,-0.09860568805745107,0.9739852259474442
51.60083177542795,3.6936928852351887,-0.09667976448473992,0.9744933352418835
51.40898425319161,3.6956096945386,-0.09476295518132849,0.9749990399523565
51.21631335103151,3.697652219235189,-0.09272043048473977,0.9755379116901366
51.21631335103151,3.699712167511669,-0.09066048220825973,0.9760813802265699
51.024465828795165,3.701760321393178,-0.08861232832675059,0.9766217370913918
50.83344168648259,3.7036444294793536,-0.08672822024057503,0.9771188143606452
50.640770784322484,3.7056706026463195,-0.08470204707360907,0.9776533721348302
50.44892326208613,3.7077066950412925,-0.08266595467863613,0.9781905468622606
50.257075739849796,3.7096958769479347,-0.08067677277199392,0.9787153453690219
50.06522821761346,3.711827125777379,-0.07854552394254943,0.9792776248666861
49.87338069537712,3.7139889317235193,-0.0763837179964093,0.9798479661354529
49.68153317314078,3.716022878175943,-0.07434977154398581,0.9803845747067957
49.68153317314078,3.7178825943554763,-0.0724900553644523,0.980875216749517
49.48968565090444,3.7194568393895873,-0.07091581033034133,0.9812905439955669
49.29701474874434,3.721276617091562,-0.06909603262836672,0.9817706492174398
49.105167226508,3.723261243705566,-0.06711140601436272,0.9822942459181891
48.913319704271665,3.7250335748940753,-0.06533907482585333,0.982761833501864
48.72147218203531,3.7270731523734297,-0.06329949734649887,0.9832999276862194
48.52880127987521,3.7288202866965894,-0.06155236302333922,0.9837608676740828
48.336953757638874,3.730073946333932,-0.06029870338599652,0.9840916160603755
48.14592961532629,3.7311078080359064,-0.05926484168402224,0.9843643759701566
48.14592961532629,3.732409448369839,-0.05796320135008948,0.9847077829262059
47.95408209308995,3.7338276898276477,-0.05654495989228092,0.9850819523255955
47.76141119092985,3.735332509475763,-0.05504014024416559,0.9854789633287818
47.56956366869351,3.736872712308797,-0.05349993741113179,0.985885309346804
47.37689276653341,3.7379746584129263,-0.05239799130700229,0.9861760317126407
47.18586862422083,3.7392896993752247,-0.05108295034470389,0.9865229741069184
46.994021101984494,3.7406256508438065,-0.049746998876122106,0.9868754332427452
46.80217357974815,3.741849289389587,-0.048523360330341436,0.9871982612754641
46.61032605751181,3.7432844165601433,-0.047088233159785275,0.9875768855700073
46.41847853527547,3.7446699568007182,-0.045702692919210364,0.987942427528178
46.41847853527547,3.7458665214721725,-0.04450612824775613,0.988258112760748
46.22663101303913,3.7472976293752245,-0.04307502034470412,0.9886356766668082
46.03396011087903,3.748801378815081,-0.04157127090484769,0.9890324053209071
45.84211258864269,3.749926374,-0.040446275719928426,0.9893292086404969
45.65026506640635,3.7511191883375226,-0.03925346138240604,0.9896439044363339
45.457594164246245,3.752385178394973,-0.037987471324955724,0.9899779059117676
45.26657002193366,3.753809583220826,-0.03656306649910279,0.9903537013697573
45.07472249969732,3.7554253766499106,-0.03494727307001799,0.990779990175214
44.882874977460986,3.757020261414722,-0.03335238830520648,0.9912007627250923
44.882874977460986,3.758366397360862,-0.03200625235906651,0.9915559087939727
44.69020407530088,3.7594661975224417,-0.03090645219748689,0.9918460650037219
44.49835655306454,3.760595751684022,-0.02977689803590655,0.9921440711012658
44.306509030828195,3.7617459437342915,-0.028626705985637102,0.9924475220166671
44.11466150859186,3.762875497895871,-0.027497151824057653,0.9927455281142108
43.92281398635552,3.7641744581041303,-0.026198191615798283,0.9930882279826143
43.73096646411918,3.7652975781220825,-0.025075071597846055,0.9933845365838373
43.53911894188284,3.766290427454219,-0.024082222265709774,0.993646476351741
43.34644803972274,3.7672594209048476,-0.023113228815081044,0.9939021223106417
43.34644803972274,3.768313920495512,-0.022058729224416762,0.9941803270382803
43.14966023794383,3.769448567816876,-0.020924081903052727,0.9944796768453363
42.956989335783724,3.7703226719245966,-0.02004997779533202,0.9947102884997828
42.76514181354739,3.7710539059928183,-0.019318743727110288,0.9949032072800182
42.57329429131105,3.771871720093357,-0.018500929626571683,0.9951189681500211
42.38144676907471,3.772923272466787,-0.017449377253141662,0.9953963953242352
42.18959924683837,3.7739206770915623,-0.016451972628366285,0.9956595368981512
41.99775172460202,3.7749414034147217,-0.01543124630520687,0.995928831349512
41.80590420236568,3.775668885307002,-0.014703764412926645,0.9961207602070438
41.80590420236568,3.77656684529623,-0.013805804423698387,0.9963576656704932
41.60829302066302,3.7773774221364453,-0.01299522758348326,0.9965715171608671
41.416445498426675,3.7780220780143625,-0.012350571705566082,0.9967415943373065
41.22377459626658,3.7787112295044887,-0.011661420215439922,0.9969234106265774
41.03275045395399,3.7800576325421904,-0.010315017177738195,0.9972786271612369
40.84007955179389,3.7814225330520648,-0.008950116667863828,0.9976387238155792
40.64823202955755,3.782746152258528,-0.00762649746140065,0.9979879293762939
40.45638450732121,3.7838547995978455,-0.006517850122083058,0.9982804197042302
40.264536985084874,3.784825401123878,-0.00554724859605038,0.9985364899157184
40.07268946284854,3.785683956818672,-0.004688692901256619,0.9987629994898778
40.07268946284854,3.786507400104129,-0.003865249615799815,0.9989802454869219
39.880841940612186,3.7871705516122085,-0.003202098107720097,0.9991552022970732
39.68899441837585,3.788013293644524,-0.002359356075404495,0.9993775398111373
39.49714689613951,3.7888632729371636,-0.0015093767827649707,0.9996017867048306
39.30529937390317,3.789398564951526,-0.000974084768402772,0.9997430108175578
39.111805091819306,3.7898770309335728,-0.0004956187863558448,0.9998692427283126
38.92078094950673,3.7904343018204667,6.1652100538101e-05,1.0000162654457057
38.728110047346625,3.791218073719928,0.0008454239999995394,1.0002230450876808
38.53626252511029,3.792095930003591,0.0017232802836621985,1.0004546466648312
38.53626252511029,3.792901413684022,0.0025287639640931836,1.0006671544456929
38.3452383827977,3.7939344704272893,0.0035618207073606634,1.000939701986195
38.1525674806376,3.794419904736087,0.004047255016158324,1.0010677723248287
37.96154333832503,3.7946976025960506,0.004324952876122001,1.0011410363243418
37.768872436164926,3.794903999903053,0.004531350183124339,1.001195489362625
37.57702491392858,3.7953226907935367,0.00495004107360808,1.001305951032011
37.38517739169224,3.7962166296732494,0.005843979953320755,1.0015417956210064
37.1933298694559,3.7970199692531423,0.006647319533213736,1.0017537377317518
37.0006589672958,3.7975879624847395,0.0072153127648109106,1.0019035892856984
37.0006589672958,3.797890857210054,0.007518207490125217,1.0019835008810232
36.80881144505946,3.7981412122621188,0.0077685625421901605,1.0020495511286376
36.61778730274688,3.798464746718133,0.008092096998204568,1.0021349080277906
36.42593978051055,3.798934903389587,0.00856225366965857,1.002258947723858
36.234092258274195,3.7993980898922803,0.00902544017235174,1.0023811485060758
36.04142135611409,3.799641745551167,0.00926909583123825,1.0024454312775615
35.849573833877756,3.799994496140036,0.009621846420107438,1.0025384961610089
35.65772631164142,3.8007085755619388,0.010335925842010152,1.002726889094341
35.465878789405075,3.801254857012568,0.010882207292639556,1.0028710125094016
35.465878789405075,3.8016609485493715,0.011288298829442933,1.0029781501378967
35.26826760770241,3.8018383968150813,0.01146574709515269,1.0030249656576642
35.07642008546606,3.8020855375583484,0.011712887838419839,1.0030901678860746
34.88374918330596,3.802715717073609,0.012343067353680404,1.0032564258172854
34.69190166106962,3.803370290337522,0.012997640617593564,1.0034291194609992
34.500054138833285,3.8037482377917415,0.013375588071812938,1.0035288319402582
34.30902999652071,3.8039122835870733,0.01353963386714474,1.0035721115358263
34.116359094360604,3.8040522045673253,0.013679554847396691,1.0036090263706412
33.92451157212426,3.8035565839389585,0.013183934219029858,1.003478268612983
33.92451157212426,3.8036254714578104,0.013252821737881781,1.003496442952347
33.72772377034536,3.804536566825852,0.014163917105923574,1.0037368138742164
33.535052868185254,3.8055516639640934,0.01517901424416479,1.004004623198536
33.34320534594892,3.8060320051131065,0.015659355393177865,1.0041313498276574
33.15135782371257,3.8063367750053865,0.015964125285457875,1.0042117561413486
32.95951030147623,3.8066276082441655,0.016254958524236862,1.0042884855992822
32.766839399316126,3.806853035364452,0.016480385644523476,1.0043479592028348
32.57581525700355,3.80694551167325,0.016572861953321194,1.0043723568854228
32.38396773476721,3.806904770078995,0.016532120359066482,1.0043616081812663
32.19129683260711,3.80706345378097,0.016690804061041398,1.004403473115572
32.19129683260711,3.80700501967325,0.01663236995332129,1.004388056661012
31.99944931037077,3.8070969599569118,0.016724310236983175,1.0044123129260705
31.80760178813443,3.8071583431238776,0.016785693403948976,1.004428507420026
31.615754265898083,3.8071939934003596,0.016821343680430978,1.0044379129006415
31.423906743661743,3.8074347000000004,0.017062050280071794,1.0045014176327314
31.232059221425406,3.8077365208330343,0.017363871113105667,1.0045810459070268
31.040211699189065,3.8089489028509873,0.018576253131058706,1.0049009041716337
30.848364176952728,3.8088829625493723,0.01851031282944371,1.004883507385695
30.655693274792625,3.8083951152064635,0.018022465486534855,1.0047548004251947
30.655693274792625,3.8080774788689404,0.017704829149011836,1.004670999604833
30.463845752556278,3.808053622987433,0.017680973267504285,1.00466470579583
30.271998230319937,3.808326227687612,0.017953577967683376,1.0047366260858308
30.0801507080836,3.8085058182118496,0.018133168491921037,1.0047840067897442
29.88830318584726,3.8085891820933573,0.018216532373428684,1.0048060003743364
29.696455663610923,3.8085417374219035,0.018169087701974895,1.0047934832221095
29.504608141374582,3.8085291399102337,0.018156490190305075,1.004790159667189
29.311937239214483,3.8085133244057454,0.018140674685816816,1.004785987121123
29.120913096901898,3.8084047655008977,0.018032115780969082,1.0047573464266901
29.120913096901898,3.8086157181005387,0.018243068380610072,1.0048130012709853
28.928242194741795,3.808767969500898,0.0183953197809692,1.0048531691949414
28.736394672505458,3.808740897468582,0.01836824774865331,1.0048460268807635
28.544547150269118,3.8087577850233396,0.018385135303411015,1.0048504822618878
28.351876248109015,3.808946489816876,0.018573840096947514,1.0049002675497671
28.16085210579643,3.8088891277594255,0.018516478039496853,1.0048851339302654
27.96818120363633,3.808915663766607,0.01854301404667824,1.0048921348269142
27.77633368139999,3.8090110891346503,0.018638439414721653,1.0049173105488978
27.584486159163653,3.8089338923052067,0.018561242585278137,1.004896943994847
27.392638636927312,3.808908695439857,0.018536045719928396,1.0048902963990356
27.392638636927312,3.808847579364452,0.018474929644523463,1.0048741723708587
27.195027455224647,3.808327566829443,0.01795491710951458,1.0047369793866683
27.0031799329883,3.8082744929730707,0.017901843253142147,1.0047229771074
26.81133241075196,3.8084120027612207,0.018039353041292117,1.004759255806319
26.619484888515622,3.8086087497737875,0.018236100053858895,1.0048111628431062
26.42763736627928,3.8086304615547584,0.018257811834829774,1.0048168909819932
26.235789844042944,3.8083541046786356,0.017981454958706955,1.0047439807692882
26.04311894188284,3.8083144332926397,0.017941783572711145,1.004733514414219
25.852094799570256,3.8084246002728905,0.018051950552961937,1.0047625793612394
25.852094799570256,3.808489468524238,0.018116818804309265,1.00477969331212
25.660247277333916,3.808540129346499,0.018167479626570504,1.004793058969522
25.467576375173817,3.8085374492208257,0.01816479950089711,1.0047923518818762
25.275728852937476,3.8084136108366247,0.018040961116696064,1.0047596800589065
25.07811767123481,3.808205874387792,0.017833224667863412,1.0047048737197861
24.886270148998474,3.8080396844919213,0.017667034771992718,1.0046610284541015
24.694422626762123,3.807990631745063,0.017617982025134538,1.0046480870492869
24.502575104525786,3.8078378443195695,0.01746519459964091,1.0046077777078017
24.310727582289445,3.8076156315080794,0.017242981788150757,1.0045491521234529
24.310727582289445,3.8075553222333935,0.017182672513464947,1.0045332409505263
24.118056680129346,3.807600084937164,0.017227435217235243,1.004545050529137
23.926209157893005,3.807452926696589,0.017080276976660258,1.0045062263146929
23.73518501558042,3.8073577702621186,0.016985120542190035,1.0044811215444596
23.542514113420317,3.8072655610448836,0.016892911324954962,1.004456794327651
23.35066659118398,3.806961327177738,0.016588677457809453,1.0043765294314888
23.153878789405077,3.8066678156552967,0.01629516593536806,1.0042990933718805
22.961207887244974,3.8073306982298027,0.016958048509874146,1.0044739792302815
22.769360365008637,3.8075869514003595,0.01721430168043092,1.0045415855566875
22.769360365008637,3.807164508333932,0.016791858614003452,1.004430133964597
22.577512842772286,3.8064753568438063,0.016102707123877735,1.004248317675326
22.38566532053595,3.8061467292280073,0.015774079508078742,1.0041616170666607
22.19381779829961,3.8059231772746864,0.015550527554757831,1.0041026381814746
22.001970276063272,3.805664243978456,0.015291594258527219,1.0040343247674228
21.80929937390317,3.8054910857558357,0.015118436035907123,1.0039886410738597
21.617451851666832,3.8053873510772,0.015014701357271232,1.003961273137189
21.42560432943048,3.8053669784380615,0.014994328718132888,1.0039558982991397
21.232933427270382,3.805076147041293,0.014703497321364445,1.0038791693271771
21.232933427270382,3.8047067778312385,0.014334128111309852,1.003781720014355
21.04108590503404,3.804456420937164,0.014083771217235252,1.00371566928077
20.849238382797704,3.8042765596373425,0.01390390991741386,1.0036682171391358
20.657390860561364,3.8040929480035914,0.013720298283662835,1.0036197755607688
20.46636671824879,3.803854921529623,0.013482271809694524,1.0035569779163247
20.273695816088686,3.80354398642729,0.01317133670736137,1.003474945058063
20.08184829385234,3.8032024923662484,0.012829842646319811,1.0033848499427274
19.890000771616002,3.803065520445242,0.012692870725313554,1.003348713147308
19.69815324937966,3.8030274571346503,0.012654807414721692,1.0033386710448264
19.506305727143324,3.8030976856373435,0.012725035917414917,1.0033571991709984
19.506305727143324,3.802954012481149,0.012581362761220571,1.0033192944134794
19.314458204906984,3.802836606398564,0.012463956678635313,1.0032883196008593
19.122610682670647,3.8027041916122077,0.012331541892279141,1.0032533850974232
18.930763160434296,3.802433731012567,0.012061081292638498,1.003182030477539
18.738092258274197,3.8022254585386004,0.01185280881867179,1.0031270827208896
18.546244736037856,3.802235375924596,0.011862726204667329,1.003129699188164
18.35439721380152,3.8021428996157987,0.011770249895870055,1.0031053015055762
18.16254969156518,3.801915862578097,0.011543212858168506,1.003045403163465
17.964938509862503,3.801840273824058,0.011467624104129381,1.0030254608620017
17.964938509862503,3.8018185620430884,0.011445912323159835,1.0030197327231152
17.773090987626166,3.801979925870737,0.011607276150808588,1.0030623047450669
17.581243465389825,3.8019311420574513,0.011558492337522708,1.003049434292002
17.389395943153488,3.8008726213572714,0.010499971637342842,1.0027701686899093
17.197548420917148,3.80035689702334,0.009984247303411298,1.0026341070459521
17.00487751875705,3.8005855421364454,0.010212892416516794,1.0026944296406506
16.813029996520708,3.800664347041293,0.010291697321364257,1.002715220447289
16.62118247428436,3.8005496229263915,0.010176973206462936,1.0026849532082855
16.42933495204802,3.8003861131561947,0.010013463436266079,1.0026418150302467
16.42933495204802,3.799928824771993,0.009556175052064297,1.00252117032682
16.237487429811683,3.7993356346750455,0.008962984955116937,1.002364671177062
16.04481652765158,3.7995766102082587,0.009203960488330054,1.0024282468609016
15.853792385339004,3.799740118136446,0.009367468416517255,1.0024713845529698
15.661944863102656,3.7995728561903057,0.009200206470377115,1.002427256452227
15.469273960942555,3.7994163165888692,0.009043666868940647,1.0023859571880376
15.277426438706216,3.799200001895871,0.008827352175942327,1.00232888768248
15.085578916469878,3.798967068581687,0.008594418861758601,1.0022674337475481
14.893731394233539,3.7987250209982046,0.008352371278276038,1.0022035752286502
14.893731394233539,3.798621019228008,0.008248369508079278,1.0021761368262005
14.7018838719972,3.798309546258528,0.007936896538599303,1.0020939620644387
14.510036349760862,3.798032922290844,0.007660272570915616,1.0020209813859546
14.318188827524512,3.798034530366248,0.007661880646319563,1.0020214056385421
14.126341305288173,3.7979774354003593,0.007604785680430659,1.0020063424848193
13.934493783051835,3.7978503808653508,0.007477731145422162,1.001972822156675
13.741822880891734,3.797829205109516,0.00745655538958756,1.0019672354353175
13.549975358655395,3.7972319957450624,0.006859346025133828,1.0018096758970758
13.358127836419056,3.796854046448833,0.006481396728904354,1.001709962931846
13.166280314182707,3.7965157703806107,0.006143120660682122,1.0016207168076563
13.166280314182707,3.796542308229803,0.006169658509874498,1.0016277181902762
12.973609412022606,3.7966626615296226,0.006290011809694018,1.0016594705563209
12.781761889786267,3.7967232397378816,0.006350590017953017,1.0016754526809974
12.589914367549929,3.7967186826032315,0.006346032883302932,1.0016742503890144
12.398890225237352,3.796639072739677,0.006266423019748224,1.001653247213097
12.206219323077251,3.7966232590771996,0.006250609357270953,1.0016490751530018
12.014371800840912,3.7962922184272894,0.005919568707360767,1.00156173792247
11.822524278604563,3.796022026761221,0.005649377041292425,1.0014904542543357
11.630676756368224,3.7959140038815087,0.005541354161580081,1.001461954977432
11.630676756368224,3.795631481795333,0.0052588320754045625,1.0013874182201565
11.433065574665559,3.7949436694470378,0.00457101972710916,1.001205955231723
11.24121805242922,3.7949141843806102,0.004541534660681634,1.0011981762956783
11.049370530192881,3.7951551599138247,0.0047825101938960835,1.0012617519795184
10.851759348490205,3.7952272654254937,0.004854615705565113,1.0012807753100277
10.659911826253866,3.795071528940755,0.004698879220826235,1.001239687929147
10.468064304017528,3.7949621650771994,0.0045895153572708125,1.0012108348654347
10.275393401857427,3.794876122912029,0.004503473192100316,1.0011881346791676
10.08436925954485,3.7946662405206464,0.004293590800717784,1.0011327621839596
10.08436925954485,3.7944737817091565,0.004101131989227902,1.0010819864874054
9.8925217373085,3.7943065216050273,0.00393387188509875,1.0010378588726334
9.6998508351484,3.7942687253859964,0.0038960756660677553,1.0010278872359306
9.508003312912061,3.7942357552351886,0.0038631055152600347,1.0010191888429611
9.316155790675722,3.7939744089048473,0.0036017591849186736,1.000950238807043
9.124308268439384,3.793735846405745,0.0033631966858163054,1.00088729974507
8.932460746203045,3.7934694069156194,0.0030967571956908024,1.0008170059996395
8.740613223966696,3.7932705158025133,0.002897866082584688,1.0007645332927355
8.548765701730357,3.7932844542980257,0.0029118045780971435,1.0007682106344642
8.548765701730357,3.793203772384201,0.002831122664272545,1.0007469246234884
8.356094799570256,3.7930448197486535,0.002672170028724885,1.0007049887374326
8.16507065725768,3.7929375999856374,0.0025649502657087986,1.0006767013438371
7.972399755097579,3.7928389584667865,0.002466308746857937,1.0006506771166788
7.780552232861241,3.792636046244165,0.0022633965242362386,1.0005971435353207
7.588704710624902,3.7925022904739683,0.0021296407540396523,1.0005618552450766
7.3968571883885526,3.79196405124237,0.0015914015224414158,1.0004198535789242
7.205009666152214,3.7919954114757632,0.0016227617558346452,1.0004281272333353
7.013162143915875,3.7921618703052067,0.001789220585278084,1.0004720434507701
6.820491241755774,3.7921591883375223,0.0017865386175937026,1.0004713358771533
6.820491241755774,3.792011763005386,0.0016391132854574053,1.0004324411969305
6.629467099443198,3.7919409984775587,0.0015683487576301225,1.0004137716532293
6.436796197283097,3.7920629598527835,0.001690310132854922,1.0004459482718617
6.244948675046747,3.792113889608618,0.0017412398886893499,1.0004593848810137
6.053101152810409,3.7921331883554754,0.0017605386355468156,1.0004644763980335
5.86125363057407,3.792169643590664,0.0017969938707356192,1.000474094247928
5.669406108337731,3.792033743719928,0.0016610939999992524,1.000438240287567
5.47673520617763,3.791972896578097,0.001600246858168397,1.0004221872111405
5.285711063865054,3.7920723412136446,0.0016996914937159602,1.000448423321607
5.285711063865054,3.7918570985709157,0.0014844488509870857,1.0003916366511079
5.093863541628705,3.7917281688689415,0.0013555191490128848,1.0003576216045968
4.901192639468603,3.791649631055656,0.0012769813357271786,1.0003369012637375
4.708521737308502,3.791505688965889,0.001133039245960532,1.0002989255544688
4.517497594995926,3.7915480404775583,0.001175390757629735,1.0003100989971834
4.31988641329326,3.7919498438132857,0.0015771940933571038,1.0004161052854457
4.127215511133159,3.7921243430197493,0.0017516932998207224,1.0004621427658176
3.936191368820573,3.792017392190306,0.0016447424703773805,1.000433926323972
3.7443438465842345,3.791911780502693,0.001539130782764353,1.0004060631829639
3.7443438465842345,3.791726827885099,0.00135417816517025,1.0003572678177883
3.551672944424133,3.7916319385421904,0.0012592888222617837,1.000332233513334
3.3598254221877943,3.791709404305207,0.001336754585278488,1.000352671019135
3.1679778999514556,3.7916796521472174,0.0013070024272887615,1.0003448216173112
2.976130377715117,3.7913102810951527,0.0009376313752240684,1.0002473718185185
2.7793425759362034,3.791137122872532,0.0007644731526035287,1.0002016881249551
2.587495053699865,3.791099864520646,0.0007272148007175794,1.0001918583917524
2.3948241515397637,3.7909261684308797,0.0005535187109511064,1.000146032794689
2.202976629303425,3.7909355516337526,0.000562901913824021,1.0001485083304054
2.202976629303425,3.790773649938959,0.0004010002190302231,1.0001057944049538
2.0111291070670863,3.7907704337881505,0.0003977840682218847,1.0001049458997788
1.819281584830737,3.790747649956913,0.00037500023698422424,1.0000989349258342
1.6266106826706361,3.7904913949443446,0.00011874522441601698,1.0000313281134574
1.4347631604342974,3.7899397532423706,-0.0004328964775579536,0.999885790523106
1.2437390181217212,3.789652941113106,-0.0007197086068226888,0.9998101219396263
1.05106811596162,3.7899668252746856,-0.0004058244452429527,0.9998929328372838
0.8542803141827066,3.7902997410915624,-7.290862836617507e-05,0.9999807647861823
0.6624327919463678,3.790384980140036,1.2330420107620199e-05,1.0000032530891412
0.6624327919463678,3.7903238659066427,-4.8783813285879774e-05,0.9999871295469354
0.46976188978626665,3.790234336815081,-0.00013831290484755954,0.9999635094177725
0.27791436754992793,3.7902386268581685,-0.00013402286176011913,0.9999646412439763
0.08606684531358924,3.7903726497199286,0.0,1.0
-0.10578067692274946,3.7901692014721733,-0.00020344824775531123,0.9999463250011129
-0.29762819915908817,3.790220667253142,-0.00015198246678638228,0.9999599030277939
-0.48947572139543727,3.7904007956445245,2.814592459587928e-05,1.0000074256352072
-0.6821466235555385,3.790505066348294,0.00013241662836538381,1.0000349349894067
-0.8739941457918772,3.790480674441651,0.00010802472172244393,1.0000284997628743
-0.8739941457918772,3.790432693745063,6.0044025134597945e-05,1.0000158411931184
-1.065841668028216,3.790358711224417,-1.393849551156734e-05,0.9999963226582714
-1.2576891902645546,3.7903321752172356,-4.047450269295538e-05,0.9999893217616226
-1.4503600924246558,3.7905632333644523,0.0001905836445237341,1.0000502809781877
-1.6413842347372423,3.7906862667899457,0.0003136170700170915,1.0000827404318782
-1.833231756973581,3.7907044934865355,0.0003318437666068874,1.0000875491138401
-2.02507927920992,3.790700741310593,0.0003280915906644921,1.000086559191136
-2.217750181370021,3.790558407296231,0.00018575757630223677,1.0000490077344548
-2.4087743236826076,3.790570470624776,0.00019782090484721238,1.0000521903578166
-2.6014452258427085,3.790755690333932,0.00038304061400351586,1.0001010561887713
-2.6014452258427085,3.790822435594255,0.00044978587432620287,1.000118665343989
-2.7932927480790473,3.7908307449048477,0.00045809518491912726,1.0001208575586764
-2.985140270315386,3.7911178241256738,0.0007451744057451748,1.0001965966079351
-3.1778111724754874,3.791421253034112,0.0010486033141834383,1.000276649134818
-3.369658694711826,3.7912505078456014,0.0008778581256727591,1.000231602063121
-3.560682837024402,3.791148648333932,0.0007759986140034592,1.000204728844817
-3.7533537391845035,3.7913368189443455,0.0009641692244168887,1.0002543732011384
-3.9443778814970796,3.7912866941472174,0.0009140444272888182,1.0002411489612655
-4.137048783657181,3.791161514779175,0.0007888650592464685,1.0002081233514875
-4.137048783657181,3.7910430384883305,0.0006703887684018639,1.0001768661897799
-4.32889630589352,3.7910733266714542,0.0007006769515256472,1.0001848570091327
-4.520743828129858,3.791104688746858,0.0007320390269294208,1.0001931311495147
-4.712591350366218,3.7910548328833036,0.0006821831633749831,1.000179977861392
-4.9102025320688725,3.7911312265960504,0.000758576876121797,1.0002001325321346
-5.102050054305211,3.7914097275727108,0.0010370778527821756,1.000273608414956
-5.294720956465313,3.7916370317019754,0.0012643819820468138,1.0003335772228465
-5.486568478701652,3.7918420880251342,0.0014694383052056281,1.000387676474321
-5.677592621014249,3.79188738859605,0.0015147388761214131,1.0003996279564316
-5.677592621014249,3.791960297224417,0.0015876475044884764,1.0004188631702495
-5.869440143250587,3.7921160337091564,0.001743383989227798,1.0004599505511302
-6.061287665486926,3.792208510017953,0.0018358602980241834,1.0004843482337178
-6.253958567647027,3.791845306017954,0.0014726562980253988,1.000388525465467
-6.445806089883366,3.7909500261543987,0.0005773764344700894,1.000152327089663
-6.6376536121197045,3.791167679989228,0.0007950302692996125,1.000209749896058
-6.829501134356043,3.791920358746858,0.001547709026929578,1.000408326349401
-7.021348656592382,3.792690192150808,0.002317542430879449,1.0006114286496477
-7.214019558752483,3.7928290410807897,0.0024563913608610655,1.0006480606494041
-7.405043701065059,3.792693408301616,0.0023207585816873433,1.0006122771548225
-7.405043701065059,3.792648645597846,0.0022759958779174916,1.000600467576212
-7.59771460322516,3.792426432786356,0.0020537830664273393,1.000541841991863
-7.789562125461499,3.7925663537666074,0.002193704046678846,1.000578756826678
-7.981409647697838,3.792989065766607,0.0026164160466786157,1.0006902793705184
-8.173257169934198,3.7932096686606824,0.0028370189407538327,1.000748480216309
-8.365104692170537,3.793504254075404,0.003131604355475215,1.0008261995969463
-8.557775594330638,3.7937130625745064,0.0033404128545777567,1.0008812887711251
-8.749623116566976,3.793880055587074,0.0035074058671455965,1.0009253459201182
-8.941470638803315,3.7940529467181325,0.0036802969982039357,1.0009709591479021
-8.941470638803315,3.794196085691203,0.003823435971274325,1.001008722973863
-9.133318161039654,3.7942100241867145,0.0038373744667858922,1.0010124003155916
-9.325165683275992,3.794378894208259,0.004006244488330424,1.001056952668922
-9.517836585436093,3.79453141270018,0.004158762980251307,1.0010971910586572
-9.70886072774867,3.794347263199282,0.0039746134793534615,1.00104860757679
-9.900708249985009,3.794160702506284,0.0037880527863554114,1.000999387959027
-10.092555772221347,3.7942893651166965,0.003916715396767856,1.001033332539759
-10.284403294457686,3.7944536798456014,0.0040810301256728465,1.001076683087077
-10.477074196617808,3.7943697799389584,0.00399713021902981,1.0010545480849555
-10.477074196617808,3.7944898661472175,0.004117216427288906,1.0010862299852215
-10.668921718854147,3.794539722010773,0.0041670722908442315,1.0010993832733444
-10.860769241090486,3.794815275770198,0.00444262605026946,1.001172081602741
-11.053440143250587,3.79554409680431,0.005171447084381331,1.0013643637611103
-11.244464285563163,3.795895775342909,0.005523125622980185,1.0014571458094994
-11.437135187723264,3.795735216473968,0.005362566754039566,1.001414786156827
-11.615808631179425,3.7956435432818676,0.005270893561938994,1.0013906003575475
-11.615808631179425,3.795647831482945,0.0052751817630163345,1.0013917316977807
-11.615808631179425,3.7956371091382404,0.005264459418311773,1.0013889028612268
-11.615808631179425,3.7956727612567325,0.005300111536803875,1.0013983088278129
-11.615808631179425,3.7956183464165174,0.0052456966965888085,1.001383952761736
-11.615808631179425,3.7955826961400363,0.005210046420107695,1.0013745472811209
-11.615808631179425,3.7955036223016156,0.005130972581687043,1.0013536855227325
-11.615808631179425,3.7955754588797124,0.005202809159783772,1.0013726379014918
-11.615808631179425,3.7957121637091564,0.005339513989227829,1.0014087042311322
-11.615808631179425,3.795684822743268,0.005312173023339195,1.001401490965204
-11.615808631179425,3.7958737964703775,0.005501146750448882,1.0014513472048336
-11.615808631179425,3.795926065368043,0.0055534156481145125,1.0014651371148229
-11.615808631179425,3.7960233677450637,0.00565071802513506,1.001490808041144
-11.615808631179425,3.7960448105924596,0.0056721608725309736,1.0014964652282805
-11.615808631179425,3.7960694714326753,0.005696821712746658,1.0015029714065629
-11.615808631179425,3.7962688985709163,0.0058962488509877176,1.001555585530996
