Angle (degree),rho (mOhm cm),Delta rho (mOhm cm),rho/rho(theta=0)
97.64249357977667,4.201036621262955,-0.10507777675858954,0.9755980062195124
97.64249357977667,4.2010448006664785,-0.10506959735506616,0.9755999057053987
97.45146943746407,4.201079238469778,-0.10503515955176645,0.9756079031249089
97.25879853530397,4.201230334830954,-0.10488406319059074,0.9756429919189374
97.06695101306764,4.2012273211718805,-0.10488707684966414,0.9756422920631521
96.8751034908313,4.200922115530003,-0.10519228249154189,0.9755714147910532
96.68243258867119,4.200575583932529,-0.10553881408901589,0.9754909404781476
96.49140844635862,4.200213555841252,-0.10590084218029272,0.9754068674466825
96.49140844635862,4.200018551022027,-0.10609584699951746,0.9753615818826682
96.29956092412228,4.199834738525852,-0.10627965949569251,0.9753188954885817
96.10771340188595,4.199469696775501,-0.10664470124604364,0.9752341226013314
95.91504249972584,4.199247142305275,-0.10686725571626976,0.9751824392391037
95.7231949774895,4.1990680651364745,-0.10704633288507015,0.9751408525202552
95.53134745525317,4.198852398078998,-0.10726199994254682,0.9750907686075807
95.33949993301682,4.198577325330123,-0.10753707269142154,0.9750268890346179
95.14765241078047,4.198294073177723,-0.10782032484382142,0.9749611099757685
94.95580488854412,4.197892441538697,-0.10822195648284794,0.9748678398946924
94.95580488854412,4.197495544487498,-0.10861885353404688,0.9747756693171106
94.76395736630779,4.197288056093996,-0.10882634192754903,0.9747274847185784
94.57210984407145,4.197121893656095,-0.1089925043654496,0.9746888971608543
94.37943894191135,4.196908809101069,-0.10920558892047527,0.9746394129773585
94.187591419675,4.196586383817996,-0.10952801420354863,0.9745645368237612
93.99574389743867,4.196423234299619,-0.10969116372192556,0.9745266489500782
93.80389637520233,4.196347471280268,-0.1097669267412762,0.9745090546615044
93.61122547304223,4.196214454654893,-0.10989994336665188,0.974478164486957
93.42020133072965,4.196034516651943,-0.110079881369602,0.9744363778583823
93.42020133072965,4.195832194002893,-0.11028220401865152,0.9743893928899517
93.22259014902697,4.195566591908766,-0.1105478061127787,0.9743277126674642
93.03074262679064,4.195394402152718,-0.11071999586882697,0.9742877253981693
92.8388951045543,4.195477914158517,-0.11063648386302738,0.9743071192177664
92.6462242023942,4.195459404005641,-0.11065499401590362,0.9743028206434218
92.45520006008162,4.195354368187891,-0.11076002983365374,0.9742784283936946
92.2625291579215,4.19523555754464,-0.11087884047690455,0.974250837244861
92.07068163568518,4.195023764240841,-0.11109063378070339,0.9742016529259547
91.87883411344883,4.194838660493441,-0.11127573752810349,0.9741586666672791
91.87883411344883,4.1947534268193385,-0.11136097120220612,0.9741388730282291
91.68122293174616,4.194711671186215,-0.1114027268353297,0.9741291762043028
91.48937540950983,4.19463289450779,-0.11148150351375463,0.9741108820599437
91.29752788727347,4.194411630549239,-0.11170276747230545,0.9740594983905612
91.10403360518963,4.194234706205364,-0.1118796918161804,0.9740184116177723
90.91300946287704,4.194062516449314,-0.11205188157223045,0.9739784243484769
90.71622166109813,4.19401387266389,-0.11210052535765502,0.9739671279032531
90.52355075893804,4.194053476951187,-0.11206092107035737,0.973976325124608
90.33252661662546,4.194129670387614,-0.11198472763393053,0.9739940193680451
90.33252661662546,4.194236858290739,-0.11187753973080561,0.9740189113920875
90.13985571446536,4.194359543427214,-0.11175485459433077,0.9740474023064327
89.94883157215277,4.194480075738766,-0.1116343222827787,0.974075393274719
89.75616066999267,4.194620841350588,-0.11149355667095673,0.974108082980289
89.56431314775634,4.194689286540114,-0.11142511148143086,0.9741239778644466
89.37246562552,4.194727167680017,-0.11138723034152775,0.974132774922862
89.18061810328365,4.194812832510739,-0.11130156551080539,0.9741526686885181
88.9887705810473,4.194957040719617,-0.111157357301928,0.9741861578612497
88.7960996788872,4.195107276246642,-0.1110071217749029,0.974221046745552
88.60425215665087,4.195242875374466,-0.11087152264707889,0.9742525366492774
88.60425215665087,4.195294101662341,-0.11082029635920332,0.9742644328236797
88.40746435487196,4.195305724402466,-0.11080867361907831,0.9742671319484708
88.21479345271186,4.195422382960342,-0.1106920150612023,0.9742942233229893
88.02294593047553,4.1955274187780915,-0.11058697924345307,0.9743186155727162
87.83109840823917,4.19561093078389,-0.11050346723765436,0.9743380093923131
87.63925088600284,4.195706495946891,-0.11040790207465356,0.9743602022915646
87.4474033637665,4.195845539150866,-0.11026885887067817,0.9743924920059389
87.2547324616064,4.195960475300893,-0.11015392272065139,0.9744191833892611
87.06288493937005,4.196093491926266,-0.11002090609527837,0.9744500735638079
87.06288493937005,4.196271707521369,-0.1098426905001757,0.9744914602011867
86.87186079705747,4.19648005674902,-0.1096343412725247,0.9745398447094447
86.68001327482114,4.19660317230257,-0.10951122571897454,0.974568435578653
86.48734237266103,4.196725857439044,-0.10938854058250058,0.9745969264929981
86.29549485042469,4.197058183054396,-0.10905621496714879,0.9746741017801908
86.10364732818836,4.1974718685901715,-0.10864252943137309,0.9747701711126651
85.91179980595201,4.197839923260047,-0.10827447476149743,0.9748556436839568
85.71995228371567,4.198189468516596,-0.10792492950494825,0.9749368178526482
85.52810476147933,4.198518780472874,-0.10759561754867075,0.9750132932840554
85.52810476147933,4.1987822304816245,-0.10733216753992014,0.9750744737322273
85.33543385931922,4.19902372626135,-0.10709067176019449,0.9751305557954063
85.14440971700665,4.19922949298655,-0.10688490503499448,0.9751783405744857
84.95173881484655,4.199469266358426,-0.10664513166311895,0.9752340226464682
84.7598912926102,4.199732716367177,-0.10638168165436745,0.9752952030946404
84.56804377037388,4.200021134264026,-0.10609326375751849,0.9753621817835905
84.37619624813752,4.200319022076076,-0.10579537594546817,0.9754313596512726
84.18352534597742,4.200693964158704,-0.10542043386284039,0.9755184316721182
83.99167782374109,4.201082681806381,-0.10503171621516394,0.975608702763814
83.99167782374109,4.2014563333773305,-0.10465806464421412,0.9756954750918138
83.8006536814285,4.20177488416718,-0.1043395138543648,0.9757694514798994
83.6079827792684,4.202015949529831,-0.10409844849171357,0.9758254335882154
83.41613525703207,4.202288008619632,-0.10382638940191224,0.975888613305393
83.22428773479572,4.202597088754733,-0.10351730926681135,0.9759603903430033
83.03244021255938,4.202824809708957,-0.10328958831258728,0.9760132735070755
82.84059269032304,4.203020674622784,-0.10309372339876077,0.9760587588090722
82.6487451680867,4.20327336272556,-0.10284103529598454,0.9761174400421793
82.4560742659266,4.203583734851434,-0.10253066317011061,0.9761895171161225
82.26422674369026,4.203961260176061,-0.10215313784548385,0.9762771890378903
82.26422674369026,4.204272492396536,-0.10184190562500817,0.9763494658498159
82.07320260137767,4.204620745662313,-0.10149365235923202,0.9764303399821743
81.88053169921757,4.204908732402539,-0.10120566561900546,0.9764972185445179
81.68868417698124,4.205256124834165,-0.10085827318737994,0.97657789276715
81.49601327482114,4.205678849868066,-0.10043554815347822,0.976676061323493
81.30498913250855,4.206056806349316,-0.10005759167222905,0.9767638333718676
81.1073779508059,4.206520856599267,-0.09959354142227728,0.976871598797274
80.9147070486458,4.207094247577268,-0.09902015044427692,0.977004756192782
80.72368290633321,4.207557437732619,-0.09855696028892602,0.9771123218802064
80.72368290633321,4.20790870391792,-0.09820569410362445,0.9771938956966063
80.53183538409687,4.208318514960472,-0.09779588306107279,0.9772890652635691
80.33998786186052,4.208717994514123,-0.09739640350742196,0.9773818355703298
80.14814033962419,4.209102407991047,-0.09701199003049776,0.9774711071133944
79.95629281738783,4.209486820728424,-0.09662757729312066,0.9775603784847154
79.76362191522773,4.20995646787945,-0.09615793014209473,0.97766944366683
79.5717743929914,4.210418366044025,-0.09569603197751952,0.9777767093179207
79.37416321128873,4.210816554346451,-0.09529784367509375,0.9778691797600921
79.18231568905239,4.211407164226104,-0.09470723379544044,0.978006335865356
79.18231568905239,4.211971084549355,-0.0941433134721894,0.9781372939103885
78.9896447868923,4.212198375086504,-0.09391602293504064,0.9781900771195975
78.79779726465596,4.212467851673855,-0.09364654634768943,0.9782526571075967
78.60594974241961,4.212767030737131,-0.09334736728441317,0.9783221348398682
78.41492560010703,4.213150152223283,-0.09296424579826201,0.9784111063465999
78.2230780778707,4.2135444660324834,-0.09256993198906116,0.9785026770232597
78.03123055563435,4.2140309016680835,-0.09208349635346114,0.9786156409602659
77.83855965347425,4.214590086663961,-0.09152431135758388,0.9787454993300607
77.6467121312379,4.215091589115835,-0.09102280890570924,0.9788619622025068
77.6467121312379,4.215479015512286,-0.09063538250925873,0.9789519334296132
77.45404122907782,4.215826837621439,-0.09028756040010588,0.9790327074353647
77.26301708676522,4.216255159556415,-0.08985923846513,0.9791321757484158
77.07116956452889,4.21663957229379,-0.08947482572775467,0.9792214471197365
76.87849866236878,4.21700547487829,-0.08910892314325469,0.9793064199167129
76.68747452005621,4.217438100984016,-0.08867629703752833,0.9794068877783946
76.49562699781985,4.217972749248418,-0.08814164877312702,0.9795310480340179
76.30295609565975,4.218490609028246,-0.08762378899329892,0.9796513095347495
76.11110857342342,4.218885353994069,-0.08722904402747567,0.9797429803380158
76.11110857342342,4.219166022904469,-0.08694837511707565,0.9798081594959427
75.91926105118708,4.2194720893804964,-0.08664230864104816,0.9798792366777678
75.72741352895073,4.219889218252872,-0.08622517976867261,0.9799761056491465
75.53474262679065,4.220338202426099,-0.08577619559544569,0.9800803723108574
75.3428951045543,4.220871559439275,-0.08524283858226944,0.9802042327018914
75.15104758231796,4.221295576463951,-0.0848188215575938,0.9803027012945675
74.95920006008161,4.221726480161827,-0.08438791785971755,0.9804027691650529
74.76735253784527,4.222158245433403,-0.08395615258814182,0.9805030371170084
74.57550501560894,4.222579248799003,-0.08353514922254135,0.9806008058538989
74.3836574933726,4.222975285016053,-0.08313911300549126,0.9806927765217548
74.3836574933726,4.223383373650756,-0.08273102437078883,0.9807875460975213
74.19180997113625,4.223744972064506,-0.08236942595703844,0.980871519345867
73.99913906897615,4.224137993882932,-0.0819764041386124,0.9809627899861935
73.8072915467398,4.224506049292358,-0.08160834872918699,0.9810482627292294
73.60968036503715,4.224840097315558,-0.08127430070598685,0.9811258380076181
73.4178328428008,4.225159077782934,-0.08095532023861018,0.9811999141788231
73.22680870048823,4.225481071909386,-0.08063332611215834,0.9812746902058139
73.03496117825188,4.225854723480336,-0.08025967454120853,0.9813614625338137
72.84229027609177,4.226199102252887,-0.0799152957686573,0.9814414369006604
72.84229027609177,4.226456525683037,-0.0796578723385073,0.9815012178090052
72.65044275385544,4.226688120390938,-0.07942627763060628,0.9815550005668454
72.4585952316191,4.227082434200139,-0.07903196382140543,0.9816465712435051
72.26674770938276,4.227516782713715,-0.07859761530782983,0.9817474390963831
72.0691365276801,4.22796576688694,-0.07814863113460468,0.9818517057580936
71.87728900544374,4.228475878419866,-0.07763851960167845,0.9819701678995454
71.67967782374109,4.228927014678468,-0.07718738334307673,0.9820749343355716
71.48783030150474,4.2294091454037686,-0.07670525261777605,0.9821868985522032
71.29515939934464,4.229934323013421,-0.07618007500812318,0.9823088594573511
71.29515939934464,4.230483607677021,-0.07563079034452347,0.9824364186935507
71.10413525703207,4.230932161433171,-0.07518223658837364,0.982540585400398
70.91228773479571,4.23128988461415,-0.07482451340739438,0.9826236587114888
70.71961683263561,4.231679894252599,-0.07443450376894578,0.9827142298395173
70.52859269032304,4.232110367533401,-0.07400403048814397,0.9828141977551397
70.33592178816293,4.232420308502652,-0.07369408951889245,0.9828861747024762
70.1440742659266,4.232818066388003,-0.07329633163354199,0.9829785451897846
69.95222674369026,4.233309667768053,-0.07280473025349199,0.9830927087568918
69.76037922145392,4.233800837991479,-0.07231356003006528,0.9832067721973922
69.76037922145392,4.23439403111313,-0.07172036690841477,0.983344528203578
69.56770831929381,4.234895963242532,-0.0712184347790128,0.9834610908591433
69.37586079705747,4.235385411797658,-0.07072898622388646,0.9835747544801915
69.1848366547449,4.235932113219259,-0.07018228480228572,0.9837017138154688
68.9921657525848,4.236577823880011,-0.06953657414153369,0.9838516658606463
68.80031823034845,4.237290688479062,-0.06882370954248263,0.9840172129253919
68.60847070811211,4.237859774546764,-0.06825462347478073,0.9841493706005255
68.41662318587576,4.23829584472864,-0.06781855329290476,0.9842506382728559
68.22477566363943,4.238732345327589,-0.06738205269395525,0.984352005900049
68.22477566363943,4.239282921242417,-0.06683147677912782,0.9844798650008384
68.03210476147933,4.239785714205968,-0.066328683815577,0.9845966275661298
67.84025723924299,4.240245460285169,-0.0658689377363757,0.9847033934429055
67.64840971700664,4.240704345530219,-0.06541005249132592,0.9848099594099546
67.45738557469407,4.241308730235372,-0.0648056677861728,0.9849503144143249
67.26471467253397,4.241900632105796,-0.06421376591574823,0.9850877705559212
67.07286715029763,4.242549355686075,-0.06356504233546989,0.9852384222851406
66.88101962806128,4.243164072619675,-0.06295032540186973,0.9853811767214563
66.68917210582495,4.243684084484877,-0.062430313536667725,0.985501937996503
66.49732458358861,4.244268667785928,-0.06184573023561679,0.9856376945619392
66.49732458358861,4.244836462602405,-0.06127793541913995,0.9857695523724835
66.30547706135226,4.24530180484313,-0.060812593178414254,0.9858776178342232
66.11362953911592,4.245758106846181,-0.06035629117536345,0.9859835839003501
65.92178201687958,4.246196759530507,-0.05991763849103737,0.9860854513018589
65.72911111471949,4.246759388602535,-0.05935500941900962,0.9862161094823025
65.53726359248314,4.247275957131135,-0.05883844089040924,0.9863360711184443
65.3454160702468,4.247876037665536,-0.05823836035600838,0.9864754265741834
65.15356854801047,4.248515291330612,-0.05759910669093227,0.9866238791246706
64.96172102577412,4.249117093533314,-0.05699730448823104,0.986763634399862
64.96172102577412,4.249750751036864,-0.056363646984680216,0.9869107873653852
64.76987350353778,4.250328446925166,-0.05578595109637874,0.9870449444812683
64.57720260137768,4.251003429644768,-0.05511096837677698,0.9872016943158551
64.38535507914133,4.251671093794996,-0.05444330422654886,0.9873567445742819
64.193507556905,4.252262995665421,-0.0538514023561234,0.9874942007158785
64.00166003466866,4.252851022303073,-0.05326337571847173,0.9876307569202194
63.80981251243231,4.253454546913623,-0.05265985110792126,0.9877709121866071
63.61796499019597,4.254046878461575,-0.052067519559969355,0.9879084681113228
63.42529408803587,4.2546435149198265,-0.0514708831017181,0.9880470237564133
63.42529408803587,4.255288364746428,-0.0508260332751167,0.9881967758918646
63.23344656579953,4.256036097565856,-0.05007830045568884,0.9883704203309839
63.042422423486954,4.256807507022156,-0.049306890999388564,0.9885495631462919
62.85057490125062,4.257473879921158,-0.04864051810038639,0.9887043135401292
62.657903999090514,4.258044688396709,-0.048069709624835255,0.9888368712064591
62.46605647685418,4.258609469554111,-0.047504928467433594,0.9889680291612178
62.2684452951515,4.259256471466088,-0.04685792655545651,0.9891182810709847
62.076597772915164,4.260040364496664,-0.0460740335248806,0.9893003229208102
61.88475025067882,4.260867304411591,-0.04524709360995338,0.9894923614591516
61.88475025067882,4.261633547383892,-0.044480850637652836,0.9896703044726146
61.69290272844248,4.262417870831544,-0.04369652719000072,0.9898524462773034
61.501055206206146,4.263252558993372,-0.04286183902817253,0.9900462841749245
61.30920768396981,4.264061849589575,-0.04205254843197004,0.9902342240486478
61.11736016173346,4.264860379019349,-0.04125401900219572,0.9904196648790496
60.92551263949712,4.2656567548846525,-0.04045764313689215,0.9906046055916489
60.73284173733702,4.266387268802429,-0.039727129219115476,0.9907742513210127
60.54099421510068,4.2672637133369316,-0.03885068468461306,0.9909777862143042
60.34914669286433,4.268092375659705,-0.03802202236183927,0.9911702247438413
60.157299170627994,4.268820306335484,-0.03729409168606068,0.9913392705722831
60.157299170627994,4.2694965810458605,-0.036617816975684114,0.9914963204432032
59.96462826846789,4.270252492529262,-0.03586190549228263,0.9916718641964646
59.77360412615531,4.270979132693363,-0.03513526532818201,0.9918406103320606
59.581756603918976,4.271730739266466,-0.03438365875507898,0.9920151543649475
59.38908570175887,4.272425954546793,-0.03368844347475175,0.9921766027650751
59.197238179522536,4.273087162440894,-0.03302723558065068,0.9923301537005554
59.0053906572862,4.273786681891971,-0.03232771612957386,0.9924926016493136
58.812719755126096,4.274561965101947,-0.03155243291959753,0.9926726440583895
58.62169561281351,4.275343705307599,-0.03077069271394528,0.9928541859621558
58.62169561281351,4.275973057900851,-0.030141340120693805,0.9930003392073043
58.42984809057717,4.276523203398602,-0.029591194622942574,0.9931280983532303
58.23800056834083,4.277238651239652,-0.02887574678189253,0.9932942453188983
58.04615304610448,4.278000589301655,-0.028113808719889555,0.993471188611987
57.85348214394438,4.2786828905906304,-0.02743150743091416,0.993629638022734
57.66163462170804,4.279498207765433,-0.02661619025611195,0.9938189774362843
57.4697870994717,4.280389287959586,-0.025725110061958212,0.9940259111384088
57.2771161973116,4.281192121560112,-0.024922276461432524,0.9942123515174416
57.08609205499903,4.281876144517389,-0.02423825350415587,0.9943712007476411
57.08609205499903,4.282639374570164,-0.02347502345138075,0.9945484440770626
56.894244532762684,4.283507639701142,-0.022606758320402598,0.9947500794844676
56.70157363060259,4.284382792984419,-0.021731605037125235,0.9949533145131699
56.509726108366245,4.285135691548295,-0.020978706473249176,0.9951281585823898
56.31787858612991,4.2858007731960726,-0.020313624825472054,0.9952826091116378
56.12603106389356,4.286506319965299,-0.01960807805624576,0.9954464567719672
55.93418354165722,4.287249747874426,-0.018864650147119022,0.9956191014907113
55.74233601942088,4.288075396538128,-0.01803900148341686,0.9958108401644636
55.55048849718453,4.28891826410348,-0.017196133918064405,0.9960065775479711
55.358640974948194,4.289829146441282,-0.016285251580262283,0.9962181098607727
55.358640974948194,4.290569561430884,-0.015544836590660971,0.9963900548954754
55.16679345271186,4.291254014805236,-0.014860383216309003,0.9965490040805379
54.97329917062799,4.292061583733136,-0.014052814288408655,0.9967365441348086
54.78309840823918,4.292887232396838,-0.013227165624706494,0.9969282828085608
54.590427506079074,4.293674568764015,-0.012439829257529844,0.997111124297291
54.39857998384274,4.294455016978893,-0.011659381042651518,0.9972923661647242
54.2067324616064,4.295221260690744,-0.010893137330800329,0.9974703093499315
54.01488493937006,4.295987503663046,-0.010126894358498895,0.9976482523633948
53.82303741713371,4.296798085510472,-0.009316312511072233,0.9978364921017071
53.82303741713371,4.297630622326473,-0.008483775695071749,0.9980298303967564
53.63036651497361,4.298507066860975,-0.0076073311605693306,0.9982333652900479
53.43851899273727,4.2993004298067525,-0.006813968214792077,0.9984176063186053
53.24667147050092,4.300039122388505,-0.00607527563304,0.9985891513621117
53.054823948264584,4.300662448403158,-0.005451949618386465,0.9987339050674335
52.86297642602825,4.301365842347458,-0.0047485556740864965,0.998897252781703
52.67112890379191,4.302192351845311,-0.003922046176233707,0.9990891913651816
52.479281381555566,4.303020153333936,-0.0030942446876087715,0.9992814299849929
52.28743385931923,4.303802323956664,-0.0023120740648803206,0.9994630718436225
52.28743385931923,4.304450617119866,-0.0016637809016781802,0.9996136236179786
52.09558633708289,4.305175965293191,-0.0009384327283532556,0.999782069717241
51.90291543492279,4.305991713624619,-0.0001226843969259761,0.9999715092573986
51.71106791268645,4.3067829237454704,0.0006685257239258391,1.0001552503398965
51.519220390450116,4.307423899078849,0.0013095010573040966,1.0003041027098365
51.327372868213764,4.308030436608925,0.0019160385873799868,1.0004449576602656
51.13552534597743,4.308767838678999,0.002653440657454098,1.0006162030109262
50.942854443817325,4.3096098454102005,0.0034954473886559256,1.0008117404847074
50.75183030150474,4.310412678271179,0.004298280249634523,1.0009981806919968
50.55915939934464,4.311125542870231,0.005011144848686477,1.0011637277567427
50.55915939934464,4.3116550261297295,0.005540628108184897,1.0012866885540084
50.36813525703206,4.312310637122758,0.006196239101213585,1.001438939732781
50.175464354871956,4.312918465904059,0.006804067882514531,1.0015800945477995
49.98361683263562,4.313584839542611,0.007470441521066462,1.0017348451133807
49.79176931039928,4.314339890191862,0.008225492170317317,1.001910188956916
49.599921788162945,4.31501272082609,0.008898322804545167,1.0020664390171876
49.40725088600284,4.3157690634661146,0.009654665444569943,1.0022420828970557
49.216226743690264,4.316616666358843,0.010502268337297949,1.0024389199558013
49.023555841530154,4.3174083068967715,0.011293908875226855,1.0026227609931626
49.023555841530154,4.31743241395072,0.011318015929175473,1.0026283593242147
48.83170831929382,4.31707770294972,0.010963304928175432,1.0025459855254224
48.63986079705747,4.318167232039247,0.01205283401770263,1.0027990046022095
48.44801327482113,4.319483190831773,0.013368792810227959,1.0031046069784793
48.256165752584785,4.320640734693751,0.014526336672206597,1.003373420984561
48.06431823034845,4.321508569407654,0.015394171386109434,1.003574956437103
47.871647328188345,4.322096596784855,0.015982198763309974,1.003711512813188
47.67979980595201,4.322716478723357,0.016602080701812127,1.0038554667078607
47.48795228371567,4.323314406432834,0.017200008411289325,1.0039943222175407
47.29692814140309,4.32391836146046,0.017803963438915105,1.0041345774387915
47.29692814140309,4.324469367792361,0.018354969770816076,1.0042625364944437
47.10425723924299,4.325073752497513,0.018959354475968304,1.0044028914988137
46.91240971700665,4.325692774341412,0.019578376319867807,1.004546645655504
46.7205621947703,4.326287258714289,0.020172860692744266,1.0046847015262792
46.52789129261021,4.326883464755465,0.020769066733920205,1.0048231572165065
46.33686715029763,4.327276056156817,0.02116165813527271,1.00491432790197
46.145019628061284,4.327675106032942,0.02156070801139709,1.0050069984256116
45.95234872590118,4.328140017117044,0.022025619095499493,1.0051149637607444
45.760501203664845,4.328652280735347,0.022537882713802304,1.005233925676512
45.760501203664845,4.329288951897971,0.02317455387642653,1.0053817784978203
45.56865368142851,4.330323380206399,0.024208982184854122,1.0056220016346935
45.3718658796496,4.3310487283797245,0.024934330358179935,1.005790447733956
45.179194977489495,4.331562283249252,0.0254478852277078,1.005909709514313
44.98734745525315,4.332010406588329,0.02589600856678409,1.0060137762662975
44.79055965347425,4.3324757488290535,0.0263613508075089,1.0061218417280369
44.597888751314144,4.332972084796931,0.02685768677538647,1.0062371047986385
44.40604122907781,4.333374578009655,0.0272601799881107,1.0063305749611844
44.40604122907781,4.333741771845382,0.02762737382383751,1.0064158476227503
44.20843004737514,4.334193339260606,0.028078941239061628,1.0065207141853831
44.016582525138794,4.334622521290183,0.028508123268638386,1.0066203822364164
43.82473500290246,4.334985841372234,0.02887144335068914,1.0067047553042145
43.63288748066611,4.335420619563335,0.0293062215417903,1.0068057229402114
43.441039958429776,4.335962155240487,0.02984775721894195,1.0069314826453881
43.24919243619343,4.336359913125837,0.03024551510429241,1.0070238531326963
43.05734491395709,4.33664230370454,0.03052790568299546,1.0070894321100763
42.86549739172075,4.337037909504514,0.030923511482969346,1.0071813028230687
42.673649869484414,4.33749894683494,0.031384548813395696,1.0072883685644338
42.673649869484414,4.337832994118592,0.03171859609704697,1.0073659436710785
42.48097896732431,4.338106345199166,0.03199194717762133,1.007429423424589
42.28913144508797,4.338532514309217,0.03241811628767266,1.0075283917915807
42.096460542927865,4.339041764268444,0.0329273662468994,1.0076466538515623
41.905436400615294,4.339291439451694,0.03317704143014932,1.0077046354006276
41.70700183898886,4.339538961810019,0.03342456378847469,1.0077621170036337
41.51597769667628,4.339884201416722,0.03376980339517743,1.0078422912802067
41.32413017443994,4.340242786171396,0.03412838814985175,1.0079255646727667
41.131459272279834,4.340500209601546,0.03438581158000176,1.0079853455811114
41.131459272279834,4.340839853046723,0.03472545502517832,1.0080642202727204
40.94043512996726,4.341340924341974,0.03522652632042966,1.0081805830185595
40.74776422780716,4.341689178347299,0.035574780325754674,1.0082614573226618
40.555916705570816,4.34193799195685,0.0358235939353051,1.008319238790257
40.36406918333448,4.342207898961276,0.036093500939731626,1.0083819187331193
40.172221661098135,4.342484693378451,0.03637029535690672,1.0084461981255346
39.98037413886179,4.342731354902626,0.036616956881081464,1.0085034798188142
39.787703236701695,4.3430025531582785,0.036888155136733936,1.008566459626266
39.59585571446535,4.343247923431229,0.03713352540968451,1.0086234414549566
39.59585571446535,4.34354236716713,0.037427969145585216,1.00869181951199
39.40483157215278,4.343926350226979,0.037811952205434096,1.0087809911001917
39.21216066999266,4.344302153143756,0.03818775512221162,1.0088682630307633
39.01537286821376,4.344516529689557,0.038402131668012096,1.0089180472505923
38.82352534597742,4.344764912882032,0.038650514860487206,1.0089757287633243
38.631677823741086,4.344977567019982,0.03886316899843756,1.009025112991957
38.43900692158098,4.345145451865733,0.03903105384418826,1.0090641005408776
38.24715939934463,4.345380059493159,0.0392656614716147,1.0091185829827594
38.054488497184536,4.345607780447384,0.03949338242583966,1.0091714661468318
38.054488497184536,4.345750697405035,0.039636299383490226,1.0092046554549738
37.86346435487196,4.34584152724066,0.039727129219115476,1.0092257486789873
37.670793452711855,4.346095076917134,0.03998067889558943,1.0092846299935643
37.47894593047552,4.346369718509387,0.04025532048784264,1.0093484094399205
37.28792178816294,4.34651909320226,0.04040469518071532,1.0093830984144962
37.09525088600284,4.346678799384035,0.04056440136249062,1.0094201866492742
36.90340336376649,4.346751118327237,0.04063672030569254,1.0094369811271997
36.711555841530156,4.346883704535536,0.04076930651399113,1.0094677713468836
36.51394465982749,4.347062351287262,0.040947953265717096,1.0095092581108691
36.51394465982749,4.3472444413755875,0.04113004335404291,1.0095515445137593
36.321273757667385,4.347438585360663,0.0413241873391188,1.009596630168048
36.13024961535481,4.347545342846713,0.0414309448251684,1.009621422237227
35.93840209311846,4.347633159023264,0.04151876100171936,1.0096418156054552
35.746554570882125,4.347709353199238,0.041594955177693294,1.0096595100206358
35.55388366872202,4.347838064914314,0.04172366689276963,1.0096894004748085
35.362859526409444,4.347885416708964,0.04177101868741939,1.009700396883699
35.17101200417311,4.347854422981812,0.04174002496026752,1.009693199274837
34.978341102013005,4.347864323314091,0.04174992529254595,1.0096954984084325
34.978341102013005,4.347912967099514,0.04179856907796964,1.009706794853656
34.78072992031033,4.347982273123191,0.041867875101646135,1.0097228896475399
34.583118738607666,4.348009393096666,0.041894995075121066,1.0097291876626338
34.39127121637132,4.348023599078789,0.04190920105724416,1.009732486688347
34.199423694134985,4.348007671428364,0.04189327340681981,1.0097287878431813
34.00757617189865,4.348084726438488,0.04197032841694348,1.009746682168088
33.8157286496623,4.348186318180088,0.04207192015854311,1.0097702746071664
33.62388112742596,4.348264664441439,0.0421502664198945,1.009788468796663
33.43121022526586,4.348288340338764,0.042173942317219826,1.0097939670011082
33.43121022526586,4.348110124004115,0.041995725982570065,1.0097525801919858
33.24018608295328,4.347991313360863,0.041876915339318366,1.0097249890431519
33.04833856071694,4.348096349178615,0.04198195115707026,1.0097493812928795
32.85566765855684,4.348223338485842,0.04210894046429736,1.009778871755856
32.663820136320496,4.348169099278439,0.04205470125689459,1.0097662758974115
32.47197261408415,4.348164363951064,0.04204996592951904,1.0097651762221735
32.280125091847815,4.34804167881459,0.041927280793045085,1.0097366853078285
32.08251391014515,4.347895317780789,0.04178091975924403,1.0097026961890376
31.890666387908812,4.347756274576814,0.04164187655526952,1.0096704064746636
31.890666387908812,4.347654252418139,0.04153985439659458,1.0096467140807222
31.69881886567246,4.347727432935039,0.04161303491349422,1.0096637086401172
31.506971343436124,4.347596569134588,0.04148217111304309,1.0096333184116293
31.315123821199784,4.347465274177514,0.04135087615596955,1.0096028280565348
31.123276298963447,4.347448055275863,0.04133365725431837,1.0095988293467795
30.931428776727106,4.347482924235789,0.04136852621424403,1.0096069268928969
30.73958125449077,4.347396398570912,0.04128200054936748,1.0095868332175137
30.546910352330666,4.3472379843799125,0.04112358635836788,1.0095500450190693
30.35506283009432,4.347138975140763,0.041024577119218364,1.0095270523091693
30.163215307857982,4.3469276129935865,0.040813214972041933,1.0094779681168697
30.163215307857982,4.346643930424112,0.040529532402567625,1.0094120891031573
29.97054440569788,4.346434289945236,0.040319891923691564,1.0093634047303102
29.77869688346154,4.346349486688211,0.04023508866666603,1.0093437110461236
29.5868493612252,4.34625306069106,0.04013866266951549,1.009321318237146
29.395825218912616,4.346142859128859,0.040028461107314506,1.009295726357318
29.203977696676276,4.345956464130235,0.03984206610869023,1.0092524402340532
29.011306794516177,4.34584066640651,0.039726268384965735,1.0092255487692612
28.819459272279836,4.345722286180335,0.03960788815879024,1.0091980575752906
28.6276117500435,4.3454334386059585,0.03931904058441393,1.009130979103221
28.6276117500435,4.345193664494533,0.03907926647298865,1.0090752968594945
28.43576422780716,4.345092933587083,0.03897853556553876,1.0090519043301422
28.243916705570822,4.344844550394607,0.038730152373062765,1.00899422281741
28.05206918333447,4.3445470929996315,0.03843269497808688,1.0089251449045908
27.860221661098134,4.34434735359258,0.038232955571035454,1.0088787598370823
27.661787099471706,4.344129964127255,0.03801556610571044,1.008828275933212
27.470762957159128,4.343827340987829,0.03771294296628458,1.0087579983902917
27.27809205499903,4.343511803857054,0.037397405835509545,1.0086847218579915
27.086244532762688,4.343183783152003,0.03706938513045799,1.0086085462911736
27.086244532762688,4.342886325017478,0.036771926995933235,1.0085394682066107
26.89439701052634,4.3430580843564535,0.036943686334908854,1.008579355521043
26.701726108366238,4.3438238969116805,0.03770949889013586,1.0087571985796433
26.5098785861299,4.343283652485753,0.03716925446420838,1.0086317387390558
26.318854443817322,4.342573371128701,0.03645897310715629,1.0084667915752326
26.127006921580985,4.342195415387,0.036081017365455104,1.0083790196986018
25.935159399344634,4.3416271894139005,0.03551279139235586,1.0082470617614507
25.742488497184535,4.340885052755999,0.034770654734454176,1.0080747169072957
25.550640974948195,4.340804123992198,0.03468972597065356,1.008055922988621
25.358793452711858,4.340749884045248,0.0346354860237037,1.008043326958433
25.358793452711858,4.340683160524024,0.03456876250247909,1.0080278318937281
25.166945930475517,4.340463618973323,0.03434922095177839,1.0079768482155422
24.96933474877285,4.340072749240271,0.03395835121872626,1.0078860773495308
24.777487226536504,4.339703832996696,0.0335894349751511,1.0078004046967688
24.5848163243764,4.339486443531372,0.033372045509826975,1.0077499207928986
24.393792182063827,4.339353427645543,0.033239029623998384,1.0077190307900947
24.201944659827486,4.339143787166669,0.0330293891451241,1.0076703464172478
24.01009713759115,4.338818348964068,0.03270395094252354,1.0075947705796087
23.81824961535481,4.338475691859816,0.0323612938382718,1.0075151960322142
23.81824961535481,4.338139491751242,0.03202509372969775,1.0074371209795103
23.62557871319471,4.337961275416592,0.0318468773950471,1.0073957341703879
23.43373119095836,4.3377865031580916,0.031672105136546946,1.0073551471719142
23.24188366872202,4.337421891824816,0.031307493803271136,1.0072704742395269
23.05003614648568,4.336987544050789,0.030873146029244403,1.0071696065583926
22.858188624249344,4.336712471301913,0.030598073280368787,1.0071057269854296
22.666341102013003,4.336403391166813,0.030288993145268783,1.0070339499478196
22.474493579776656,4.3360956022829376,0.029981204261392946,1.0069624727747986
22.281822677616553,4.335923842943962,0.029809444922417327,1.006922585460366
22.281822677616553,4.3356982748146615,0.029583876793116914,1.0068702022423532
22.089975155380216,4.335350883122585,0.029236485101040266,1.006789528191465
21.898127633143876,4.334899746124435,0.028785348102890573,1.0066847615836951
21.70628011090754,4.334482617252058,0.028368219230513247,1.006587892612316
21.5144325886712,4.3341498612196325,0.028035463198087918,1.0065106173702605
21.32258506643486,4.333844654838209,0.027730256816663967,1.0064397399264182
21.130737544198514,4.33345335468808,0.02733895666653563,1.0063488691055436
20.938890021962173,4.333054305551505,0.026939907529960117,1.0062561987536462
20.74621911980207,4.332649660253405,0.0265352622318602,1.0061622288167849
20.74621911980207,4.332257498529579,0.026143100508034145,1.0060711579144404
20.554371597565734,4.331796461199152,0.025682063177607795,1.0059640921730755
20.362524075329393,4.331362113425127,0.02524771540358195,1.0058632244919414
20.170676553093056,4.330944553396126,0.02483015537458133,1.0057662553939555
19.97882903085671,4.330605340368025,0.024490942346480082,1.0056874806572098
19.786158128696606,4.330273014752674,0.02415861673112918,1.0056103053700174
19.59513398638403,4.329819295252073,0.023704897230528488,1.0055049390330688
19.397522804681365,4.329390974056646,0.02327657603510147,1.0054054708917617
19.205675282445025,4.3291042785676455,0.02298988054610085,1.0053388921940076
19.205675282445025,4.32886967020067,0.02275527217912554,1.005284409580382
19.013004380284926,4.328588570873195,0.02247417285165021,1.005219130467592
18.816216578506012,4.328298000890969,0.022183602869424668,1.005151652004326
18.62354567634591,4.3280125966531955,0.021898198631650878,1.0050853731711615
18.432521534033334,4.3277280539891185,0.02161365596757392,1.0050192944194665
18.240674011796994,4.327378079055043,0.021263681033498294,1.004938020467656
18.048826489560646,4.3270991318129415,0.02098473379139687,1.004873241129181
17.856155587400544,4.32690197490834,0.020787576886795556,1.004827455790851
17.664308065164207,4.326694486514841,0.020580088493296067,1.0047792711923194
17.664308065164207,4.326288549965514,0.02017415194396932,1.0046850013908684
17.472460542927866,4.325873573178513,0.019759175156968567,1.004588632193805
17.28061302069153,4.325539525155314,0.019425127133769315,1.0045110569154165
17.087942118531426,4.325287267469614,0.019172869448069285,1.0044524756371727
16.89609459629509,4.325007029715836,0.018892631694291673,1.0043873966058523
16.7050704539825,4.325283393715937,0.019168995694392343,1.0044515760434045
16.5123995518224,4.325078057407812,0.01896365938626765,1.0044038912191884
16.32055202958606,4.324694505504587,0.018580107483042063,1.0043148197575937
16.128704507349724,4.324272641304836,0.018158243283290965,1.004216851110977
15.936856985113385,4.323801702902585,0.017687304881039978,1.0041074860642734
15.936856985113385,4.323350997061057,0.01723659903951269,1.00400281958311
15.745009462877047,4.3229424772697325,0.016828079248187855,1.0039079498807368
15.552338560716946,4.3225606470348055,0.01644624901326086,1.0038192782385942
15.360491038480596,4.322205936773357,0.01609153875181235,1.0037369046115463
15.16946689616802,4.32185682267343,0.015742424651885578,1.0036558305694616
14.977619373931681,4.321620923055229,0.015506525033684326,1.0036010480912465
14.78494847177158,4.32147714452388,0.015362746502335156,1.0035676587016344
14.593100949535241,4.321192601859803,0.015078203838258197,1.0035015799499396
14.401253427298903,4.320774180996653,0.014659782975108726,1.0034044109422278
14.401253427298903,4.320406556743851,0.014292158722306603,1.0033190383257986
14.209405905062553,4.32010780809765,0.013993410076105661,1.0032496605483903
14.017558382826214,4.3198280000214,0.013713601999855385,1.0031846813001895
13.825710860589876,4.319554648940826,0.013440250919281027,1.0031212015466788
13.633039958429775,4.319310570658648,0.013196172637103487,1.003064519754321
13.441192436193436,4.319181428526499,0.013067030504954502,1.0030345293452858
13.249344913957097,4.318987284541424,0.0128728865198795,1.0029894436909976
13.057497391720748,4.318690688720147,0.012576290698602222,1.0029205658596485
12.864826489560647,4.318430682047996,0.012316284026451463,1.0028601850503809
12.864826489560647,4.318222332820347,0.012107934798802233,1.0028118005421234
12.672978967324308,4.317954147484222,0.011839749462676963,1.0027495204187136
12.481954825011732,4.317643776097896,0.011529378076351016,1.0026774435165142
12.28928392285163,4.317297245239969,0.011182847218424108,1.002596969375352
12.098259780539054,4.316917997507494,0.010803599485949,1.0025088974623881
11.905588878378943,4.316589976802442,0.010475578780897443,1.0024327218955702
11.713741356142604,4.316277452591192,0.010163054569647834,1.0023601450473116
11.521893833906265,4.315938239563091,0.009823841541546585,1.002281370310566
11.330046311669927,4.31564293425349,0.009528536231945495,1.002212792172062
11.138198789433588,4.31537173599784,0.009257337976295688,1.0021498123646109
11.138198789433588,4.3150200386559145,0.008905640634369938,1.002068138421604
10.94635126719725,4.314754436561789,0.008640038540244532,1.0020064581991166
10.7545037449609,4.314632612259464,0.00851821423791943,1.0019781671944974
10.561832842800799,4.314511219113763,0.00839682109221851,1.0019499763164854
10.36998532056446,4.314290385572289,0.008175987550744779,1.0018986926019664
10.178137798328121,4.3140110086526615,0.007896610631116907,1.0018338134803721
9.98546689616802,4.31376305587726,0.007648657855715335,1.001776231922503
9.788679094389117,4.313553845075911,0.00743944705436661,1.0017276473327752
9.596831572152768,4.31329986572191,0.007185467700365322,1.0016686662350789
9.596831572152768,4.313160822517935,0.007046424496390813,1.0016363765207046
9.404984049916429,4.312900386168259,0.0067859881467144945,1.001575895928318
9.21313652768009,4.312547827992184,0.006433429970639004,1.001494022075585
9.02046562551999,4.3121530837659074,0.006038685744362837,1.0014023514440622
8.829441483207413,4.311814731571956,0.0057003335504113295,1.0013237766170426
8.636770581047312,4.3116020774340065,0.0054876794124618655,1.0012743923884102
8.444923058810963,4.311556877724731,0.0054424797031860095,1.0012638957538347
8.253075536574624,4.311377370138856,0.005262972117311193,1.0012222090801233
8.061228014338285,4.310952923436654,0.004838525415109096,1.0011236407043278
8.061228014338285,4.310756196209581,0.004641798188036006,1.0010779551491173
7.869380492101947,4.3106111271665535,0.004496729145008871,1.0010442660666596
7.6775329698656085,4.310402347521827,0.004287949500282551,1.0009957816035386
7.4848620677055075,4.310207773119679,0.004093375098134011,1.0009505959943876
7.29383792539292,4.310054524673126,0.003940126651581721,1.0009150074260433
7.1011670232328195,4.309949488855377,0.0038350908338324885,1.0008906151763164
6.909319500996481,4.3098336911316535,0.003719293110108879,1.0008637237115245
6.717471978760142,4.309732099390052,0.0036177013685074755,1.000840131272446
6.524801076600041,4.3096158719888,0.0035014739672556416,1.0008131400245346
6.332953554363702,4.309475106376977,0.0033607083554327843,1.0007804503189643
6.332953554363702,4.3092968907818765,0.0031824927603318898,1.0007390636815858
6.141929412051115,4.309098011469428,0.0029836134478831156,1.0006928783520601
5.949258509891014,4.308937014775974,0.0028226167544289638,1.000655490424436
5.7574109876546755,4.308825952379625,0.002711554358080015,1.000629698634882
5.565563465418337,4.308666677354474,0.0025522793329297855,1.0005927105267112
5.373715943181998,4.308574125111,0.002459727089455299,1.0005712173115013
5.181868420945659,4.308502235845325,0.002387837823780714,1.0005545226166954
4.990020898709321,4.308384286036224,0.002269888014679644,1.0005271313775879
4.798173376472971,4.308192725293149,0.0020783272716045076,1.000482645624222
4.798173376472971,4.308002025384224,0.0018876273626791118,1.0004383597805824
4.6063258542366325,4.307784206241372,0.001669808219827651,1.0003877760935926
4.414478332000294,4.307612877319473,0.0014984792979282346,1.0003479887340236
4.221807429840193,4.307491053017149,0.0013766549956040208,1.0003196977294047
4.029959907603854,4.307316280758647,0.001201882737102089,1.0002791107309306
3.838112385367516,4.307181542464971,0.001067144443426038,1.0002478207369307
3.6462648631311665,4.3071531312402715,0.0010387332187269394,1.000241222857248
3.4544173408948278,4.307132899419095,0.001018501397550331,1.000236524463451
3.262569818658489,4.307093295871345,0.0009788978498006529,1.0002273274138398
3.262569818658489,4.307412707495346,0.0012983094738014955,1.000301503711652
3.0707222964221503,4.307353301803947,0.001238903782402545,1.0002877080513635
2.8788747741858116,4.307043360834696,0.0009289628131510241,1.0002157311040267
2.6862038720257106,4.306779910825945,0.0006655128044004144,1.000154550655855
2.495179729713124,4.306660669765619,0.0005462717440742892,1.000126859552158
2.3025088275530226,4.306599111988844,0.00048471396729965477,1.000112564117554
2.1098379253929216,4.306469109022543,0.0003547110009982646,1.000082373798792
1.9188137830803453,4.3063343707288695,0.00021997270732487806,1.000051083804793
1.7269662608440066,4.306277978696544,0.0001635806749993307,1.0000379880002896
1.535118738607668,4.306266785633945,0.0001523876124007728,1.0000353886586177
1.535118738607668,4.30624655381277,0.0001321557912250526,1.000030690264821
1.3432712163713187,4.306205659013794,9.126099224943118e-05,1.0000211933506205
1.15142369413498,4.30612429909337,9.901071825524355e-06,1.000002299305339
0.958752791974879,4.305994726544144,-0.0001196714774005514,0.9999722089414402
0.7669052697385402,4.3059267117716935,-0.0001876862498511045,0.9999564140121457
0.5750577475022015,4.305943930673343,-0.00017046734820169718,0.9999604127219007
0.38321022526586285,4.306010654194568,-0.00010374382697619922,0.9999759077866059
0.1905393231057617,4.306059728397068,-5.4669624476311185e-05,0.9999873041866929
-0.00048481920682496763,4.306114398021545,0.0,1.0
-0.00048481920682496763,4.305696838732094,-0.00041755928945086396,0.9999030310737581
-0.19315572136692613,4.305439415301942,-0.0006749827196026459,0.999843250165413
-0.3850032436032648,4.305665845004942,-0.0004485530166027374,0.9998958334648962
-0.5768507658396035,4.305977938059568,-0.00013645996197642063,0.999968310186548
-0.7686982880759422,4.306127743169519,1.3345147974241911e-05,1.0000030991159874
-0.9605458103122809,4.3061441012370185,2.970321547390853e-05,1.0000068979160162
-1.15239333254863,4.306185856870143,7.145884859838247e-05,1.0000165947399426
-1.350827894175058,4.3061970491931945,8.265117164985014e-05,1.000019193909871
-1.5418520364876342,4.3061466837394695,3.2285717924906976e-05,1.000007497645195
-1.5418520364876342,4.306197910027345,8.351200580047902e-05,1.0000193938195974
-1.733699558723973,4.306335231563019,0.00022083354147461876,1.000051283714519
-1.9255470809603117,4.306484605516346,0.00037020749480110027,1.0000859725173514
-2.1182179831204127,4.306600833657146,0.0004864356356018007,1.0001129639370068
-2.3092421254329993,4.306654643187019,0.0005402451654745732,1.000125460012331
-2.501089647669338,4.306793685651446,0.0006792876299011041,1.0001577495549614
-2.6937605498294395,4.307061010153421,0.0009466121318766341,1.000219829768645
-2.885608072065778,4.30708769970982,0.0009733016882753631,1.0002260278288757
-3.077455594302117,4.307017532112446,0.0009031340909011476,1.000209732953522
-3.077455594302117,4.30703690383902,0.0009225058174751055,1.0002142316093365
-3.2693031165384556,4.307062731821721,0.0009483338001761155,1.0002202295880973
-3.4611506387748046,4.307124289598496,0.0010098915769516381,1.0002345250227016
-3.6529981610111433,4.307181972882046,0.0010675748605013524,1.000247920691794
-3.844845683247482,4.307205649518919,0.0010912514973746568,1.000253419067983
-4.037516585407583,4.307278399618746,0.001164001597201647,1.0002703136725157
-4.229364107643922,4.307423899078849,0.0013095010573040966,1.0003041027098365
-4.42121162988026,4.307541418470873,0.0014270204493280758,1.0003313939940806
-4.61305915211661,4.307652480867222,0.0015380828456770246,1.0003571857836344
-4.8049066743529485,4.307862122085646,0.0017477240641010638,1.0004058703282255
-4.8049066743529485,4.308170771064124,0.0020563730425795512,1.000477547239229
-4.996754196589287,4.3084182934224495,0.0023038954009049206,1.000535028842235
-5.189425098749388,4.308627073806723,0.002512675785178331,1.0005835134770997
-5.380449241061965,4.308880192326574,0.00276579430502899,1.0006422946650697
-5.573120143222066,4.30905711667045,0.0029427186489057178,1.000683381437859
-5.764967665458415,4.309064865656899,0.00295046763535467,1.0006851809688824
-5.956815187694754,4.3091053300388005,0.002990932017255865,1.00069457792822
-6.149486089854855,4.309172483977101,0.0030580859555566775,1.0007101729477883
-6.346273891633758,4.309277949472377,0.003163551450832358,1.0007346649806346
-6.346273891633758,4.309074765989176,0.0029603679676313277,1.0006874801024774
-6.538121413870097,4.3088517811018745,0.0027373830803298915,1.0006356967853867
-6.729968936106445,4.30926890997425,0.003154511952705441,1.0007325657567654
-6.921816458342784,4.309677429765576,0.0035630317440311643,1.0008274354591389
-7.113663980579123,4.309987370734827,0.0038729727132826852,1.0008994124064754
-7.306334882739224,4.310275357475054,0.00416095945350925,1.0009662909688188
-7.4973590250518,4.310555595968379,0.004441197946833952,1.0010313701718827
-7.690029927211901,4.31073811647378,0.004623718452235082,1.001073756529636
-7.88187744944824,4.3108917960769535,0.004777398055408888,1.0011094452245866
-7.88187744944824,4.311351971833682,0.005237573812137519,1.0012163108844818
-8.073724971684578,4.311700656256081,0.005586258234536068,1.001297285143447
-8.265572493920917,4.311638237645156,0.005523839623611693,1.0012827897991168
-8.457420016157256,4.311540950074306,0.005426552052761657,1.001260196908669
-8.649267538393616,4.311621879577655,0.00550748155611025,1.0012789909990873
-8.841938440553717,4.311827215146232,0.005712817124686964,1.00132667565156
-9.032962582866293,4.311748438467807,0.005634040446262034,1.0013083815072006
-9.225633485026394,4.311914171228181,0.005799773206636161,1.0013468692818057
-9.417481007262733,4.312314511615983,0.0062001135944385055,1.0014398394982928
-9.417481007262733,4.312708395008109,0.0065939969865640435,1.0015313102200893
-9.614268809041647,4.312977010761308,0.00686261273976374,1.001593690298362
-9.806939711201748,4.313252513927261,0.007138115905716447,1.0016576698261885
-9.998787233438087,4.31355728915206,0.007442891130515328,1.0017284471434236
-10.190634755674425,4.313747989060986,0.007633591039441612,1.0017727329870634
-10.383305657834526,4.313941271472362,0.007826873450817118,1.0018176185598815
-10.575153180070865,4.314091937416463,0.00797753939491841,1.0018526073990472
-10.766177322383442,4.314269292916962,0.008154894895417542,1.0018937942984432
-10.958848224543543,4.314475919736763,0.008361521715218423,1.0019417788155047
-10.958848224543543,4.314642943748363,0.008528545726818493,1.0019805664546992
-11.155636026322455,4.3148594723795375,0.008745074357992877,1.0020308504488433
-11.347483548558793,4.315106994737864,0.008992596716319134,1.0020883320518494
-11.539331070795132,4.315380775495966,0.009266377474421716,1.0021519115884796
-11.732001972955235,4.315697174200441,0.009582776178896246,1.00222538820225
-11.923849495191574,4.316072547439691,0.009958149418146434,1.0023125603497023
-12.115697017427912,4.316341162453343,0.010226764431798152,1.0023749402562312
-12.308367919588013,4.316509047299093,0.010394649277547963,1.0024139278051516
-12.49939206190059,4.316744086083143,0.010629688061598586,1.0024685103736404
-12.69206296406069,4.317044987554268,0.01093058953272319,1.002538388097108
-12.69206296406069,4.317304132652719,0.011189734631174453,1.0025985688249053
-12.883087106373267,4.31761751769812,0.01150311967657558,1.0026713455828904
-13.075758008533388,4.317877093213645,0.01176269519210038,1.0027316262655503
-13.267605530769726,4.318143125724847,0.012028727703301989,1.002793406442901
-13.459453053006065,4.318494392649696,0.012379994628151536,1.0028749804310446
-13.651300575242404,4.318823274188898,0.012708876167353722,1.0029513559075887
-13.843148097478743,4.319153447718873,0.013039049697328053,1.0030280314204656
-14.034995619715081,4.319418188978848,0.013303790957303718,1.0030895117332266
-14.227666521875182,4.3196618368439506,0.013547438822405944,1.0031460935707213
-14.227666521875182,4.319819390200801,0.013704992179256692,1.00318268185944
-14.419514044111521,4.320021712849851,0.013907314828306205,1.0032296668278706
-14.617125225814197,4.3201779749554765,0.014063576933931898,1.0032659552520002
-14.808149368126774,4.320315296491151,0.014200898469606038,1.0032978451469219
-14.999996890363112,4.320626959128702,0.01451256110715704,1.0033702219137106
-15.192667792523213,4.321000180282576,0.014885782261031544,1.0034568942868474
-15.384515314759552,4.321364791615852,0.015250393594307354,1.0035415672192347
-15.57636283699589,4.3216928123209035,0.015578414299358911,1.0036177427860524
-15.76821035923223,4.322019541774731,0.0159051437531863,1.0036936184882812
-15.76821035923223,4.3222528581509305,0.016138460129385912,1.0037478010655734
-15.960057881468568,4.322453459131681,0.016339061110136832,1.003794386214552
-16.15190540370491,4.322722935719033,0.016608537697488046,1.0038569662025512
-16.337165886551166,4.323144799918784,0.017030401897239145,1.0039549348491679
-16.337165886551166,4.323491761933334,0.017377363911789345,1.0040355091169368
-16.337165886551166,4.323590771172483,0.017476373150937974,1.0040585018268366
-16.337165886551166,4.323636831715908,0.01752243369436357,1.004069198371138
-16.337165886551166,4.323714747560184,0.017600349538639648,1.0040872926057716
-16.337165886551166,4.323740145125809,0.017625747104264455,1.004093190629669
-16.337165886551166,4.323715177977259,0.017600779955714074,1.0040873925606344
-16.337165886551166,4.323733257713058,0.017618859691513222,1.0040915911801154
-16.337165886551166,4.323817630553009,0.01770323253146433,1.004111184909439
-16.337165886551166,4.323907599554484,0.01779320153293895,1.0041320782237262
-16.337165886551166,4.3239398852724085,0.01782548725086386,1.004139575868921
-16.337165886551166,4.323940315689485,0.01782591766794006,1.0041396758237844
-16.337165886551166,4.323940746106559,0.017826348085014487,1.0041397757786474
-16.337165886551166,4.32399756855596,0.01788317053441535,1.004152971538014
-16.337165886551166,4.323982071322609,0.017867673301064535,1.0041493726477109
-16.337165886551166,4.323957965008209,0.017843566986664783,1.0041437744884025
-16.337165886551166,4.323922666370758,0.017808268349213563,1.004135577159166
-16.337165886551166,4.323911474047709,0.01779707602616476,1.0041329779892383
-16.337165886551166,4.323960977927736,0.017846579906191096,1.0041444741724443
-16.337165886551166,4.3240139266234605,0.017899528601915904,1.004156770338043
-16.337165886551166,4.3240462123413845,0.017931814319839923,1.0041642679832377
-16.337165886551166,4.324059126332735,0.017944728311189984,1.004167266972618
-16.337165886551166,4.32404664275846,0.017932244736915237,1.0041643679381007
-16.337165886551166,4.324119392858284,0.018004994836739563,1.004181262542633
-16.337165886551166,4.324143499172684,0.018029101151139315,1.004186860701941
-16.337165886551166,4.324106047710312,0.017991649688767097,1.004178163426646
-16.337165886551166,4.324091842467734,0.017977444446189317,1.0041748645726758
-16.337165886551166,4.324127141105185,0.018012743083640537,1.0041830619019125
-16.337165886551166,4.324062570408885,0.017948172387340477,1.0041680667832669
-16.337165886551166,4.323926540124435,0.017812142102890505,1.004136476752934
-16.337165886551166,4.32384087603326,0.01772647801171523,1.0041165831590215
-16.337165886551166,4.323889519818684,0.017775121797139803,1.0041278796042452
-16.337165886551166,4.32395193842961,0.017837540408065067,1.0041423749485756
-16.337165886551166,4.323997998973035,0.017883600951490664,1.004153071492877
