Angle (degree),rho (mOhm cm),Delta rho (mOhm cm),rho/rho(theta=0)
98.85142566709021,5.088497834615978,-0.10102958350791269,0.9805320262582914
98.85142566709021,5.088486628065587,-0.10104079005830435,0.9805298668033953
98.85142566709021,5.0884064583560145,-0.1011209597678766,0.980514418439197
98.85142566709021,5.088421544324768,-0.10110587379912328,0.9805173254416151
98.85142566709021,5.088501714034341,-0.10102570408955014,0.9805327738058136
98.85142566709021,5.088531454267152,-0.10099596385673948,0.9805385046229794
98.66451842439645,5.0886262789812715,-0.10090113914261956,0.9805567769446148
98.47349428208385,5.08867024325442,-0.10085717486947132,0.9805652486742361
98.28164675984752,5.088664639979224,-0.10086277814466715,0.9805641689467881
98.28164675984752,5.088581452779706,-0.10094596534418532,0.9805481391250306
98.08979923761117,5.088489214591324,-0.10103820353256676,0.980530365215973
97.89712833545107,5.0883349086710945,-0.10119250945279656,0.9805006311173168
97.70528081321474,5.088258187415677,-0.1012692307082137,0.9804858472556592
97.5134332909784,5.088376718123202,-0.10115070000068904,0.9805086876220307
97.32158576874205,5.088678433055353,-0.1008489850685379,0.9805668268142619
97.12973824650572,5.088708604252372,-0.10081881387151892,0.9805726406764093
96.93706734434562,5.088175431180366,-0.10135198694352532,0.9804699004788829
96.74521982210928,5.087696567003483,-0.10183085112040846,0.980377625375911
96.74521982210928,5.087636223868955,-0.10189119425493587,0.9803659975089271
96.55337229987295,5.087887078360137,-0.10164033976375375,0.9804143361091445
96.3615247776366,5.088053452018686,-0.1014739661052051,0.9804463956099706
96.1688538754765,5.088295686485213,-0.10123173163867794,0.9804930731678695
95.97700635324014,5.088422837217394,-0.10110458090649743,0.9805175745765597
95.78598221092757,5.088403009901859,-0.10112440822203173,0.9805137539366562
95.59413468869123,5.088377149087411,-0.10115026903647983,0.9805087706670124
95.40228716645488,5.088313358239217,-0.1012140598846738,0.9804964784401766
95.2096162642948,5.088226291621336,-0.1013011265025554,0.9804797010708968
95.2096162642948,5.088162500773142,-0.10136491735074937,0.980467408844061
95.01776874205845,5.088180603491353,-0.10134681463253781,0.9804708971613495
94.8259212198221,5.0881331915045385,-0.1013942266193526,0.9804617610718764
94.633250317662,5.087908198568295,-0.10161921955559627,0.9804184058839921
94.44222617534943,5.087868543937227,-0.10165887418666397,0.9804107646041852
94.25037865311309,5.087987506349451,-0.10153991177443977,0.9804336881582276
94.05276747141042,5.088112502260588,-0.10141491586330265,0.9804577743420101
93.86091994917408,5.088060348926994,-0.10146706919689663,0.980447724615052
93.66907242693775,5.087866820080396,-0.10166059804349548,0.9804104324242596
93.66907242693775,5.087668981591713,-0.10185843653217841,0.9803723097836523
93.47640152477764,5.087677602356854,-0.10184981576703667,0.9803739709686595
93.28537738246506,5.087752168791233,-0.10177524933265847,0.9803883396054102
93.09352986022871,5.087584501499569,-0.10194291662432242,0.9803560308269502
92.90085895806861,5.087440109237106,-0.10208730888678463,0.9803282070482459
92.70901143583228,5.087461229445263,-0.10206618867862804,0.9803322768230933
92.51716391359594,5.087486229071784,-0.10204118905210713,0.9803370941454632
92.32449301143583,5.087437954416065,-0.10208946370782623,0.9803277918233384
92.13346886912326,5.087390110724554,-0.10213730739933702,0.980318572546195
91.9416213468869,5.087329337366304,-0.10219808075758685,0.9803068617769182
91.9416213468869,5.087321147565371,-0.10220627055852027,0.9803052836368924
91.74977382465057,5.087247874023619,-0.10227954410027174,0.9802911641350865
91.55710292249047,5.08710003404749,-0.1024273840764014,0.9802626759965302
91.36525540025413,5.087073741528344,-0.10245367659554727,0.9802576095392158
91.1734078780178,5.087219426683432,-0.10230799144045921,0.9802856824528647
90.9807369758577,5.087389679760345,-0.10213773836354623,0.9803184895012134
90.78394917407878,5.087422868447311,-0.10210454967658045,0.9803248848209202
90.59210165184244,5.08739743859707,-0.10212997952682112,0.9803199845962577
90.4002541296061,5.087422868447311,-0.10210454967658045,0.9803248848209202
90.4002541296061,5.087566829745565,-0.10196058837832567,0.9803526255546432
90.20840660736977,5.0876836365962586,-0.10184378152763252,0.9803751337410891
90.01655908513342,5.0877357899298525,-0.10179162819403853,0.9803851834680473
89.82388818297332,5.087850010254808,-0.10167740786908297,0.9804071932419154
89.63204066073698,5.0879530247698606,-0.10157439335403051,0.9804270437035765
89.44019313850063,5.088013798128108,-0.10151361999578334,0.9804387544728529
89.2483456162643,5.0880530210544785,-0.10147439706941253,0.9804463125649894
89.0556747141042,5.088106037056977,-0.10142138106691423,0.9804565285245993
88.86465057179161,5.0881564665337375,-0.10137095159015352,0.9804662460716315
88.86465057179161,5.088268101073443,-0.10125931705044788,0.9804877575756108
88.67197966963151,5.0884387851145645,-0.10108863300932658,0.980520647668941
88.48013214739517,5.088572401790843,-0.10095501633304771,0.9805463950377307
88.2891080050826,5.088638778424288,-0.10088863969960293,0.9805591855344554
88.09149682337993,5.088774118957401,-0.1007532991664899,0.9805852650831712
87.89882592121982,5.0887879120335295,-0.10073950609036153,0.980587922950645
87.70697839898348,5.08884092729554,-0.1006864908283509,0.9805981387675661
87.5159542566709,5.0888792882934935,-0.10064812983039761,0.9806055307697393
87.32328335451079,5.0887922224161,-0.10073519570779066,0.9805887535431486
87.32328335451079,5.0888142045526745,-0.10071321357121654,0.9805929894079591
87.13143583227446,5.088914632541989,-0.10061278558190168,0.9806123414570426
86.93958831003812,5.088935321045451,-0.10059209707844019,0.9806163280442198
86.74691740787802,5.088961613564596,-0.1005658045592952,0.9806213945015341
86.55506988564169,5.089096523133501,-0.10043089499039048,0.9806473910052684
86.3640457433291,5.089205571147468,-0.10032184697642332,0.9806684040966699
86.17219822109276,5.089275396975555,-0.10025202114833576,0.9806818592386244
85.97952731893265,5.089314619901924,-0.10021279822196671,0.9806894173307604
85.78767979669631,5.089446511980883,-0.10008090614300791,0.9807148323769356
85.59583227445998,5.089599955232209,-0.09992746289168242,0.9807444002429401
85.59583227445998,5.089677108192323,-0.0998503099315684,0.980759267292268
85.40398475222364,5.089690469563755,-0.09983694856013603,0.9807618419720714
85.2121372299873,5.08981158679702,-0.09971583132687112,0.9807851807510211
85.02028970775095,5.0900421830084595,-0.09948523511543161,0.9808296156663534
84.82844218551462,5.090327088115023,-0.09920033000886797,0.9808845156762404
84.63659466327827,5.090525788532122,-0.09900162959176928,0.9809228044068105
84.44392376111817,5.09062535459302,-0.09890206353087105,0.9809419903659309
84.25207623888183,5.090695179680617,-0.09883223844327382,0.980955445365196
84.0602287166455,5.090868450247475,-0.09865896787641582,0.9809888338711037
84.0602287166455,5.091149906899884,-0.09837751122400729,0.9810430693784498
83.86261753494281,5.091384381789199,-0.09814303633469201,0.9810882516986157
83.67077001270648,5.09152230884805,-0.09800510927584138,0.9811148296599091
83.47892249047014,5.091555066570808,-0.09797235155308304,0.9811211419346346
83.2870749682338,5.09164428800973,-0.09788313011416072,0.9811383345288216
83.09522744599747,5.091895572724632,-0.09763184539925884,0.9811867560313315
82.90255654383736,5.092720978035232,-0.0968064400886588,0.981345808146119
82.71070902160102,5.093782151868259,-0.09574526625563173,0.9815502918587055
82.51886149936468,5.094245930076388,-0.0952814880475028,0.9816396599592591
82.51886149936468,5.094359719437135,-0.09516769868675645,0.9816615866881456
82.32701397712833,5.0938782694750016,-0.09564914864888951,0.9815688133152848
82.135166454892,5.093426559005192,-0.0961008591186987,0.9814817706169012
81.94331893265566,5.093244668413679,-0.09628274971021167,0.9814467210686749
81.75147141041931,5.093309752894986,-0.09621766522890507,0.981459262573144
81.55880050825921,5.093514918515698,-0.09601249960819302,0.9814987971211253
81.36695298602287,5.09385370081269,-0.09567371731120122,0.9815640790378964
81.1759288437103,5.09410929665065,-0.0954181214732408,0.9816133312755988
80.98408132147395,5.094207569078435,-0.0953198490454561,0.9816322679570858
80.98408132147395,5.09440670120023,-0.09512071692366142,0.9816706398753262
80.79141041931385,5.094590746612782,-0.09493667151110863,0.9817061046484595
80.59956289707752,5.094760137761277,-0.09476728036261406,0.9817387456068448
80.40771537484116,5.094835135900351,-0.09469228222353987,0.9817531974312658
80.21586785260483,5.094913581753091,-0.09461383637080001,0.9817683136155383
80.02402033036849,5.095073490208029,-0.09445392791586205,0.9817991272989538
79.83217280813216,5.095300207001106,-0.09422721112278509,0.981842814666764
79.64032528589581,5.0953605501356325,-0.09416686798825857,0.9818544425337478
79.44765438373571,5.095436410203124,-0.09409100792076686,0.9818690604481318
79.25580686149937,5.095745883231511,-0.09378153489238006,0.981928694592718
79.25580686149937,5.096091130732115,-0.09343628739177579,0.9819952223269003
79.06395933926302,5.0962575051311525,-0.09326991299273857,0.9820272819704154
78.87211181702668,5.096462239787655,-0.09306517833623573,0.9820667334734151
78.68026429479035,5.096726886614476,-0.0928005315094147,0.982117729798417
78.48759339263025,5.097000585170649,-0.09252683295324182,0.982170470353408
78.29656925031767,5.097285920500933,-0.09224149762295841,0.9822254532655874
78.10389834815757,5.09754237826731,-0.09198503985658135,0.9822748715932528
77.91205082592121,5.0978290072307075,-0.09169841089318354,0.9823301037830658
77.71443964421856,5.098154428156265,-0.09137298996762588,0.9823928110200333
77.71443964421856,5.098297095821407,-0.09123032230248374,0.9824203024761231
77.52341550190597,5.098410454217945,-0.0911169639059457,0.9824421461600281
77.33074459974587,5.098570794377579,-0.09095662374631175,0.9824730430311139
77.13889707750954,5.098828545036581,-0.09069887308730973,0.9825227104937237
76.94622617534944,5.099014315046456,-0.0905131030774351,0.9825585075894719
76.75520203303685,5.0991604311657515,-0.0903669869581396,0.9825866635481022
76.56335451080051,5.09949102366181,-0.09003639446208123,0.9826503673248477
76.37150698856416,5.099840150580775,-0.08968726754311618,0.9827176426065517
76.17883608640408,5.100111694315907,-0.08941572380798402,0.9827699679366355
76.17883608640408,5.100421167344295,-0.08910625077959633,0.9828296020812219
75.98698856416773,5.100660383580388,-0.08886703454350275,0.9828756980388728
75.79514104193139,5.10090649672479,-0.08862092139910072,0.9829231230016049
75.59752986022872,5.101103904249264,-0.08842351387462699,0.9829611625972305
75.40650571791613,5.101314242180962,-0.08821317594292921,0.9830016938276781
75.21383481575604,5.101655611003691,-0.08787180712019982,0.983067474157027
75.0219872935197,5.102005599851073,-0.08752181827281813,0.9831349155286939
74.83013977128336,5.102322831716186,-0.08720458640770534,0.9831960447683247
74.63829224904701,5.102617218775821,-0.0869101993480701,0.9832527719104932
74.63829224904701,5.102936174497767,-0.08659124362612403,0.9833142333300499
74.44562134688691,5.103312024159598,-0.08621539396429334,0.9833866579713607
74.25459720457434,5.103660289150147,-0.08586712897374404,0.983453767163102
74.06192630241424,5.10402838145623,-0.08549903666766134,0.9835246969947466
73.87007878017789,5.104472333089314,-0.08505508503457726,0.9836102445980859
73.67740787801779,5.104707669907044,-0.08481974821684712,0.9836555930082144
73.48638373570522,5.104917146650815,-0.08461027147307565,0.9836959582913883
73.29453621346887,5.1050783479983775,-0.08444907012551361,0.9837270211097481
73.10268869123253,5.105234808739648,-0.0842926093842431,0.9837571704333116
73.10268869123253,5.105521437703045,-0.08400598042084617,0.9838124026231244
72.91084116899619,5.1057244485027145,-0.08380296962117662,0.9838515219461982
72.71899364675986,5.105786515494076,-0.08374090262981504,0.9838634819931081
72.52632274459974,5.105977888779145,-0.08354952934474635,0.9839003588163041
72.33447522236341,5.106434339855245,-0.08309307826864565,0.983988315009484
72.14262770012706,5.106844671837156,-0.08268274628673478,0.9840673842481352
71.95078017789072,5.107182161241523,-0.08234525688236793,0.984132417029962
71.75893265565439,5.107586028019821,-0.08194139010407042,0.9842102404512021
71.56626175349429,5.107963602278973,-0.0815638158449179,0.9842829974151279
71.3752376111817,5.108336004227137,-0.08119141389675377,0.984354757696587
71.3752376111817,5.108501085733551,-0.08102633239033974,0.984386568205158
71.18339008894537,5.108812282618771,-0.08071513550511966,0.9844465345296702
70.99154256670901,5.109109256204143,-0.08041816191974771,0.9845037600844162
70.79887166454893,5.109359678990629,-0.08016773913326247,0.9845520154969631
70.60702414231258,5.1097583734579395,-0.07976904466595158,0.9846288422357369
70.41517662007624,5.110174308715044,-0.07935310940884666,0.9847089912018359
70.22332909783991,5.110561796631964,-0.07896562149192743,0.9847836584857134
70.03148157560355,5.110855752727389,-0.07867166539650228,0.9848403025829
69.83963405336722,5.111257895648855,-0.07826952247503627,0.9849177938242145
69.83963405336722,5.111609177388862,-0.07791824073502873,0.9849854843308261
69.64778653113088,5.111993648556323,-0.07753376956756775,0.9850595702998333
69.45511562897077,5.112294500819568,-0.07723291730432269,0.9851175432594123
69.2575044472681,5.112526820887842,-0.07700059723604902,0.9851623103546707
69.06648030495552,5.112863879328,-0.07666353879589138,0.9852272600915158
68.87380940279542,5.113206972007562,-0.07632044611632871,0.9852933726007908
68.68196188055909,5.113484980946305,-0.07604243717758585,0.9853469437482851
68.49011435832274,5.1138371246147285,-0.07569029350916257,0.9854148003448595
68.29826683608641,5.114250043122377,-0.0752773750015141,0.9854943679960885
68.29826683608641,5.114591842168825,-0.07493557595506584,0.9855602312277297
68.10641931385007,5.114835369527979,-0.07469204859591194,0.9856071579205733
67.91457179161372,5.115042259005522,-0.07448515911836928,0.98564702464848
67.7227242693774,5.1152982858076905,-0.07422913231620054,0.9856963599311639
67.53087674714104,5.1157043074070305,-0.07382311071686054,0.9857745985773115
67.33820584498093,5.1162150673782545,-0.07331235074563658,0.9858730198650457
67.1463583227446,5.116657725378226,-0.07286969274566513,0.9859583181907517
66.95451080050826,5.117064178682263,-0.07246323944162825,0.9860366400245699
66.76266327827192,5.117418908876425,-0.07210850924746648,0.9861049950337222
66.57081575603557,5.117901652471669,-0.07162576565222167,0.9861980176842161
66.57081575603557,5.118404653606168,-0.07112276451772281,0.9862949438769061
66.37814485387547,5.118802917109271,-0.07072450101462024,0.9863716875706983
66.1871207115629,5.119158940196058,-0.07036847792783263,0.9864402917147951
65.9944498094028,5.119524445976402,-0.0700029721474893,0.9865107231338617
65.80260228716645,5.119899434450305,-0.0696279836735858,0.9865829818278987
65.61075476493012,5.12041493502782,-0.06911248309607121,0.9866823166104292
65.41314358322744,5.120902419969846,-0.06862499815404544,0.9867762528984085
65.22129606099111,5.121191203754283,-0.0683362143696078,0.9868319003131286
65.02944853875476,5.121398093972317,-0.06812932415157391,0.9868717671837248
65.02944853875476,5.1216618788707216,-0.06786553925316952,0.9869225974187638
64.83760101651842,5.1220592804454075,-0.06746813767848359,0.986999175022593
64.64493011435833,5.122585556609106,-0.06694186151478476,0.9871005862150382
64.45308259212199,5.123103643712359,-0.06642377441153169,0.9872004194101464
64.2620584498094,5.123492855486112,-0.06603456263777918,0.9872754188739499
64.0693875476493,5.123852327027052,-0.06567509109683911,0.987344687520587
63.87754002541296,5.124180334478349,-0.06534708364554209,0.9874078931701326
63.68569250317662,5.124766091848159,-0.0647613262757325,0.9875207661395987
63.49384498094028,5.125282023389881,-0.06424539473401047,0.9876201839671104
63.49384498094028,5.125741060991721,-0.0637863571321704,0.9877086385728683
63.30199745870394,5.126069498666736,-0.0634579194571554,0.987771927124706
63.11014993646759,5.126447503890097,-0.06307991423379367,0.9878447671336135
62.9174790343075,5.126903955706686,-0.06262346241720529,0.9879327234694821
62.72563151207115,5.127372475261595,-0.06215494286229628,0.9880230052075211
62.53378398983482,5.1279293543270095,-0.0615980637968816,0.9881303134497842
62.336172808132154,5.128354772277672,-0.061172645846219176,0.9882122896908532
62.14514866581956,5.128664244565573,-0.06086317355831827,0.988271923692751
61.953301143583225,5.1290000101131055,-0.0605274080107856,0.9883366242946516
61.953301143583225,5.129410342095016,-0.06011707602887473,0.9884156935333028
61.76063024142312,5.129740073403146,-0.05978734472074532,0.9884792313627742
61.568782719186785,5.1301223890090775,-0.0594050291148136,0.9885529019641851
61.37693519695045,5.130496514814075,-0.059030903309816196,0.9886249944255701
61.18508767471411,5.1309546904874965,-0.05857272763639454,0.9887132829413647
60.99324015247777,5.131397779451677,-0.05812963867221388,0.9887986643120523
60.80056925031767,5.131968882557429,-0.05755853556646251,0.9889087134667706
60.60872172808133,5.132378352610922,-0.057149065512969166,0.9889876166154586
60.416874205844984,5.132704635464898,-0.0568227826589931,0.9890504899423895
60.416874205844984,5.133055486240697,-0.05647193188319388,0.9891180974040196
60.22502668360864,5.133405906052287,-0.056121512071603874,0.989185621820668
60.0331791613723,5.133758050461199,-0.055769367662692026,0.9892534785599314
59.84133163913595,5.134217949991454,-0.05530946813243709,0.989342099255652
59.648660736975856,5.134680435306959,-0.05484698281693223,0.9894312182212613
59.45681321473951,5.135114042318069,-0.054413375805822284,0.9895147724596677
59.264965692503175,5.135551959711749,-0.05397545841214235,0.9895991572905775
59.0739415501906,5.135958843239504,-0.05356857488438749,0.9896775620266877
58.8812706480305,5.136431673176984,-0.05309574494690672,0.9897686743572305
58.68942312579416,5.136860538841314,-0.05266687928257685,0.9898513149581515
58.68942312579416,5.137340265687102,-0.0521871524367894,0.9899437562937752
58.49757560355782,5.137851024917838,-0.051676393206053106,0.9900421774388206
58.30572808132148,5.138342820242434,-0.05118459788145735,0.9901369443193034
58.11388055908513,5.1387949609359636,-0.050732457187927515,0.9902240699199797
57.922033036848795,5.139100985510198,-0.05042643261369317,0.9902830395620256
57.724421855146126,5.139431578746743,-0.05009583937714801,0.9903467434814597
57.53175095298603,5.139886305966011,-0.0496411121578797,0.9904343674947138
57.339903430749686,5.140431978481034,-0.049095439642856675,0.9905395162820807
57.1488792884371,5.1409164459331125,-0.04861097219077859,0.9906328711125005
57.1488792884371,5.141333243118636,-0.048194175005255246,0.9907131861685629
56.956208386277,5.141753488758312,-0.04777392936557945,0.9907941657271655
56.76436086404066,5.142303040691698,-0.04722437743219299,0.9909000620620547
56.572513341804324,5.142634926820868,-0.046892491303022865,0.9909640151164332
56.379842439644214,5.142871557271713,-0.04665586085217832,0.9910096128041953
56.188818297331636,5.143284475038873,-0.04624294308501842,0.9910891803127353
55.9969707750953,5.143752994593781,-0.0457744235301103,0.991179462050774
55.805123252858955,5.14417970543707,-0.04534771268682114,0.9912616874267879
55.61245235069886,5.144537022156969,-0.04499039596692178,0.9913305408485178
55.61245235069886,5.144834426706549,-0.0446929914173424,0.9913878494482452
55.420604828462515,5.145239154672775,-0.04428826345111592,0.9914658388167593
55.22875730622618,5.1456822443774435,-0.043845173746447585,0.9915512203301359
55.03690978398984,5.146191711456043,-0.043335706667847695,0.9916493924829258
54.845062261753505,5.146714108941867,-0.04281330918202375,0.9917500562705377
54.64745108005083,5.147145560391448,-0.04238185773244307,0.9918331951413478
54.45560355781449,5.1475377896551455,-0.04198962846874554,0.9919087760627102
54.26375603557815,5.147972258594671,-0.04155515952921984,0.9919924963910793
54.07190851334181,5.148440347185372,-0.041087070938519155,0.9920826950841368
54.07190851334181,5.148793784486909,-0.04073363363698235,0.9921508009583446
53.87923761118171,5.149158859303044,-0.04036855882084733,0.9922211493324297
53.68821346886912,5.149686429099855,-0.03984098902403588,0.9923228098025082
53.496365946632785,5.1500825370414285,-0.03944488108246258,0.9923991381287041
53.30369504447268,5.150490714202298,-0.03903670392159331,0.9924777921424479
53.11184752223633,5.150947596242608,-0.038579821881283394,0.9925658313806095
52.919999999999995,5.151454907759676,-0.03807251036421544,0.9926635881658027
52.72732909783989,5.152056182062449,-0.037471236061442426,0.9927794511826687
52.53054129606099,5.152548839315461,-0.03697857880843003,0.9928743841531146
52.53054129606099,5.152860036200683,-0.036667381923208175,0.9929343504776271
52.33869377382465,5.153088908555288,-0.03643850956860284,0.9929784532130335
52.146846251588315,5.153354848274735,-0.036172569849155956,0.99302969867298
51.95499872935196,5.1537337154265135,-0.03579370269737758,0.9931027047718504
51.76232782719186,5.154134565455353,-0.03539285266853831,0.9931799468782201
51.570480304955524,5.154547914186722,-0.0349795039371692,0.9932595974317416
51.379456162642946,5.1547453217111965,-0.034782096412694585,0.9932976370273675
51.18678526048285,5.15499790005921,-0.034529518064680964,0.9933463078075105
50.994937738246506,5.155290994226218,-0.03423642389767334,0.9934027858147341
50.80309021601017,5.155760376450033,-0.033767041673858245,0.9934932337854252
50.80309021601017,5.156404752357048,-0.033122665766843085,0.9936174022992603
50.610419313850066,5.15693921832168,-0.03258819980221084,0.9937203916317313
50.41857179161373,5.157373687261207,-0.03215373086268425,0.9938041119601005
50.22672426937738,5.157864620657386,-0.03166279746650513,0.9938987127506204
50.03487674714104,5.158206850668043,-0.03132056745584766,0.9939646590272433
49.84385260482846,5.158613303972079,-0.030914114151811667,0.9940429808610612
49.65118170266835,5.159054238115217,-0.030473180008674383,0.9941279470068412
49.454393900889464,5.1593809519334,-0.030146466190490884,0.9941909033787533
49.26172299872936,5.15985809225345,-0.02966932587044102,0.9942828463017993
49.26172299872936,5.160355921076961,-0.029171497046929673,0.9943787758120226
49.06987547649301,5.160901162627778,-0.028626255496113195,0.9944838415544084
48.87802795425667,5.161289081508905,-0.02823833661498565,0.9945585918832675
48.68618043202032,5.161546401203698,-0.027981016920192836,0.9946081763008955
48.49350952986022,5.161827426891899,-0.02769999123199174,0.9946623287632603
48.30166200762388,5.162185605540214,-0.027341812583676628,0.9947313482749531
48.110637865311304,5.162541628627002,-0.026985789496889012,0.99479995241905
47.91796696315121,5.1628532564764305,-0.026674161647460615,0.9948600017885436
47.726119440914864,5.16314376485819,-0.026383653265701135,0.9949159815258787
47.726119440914864,5.163339448525831,-0.0261879695980598,0.9949536889415785
47.53427191867853,5.1635459070391665,-0.025981511084724573,0.994993472624504
47.34242439644219,5.163792882111985,-0.025734536011905895,0.995041063677199
47.15057687420585,5.164070891050728,-0.025456527073163038,0.9950946348246935
46.95872935196951,5.16449501536828,-0.02503240275561147,0.9951763617881296
46.766881829733165,5.16491008869697,-0.024617329426921408,0.9952563446642659
46.569270648030496,5.165196717660366,-0.024330700463525368,0.9953115768540787
46.37742312579415,5.1654876570063335,-0.024039761117557568,0.9953676396363952
46.18475222363406,5.165793681580567,-0.023733736543324113,0.995426609278441
46.18475222363406,5.166194961833128,-0.023332456290763304,0.9955039342871035
45.99372808132148,5.166676843499957,-0.02285057462393425,0.9955967908476346
45.801880559085134,5.166907439711396,-0.022619978412494746,0.995641225762967
45.60920965692503,5.167117777643095,-0.022409640480796078,0.9956817569934148
45.417362134688695,5.1673065651429155,-0.022220852980975536,0.9957181355467222
45.22469123252859,5.167472938801465,-0.02205447932242599,0.9957501950475485
45.033667090216014,5.167937148714292,-0.021590269409599294,0.9958396463357728
44.84099618805591,5.16846083909274,-0.021066579031151278,0.9959405592583289
44.649148665819574,5.169009960061917,-0.020517458061974025,0.9960463725482365
44.649148665819574,5.1695659764584265,-0.01996144166546454,0.9961535145578475
44.45812452350699,5.1699008800775434,-0.01962653804634762,0.9962180490697854
44.26627700127065,5.1700215656061115,-0.019505852517779587,0.9962413046610646
44.07360609911055,5.170231042349881,-0.01929637577400989,0.9962816699442382
43.87681829733164,5.170490516865717,-0.0190369012581737,0.9963316695867741
43.68414739517154,5.170699561904789,-0.01882785621910177,0.996371951682277
43.4922998729352,5.171064205756719,-0.01846321236717241,0.9964422170113811
43.300452350698855,5.171397384778514,-0.018130033345377328,0.996506419200704
43.10860482846252,5.1716077227102115,-0.01791969541367955,0.9965469504311516
43.10860482846252,5.171727978015058,-0.017799440108833053,0.996570123120138
42.916757306226174,5.1719279713247825,-0.01759944679910852,0.9966086609856527
42.72490978398984,5.172113741334658,-0.017413676789233,0.9966444580814011
42.532238881829734,5.172046932996517,-0.017480485127373768,0.9966315843970059
42.341214739517156,5.172521487531317,-0.017005930592573826,0.9967230290501632
42.14854383735705,5.173025781558441,-0.016501636565450006,0.9968202043777975
41.956696315120716,5.173327496490592,-0.016199921633298864,0.9968783435700287
41.76484879288437,5.173588263899052,-0.01593915422483949,0.9969285923475086
41.57217789072427,5.173938253486923,-0.015589164636968356,0.9969960338618647
41.38115374841169,5.174417548628015,-0.015109869495876005,0.9970883920098184
41.38115374841169,5.174807191365975,-0.014720226757916066,0.9971634745186031
41.18930622617535,5.175095113221997,-0.014432304901894177,0.9972189558433604
40.99745870393901,5.175436482044725,-0.014090936079165672,0.9972847361727092
40.80478780177891,5.175794659952553,-0.013732758171338233,0.9973537555417131
40.61294027954257,5.176253697554391,-0.013273720569499936,0.9974422101474707
40.42026937738247,5.176545067864566,-0.012982350259324704,0.9974983559747685
40.22842185514613,5.176732130767066,-0.012795287356825114,0.9975344022054612
40.03657433290978,5.177024793969868,-0.012502624154023145,0.9975907971677037
39.8455501905972,5.177163151992926,-0.012364266130965085,0.9976174581739786
39.8455501905972,5.177241597845667,-0.012285820278224335,0.9976325743582514
39.652879288437106,5.1774092643968395,-0.012118153727051606,0.9976648829940218
39.46185514612453,5.177724771664632,-0.011802646459258881,0.9977256799110379
39.269184243964425,5.177845457933688,-0.011681960190203178,0.9977489356450059
39.077336721728074,5.177939420719389,-0.011587997404501671,0.9977670418766781
38.88548919949174,5.178212256606657,-0.011315161517233996,0.997819616199017
38.6936416772554,5.17855534928622,-0.010972068837671323,0.997885728708292
38.50179415501906,5.17874370582183,-0.010783712302060877,0.9979220242166175
38.30994663278272,5.178993697644107,-0.010533720479783959,0.997970196584183
38.30994663278272,5.179197570372193,-0.010329847751697763,0.9980094819972196
38.11727573062262,5.179493251064941,-0.010034167058949883,0.9980664584170215
37.92625158831004,5.179808327368525,-0.009719090755366366,0.9981271722890559
37.733580686149935,5.179947116355791,-0.009580301768099986,0.9981539163403123
37.54173316391359,5.180072543231137,-0.00945487489275365,0.9981780855690764
37.344945362134695,5.180223400697214,-0.009304017426677191,0.9982071551651921
37.15227445997459,5.180416066874908,-0.009111351248982658,0.9982442811233327
36.960426937738255,5.180622526128733,-0.008904891995157982,0.9982840649489473
36.768579415501904,5.180848811957601,-0.008678606166290237,0.9983276692717759
36.57673189326557,5.181035012931685,-0.008492405192206398,0.9983635494125057
36.57673189326557,5.181267763964166,-0.008259654159725294,0.9984083995527455
36.38488437102922,5.181489309186744,-0.008038108937147292,0.9984510903807782
36.193036848792886,5.181592753925515,-0.007934664198375962,0.9984710237447315
36.00118932655655,5.181758265655648,-0.007769152468243057,0.9985029171555949
35.80934180432021,5.18215221877618,-0.007375199347711359,0.9985788302568834
35.616670902160095,5.182423331547103,-0.007104086576788404,0.9986310725419856
35.42482337992376,5.182525052429041,-0.007002365694850354,0.998650673726013
35.232152477763655,5.182607807923863,-0.006919610200028181,0.9986666203601002
35.041128335451084,5.182735390360739,-0.006792027763151687,0.9986912049564607
35.041128335451084,5.182814267177688,-0.0067131509462035055,0.9987064041857148
34.84928081321474,5.182777199072359,-0.006750219051531836,0.9986992613184859
34.6574332909784,5.182957797511735,-0.006569620612156157,0.9987340618744566
34.4647623888183,5.183203047987231,-0.006324370136660207,0.9987813206045365
34.27291486658196,5.1834629534672745,-0.006064464656616586,0.9988314032920537
34.08106734434561,5.183589673975734,-0.005937744148156732,0.9988558217984513
33.889219822109276,5.18382371790084,-0.005703700223050667,0.9989009210736355
33.69737229987294,5.183992678825616,-0.005534739298274971,0.9989334791297285
33.5055247776366,5.18413922590912,-0.005388192214771159,0.9989617181333403
33.5055247776366,5.184337926326219,-0.005189491797672474,0.9990000068639104
33.3128538754765,5.18464222704362,-0.004885191080271412,0.9990586443260304
33.12182973316391,5.184906011942025,-0.004621406181866128,0.9991094745610696
32.92998221092757,5.185085316748286,-0.004442101375604857,0.9991440258394066
32.737311308767474,5.185243501346391,-0.004283916777500174,0.9991745073428961
32.54546378653113,5.185427547499433,-0.004099870624457935,0.9992099722587187
32.35361626429479,5.185555560160029,-0.00397185796386168,0.9992346397573717
32.161768742058456,5.185586594025954,-0.003940824097937501,0.999240619852171
31.969921219822105,5.185656419113552,-0.003870999010339382,0.9992540748514364
31.777250317662006,5.185734434002082,-0.003792984121808729,0.9992691079907272
31.777250317662006,5.185830551608827,-0.0036968665150638458,0.9992876294473071
31.586226175349427,5.186007270629839,-0.0035201474940524946,0.9993216824557553
31.393555273189328,5.186268469002505,-0.0032589491213856903,0.9993720142782165
31.201707750952988,5.186323639826046,-0.003203778297844906,0.999382645462734
31.00986022871665,5.1862430391522665,-0.003284378971624591,0.9993671140535544
30.8180127064803,5.186148645402356,-0.003378772721535306,0.9993489247769006
30.626165184243963,5.1863400186874244,-0.0031873994364666203,0.9993858016000966
30.434317662007622,5.186696041774211,-0.0028313763496798927,0.9994544057441933
30.242470139771285,5.1869369826076275,-0.0025904355162635895,0.9995008340244592
30.242470139771285,5.1869382755002515,-0.0025891426236395176,0.9995010831594034
30.049799237611182,5.186901208135411,-0.002626209988480177,0.9994939404348634
29.857951715374845,5.186961119565242,-0.0025662985586487608,0.999505485114177
29.666104193138505,5.186911982981106,-0.002615435142785394,0.9994960167020891
29.474256670902157,5.186986981120181,-0.0025404370037103163,0.9995104685265102
29.282409148665817,5.187226197356273,-0.002301220767617629,0.9995565644841607
29.09056162642948,5.187372744439777,-0.002154673684113817,0.9995848034877726
28.897890724269377,5.18729559222015,-0.002231825903741047,0.9995699365811332
28.70604320203304,5.187233093524093,-0.0022943245997977257,0.9995578933465531
28.70604320203304,5.187250335054377,-0.0022770830695142408,0.9995612157165676
28.51501905972045,5.187387399444322,-0.0021400186795688114,0.9995876274452091
28.322348157560352,5.187458087200826,-0.0020693309230654933,0.9996012486771264
28.13050063532401,5.187668856096732,-0.001858562027159394,0.9996418629525554
27.938653113087675,5.187815834144445,-0.0017115839794463739,0.9996701850011489
27.746805590851334,5.187846437046161,-0.0016809810777296263,0.9996760820509669
27.554958068614997,5.187874884386347,-0.0016525337375439264,0.9996815637331884
27.363110546378657,5.187877470171598,-0.0016499479522931182,0.9996820620030774
27.17126302414231,5.187930485433609,-0.0015969326902824932,0.9996922778199985
26.97941550190597,5.188147289309407,-0.0013801288144836832,0.9997340550105461
26.97941550190597,5.188430038854441,-0.0010973792694501938,0.9997885396528366
26.78674459974587,5.1886033094213,-0.0009241087025912975,0.9998219281587445
26.59489707750953,5.188909765700229,-0.0006176524236618519,0.9998809809884606
26.403049555273192,5.188953298268682,-0.0005741198552087212,0.9998893695304116
26.21120203303685,5.188936919407302,-0.0005904987165887832,0.9998862133930487
26.019354510800504,5.188974849441048,-0.0005525686828429244,0.9998935223502408
25.827506988564167,5.1894558691794614,-7.154894442962245e-05,0.9999862128208091
25.634836086404064,5.190748069447648,0.0012206513237567052,1.0002352143510205
25.44381194409149,5.190449802969652,0.000922384845760682,1.00017773966133
25.44381194409149,5.189676551733134,0.00014913360924317942,1.0000287374161898
25.25196442185515,5.189135189600681,-0.0003922285232098588,0.9999244192213264
25.059293519695046,5.188947264029277,-0.0005801540946137607,0.999888206757982
24.86744599745871,5.188917954760676,-0.0006094633632152124,0.9998825589857977
24.675598475222362,5.1890597604974005,-0.00046765762649059184,0.9999098843519243
24.48292757306226,5.18909682860273,-0.00043058952116137306,0.9999170272191534
24.291080050825922,5.1891834635159135,-0.00034395460797753685,0.9999337214007625
24.09923252858958,5.189330872527835,-0.00019654559605619681,0.9999621264943375
23.907385006353245,5.18928346054102,-0.00024395758287099056,0.9999529904048644
23.907385006353245,5.189313631738039,-0.0002137863858520106,0.9999588042670118
23.71059720457433,5.1894075945237415,-0.00011982360014961557,0.9999769104986841
23.51874968233799,5.189405008738491,-0.0001224093854004238,0.9999764122287951
23.32607878017789,5.189511039262514,-1.6378861377397413e-05,0.9999968438626377
23.13423125794155,5.189578709529071,5.129140518000952e-05,1.0000098836369957
22.942383735705214,5.189648535357156,0.0001211172332649113,1.0000233387789497
22.750536213468873,5.189491212687468,-3.620543642313123e-05,0.9999930233654231
22.558688691232526,5.189336044838823,-0.00019137328506779738,0.9999631231768042
22.366841168996185,5.189461041490448,-6.637663344299938e-05,0.9999872095032756
22.366841168996185,5.189516211573501,-1.120655038988616e-05,0.9999978405451042
22.174170266836086,5.189548969296259,2.15511723675732e-05,1.0000041528198296
21.982322744599745,5.189679137518384,0.00015171939449309946,1.0000292356860787
21.79129860228717,5.189823529780846,0.0002961116569553113,1.000057059464783
21.598627700127068,5.189909302765615,0.0003818846417242838,1.0000735875564297
21.40678017789073,5.1898657694566745,0.00033835133278348195,1.0000651988717897
21.21493265565438,5.189824822673472,0.00029740454958115947,1.0000573085997277
21.023085133418043,5.189906716980366,0.00037929885647525197,1.0000730892865408
20.831237611181702,5.189859304253063,0.00033188612917189886,1.000063953054379
20.638566709021603,5.189931715866398,0.0004042977425067207,1.0000779064662217
20.638566709021603,5.189968783971727,0.00044136584783593946,1.0000850493334508
20.446719186785263,5.189769220885724,0.00024180276183294325,1.0000465943702288
20.254871664548926,5.18985068422841,0.00032326610451871574,1.0000622920120605
20.063024142312575,5.190067918327928,0.0005405002040372864,1.0001041521049006
19.871176620076238,5.190141622833888,0.0006142047099970682,1.0001183546516879
19.679329097839897,5.190156708802642,0.000629290678751282,1.0001212616541062
19.48748157560356,5.190025247687892,0.0004978295640007957,1.0000959296529126
19.29563405336722,5.189834736331239,0.00030731820734786197,1.0000592189196793
19.097199491740792,5.189860166181479,0.0003327480575876507,1.0000641191443416
19.097199491740792,5.189949387620402,0.00042196949651085447,1.0000813117385288
18.906175349428207,5.1901161929836475,0.0005887748597563913,1.0001134544270256
18.714327827191866,5.190268774306557,0.0007413561826661308,1.0001428562030672
18.521656925031767,5.190357133817063,0.0008297156931718064,1.0001598827072913
18.329809402795426,5.190404976768086,0.0008775586441949201,1.0001691018417458
18.13796188055909,5.19029075644313,0.0007633383192393595,1.0001470920678777
17.94611435832274,5.190242050823203,0.0007146326993119345,1.0001377067007713
17.74932655654384,5.190248085062606,0.0007206669387151976,1.0001388694732007
17.556655654383736,5.190250671588343,0.0007232534644519006,1.0001393678857782
17.556655654383736,5.1902269655949365,0.0006995474710453919,1.000134799841042
17.364808132147395,5.190257567756165,0.0007301496322735801,1.000140696748171
17.17296060991106,5.190078262949903,0.0005508448260123089,1.000106145469834
16.981113087674718,5.189970507828561,0.00044308970467010766,1.0000853815133768
16.788442185514608,5.190008437862305,0.0004810197384141901,1.0000926904705685
16.59659466327827,5.189930422973774,0.00040300484988264884,1.0000776573312775
16.405570520965693,5.189913182183978,0.00038576406008683506,1.0000743351039518
16.212899618805594,5.1899674903386135,0.0004400722147224201,1.0000848000558173
16.021052096569253,5.190073952567332,0.0005465344434405495,1.00010531487733
16.021052096569253,5.190186449035453,0.0006590309115619419,1.0001269924712721
15.829204574332914,5.1903097210897595,0.0007823029658684533,1.0001507464751291
15.636533672172813,5.190590315813752,0.0010628976898612308,1.0002048158925125
15.444686149936464,5.19051445648675,0.0009870383628589607,1.0001901981208177
15.253662007623888,5.190079987547224,0.0005525694233332601,1.0001064777924487
15.061814485387549,5.19003041999888,0.0005030018749891951,1.0000969263353794
14.86996696315121,5.1899924899651335,0.00046507184124244816,1.000089617378187
14.67729606099111,5.1900597292674835,0.0005323111435924233,1.000102574107564
14.48544853875476,5.1901924840153475,0.0006650658914564289,1.000128155386391
14.48544853875476,5.190242050823203,0.0007146326993119345,1.0001377067007713
14.287837357052094,5.190151536491656,0.0006241183677646589,1.0001202649716399
14.096813214739518,5.190052833099663,0.000525414975771632,1.0001012452451714
13.904142312579417,5.190101968943311,0.0005745508194197058,1.0001107135145704
13.712294790343078,5.190191190382233,0.0006637722583420214,1.0001279061087573
13.52044726810673,5.190143347431211,0.0006159293073197958,1.000118686974303
13.328599745870392,5.190197224621637,0.0006698064977461726,1.000129068881187
13.136752223634053,5.190355840183949,0.000828422060058287,1.0001596334296579
12.944904701397714,5.190392477325071,0.000865059201180074,1.0001666932519055
12.944904701397714,5.190166191496201,0.0006387733723096645,1.0001230889290764
12.752233799237612,5.190038609059324,0.0005111909354331701,1.000098504332716
12.560386277001273,5.189991628036718,0.0004642099128266963,1.0000894512882244
12.36359847522236,5.189827409199211,0.00029999107531963887,1.0000578070123056
12.17092757306226,5.189821805924014,0.00029438780012291943,1.0000567272848573
11.979080050825921,5.189946370870944,0.0004189527470526144,1.0000807304236585
11.787232528589582,5.190026109616308,0.0004986914924165475,1.0000960957428753
11.594561626429481,5.190041195585063,0.0005137774611716495,1.0000990027452938
11.403537484116905,5.189905423347253,0.0003780052233617326,1.0000728400089074
11.211689961880555,5.189829133056043,0.0003017149321520307,1.0000581391922314
11.211689961880555,5.189816202648818,0.00028878452492708817,1.0000556475574094
11.019842439644217,5.189786892639727,0.00025947451583618886,1.0000499996425358
10.827994917407878,5.18967310327898,0.0001456851550889482,1.0000280729136493
10.635324015247777,5.189506729620431,-2.0688503459709295e-05,0.999996013412823
10.443476493011438,5.189402422212753,-0.000124995911138015,0.9999759138162173
10.2516289707751,5.18952569426706,-1.7238568315036673e-06,0.9999996678200744
10.05978144853875,5.189703275216488,0.0001758570925973757,1.0000338869184857
9.862170266836085,5.189632587459985,0.00010516933609405754,1.0000202656865684
9.670322744599746,5.189542504092645,1.5085968754213752e-05,1.0000029070024183
9.670322744599746,5.189398542794391,-0.00012887532949967806,0.9999751662686954
9.478475222363407,5.189249409925638,-0.00027800819825340994,0.9999464289951947
9.286627700127069,5.1892416510889126,-0.0002857670349785124,0.9999449339001504
9.09478017789072,5.189307597498636,-0.00021982062525527368,0.9999576414945824
8.896345616264291,5.1893843194945415,-0.00014309862934958062,0.9999724254989288
8.705321473951715,5.189581296054808,5.387793091671256e-05,1.0000103820495732
8.513473951715376,5.189604571084008,7.71529601166776e-05,1.0000148670493285
8.320803049555275,5.189492936544302,-3.448157958896303e-05,0.9999933555453492
8.128955527318936,5.189430438588731,-9.697953515974689e-05,0.9999813124534574
8.128955527318936,5.189567072014471,3.9653890580026996e-05,1.0000076411371182
7.937108005082588,5.189660172871756,0.00013275474786489383,1.0000255812788272
7.745260482846249,5.189717498516338,0.00019008039244727826,1.0000366276882522
7.5534129606099105,5.1897640485747365,0.000236630450845432,1.0000455976877622
7.361565438373572,5.189766204136266,0.0002387860123747032,1.0000460130553586
7.163954256670906,5.189735601234549,0.0002081831106579557,1.0000401160055405
6.972106734434557,5.189556296428287,2.8878304395796306e-05,1.0000055647272033
6.780259212198218,5.189347682353422,-0.00017973577046870304,0.9999653656766817
6.587588310038117,5.189358457939606,-0.00016896018428536053,0.9999674420865963
6.587588310038117,5.189445955521695,-8.146260219632495e-05,0.9999843025008575
6.396564167725541,5.18937095812311,-0.0001564600007810668,0.9999698508191257
6.204716645489202,5.189387767208209,-0.0001396509156821324,0.9999730898587809
6.012045743329101,5.189448972271153,-7.844585273808491e-05,0.9999848838157278
5.820198221092762,5.189387767208209,-0.0001396509156821324,0.9999730898587809
5.628350698856413,5.189313200773832,-0.00021421735005944242,0.9999587212220304
5.436503176620074,5.189215359310255,-0.0003120588136358293,0.999939867585525
5.2446556543837355,5.189084760123921,-0.0004426579999696756,0.9999147016742943
5.052808132147397,5.1890688122267505,-0.00045860589714052935,0.9999116285819131
5.052808132147397,5.189439921282291,-8.749684160047622e-05,0.9999831397284279
4.860960609911058,5.189760169896861,0.00023275177296966376,1.0000448502829289
4.668289707750957,5.189610174359203,8.275623531162069e-05,1.0000159467767764
4.476442185514608,5.189468368622478,-5.9049501412999916e-05,0.9999886214106497
4.284594663278269,5.189387767208209,-0.0001396509156821324,0.9999730898587809
4.086983481575603,5.189313200773832,-0.00021421735005944242,0.9999587212220304
3.895135959339265,5.189308028462844,-0.00021938966104695368,0.9999577245395639
3.7032884371029264,5.189295098055619,-0.00023232006827189622,0.9999552329047419
3.511440914866577,5.189278288230032,-0.00024912989385939,0.9999519937223976
3.511440914866577,5.189210186999268,-0.0003172311246233406,0.9999388709030584
3.318770012706476,5.189199411413084,-0.0003280067108066831,0.9999367944931438
3.1277458703939,5.189237772411038,-0.00028964571285339247,0.9999441864953171
2.9358983481575613,5.189352423700201,-0.00017499442369039997,0.9999662793141666
2.7440508259212226,5.189374836800983,-0.0001525813229079631,0.9999705982239587
2.552203303684884,5.189346820425005,-0.00018059769888623123,0.9999651995867185
2.3595324015247825,5.189371820051526,-0.00015559807236531498,0.9999700169090885
2.1676848792884336,5.189504143094692,-2.327502919907687e-05,0.999995515000245
1.9758373570520948,5.18948862616173,-3.879196216072245e-05,0.9999925249528454
1.7839898348157561,5.1894006983559215,-0.00012671976796951867,0.9999755816362917
1.7839898348157561,5.1894170772173,-0.00011034090659123308,0.9999787377736543
1.591318932655655,5.1895912097125745,6.379158868341506e-05,1.000012292369525
1.4002947903430787,5.189672672314771,0.00014525419087974,1.0000279898686675
1.2076238881829775,5.189627846113206,0.0001004279893148663,1.0000193520490834
1.0157763659466283,5.189553710643038,2.6292519146764448e-05,1.0000050664573146
0.8239288437102897,5.189490350759052,-3.7067364838883066e-05,0.9999928572754603
0.632081321473951,5.1894644892041155,-6.292891977555115e-05,0.9999878738631275
0.44023379923761224,5.189402422212753,-0.000124995911138015,0.9999759138162173
0.24838627700127355,5.189373543908359,-0.00015387421553203495,0.9999703490890144
0.24838627700127355,5.189427421839274,-9.999628461709875e-05,0.9999807311385873
0.056538754764934855,5.189527418123891,0.0,1.0
-0.13530876747141424,5.18954638351101,1.8965387118541344e-05,1.0000036545499407
-0.32715628970775296,5.189662758657004,0.0001353405331130375,1.000026079548716
-0.5198271918678541,5.189533452363295,6.034239404151265e-06,1.0000011627724295
-0.7116747141041928,5.189514918680876,-1.2499443014846179e-05,0.9999975914101598
-0.9035222363405315,5.189557159097191,2.9740973300107498e-05,1.0000057309598551
-1.0953697585768702,5.189590347043669,6.292891977821569e-05,1.000012126136873
-1.2872172808132194,5.189677844625759,0.00015042650186813944,1.0000289865511343
-1.2872172808132194,5.189784306854477,0.0002568887305862688,1.000049501372647
-1.4790648030495581,5.1897420664381615,0.00021464831427042697,1.0000413618229516
-1.6717357052096593,5.189658879979131,0.0001314618552399338,1.0000253321438828
-1.8635832274459978,5.1895912097125745,6.379158868341506e-05,1.000012292369525
-2.0554307496823365,5.189537762745867,1.0344621975910684e-05,1.0000019933649333
-2.2472782719186752,5.189478713244451,-4.870487943975377e-05,0.9999906147755825
-2.439125794155014,5.189523107741321,-4.310382569983062e-06,0.9999991694074966
-2.6309733163913633,5.189909733729824,0.00038231560593260383,1.000073670601411
-2.822820838627702,5.189882148318054,0.0003547301941626557,1.0000683550091525
-3.0146683608640403,5.189739911617121,0.00021249349322971511,1.0000409465980442
-3.0146683608640403,5.189668361932202,0.00014094380831064512,1.0000271592761643
-3.212279542566706,5.189679999446801,0.00015258132290973947,1.0000294017760416
-3.4041270648030446,5.189660603835963,0.00013318571207232566,1.0000256643238086
-3.595974587039394,5.189600691665645,7.327354175412637e-05,1.0000141195018064
-3.7878221092757327,5.189561899703483,3.4481579591627565e-05,1.0000066444546514
-3.9796696315120714,5.189516211573501,-1.120655038988616e-05,0.9999978405451042
-4.172340533672172,5.189414490691562,-0.0001129274323288243,0.9999782393610767
-4.364188055908511,5.189466213060948,-6.12050629431593e-05,0.9999882060430533
-4.55603557814485,5.1894687995866855,-5.861853720556809e-05,0.999988704455631
-4.55603557814485,5.1893420790782265,-0.0001853390456645343,0.9999642859492336
-4.748706480304951,5.189394664116517,-0.00013275400737366994,0.9999744188638623
-4.939730622617538,5.189426128206161,-0.00010128991772972995,0.999980481860954
-5.131578144853877,5.189347682353422,-0.00017973577046870304,0.9999653656766817
-5.323425667090215,5.189308028462844,-0.00021938966104695368,0.9999577245395639
-5.516096569250316,5.189473540933465,-5.387719042637684e-05,0.9999896180931162
-5.707944091486655,5.189597243951979,6.982582808756632e-05,1.0000134551419544
-5.899791613723004,5.189396818937558,-0.00013059918633295808,0.9999748340887694
-6.092462515883105,5.1889946767565815,-0.0005327413673095194,0.9998973429901441
-6.092462515883105,5.1891106209383695,-0.00041679718552156686,0.999919684943938
-6.283486658195681,5.189305442677595,-0.00022197544629598553,0.9999572262696752
-6.47533418043202,5.189362768322176,-0.00016464980171537746,0.9999682726790997
-6.667181702668358,5.189373112944152,-0.00015430517973946678,0.9999702660440332
-6.859029224904697,5.189444662629071,-8.275549482039679e-05,0.9999840533659131
-7.051700127064799,5.189484316519648,-4.310160424303433e-05,0.9999916945030307
-7.243547649301138,5.189398111830184,-0.0001293062937071099,0.9999750832237141
-7.435395171537476,5.189271392062213,-0.0002560260616784049,0.9999506648600055
-7.627242693773815,5.189297252876661,-0.0002301652472302962,0.9999556481296492
-7.627242693773815,5.189598536844603,7.111872071163816e-05,1.0000137042768988
-7.819090216010174,5.189787755308632,0.00026033718474050005,1.0000501658751877
-8.011761118170275,5.190103693540632,0.000576275416740657,1.0001110458371851
-8.203608640406614,5.190184294214413,0.0006568760905221183,1.000126577246365
-8.39463278271919,5.189988610546772,0.0004611924228807851,1.0000888698306651
-8.587303684879291,5.189776548758242,0.0002491306343506139,1.000048006420292
-8.784914866581946,5.18965931094334,0.000131892819449142,1.0000254151888646
-8.976762388818306,5.189740342581328,0.00021292445743714694,1.0000410296430255
-9.168609911054645,5.190052833099663,0.000525414975771632,1.0001012452451714
-9.168609911054645,5.1901950698005965,0.0006676516767054608,1.0001286536562797
-9.360457433290984,5.189989903439396,0.00046248531550485694,1.0000891189656094
-9.552304955527323,5.189831718841293,0.00030430071740195075,1.00005863746212
-9.744152477763661,5.189670086529522,0.00014266840563070815,1.0000274915987788
-9.936,5.189598105880395,7.068775650420633e-05,1.0000136212319175
-10.127847522236339,5.189526556195475,-8.619284157518337e-07,0.9999998339100372
-10.32051842439644,5.189493798472719,-3.361965117232302e-05,0.9999935216353121
-10.517306226175354,5.189485609412272,-4.180871161896249e-05,0.9999919436379751
-10.709977128335455,5.189398111830184,-0.0001293062937071099,0.9999750832237141
-10.709977128335455,5.189307597498636,-0.00021982062525527368,0.9999576414945824
-10.901001270648031,5.189272253990628,-0.0002551641332626531,0.9999508309499683
-11.093672172808132,5.18933690676724,-0.00019051135665115737,0.9999632892667671
-11.28551969504447,5.189369233525787,-0.00015818459810379437,0.9999695184965106
-11.47736721728081,5.189430438588731,-9.697953515974689e-05,0.9999813124534574
-11.669214739517148,5.189588192222629,6.0774098737503834e-05,1.0000117109119657
-11.86188564167725,5.18976060086107,0.00023318273717887195,1.0000449333279104
-12.052909783989826,5.189826115566097,0.0002986974422061195,1.0000575577346722
-12.244757306226184,5.190004558443942,0.0004771403200507507,1.0000919429230462
-12.436604828462523,5.190857549166311,0.0013301310424198576,1.0002563106300921
-12.436604828462523,5.19078212006303,0.0012547019391391245,1.00024177576069
-12.629275730622624,5.1902877389531845,0.0007603208292934482,1.0001465106103185
-12.821123252858962,5.189841632499059,0.00031421437516776507,1.0000605477820717
-13.012970775095301,5.189658879979131,0.0001314618552399338,1.0000253321438828
-13.20481829733164,5.189625691292165,9.827316827415444e-05,1.000018936824176
-13.397489199491742,5.189526556195475,-8.619284157518337e-07,0.9999998339100372
-13.589336721728081,5.189443368995957,-8.404912793391617e-05,0.9999838040882797
-13.78118424396442,5.189443368995957,-8.404912793391617e-05,0.9999838040882797
-13.972208386276995,5.189539055638493,1.163751460175888e-05,1.000002242499878
-13.972208386276995,5.189580434126392,5.3016002500960724e-05,1.0000102159596105
-14.164879288437097,5.189578278564862,5.0860440970801335e-05,1.0000098005920142
-14.356726810673436,5.1896433630461685,0.00011594492227740005,1.000022342096483
-14.549397712833537,5.189614053777565,8.663565367417192e-05,1.0000166943242985
-14.741245235069895,5.189517504466126,-9.913657764926143e-06,0.9999980896800487
-14.932269377382472,5.189413628763146,-0.00011378936074546431,0.9999780732711137
-15.12411689961881,5.189284322469436,-0.00024309565445523873,0.9999531564948272
-15.31596442185515,5.189320959610557,-0.00020645851333433995,0.9999602163170748
-15.506988564167726,5.189655431524976,0.0001280134010848144,1.000024667641342
-15.506988564167726,5.18975154913172,0.00022413100782880946,1.0000431890979218
-15.506988564167726,5.189620518981178,9.310085728664319e-05,1.0000179401417095
-15.506988564167726,5.189513625788251,-1.3792335639806197e-05,0.9999973422752153
-15.506988564167726,5.189536038889035,8.620765143518838e-06,1.0000016611850076
-15.506988564167726,5.189559313918233,3.189579434170753e-05,1.0000061461847625
-15.506988564167726,5.189511901931418,-1.551619247308622e-05,0.9999970100952894
-15.506988564167726,5.189473540933465,-5.387719042637684e-05,0.9999896180931162
-15.506988564167726,5.189368802561579,-0.00015861556231211438,0.9999694354515292
-15.506988564167726,5.1893045807491776,-0.00022283737471351373,0.9999570601797121
-15.506988564167726,5.1892575989860825,-0.00026981913780854683,0.9999480069925315
-15.506988564167726,5.189261909368653,-0.0002655087552376756,0.9999488375850352
-15.506988564167726,5.189246392435692,-0.00028102568819932117,0.9999458475376355
-15.506988564167726,5.189195531994721,-0.0003318861291701225,0.9999360469456214
-15.506988564167726,5.1892356168495075,-0.00029180127438355186,0.9999437711277207
-15.506988564167726,5.189307166534427,-0.00022025158946448187,0.9999575584496008
-15.506988564167726,5.189348975986535,-0.00017844213735607184,0.9999656149543149
-15.506988564167726,5.1893278557783775,-0.00019956234551354868,0.9999615451794673
-15.506988564167726,5.1892735468832525,-0.00025387124063858124,0.9999510800849125
-15.506988564167726,5.189252426675095,-0.0002749914487960581,0.9999470103100649
-15.506988564167726,5.189289494780423,-0.00023792334346772748,0.9999541531772937
-15.506988564167726,5.189426128206161,-0.00010128991772972995,0.999980481860954
-15.506988564167726,5.189511470226721,-1.5947897169965586e-05,0.999996926907619
-15.506988564167726,5.189537331781658,9.9136577667025e-06,1.0000019103199518
-15.506988564167726,5.189583881840058,5.6463716166632594e-05,1.000010880319462
