Angle (degree),rho (mOhm cm),Delta rho (mOhm cm),rho/rho(theta=0)
100.19715054228398,4.5466559774434465,-0.09854028562298112,0.978786626001905
100.19715054228398,4.546632924678636,-0.09856333838779197,0.9787816632912885
100.19715054228398,4.546591109192101,-0.09860515387432667,0.9787726614140444
100.19715054228398,4.546638286771993,-0.09855797629443419,0.97878281762214
100.19715054228398,4.546769093482944,-0.0984271695834833,0.9788109771881827
100.19715054228398,4.54683396173429,-0.09836230133213775,0.9788249417760433
100.19715054228398,4.5468559406068225,-0.09834032245960511,0.9788296733032572
100.01106667951397,4.546884889648115,-0.09831137341831298,0.9788359053416152
99.81921915727762,4.546805012692999,-0.098391250373429,0.9788187097376854
99.62737163504127,4.546628100452423,-0.09856816261400425,0.9787806247504091
99.43470073288118,4.546633462545781,-0.09856280052064648,0.9787817790812605
99.24285321064484,4.5465605520754035,-0.09863571099102408,0.9787660831953929
99.0510056884085,4.546390610003591,-0.09880565306283629,0.9787294987192615
98.85915816617216,4.546513376337523,-0.09868288672890468,0.9787559273838387
98.66731064393582,4.5466538333429085,-0.09854242972351912,0.978786164428181
98.66731064393582,4.546652225267505,-0.09854403779892262,0.978785818247888
98.47546312169948,4.5466495451418325,-0.09854671792459513,0.978785241280733
98.28279221953939,4.546633462545781,-0.09856280052064648,0.9787817790812605
98.09094469730304,4.546487643447038,-0.09870861961938981,0.9787503877060666
97.8990971750667,4.546279638064632,-0.09891662500179521,0.9787056091067081
97.70230937328779,4.54610755189228,-0.09908871117414719,0.9786685630568522
97.50963847112769,4.546176708344704,-0.09901955472172386,0.9786834507921613
97.31779094889136,4.546053405985637,-0.09914285708079085,0.978656906734153
97.12594342665501,4.545879711737881,-0.09931655132854633,0.9786195145040041
97.12594342665501,4.5458100192603235,-0.09938624380610417,0.9786045113752639
96.93327252449491,4.545722098244166,-0.09947416482226146,0.9785855840767865
96.74224838218234,4.545466917123878,-0.09972934594254923,0.9785306496658733
96.54957748002224,4.545276066387792,-0.09992019667863605,0.9784895640528489
96.35855333770965,4.545210663953322,-0.099985599113106,0.9784754844680981
96.16588243554953,4.545271778186715,-0.09992448487971295,0.9784886409054007
95.9740349133132,4.54548192766966,-0.09971433539676777,0.9785338810784835
95.78218739107686,4.545513556836625,-0.09968270622980224,0.9785406900839968
95.59033986884052,4.545503908384202,-0.09969235468222593,0.9785386130022381
95.59033986884052,4.545283036556554,-0.09991322650987389,0.9784910645639936
95.39849234660419,4.545326996143627,-0.09986926692280029,0.9785005280149619
95.20664482436784,4.545400976822262,-0.09979528624416556,0.9785164542911503
95.01397392220774,4.5456432933393165,-0.09955296972711114,0.9785686192597182
94.82212639997141,4.545865773242371,-0.09933048982405701,0.9786165138782562
94.63027887773507,4.54592420735009,-0.09927205571633735,0.9786290933484035
94.43843135549872,4.54579929691562,-0.09939696615080784,0.9786022031101022
94.24576045333862,4.54574783113465,-0.09944843193177721,0.9785911237545584
94.05473631102605,4.545643829364453,-0.09955243370197486,0.9785687346531495
94.05473631102605,4.545375245773788,-0.0998210172926397,0.9785109150099193
93.86288878878969,4.545109878333933,-0.10008638473249487,0.9784537877272758
93.67104126655336,4.545128105030521,-0.10006815803590641,0.978457711500472
93.47837036439326,4.545100764064632,-0.10009549900179593,0.9784518256424067
93.28652284215691,4.545050370333931,-0.1001458927324963,0.9784409770737249
93.09549869984433,4.544758199795332,-0.1004380632710955,0.9783780797229882
92.90282779768424,4.544749621551167,-0.10044664151526028,0.9783762330315506
92.7109802754479,4.544677784973071,-0.10051847809335701,0.9783607683290863
92.51913275321155,4.544356127526033,-0.10084013554039473,0.9782915231500192
92.32728523097522,4.544071995522442,-0.10112426754398562,0.978230356304207
92.32728523097522,4.544177607210054,-0.10101865585637348,0.9782530919824498
92.13543770873886,4.544419385859965,-0.10077687720646278,0.978305141161046
91.94359018650253,4.544342725055656,-0.10085353801077179,0.9782886379177023
91.75091928434243,4.544180823360862,-0.10101543970556559,0.978253784343036
91.55907176210609,4.543728359202873,-0.1014679038635542,0.9781563795979263
91.36722423986976,4.54356645750808,-0.101629805558348,0.9781215260232602
91.17537671763341,4.543749266025134,-0.10144699704129323,0.9781608803382776
90.97776553593073,4.5438848988043095,-0.10131136426211818,0.978190078841741
90.7859180136944,4.5441979780071815,-0.10099828505924613,0.9782574773293703
90.7859180136944,4.5449174195224415,-0.10027884354398608,0.978412355933958
90.59407049145806,4.545165632315978,-0.10003063075044949,0.9784657902302676
90.40222296922173,4.545082537368043,-0.10011372569838439,0.9784479018692105
90.21037544698538,4.545249263289049,-0.09994699977737831,0.9784837939847562
90.01852792474904,4.545475495368043,-0.09972076769838445,0.9785324963573109
89.8266804025127,4.545553764247756,-0.09964249881867193,0.9785493457809477
89.63400950035259,4.545517310854579,-0.09967895221184886,0.9785414982345552
89.44216197811625,4.545392936445243,-0.09980332662118485,0.9785147233896848
89.25031445587992,4.5453859662764815,-0.09981029678994613,0.9785132228785403
89.25031445587992,4.545374709748654,-0.09982155331777331,0.9785107996164885
89.05846693364357,4.545070206947935,-0.10012605611849246,0.9784452474237555
88.86003237201714,4.545108270258528,-0.10008799280789926,0.9784534415469825
88.66900822970456,4.545413843267505,-0.099782419798923,0.9785192241300362
88.47633732754446,4.545607374129265,-0.09958888893716278,0.9785608867102159
88.28448980530813,4.545443866201078,-0.09975239686534998,0.9785256873517976
88.09346566299554,4.545308233421903,-0.09988802964452503,0.9784964888483343
87.90079476083544,4.5453838221759435,-0.09981244089048413,0.9785127613048162
87.70894723859911,4.545503908384202,-0.09969235468222593,0.9785386130022381
87.70894723859911,4.545015525016158,-0.10018073805026972,0.9784334757076254
87.51709971636275,4.544810199759425,-0.10038606330700262,0.978389274075422
87.32525219412642,4.544884716463196,-0.1003115466032316,0.9784053157450417
87.13340467189008,4.54487935621185,-0.1003169068545775,0.9784041618107314
86.94155714965373,4.544801623357271,-0.10039463970915641,0.9783874277805255
86.7497096274174,4.5446354334614005,-0.1005608296050271,0.978351651058411
86.55786210518106,4.544937790319569,-0.10025847274685873,0.9784167412808785
86.36601458294471,4.5451527658707365,-0.10004349719569117,0.9784630203913818
86.17416706070837,4.5448509431956925,-0.10034531987073514,0.9783980451658044
86.17416706070837,4.544795189213645,-0.1004010738527823,0.9783860426628121
85.98149615854827,4.544974781579892,-0.10022148148653542,0.9784247046172434
85.78964863631194,4.545101836114902,-0.10009442695152604,0.978452056429269
85.5978011140756,4.545373635856373,-0.0998226272100542,0.9785105684330853
85.40595359183926,4.5455146307289045,-0.09968163233752314,0.9785409212673997
85.2141060696029,4.545328604219031,-0.09986765884739679,0.9785008741952549
85.02225854736658,4.545117382685817,-0.10007888038061097,0.97845540323531
84.82958764520647,4.545032679662477,-0.10016358340395026,0.9784371686939597
84.63856350289389,4.545137755324955,-0.10005850774147262,0.9784597889787716
84.44589260073379,4.545534465500898,-0.0996617975655294,0.9785451912208893
84.44589260073379,4.545685108825852,-0.09951115424057555,0.9785776211369623
84.25404507849746,4.5458888241651705,-0.09930743890125715,0.9786214761923318
84.0621975562611,4.546163841899461,-0.09903242116696642,0.9786806809532753
83.87035003402477,4.546212089687613,-0.09898417337881504,0.978691067551692
83.67767913186466,4.545996043928187,-0.09920021913824062,0.9786445580508679
83.4866549895521,4.5460131985745065,-0.09918306449192116,0.9786482510372021
83.29398408739199,4.54610755189228,-0.09908871117414719,0.9786685630568522
83.1029599450794,4.5462630194434475,-0.09893324362298017,0.9787020315138049
82.9102890429193,4.546390610003591,-0.09880565306283629,0.9787294987192615
82.9102890429193,4.5466538333429085,-0.09854242972351912,0.978786164428181
82.71844152068296,4.546612017856374,-0.09858424521005382,0.9787771625509369
82.52659399844661,4.546493003698385,-0.09870325936804303,0.978751541640377
82.33474647621028,4.546534283159786,-0.09866197990664194,0.9787604281241903
82.14207557405018,4.546812517044883,-0.0983837460215442,0.9788203252457199
81.95105143173761,4.546821095289048,-0.09837516777737942,0.9788221719371575
81.75755714965373,4.546791074197487,-0.09840518886894056,0.9788157091119374
81.56076934787482,4.546836641859964,-0.09835962120646347,0.9788255187431987
81.36974520556225,4.546961552294435,-0.09823471077199297,0.9788524089815
81.36974520556225,4.547110587543986,-0.09808567552244174,0.9788844927172803
81.17789768332591,4.547139000560143,-0.09805726250628499,0.9788906093622071
80.9852267811658,4.547259620951526,-0.0979366421149015,0.9789165760565194
80.79337925892948,4.547405440050269,-0.09779082301615905,0.9789479674317131
80.60153173669312,4.547791427881507,-0.09740483518492038,0.9790310614086689
80.40968421445679,4.5480648375403945,-0.09713142552603315,0.9790899199893195
80.21783669222044,4.547983350667864,-0.09721291239856367,0.9790723778085556
80.02516579006034,4.547836459518851,-0.0973598035475769,0.9790407556464994
79.83414164774777,4.548086280387793,-0.09710998267863502,0.9790945361231024
79.64147074558767,4.548501755127469,-0.09669450793895873,0.9791839779283883
79.64147074558767,4.548711368585278,-0.09648489448114983,0.9792291027080399
79.44962322335132,4.548599324596051,-0.09659693847037687,0.9792049823086247
79.25777570111498,4.548583778025135,-0.09661248504129283,0.9792016355025834
79.06592817887864,4.548835742994615,-0.09636052007181295,0.9792558775529104
78.8740806566423,4.549049644653501,-0.09614661841292627,0.9793019254800104
78.68223313440596,4.548920446017953,-0.09627581704847454,0.9792741120942605
78.48956223224586,4.548565551328546,-0.09663071173788129,0.9791977117293872
78.29853808993327,4.548485672531418,-0.09671059053501008,0.979180515728916
78.10586718777317,4.548811618179533,-0.09638464488689458,0.9792506840554315
78.10586718777317,4.549234597271095,-0.0959616657953326,0.9793417413687521
77.91401966553684,4.5492630102872536,-0.09593325277917408,0.9793478580136793
77.7221721433005,4.549278020833035,-0.09591824223339263,0.9793510894262896
77.53032462106415,4.549201360028726,-0.09599490303770164,0.9793345861829458
77.33847709882782,4.549579843508081,-0.09561641955834688,0.9794160646518674
77.14662957659148,4.550211900032316,-0.0949843630341114,0.9795521313514083
76.95478205435514,4.550523907184919,-0.09467235588150835,0.9796192990521756
76.76293453211879,4.550741026836626,-0.0944552362298019,0.979666039736403
76.57108700988246,4.550640241217235,-0.09455602184919254,0.9796443429955802
76.57108700988246,4.550427411608618,-0.09476885145780933,0.9795985258553425
76.37841610772236,4.550593599662478,-0.09460266340394963,0.9796343021809159
76.18656858548601,4.5507029635260325,-0.09449329954039509,0.979657845613176
75.99472106324967,4.550992991806104,-0.0942032712603238,0.9797202817867297
75.80287354101333,4.551090025249551,-0.09410623781687644,0.979741170773535
75.61102601877698,4.550786594499102,-0.09440966856732569,0.9796758493676642
75.41917849654065,4.550795172743268,-0.09440109032316002,0.9796776960591019
75.22733097430431,4.5509592185386,-0.09423704452782733,0.9797130112074923
75.0346600721442,4.551107179895871,-0.09408908317055698,0.9797448637598692
74.84281254990788,4.551037487418313,-0.09415877564811481,0.9797298606311291
74.84281254990788,4.551099675543986,-0.09409658752244177,0.9797432482518347
74.65096502767153,4.551083591105925,-0.09411267196050233,0.9797397856558216
74.45911750543519,4.5511602537522435,-0.0940360093141841,0.979756289295706
74.26726998319884,4.551163469903052,-0.09403279316337532,0.9797569816562924
74.0754224609625,4.551331267874327,-0.09386499519210023,0.9797931045587002
73.88275155880241,4.5517054631526035,-0.09349079991382414,0.979873659880173
73.69090403656607,4.552191702420108,-0.09300456064631923,0.9799783356010615
73.49905651432972,4.552413646298025,-0.09278261676840227,0.980026114826168
73.30720899209338,4.552593236822261,-0.09260302624416639,0.9800647763840582
73.30720899209338,4.552806068272891,-0.09239019479353683,0.9801105939208374
73.11536146985704,4.552821614843807,-0.09237464822262087,0.9801139407268786
72.9235139476207,4.552532658614004,-0.09266360445242405,0.9800517353401869
72.73166642538436,4.55272458140036,-0.09247168166606734,0.9800930517400734
72.53981890314802,4.553788731285458,-0.09140753178096972,0.9803221378378039
72.34714800098793,4.554606812477559,-0.09058945058886891,0.9804982512129491
72.15612385867534,4.554671680728906,-0.09052458233752159,0.9805122158008102
71.96345295651524,4.554856097321364,-0.09034016574506332,0.9805519162961207
71.7716054342789,4.555281756538599,-0.08991450652782884,0.9806435505765964
71.7716054342789,4.555511206610414,-0.08968505645601343,0.980692945706279
71.57975791204255,4.55579265664632,-0.0894036064201078,0.9807535351883948
71.38791038980622,4.55632875177738,-0.08886751128904802,0.980868943687993
71.19606286756986,4.556895405867146,-0.0883008571992816,0.9809909308027834
71.00421534533353,4.557485646904848,-0.08771061616157994,0.9811179956250805
70.81236782309719,4.558273170980251,-0.08692309208617655,0.9812875307815743
70.61969692093709,4.558853227540395,-0.08634303552603306,0.9814124031286817
70.42784939870076,4.559307835798923,-0.08588842726750467,0.9815102694475158
70.23600187646441,4.559724918614004,-0.08547134445242399,0.981600057433095
70.04415435422807,4.560313551576303,-0.08488271149012494,0.9817267760750993
70.04415435422807,4.560652899694794,-0.08454336337163326,0.9817998296339316
69.85230683199174,4.560879667798924,-0.08431659526750401,0.9818486473999176
69.65469565028906,4.561089817281867,-0.08410644578456061,0.9818938875730001
69.46284812805273,4.561172376204669,-0.08402388686175843,0.9819116605406266
69.27017722589262,4.5615589019030525,-0.08363736116337517,0.9819948703075543
69.07832970365628,4.562059079666068,-0.08313718340035958,0.9821025466541906
68.88730556134371,4.562613401493717,-0.08258286157271044,0.9822218789269853
68.6946346591836,4.5632031065062835,-0.08199315656014416,0.9823488283558511
68.50361051687102,4.563567115464991,-0.08162914760143636,0.9824271908055935
68.50361051687102,4.5637182948150805,-0.08147796825134712,0.9824597361150977
68.31093961471092,4.563933806391382,-0.08126245667504595,0.9825061306190317
68.11909209247457,4.56392201199641,-0.08127425107001773,0.9825035915670082
67.92724457023824,4.5641375217307,-0.08105874133572755,0.9825499856744011
67.72963338853558,4.565036553770197,-0.08015970929623073,0.9827435258368793
67.53778586629922,4.565876079651706,-0.07932018341472169,0.9829242557423483
67.34593834406289,4.566175758226212,-0.07902050484021572,0.9829887693942017
67.15409082182654,4.566674326071814,-0.07852193699461374,0.9830960991640041
66.96224329959021,4.566968642552962,-0.07822762051346555,0.983159458485006
66.96224329959021,4.567391623486535,-0.07780463957989259,0.9832505161948676
66.77039577735385,4.5676242878671465,-0.07757197519928116,0.9833006032885953
66.57854825511752,4.567724537461401,-0.0774717256050268,0.9833221846359866
66.38587735295742,4.568034402355476,-0.07716186071095166,0.9833888911595707
66.19402983072108,4.5683147803411135,-0.07688148272531414,0.9834492498548247
66.00218230848475,4.568545300621185,-0.0766509624452425,0.9834988753748279
65.8103347862484,4.569057272779174,-0.07613899028725335,0.9836090907734882
65.61848726401206,4.56974401123519,-0.07545225183123794,0.9837569291891599
65.42581636185196,4.570314953526033,-0.07488130954039462,0.9838798394513985
65.42581636185196,4.571057981989229,-0.07413828107719844,0.9840397957634932
65.23479221953939,4.57148203313106,-0.07371422993536747,0.9841310838636759
65.04294469730304,4.571829423468582,-0.07336683959784551,0.9842058687205147
64.85027379514294,4.57219932870377,-0.0729969343626573,0.9842855004979983
64.6584262729066,4.57262766988869,-0.07256859317773756,0.9843777121421705
64.46657875067027,4.572865160337523,-0.07233110272890464,0.9844288381733183
64.27473122843391,4.573064051450628,-0.07213221161579941,0.984471654687808
64.08288370619758,4.573420018190305,-0.07177624487612277,0.9845482858395436
63.89103618396123,4.5738681941472175,-0.07132806891921017,0.9846447674372052
63.89103618396123,4.574376414129264,-0.07081984893716342,0.9847541750818483
63.6991886617249,4.574786526775584,-0.07040973629084402,0.9848424625562829
63.506517759564794,4.575178948750448,-0.07001731431597946,0.9849269416509521
63.31467023732846,4.575496317996409,-0.06969994507001864,0.984995263682571
63.12282271509211,4.57588820394614,-0.0693080591202877,0.9850796273838093
62.93015181293202,4.576558859806104,-0.06863740326032364,0.9852240036000085
62.7333640111531,4.577222009472173,-0.06797425359425446,0.9853667639116322
62.54151648891676,4.577601565001795,-0.06759469806463247,0.9854484731674155
62.349668966680426,4.578016503716338,-0.0671797593500898,0.9855377995792707
62.349668966680426,4.578512391436266,-0.0666838716301612,0.9856445523819178
62.15782144444408,4.57890695751167,-0.06628930555475776,0.9857294930503112
61.965973922207745,4.579252203748653,-0.0659440593177747,0.9858038163334258
61.77412639997141,4.57955295437343,-0.06564330869299795,0.9858685607721417
61.581455497811305,4.579852631105925,-0.06534363196050297,0.985933074027454
61.389607975574954,4.580515780771994,-0.0646804822944338,0.9860758343390778
61.19776045333862,4.581397658165171,-0.06379860490125644,0.9862656815152216
61.00591293110228,4.581673747949731,-0.06352251511669671,0.9863251170630273
60.81406540886593,4.582204482829443,-0.0629917802369846,0.9864393716283149
60.62221788662959,4.582729857457811,-0.062466405608616604,0.9865524722592925
60.62221788662959,4.583070813651705,-0.06212544941472231,0.9866258719984177
60.430370364393255,4.583452513281867,-0.06174374978456054,0.9867080428279252
60.23769946223315,4.583334036991024,-0.06186222607540337,0.9866825377073376
60.045851939996815,4.583508803289049,-0.061687459777378884,0.9867201607243485
59.85400441776047,4.583778996797128,-0.06141726626929955,0.9867783269444128
59.662156895524134,4.584327422348294,-0.06086884071813348,0.9868963898894657
59.4703093732878,4.585152473709156,-0.06004378935727139,0.9870740037757555
59.27846185105146,4.585736280603231,-0.059459982463196503,0.987199683480339
59.08661432881511,4.58632598745781,-0.05887027560861746,0.9873266333057463
59.08661432881511,4.58678434789228,-0.058411915174147566,0.9874253073785976
58.88900314711244,4.586910866402154,-0.05828539666427357,0.9874525437971919
58.696332244952345,4.587235740000001,-0.05796052306642707,0.9875224813368455
58.505308102639766,4.587828663005387,-0.057367600061041024,0.9876501235228389
58.31346058040343,4.588440884757631,-0.05675537830879662,0.9877819202688907
58.12078967824333,4.589178551127469,-0.056017711938958215,0.9879407222501339
57.928942156006975,4.590025047177738,-0.05517121588868967,0.9881229526667471
57.73709463377064,4.590535409418312,-0.054660853648115904,0.988232821488573
57.54524711153429,4.590894058125674,-0.054302204940753995,0.9883100300040052
57.54524711153429,4.591299882570916,-0.05389638049551149,0.9883973943309915
57.352576209374185,4.591707315091563,-0.05348894797486459,0.9884851048382711
57.16072868713785,4.592084726520647,-0.0531115365457806,0.9885663525203303
56.96970454482528,4.592270215163375,-0.05292604790305244,0.988606283802503
56.777033642665174,4.5926181415260325,-0.052578121540395095,0.988681184052773
56.58518612042883,4.593162814901256,-0.052033448165171414,0.9887984392438087
56.39333859819249,4.593636723748654,-0.051559539317773684,0.9889004605192424
56.20066769603239,4.594220532484741,-0.05097573058168692,0.9890261406203672
56.00964355371982,4.595395654308798,-0.04980060875762948,0.9892791163306511
55.816972651559716,4.596431391177738,-0.0487648718886895,0.9895020857834544
55.816972651559716,4.596453370050269,-0.04874289301615864,0.9895068173106679
55.62594850924713,4.596463556369839,-0.04873270669658858,0.9895090101823989
55.434100987010794,4.596600261199282,-0.04859600186714541,0.989538439472724
55.24143008485069,4.597057549583483,-0.04813871348294452,0.9896368827587132
55.04958256261434,4.597591500614004,-0.04760476245242362,0.9897518296845872
54.857735040378,4.598108296998205,-0.047087966068223075,0.9898630836241268
54.665887518141666,4.5987789528581695,-0.04641731020825812,0.9900074598403261
54.47403999590532,4.5993118318384205,-0.045884431228007116,0.9901221759793379
54.28136909374523,4.599724090427289,-0.04547217263913872,0.9902109254240377
54.28136909374523,4.599997498244165,-0.04519876482226248,0.9902697836081472
54.09034495143265,4.600419405285458,-0.044776857780969515,0.9903606101346059
53.89849742919631,4.600890097982046,-0.044306165084381455,0.9904619390494529
53.70664990695997,4.601077732567325,-0.044118530499102526,0.990502332301891
53.51397900479987,4.6014390595583485,-0.0437572035080791,0.990580117387937
53.32213148256352,4.601983196908438,-0.04321306615798992,0.9906972571855417
53.13028396032718,4.6023005661543985,-0.0428956969120291,0.9907655792171605
52.93843643809084,4.602755710438061,-0.04244055262836621,0.9908635609294256
52.746588915854495,4.603299311763015,-0.04189695130341242,0.990980585333599
52.746588915854495,4.604311997709157,-0.04088426535727052,0.9911985924723272
52.55474139361815,4.6049306517630155,-0.04026561130341211,0.9913317739395512
52.362893871381814,4.605040015626571,-0.040156247439856685,0.9913553173718115
52.17022296922171,4.605055026172352,-0.04014123689407523,0.9913585487844216
51.978375446985375,4.605554130043088,-0.03964213302333963,0.9914659939476549
51.78652792474904,4.606079504671455,-0.03911675839497253,0.9915790945786325
51.593857022588935,4.606621497921005,-0.03857476514542224,0.9916957728025128
51.4020095003526,4.607204768789947,-0.037991494276480964,0.9918213371136655
51.21016197811626,4.6077108428294435,-0.03748542023698409,0.9919302827880433
51.01913783580368,4.608022851824058,-0.03717341124237006,0.9919974508853516
51.01913783580368,4.60832789064991,-0.0368683724165173,0.9920631184715155
50.82646693364357,4.608733177228007,-0.036463085838420284,0.9921503670085298
50.63461941140723,4.609233891016158,-0.03596237205026931,0.9922581587485974
50.44277188917089,4.609604334118492,-0.035591928947935614,0.992337906316053
50.25092436693454,4.61009325351167,-0.035103009554757314,0.9924431590040966
50.059076844698204,4.610612730021544,-0.034583533044883374,0.9925549899107915
49.8664059425381,4.610865767041293,-0.034330496025134494,0.9926094627479805
49.67538180022553,4.6110893189946145,-0.03410694407181314,0.9926575881533801
49.483534277989186,4.611526236581688,-0.0336700264847396,0.9927516460924488
49.483534277989186,4.611917586506284,-0.03327867656014405,0.992835894400256
49.29168675575285,4.612249966298026,-0.03294629676840177,0.992907447844485
49.099015853592746,4.612754432262118,-0.03244183080430929,0.9930160473385696
48.902228051813836,4.613209576545782,-0.03198668652064551,0.9931140290508349
48.70955714965373,4.613566617177737,-0.03162964588869066,0.9931908913859732
48.518533007341155,4.613842170937165,-0.03135409212926277,0.9932502115403483
48.32586210518106,4.614146135870737,-0.03105012719569089,0.9933156479431089
48.134014582944715,4.614445278420107,-0.030750984646320312,0.9933800462015311
47.94216706070838,4.614888628308797,-0.030307634757630986,0.9934754888617722
47.94216706070838,4.615307319199282,-0.029888943867145912,0.9935656230276446
47.749496158548276,4.616098061267504,-0.02909820179892364,0.9937358509412657
47.55764863631194,4.616725293565529,-0.02847096950089867,0.9938708790999276
47.36662449399935,4.616811604664273,-0.028384658402154983,0.9938894598215712
47.174776971763016,4.617106993195691,-0.0280892698707369,0.9939530499294352
46.982106069602914,4.617338585526032,-0.027857677540395365,0.9940029062363006
46.79025854736657,4.6177374416445245,-0.027458821421903146,0.9940887704486835
46.59758764520647,4.618238691457811,-0.02695757160861678,0.9941966775821822
46.40656350289389,4.618825716344704,-0.026370546721723898,0.9943230500438929
46.40656350289389,4.619282468703771,-0.025913794362656617,0.9944213779364512
46.21471598065755,4.619293191048474,-0.025903072017953832,0.9944236862016128
46.02286845842121,4.619554270287254,-0.025641992779173783,0.9944798903368085
45.83102093618487,4.619836256348296,-0.025360006718131878,0.9945405952123558
45.63917341394853,4.6201622019964095,-0.025034061070018154,0.9946107635388709
45.446502511788424,4.62042220918492,-0.024774053881507996,0.9946667368872044
45.25465498955209,4.620797474671455,-0.024398788394973003,0.9947475225989985
45.06280746731574,4.621427388937164,-0.02376887412926365,0.9948831281213567
44.870959945079406,4.622029960394973,-0.023166302671454808,0.9950128473891086
44.67911242284307,4.622363948262119,-0.02283231480430903,0.9950847470136307
44.67911242284307,4.622603582811491,-0.022592680254936326,0.9951363346185028
44.487264900606725,4.622626097709156,-0.022570165357271854,0.9951411815391471
44.29541737837038,4.622734925547577,-0.022461337518850932,0.9951646095779765
44.103569856134044,4.622844825436267,-0.02235143763016101,0.9951882684036678
43.91089895397394,4.6232876411418315,-0.021908621924596083,0.9952835960670188
43.7190514317376,4.623633957587074,-0.021562305479353228,0.9953581497404548
43.52720390950126,4.624256365658887,-0.020939897407540542,0.9954921393582372
43.33535638726492,4.624639137339318,-0.02055712572710977,0.9955745409746068
43.14350886502858,4.624895926535008,-0.020300336531419383,0.9956298215658129
43.14350886502858,4.625318907468582,-0.019877355597845536,0.9957208792756748
42.95166134279224,4.62553763335368,-0.019658629712747455,0.995767965743654
42.7598138205559,4.625751535012568,-0.019444728053859883,0.9958140136707542
42.567966298319554,4.6261219781149014,-0.019074284951526188,0.9958937612382098
42.37035511661689,4.626622155877919,-0.018574107188508826,0.9960014375848465
42.17768421445678,4.62701779400359,-0.018178469062837266,0.9960866090401017
41.98666007214421,4.6271389522621185,-0.018057310804309168,0.9961126915243859
41.7939891699841,4.627168437328546,-0.018027825737881642,0.9961190389561752
41.602141647747764,4.627353925971275,-0.017842337095152594,0.9961589702383481
41.602141647747764,4.627712038653501,-0.017484224412926963,0.9962360633603488
41.40947074558766,4.627930228513466,-0.017266034552961607,0.9962830344348973
41.21844660327508,4.628159678585279,-0.017036584481148864,0.9963324295645793
41.02577570111499,4.628715072463196,-0.01648119060323161,0.9964519926242359
40.82898789933607,4.629089267741473,-0.01610699532495463,0.996532547945709
40.63631699717597,4.629354099156195,-0.015842163910233076,0.9965895598349218
40.445292854863396,4.629348737062837,-0.01584752600359085,0.9965884055040702
40.25344533262705,4.629582475335727,-0.015613787730700324,0.9966387237812008
40.06077443046696,4.629898236506284,-0.015298026560143896,0.9967066996325263
40.06077443046696,4.630070322678636,-0.015125940387791914,0.9967437456823822
39.86892690823061,4.6305163545350085,-0.014679908531419095,0.9968397657063195
39.67707938599427,4.62951975302693,-0.01567651003949777,0.996625221163605
39.485231863757924,4.629961494840216,-0.015234768226211948,0.9967203176435531
39.29338434152159,4.630944695719928,-0.01425156734649935,0.9969319773504917
39.10153681928525,4.631768675030521,-0.013427588035906268,0.9971093604499194
38.909689297048914,4.6322216752136445,-0.01297458785278316,0.9972068805884602
38.71784177481257,4.6325604873070025,-0.012635775759425094,0.9972798187538617
38.525994252576226,4.633033860129265,-0.012162402937162753,0.9973817246358642
38.525994252576226,4.633376960423698,-0.011819302642729568,0.9974555859487135
38.33332335041612,4.633588719824059,-0.011607543242369012,0.9975011726986307
38.141475828179786,4.6336117707468585,-0.01158449231956915,0.9975061350127062
37.94962830594344,4.633810661859965,-0.011385601206463036,0.9975489515271961
37.757780783707105,4.6342958290772,-0.01090043398922802,0.9976533964612224
37.565109881547,4.6343612333536806,-0.01083502971274708,0.9976674764425143
37.37408573923442,4.63465554983483,-0.010540713231597998,0.9977308357635163
37.18223821699808,4.635049043859965,-0.010147219206462665,0.9978155456450479
36.98956731483798,4.635198079109515,-0.009998183956912321,0.9978476293808278
36.79771979260164,4.635521344631957,-0.009674918434470214,0.9979172207401882
36.79771979260164,4.635747576710951,-0.009448686355476354,0.9979659231127429
36.6058722703653,4.63585157848115,-0.009344684585277818,0.997988312214152
36.41402474812896,4.635739534491922,-0.009456728574505746,0.9979641918147366
36.22217722589262,4.636055295662478,-0.009140967403949318,0.9980321676660622
36.03032970365628,4.636549039281868,-0.008647223784559621,0.9981384588949851
35.838482181419934,4.636659475195692,-0.008536787870735196,0.9981622331141075
35.6466346591836,4.636777951486534,-0.008418311579893256,0.998187738234695
35.45478713694726,4.637117301447039,-0.008078961619388814,0.9982607921900687
35.26293961471092,4.637237385813286,-0.007958877253141594,0.9982866434909495
35.26293961471092,4.6373644403482945,-0.007831822718133097,0.9983139953029749
35.064505053084496,4.637780451113107,-0.007415811953320528,0.9984035525016923
34.872657530848144,4.637876412506284,-0.007319850560143948,0.9984242107016352
34.68081000861181,4.63794824908438,-0.007248013982047219,0.9984396754040996
34.48896248637546,4.63800989934291,-0.007186363723517886,0.9984529472348336
34.297114964139126,4.637571373680431,-0.007624889385996703,0.9983585431154715
34.10526744190279,4.63622630978456,-0.008969953281867227,0.9980689829290559
33.91341991966644,4.636817086847397,-0.00837917621903106,0.998196163144784
33.7215723974301,4.638121407307002,-0.007074855759425347,0.9984769522408177
33.7215723974301,4.638997924448833,-0.0061983386175947786,0.9986656454826511
33.52890149527,4.639268116114901,-0.005928146951526436,0.9987238113061744
33.33787735295742,4.639280446535009,-0.005915816531418372,0.9987264657516294
33.145206450797325,4.6392118261077195,-0.005984436958708095,0.9987116934097511
32.95335892856098,4.639277766409335,-0.005918496657092653,0.998725888784474
32.761511406324644,4.639712539895871,-0.005483723170556232,0.9988194851498188
32.56966388408829,4.639995598007181,-0.005200665059246212,0.9988804208122278
32.3769929819282,4.6400079284272895,-0.005188334639138148,0.9988830752576828
32.18596883961562,4.640229336280071,-0.004966926786356574,0.9989307390893581
31.993297937455516,4.6404662907037695,-0.0047299723626581525,0.9989817497270749
31.993297937455516,4.640718791698385,-0.004477471368042885,0.999036107170833
31.80145041521918,4.640821185393178,-0.004375077673249628,0.9990581500919486
31.60960289298284,4.640824403385998,-0.004371859680429857,0.9990588428490761
31.41775537074649,4.640999705709156,-0.004196557357271757,0.9990965812595178
31.22590784851015,4.641244166326751,-0.003952096739676669,0.9991492078018104
31.034060326273814,4.641589410721723,-0.003606852344704592,0.999223530688384
30.842212804037473,4.641826365145422,-0.0033698979210052826,0.9992745413261009
30.649541901877374,4.641715929231599,-0.0034803338348288193,0.9992507671069787
30.457694379641033,4.641734157770197,-0.0034621052962302556,0.9992546912767158
30.457694379641033,4.64184566389228,-0.003350599174147817,0.9992786958861591
30.265846857404696,4.641801168280072,-0.0033950947863559122,0.9992691170417599
30.073999335168345,4.641741126096948,-0.003455136969479966,0.9992561913913194
29.877211533389442,4.641792591877917,-0.003403671188510593,0.9992672707468632
29.684540631229343,4.64192929486535,-0.0032669682010775247,0.9992966996406475
29.492693108993002,4.642155528786357,-0.0030407342800709003,0.9993454024097437
29.300845586756665,4.6426959121184925,-0.002500350947935104,0.99946173405679
29.108998064520314,4.642938764660683,-0.002257498405744407,0.9995140144187893
28.916327162360215,4.642937156585279,-0.002259106481148798,0.999513668238496
28.916327162360215,4.642501845231598,-0.002694417834829821,0.9994199560831794
28.725303020047637,4.642739871705565,-0.0024563913608623977,0.999471197507758
28.532632117887538,4.643240049468582,-0.001956213597845924,0.9995788738543946
28.340784595651197,4.64361317269659,-0.0015830903698379473,0.9996591983890056
28.14893707341486,4.643205204150807,-0.0019910589156202363,0.9995713724882949
27.95708955117851,4.64278383129264,-0.0024124317737879153,0.9994806609587266
27.765242028942172,4.642786513260323,-0.002409749806104422,0.9994812383224226
27.57339450670583,4.642888906955117,-0.002307356111310277,0.9995032812435384
27.381546984469495,4.642988620524236,-0.0022076425421913015,0.9995247471974986
27.381546984469495,4.6430888701184925,-0.0021073929479351605,0.9995463285448903
27.189699462233154,4.643269534535009,-0.001926728531418398,0.9995852212861839
26.997028560073055,4.643612636671453,-0.0015836263949742246,0.9996590829955743
26.80600441776047,4.643769712298025,-0.0014265507684028123,0.9996928976328201
26.608393236057804,4.643735939030521,-0.0014603240359063463,0.9996856270535828
26.416545713821463,4.643550448545781,-0.0016458145206463826,0.9996456953748688
26.224698191585126,4.643416961709157,-0.0017793013572706684,0.999616958841671
26.02708700988245,4.6435729652854585,-0.0016232977809691462,0.9996505426920547
25.83523948764611,4.643737011080789,-0.0014592519856382324,0.9996858578404446
25.83523948764611,4.644002378520647,-0.0011938845457803993,0.9997429851230888
25.64256858548601,4.644025965468582,-0.0011702975978460373,0.9997480628305954
25.449897683325908,4.644127287113107,-0.0010689759533208942,0.9997698749648491
25.25805016108957,4.644487543895871,-0.0007087191705563711,0.999847429660574
25.061262359310668,4.64450684448474,-0.0006894185816879173,0.9998515846171734
24.869414837074316,4.644448944560144,-0.000747318506284067,0.999839120143916
24.67756731483798,4.64448271966966,-0.0007135433967677685,0.9998463911196948
24.48571979260164,4.644436079956912,-0.0007601831095156442,0.9998363507015711
24.293872270365302,4.644271498136445,-0.0009247649299828353,0.9998009201597496
24.293872270365302,4.64441409924237,-0.0007821638240574913,0.9998316187778165
24.1012013682052,4.644531503482945,-0.0006647595834827769,0.9998568931115422
23.909353845968862,4.644531503482945,-0.0006647595834827769,0.9998568931115422
23.71750632373251,4.644546514028725,-0.0006497490377022075,0.9998601245241523
23.525658801496174,4.644619424499103,-0.0005768385673246001,0.9998758204100199
23.333811279259834,4.644988793709157,-0.00020746935727089522,0.9999553367940726
23.141963757023497,4.64544393983483,0.0002476767684020942,1.0000533189028784
22.950116234787156,4.645572602445242,0.0003763393788140945,1.000081016895197
22.757445332627057,4.645211273612209,1.5010545781457552e-05,1.0000032314126102
22.757445332627057,4.64517696431957,-1.9298746857465687e-05,0.9999958454399417
22.56642119031447,4.644744870958707,-0.0004513921077204941,0.9999028260417521
22.37457366807813,4.644636043120287,-0.0005602199461405277,0.999879398002923
22.18190276591803,4.6448606671238775,-0.0003355959425501709,0.9999277541951848
21.99005524368169,4.645096013472172,-0.00010024959425525282,0.9999784186526084
21.79738434152159,4.644948050272891,-0.0002482127935365952,0.9999465657036904
21.605536819285252,4.644746479034112,-0.0004497840323152147,0.9999031722220455
21.414512676972674,4.644844048502694,-0.00035221456373335513,0.9999241766022818
21.221841774812564,4.644968422912029,-0.00022784015439825112,0.9999509514471521
21.029994252576223,4.644730932463196,-0.00046533060323206143,0.9998998254160041
21.029994252576223,4.644795262847398,-0.0004010002190293349,0.9999136742138932
20.83897011026365,4.645087435228007,-0.00010882783842092181,0.9999765719611707
20.646299208103546,4.645211809637343,1.554657091507039e-05,1.000003346806041
20.45445168586721,4.645231644409336,3.538134290792527e-05,1.0000076167595304
20.26260416363087,4.645254697174147,5.843410771966262e-05,1.0000125794701473
20.06993326147077,4.64522521210772,2.8949041292136712e-05,1.000006232038358
19.87890911915818,4.645253089098744,5.682603231615957e-05,1.0000122332898542
19.687061596921843,4.645346370366248,0.00015010729982023463,1.0000323145226422
19.49439069476174,4.64565248124237,0.00045621817594199143,1.000098212895668
19.49439069476174,4.64570984329982,0.000513580233392652,1.0001105615789534
19.302543172525404,4.645366205138241,0.0001699420718130895,1.0000365844761316
19.110695650289063,4.644526143231598,-0.0006701198348295634,0.9998557391772318
18.918848128052716,4.64472449831957,-0.00047176474685795,0.9998984402982908
18.72700060581638,4.645278821989228,8.2558922800402e-05,1.000017772967626
18.535153083580038,4.645561344075404,0.0003650810089768086,1.0000785932366043
18.3433055613437,4.645205375493716,9.112427288293645e-06,1.0000019616883276
18.15145803910736,4.645002196179534,-0.0001940668868938289,0.9999582220263895
17.958787136947258,4.645308843080791,0.0001125800143633171,1.0000242357928466
17.958787136947258,4.6455291788833035,0.00033291581687588945,1.0000716688376599
17.761999335168348,4.645775781759426,0.0005795186929979934,1.0001247565571354
17.569328433008245,4.646157483231598,0.0009612201651707508,1.000206927783184
17.37254063122934,4.64606152183842,0.0008652587719923943,1.0001862695832406
17.179869729069242,4.645825103439856,0.0006288403734284742,1.000135374338955
16.988022206832902,4.646037397023339,0.0008411339569116549,1.000181076085762
16.796174684596554,4.645616562032316,0.00042029896588857696,1.0000904803461654
16.604327162360214,4.645097621547577,-9.864151885086159e-05,0.9999787648329016
16.412479640123877,4.6452160978384205,1.9834771992854883e-05,1.0000042699534895
16.412479640123877,4.645468598833035,0.0002723357666072346,1.0000586273972474
16.220632117887536,4.645512560262119,0.00031629719569092885,1.0000680912447566
16.027961215727437,4.645606911737882,0.0004106486714547941,1.0000884028678658
15.831173413948523,4.64581866929623,0.0006224062298025856,1.0001339892212415
15.639325891712184,4.645812236994614,0.0006159739281867971,1.0001326045000691
15.447478369475846,4.645723781795333,0.0005275187289051075,1.0001135622047015
15.255630847239507,4.645686790535009,0.0004905274685818029,1.0001055988683367
15.063783325003168,4.645459486405745,0.0002632233393171646,1.0000566657089196
14.871112422843067,4.6451683860754045,-2.787699102313468e-05,0.9999939987485039
14.871112422843067,4.645209665536805,1.3402470377066322e-05,1.000002885232317
14.679264900606729,4.64524236675404,4.610368761248651e-05,1.0000099250246925
14.48741737837038,4.645195191016159,-1.072050269002034e-06,0.9999997692131379
14.29556985613404,4.643621749098743,-0.0015745139676850428,0.9996610446839019
14.103722333897702,4.643532757874327,-0.0016635051921003452,0.9996418869951036
13.911874811661363,4.6436549881831235,-0.0015412748833041334,0.9996682002662495
13.719203909501262,4.643846909127469,-0.0013493539389584086,0.9997095162695951
13.528179767188675,4.645254161149012,5.7898082584273425e-05,1.000012464076716
13.335508865028574,4.646530068592459,0.0013338055260314619,1.0002871365278225
13.143661342792235,4.6463606625457805,0.0011643994793528734,1.000250667445122
13.143661342792235,4.645866918926392,0.0006706558599640644,1.0001443762161992
12.951813820555897,4.645430537364453,0.00023427429802502786,1.0000504336705616
12.759966298319558,4.644891760265709,-0.00030450280071825375,0.9999344478072671
12.567295396159457,4.644773820000001,-0.000422443066426581,0.9999090580801105
12.375447873923118,4.644990937809695,-0.00020532525673289115,0.9999557983677966
12.18360035168678,4.645267027594255,7.076452782772691e-05,1.0000152339156023
11.992576209374192,4.645292224459605,9.596139317746832e-05,1.0000206581999431
11.800728687137854,4.645281502114901,8.523904847379526e-05,1.0000183499347814
11.608057784977753,4.645713595475763,0.0005173324093350473,1.0001113693329706
11.608057784977753,4.645308843080791,0.0001125800143633171,1.0000242357928466
11.416210262741414,4.644685898983842,-0.0005103640825856459,0.9998901307816327
11.218599081038748,4.645136756908439,-5.9506157988664654e-05,0.9999871897429907
11.026751558802399,4.645744688617595,0.0005484255511669645,1.000118062945053
10.83490403656606,4.646557409558348,0.0013611464919200955,1.0002930223858877
10.643056514329722,4.646515594071812,0.0013193310053845053,1.0002840205086434
10.451208992093383,4.645965560445243,0.000769297378814926,1.0001656113832975
10.258538089933282,4.645284182240575,8.791917414718853e-05,1.0000189269019366
10.066690567696943,4.644647837515261,-0.0005484255511669645,0.999881937054947
10.066690567696943,4.644931967676841,-0.0002642953895870548,0.9999431035042182
9.875666425384356,4.645279358014363,8.30949479357912e-05,1.0000178883610573
9.683818903148017,4.64546002243088,0.00026375936445255377,1.0000567811023509
9.491148000987916,4.645575282570916,0.00037901950448837596,1.0000815938623524
9.299300478751578,4.645611201780969,0.00041493871454179043,1.0000893264118549
9.107452956515239,4.645610127888689,0.0004138648222618002,1.0000890952284518
8.9156054342789,4.64570287313106,0.0005066100646322624,1.000109061067809
8.722934532118789,4.645612273831239,0.00041601076481168064,1.0000895571987172
8.531910389806212,4.645542045328546,0.00034578226211845475,1.0000744386765459
8.531910389806212,4.64536513308797,0.00016887002154231112,1.0000363536892694
8.333475828179784,4.645323853626571,0.0001275905601429983,1.0000274672054563
8.141628305943446,4.645540437253142,0.0003441741867140635,1.0000740924962526
7.95060416363087,4.645758091087972,0.0005618280215440308,1.00012094817737
7.757933261470769,4.645815989170557,0.0006197261041291924,1.0001334122540864
7.56608573923442,4.645542045328546,0.00034578226211845475,1.0000744386765459
7.374238216998081,4.645449836111311,0.0002535730448833817,1.00005458823062
7.182390694761742,4.645499691974866,0.00030342890843826353,1.0000653210093298
6.9905431725254035,4.645468598833035,0.0002723357666072346,1.0000586273972474
6.7978722703653025,4.645487899421904,0.0002916363554765766,1.000062782353847
6.7978722703653025,4.645526496915619,0.000330233849191508,1.0000710914739637
6.606848128052715,4.645664273795332,0.0004680107289045665,1.0001007515511509
6.415000605816377,4.645401050456014,0.00020478738958651377,1.0000440858422313
6.223153083580038,4.64525952140036,6.325833393194813e-05,1.0000136180110268
6.030482181419937,4.645204841310592,8.578244164780813e-06,1.0000018466914375
5.838634659183598,4.6452150257881515,1.876272172385285e-05,1.0000040391666274
5.6467871369472595,4.6454214230951525,0.00022516002872485785,1.0000484715856928
5.454116234787159,4.645486291346499,0.0002900282800712972,1.0000624361735535
5.262268712550809,4.645626212326751,0.000429949260323248,1.0000925578244653
5.262268712550809,4.645696976854579,0.0005007137881509749,1.0001077917400676
5.0704211903144705,4.6453881858527835,0.00019192278635582483,1.0000413163998865
4.879397048001894,4.645334039946141,0.00013777687971305852,1.0000296600771874
4.687549525765555,4.645336184046679,0.0001399209802510626,1.0000301216509113
4.494878623605454,4.645411772800718,0.00021550973429018683,1.000046394107393
4.302207721445353,4.6456433669730695,0.0004471039066418214,1.0000962508107993
4.111183579132767,4.645715203551167,0.0005189404847394385,1.0001117155132637
3.919336056896428,4.6455436534039505,0.000347390337522846,1.000074784856839
3.726665154736327,4.645549013655296,0.00035275058886874433,1.0000759387911493
3.726665154736327,4.646478604653502,0.0012823415870739652,1.00027605756882
3.5348176324999883,4.647015235809695,0.0018189727432673664,1.0003915814618491
3.3429701102636495,4.646689826186715,0.0014935631202872557,1.0003215285287648
3.151945967951073,4.645970384671455,0.0007741216050272115,1.000166649924177
2.9543347862483973,4.645232180434471,3.591736804331447e-05,1.0000077321529617
2.7616638840882963,4.644631217052065,-0.0005650460143629132,0.9998783590655027
2.5698163618519576,4.6447641697055655,-0.00043209336086214023,0.9999069806018106
2.377968839615619,4.6451496215116705,-4.664155475708753e-05,0.9999899591853356
2.18612131737928,4.645364061037702,0.00016779797127419727,1.0000361229024075
2.18612131737928,4.645629964502692,0.0004337014362647551,1.0000933655784823
1.9942737951429415,4.645941435630161,0.0007451725637332984,1.0001604178858186
1.8024262729065923,4.646173565827649,0.0009773027612212104,1.0002103899826562
1.6105787506702536,4.646144616786356,0.0009483537199281855,1.000204157944298
1.4187312284339149,4.645954838100539,0.0007585750341112529,1.0001633031181358
1.2268837061975761,4.6456535514506285,0.00045728838420089346,1.0000984432859892
1.034212804037475,4.6455457975044885,0.00034953443806085005,1.0000752464305631
0.8423652818011362,4.6456047676373435,0.00040850457091590187,1.0000879412941417
0.6505177595647872,4.64569375886176,0.0004974957953320924,1.0001070989829401
0.457846857404686,4.645331895845602,0.00013563277917416627,1.000029198503463
0.457846857404686,4.644320281949731,-0.0008759811166969556,0.9998114221515974
0.26682271509210975,4.644450554477558,-0.0007457085888695758,0.9998394667207501
0.0741518129320086,4.645196263066428,0.0,1.0
-0.11687232938056764,4.645522208714543,0.00032594564811549986,1.0000701683265154
-0.3095432315406688,4.645856732606822,0.0006604695403940042,1.0001421833444681
-0.5013907537770179,4.645800978624775,0.0006047155583477348,1.0001301808414762
-0.6932382760133566,4.645656233418313,0.0004599703518852749,1.0000990206496854
-0.8850857982496954,4.6456235303590665,0.00042726729263886654,1.0000919804607689
-1.076933320486034,4.6456380048797135,0.00044174181328582307,1.0000950964799482
-1.076933320486034,4.645558663949731,0.00036240088330341536,1.0000780162694491
-1.2687808427223728,4.645502909967685,0.000306646901257146,1.000066013766457
-1.4606283649587115,4.645756483012567,0.0005602199461396395,1.0001206019970768
-1.6524758871950604,4.646133894441651,0.0009376313752236243,1.000201849679136
-1.8443234094313992,4.64594465178097,0.0007483887145420809,1.000161110246405
-2.0369943115915006,4.646001477813287,0.0008052147468591286,1.0001733435362594
-2.2296652137516015,4.646130678290844,0.0009344152244166182,1.0002011573185499
-2.420689356064178,4.646209483195691,0.0010132201292636367,1.0002181221356177
-2.618300537766843,4.64646359226571,0.0012673291992824076,1.000272825759669
-2.618300537766843,4.64650379967684,0.0013075366104127184,1.0002814814566199
-2.8101480600031925,4.646290434043088,0.0010941709766605356,1.0002355489229509
-3.0019955822395312,4.645853516456015,0.0006572533895869981,1.0001414909838822
-3.19384310447587,4.6451061979497315,-9.006511669618078e-05,0.9999806111277983
-3.3856906267122087,4.645008630323161,-0.00018763274326705215,0.999959607144103
-3.5775381489485474,4.64545895038061,0.00026268731418266356,1.0000565503154886
-3.775149330651223,4.645587076965889,0.00039081389946105105,1.0000841329143761
-3.966996852887562,4.645474496951526,0.0002782338850986221,1.0000598971215298
-4.1588443751239,4.6456556973931775,0.0004594343267498857,1.0000989052562543
-4.1588443751239,4.645614417931777,0.0004181548653496847,1.0000900187724413
-4.357278936750328,4.645349050491922,0.00015278742549451607,1.0000328914897976
-4.548303079062904,4.645305626929982,0.00010936386355453465,1.0000235434322602
-4.740973981223005,4.645582250897666,0.00038598783123866554,1.0000830939769558
-4.932821503459344,4.645748440793537,0.0005521777271093598,1.0001188706990702
-5.124669025695683,4.6455913651669665,0.00039510210053883554,1.0000850560618246
-5.3165165479320216,4.645402124348294,0.000205861281866504,1.0000443170256343
-5.508364070168382,4.645735574348295,0.0005393112818676826,1.0001161008601844
-5.7010349723284826,4.645706089281867,0.0005098262154392685,1.000109753428395
-5.7010349723284826,4.645611737806104,0.00041547473967629145,1.000089441805286
-5.892059114641059,4.645762379289049,0.0005661162226209271,1.0001218713248183
-6.08473001680116,4.645680894258528,0.0004846311921005153,1.0001043295405954
-6.2757541591137365,4.645744688617595,0.0005484255511669645,1.000118062945053
-6.468425061273837,4.646017024384201,0.0008207613177733109,1.0001766903423004
-6.660272583510176,4.645881393447038,0.0006851303806101328,1.0001474922353781
-6.852943485670277,4.645780607827649,0.0005843447612212671,1.0001257954945557
-7.049731287449191,4.645748440793537,0.0005521777271093598,1.0001188706990702
-7.24157880968553,4.645715203551167,0.0005189404847394385,1.0001117155132637
-7.24157880968553,4.645530786958708,0.0003345238922802807,1.0000720150179532
-7.4334263319218685,4.6455736744955125,0.0003774114290848729,1.0000812476820593
-7.6260972340819695,4.645587612991024,0.00039134992459644025,1.0000842483078074
-7.817121376394545,4.645522208714543,0.00032594564811549986,1.0000701683265154
-8.009792278554647,4.645599943411131,0.00040368034470361636,1.0000869027532622
-8.200816420867223,4.644676250531418,-0.0005200125350093288,0.999888053699874
-8.399250982493662,4.642970393827649,-0.002225869238778877,0.9995208234243025
-8.590275124806238,4.643574573360861,-0.0016216897055665314,0.9996508888723474
-8.782122647042577,4.644642475421903,-0.0005537876445247392,0.9998807827240954
-8.782122647042577,4.645347978441652,0.00015171537522462586,1.0000326607029355
-8.973970169278914,4.645572066420108,0.0003758033536804817,1.0000809015017662
-9.166641071439017,4.6455768906463195,0.000380627579891879,1.0000819400426455
-9.358488593675355,4.645393546104129,0.00019728303770172317,1.0000424703341968
-9.550336115911694,4.645476641052064,0.0002803779856366262,1.000060358695254
-9.747947297614369,4.6456380048797135,0.00044174181328582307,1.0000950964799482
-9.944735099393283,4.645680894258528,0.0004846311921005153,1.0001043295405954
-10.137406001553384,4.645799370549373,0.00060310748294512,1.0001298346611833
-10.329253523789722,4.645924817008978,0.0007285539425501142,1.0001568402929157
-10.329253523789722,4.645737182423699,0.0005409193572711857,1.0001164470404775
-10.521101046026061,4.645595117342909,0.00039885427648123084,1.0000858638158419
-10.718712227728737,4.645508270219031,0.00031200715260304435,1.0000671677007673
-10.910559749965076,4.64549325967325,0.000296996606822475,1.0000639362881574
-11.102407272201415,4.645274533788151,7.827072172350569e-05,1.0000168498201778
-11.294254794437753,4.645074568782765,-0.00012169428366259893,0.9999738021222848
-11.486925696597854,4.6450472278168755,-0.00014903524955212077,0.9999679162642197
-11.67794983891043,4.645052053885099,-0.00014420918132884708,0.9999689552016402
-11.870620741070532,4.6449652049192105,-0.00023105814721713358,0.9999502586900247
-11.870620741070532,4.645071888657092,-0.0001243744093359922,0.9999732251551297
-12.06246826330687,4.64538228773429,0.00018602466786266092,1.0000400466756036
-12.25431578554321,4.645703945181329,0.0005076821149012645,1.000109291854671
-12.446163307779548,4.646273279396768,0.0010770163303401858,1.0002318559366163
-12.638010830015887,4.646423386696589,0.0012271236301613087,1.0002641704592588
-12.829858352252225,4.645947869773789,0.0007516067073609634,1.0001618030035322
-13.021705874488585,4.645871207127469,0.0006749440610409607,1.0001452993636475
-13.214376776648686,4.645900156168762,0.0007038931023339856,1.0001515314020057
-13.405400918961263,4.645847082312388,0.0006508192459602213,1.0001401058661685
-13.405400918961263,4.645293296509875,9.703344344735854e-05,1.0000208889868054
-13.598071821121364,4.645211809637343,1.554657091507039e-05,1.000003346806041
-13.789919343357703,4.645513094445243,0.00031683137881532986,1.0000682062416468
-13.981766865594041,4.645926961109516,0.0007306980430881183,1.0001573018666396
-14.161263688973964,4.6455790347468575,0.0003827716804298831,1.0000824016163694
-14.161263688973964,4.645203231393178,6.968326750289577e-06,1.0000015001146034
-14.161263688973964,4.645503445992819,0.000307182926391647,1.000066129159888
-14.161263688973964,4.645512560262119,0.00031629719569092885,1.0000680912447566
-14.161263688973964,4.645331357978456,0.00013509491202867707,1.000029082713491
-14.161263688973964,4.64535119459246,0.00015493152603252014,1.0000333530635217
-14.161263688973964,4.645520600639139,0.00032433757271110863,1.0000698221462223
-14.161263688973964,4.645628892452423,0.00043262938599575307,1.0000931347916202
-14.161263688973964,4.645697512879713,0.0005012498132854759,1.0001079071334984
