Angle (degree),rho (mOhm cm),Delta rho (mOhm cm),rho/rho(theta=0)
100.55495718414366,4.38437928651527,-0.11742156426749517,0.9739167572801275
100.55495718414366,4.384384933895218,-0.11741591688754749,0.9739180117514236
100.55495718414366,4.38440274474793,-0.11739810603483569,0.9739219681353912
100.55495718414366,4.384311517955887,-0.11748933282687801,0.973901703624573
100.55495718414366,4.384248093707155,-0.11755275707561008,0.9738876149851964
100.55495718414366,4.384299354483124,-0.11750149629964124,0.9738990017119015
100.55495718414366,4.3843727704224555,-0.11742808036030983,0.9739153098387523
100.55495718414366,4.384407523415012,-0.11739332736775321,0.9739230296366084
100.55495718414366,4.384379720871703,-0.11742112991106257,0.973916853765167
100.55495718414366,4.384312821025188,-0.11748802975757755,0.9739019930796919
100.55495718414366,4.384351049615528,-0.11744980116723713,0.9739104849236467
100.55495718414366,4.384390146918734,-0.11741070386403152,0.9739191697376803
100.36887332137367,4.384367557398939,-0.11743329338382669,0.9739141518524953
100.17620241921357,4.384336280004165,-0.1174645707786004,0.9739072041007376
99.98435489697721,4.384324985244268,-0.11747586553849754,0.9739046951581452
99.79250737474086,4.384261995351967,-0.11753885543079878,0.9738907030038076
99.59983647258076,4.38416816167501,-0.11763268910775526,0.9738698594169706
99.40798895034442,4.383943135189937,-0.11785771559282843,0.9738198735352019
99.21696480803185,4.383686831310088,-0.11811401947267708,0.9737629399016752
99.0251172857955,4.383464846066365,-0.11833600471639993,0.9737136295809656
99.0251172857955,4.383183345781807,-0.1186175050009588,0.9736510989862348
98.83326976355917,4.382887944598755,-0.1189129061840104,0.9735854805386751
98.64059886139907,4.382701581060455,-0.11909926972231055,0.9735440829859007
98.44875133916273,4.3825213000048535,-0.11927955077791186,0.973504036555244
98.2569038169264,4.382349271721482,-0.11945157906128312,0.9734658233403388
98.06505629469005,4.382193317611408,-0.11960753317135708,0.9734311807350252
97.87238539252995,4.382093836554502,-0.11970701422826302,0.9734090826768917
97.6764209706748,4.381950914630056,-0.11984993615270945,0.9733773349543283
97.48292668859094,4.381704602440805,-0.12009624834196053,0.9733226208082754
97.48292668859094,4.381473059862919,-0.12032779091984658,0.9732711874851319
97.29107916635459,4.381296688015215,-0.12050416276755005,0.9732320094198309
97.09923164411826,4.381202854338258,-0.12059799644450742,0.9732111658329937
96.90820750180568,4.381052113251698,-0.12074873753106719,0.9731776812139366
96.70977294017925,4.380895724038874,-0.12090512674389142,0.9731429419578015
96.5179254179429,4.380820136317378,-0.1209807144653876,0.9731261514057532
96.321137616164,4.380783645152771,-0.12101720562999407,0.9731180455019569
96.12929009392765,4.380605970235768,-0.12119488054699712,0.9730785779815373
95.93744257169132,4.380370517703666,-0.12143033307909956,0.9730262761272557
95.93744257169132,4.380148532459941,-0.1216523183228242,0.9729769658065457
95.74477166953122,4.379992143993434,-0.12180870678933164,0.9729422267161926
95.55292414729487,4.379828369974927,-0.1219724808078384,0.9729058470486027
95.36107662505853,4.37975669146133,-0.12204415932143498,0.9728899248619107
95.1692291028222,4.379711512421742,-0.12208933836102354,0.972879889091541
94.97738158058586,4.37956164004805,-0.12223921073471544,0.9728465974425633
94.78553405834953,4.379406553904525,-0.1223942968782401,0.972812147641547
94.59286315618942,4.379311417904583,-0.12248943287818204,0.9727910147653724
94.40183901387682,4.379282746648408,-0.12251810413435749,0.9727846459238519
94.40183901387682,4.379266238864996,-0.12253461191776971,0.9727809789950029
94.20916811171672,4.379246255483801,-0.12255459529896395,0.9727765400200556
94.01732058948038,4.379202813869946,-0.12259803691281945,0.9727668901898443
93.82547306724405,4.379168495233822,-0.12263235554894347,0.9727592668770276
93.6336255450077,4.379157634830359,-0.12264321595240624,0.972756854419475
93.44177802277137,4.379084653993778,-0.12271619678898738,0.9727406429434456
93.24993050053503,4.378971272038376,-0.1228295787443896,0.9727154570324824
93.05725959837493,4.378893511788396,-0.12290733899436912,0.9726981838894543
92.86623545606236,4.378860930578005,-0.12293992020476008,0.972690946516796
92.86623545606236,4.378800981180738,-0.1229998696020278,0.9726776297577355
92.67356455390224,4.378701935226581,-0.12309891555618435,0.9726556283504233
92.4817170316659,4.378588987627611,-0.12321186315515398,0.9726305389244995
92.28986950942956,4.378490376029888,-0.12331047475287704,0.9726086340022269
92.09802198719322,4.378489072960588,-0.1233117778221775,0.972608344547108
91.90535108503312,4.378489941673455,-0.12331090910931053,0.9726085375171872
91.71432694272055,4.378521219068229,-0.12327963171453593,0.9726154852689451
91.5224794204842,4.378609839721673,-0.12319101106109276,0.972635170869526
91.3298085183241,4.378623740620169,-0.12317711016259647,0.9726382587223559
91.13796099608776,4.378599413674642,-0.12320143710812381,0.9726328548970127
91.13796099608776,4.378552497209322,-0.12324835357344366,0.972622433186485
90.94611347385141,4.378499063904869,-0.12330178687789672,0.9726105638688
90.75426595161508,4.378478646913559,-0.12332220386920678,0.972606028574595
90.56241842937874,4.378493416524921,-0.1233074342578444,0.9726093093975039
90.36974752721864,4.378509489951899,-0.12329136083086656,0.9726128798413131
90.17790000498229,4.378556840773653,-0.12324401000911234,0.9726233980368806
89.98605248274595,4.378530342045961,-0.12327050873680445,0.9726175117863398
89.79502834043338,4.378525563378878,-0.12327528740388694,0.9726164502851227
89.60235743827327,4.37840696839996,-0.12339388238280513,0.9725901063879026
89.60235743827327,4.378283160397526,-0.1235176903852393,0.9725626045044258
89.41050991603693,4.378372649763836,-0.12342820101892915,0.9725824830750859
89.2186623938006,4.378552497209322,-0.12324835357344366,0.972622433186485
89.02681487156424,4.378683255661003,-0.12311759512176224,0.9726514789963766
88.83496734932791,4.378680214419654,-0.12312063636311166,0.9726508034353177
88.64311982709157,4.3786962878466325,-0.12310456293613292,0.9726543738791271
88.45127230485524,4.378816185894851,-0.12298466488791426,0.9726810072314661
88.25860140269513,4.37890263401981,-0.12289821676295531,0.972700210241067
88.06675388045879,4.378941296966583,-0.1228595538161823,0.9727087985700612
88.06675388045879,4.378979959913357,-0.1228208908694084,0.9727173868990556
87.87490635822245,4.3790507697140875,-0.12275008106867791,0.9727331161156686
87.6830588359861,4.379097686179406,-0.12270316460335895,0.972743537826196
87.49121131374976,4.379089431914544,-0.12271141886822168,0.972741704278881
87.29936379151343,4.378978222487623,-0.12282262829514234,0.9727170009588971
87.10669288935333,4.379131136102666,-0.12266971468009924,0.972750968168934
86.91566874704075,4.3794187173772885,-0.12238213340547688,0.9728148495542185
86.72299784488064,4.379650259955175,-0.12215059082758994,0.9728662828773621
86.5311503226443,4.379877023865981,-0.1219238269167846,0.9729166546992889
86.33930280040796,4.380011692271879,-0.12178915851088679,0.9729465690403185
86.33930280040796,4.380058174380766,-0.12174267640199954,0.9729568942658068
86.1416916187053,4.380398754603407,-0.12140209617935849,0.9730325484837364
85.94984409646895,4.380503014327396,-0.12129783645536918,0.9730557080430872
85.7579965742326,4.380444367999429,-0.12135648278333644,0.9730426807391457
85.5653256720725,4.3803600924029515,-0.12144075837981383,0.9730239603205242
85.37430152975993,4.380345322045272,-0.12145552873749299,0.9730206793318334
85.18163062759983,4.380411352432604,-0.12138949835016177,0.9730353468814475
84.98978310536349,4.3805521025748835,-0.1212487482078819,0.973066612178813
84.79875896305091,4.380672000623101,-0.12112885015966413,0.9730932455311517
84.79875896305091,4.380963058241822,-0.12083779254094296,0.9731578991283162
84.60608806089081,4.381209804787506,-0.12059104599525927,0.9732127097594085
84.41424053865447,4.381459592574539,-0.12034125820822617,0.9732681959515598
84.22239301641812,4.3817619449531575,-0.12003890582960786,0.9733353584913167
84.02889873433426,4.382019986258738,-0.11978086452402703,0.9733926780650015
83.83787459202168,4.382131196431975,-0.11966965435079047,0.9734173815507671
83.64602706978535,4.382211997176986,-0.1195888536057792,0.9734353300890719
83.454179547549,4.382369689459111,-0.1194311613236545,0.9734703588003258
83.26233202531266,4.382634681960257,-0.11916616882250874,0.9735292224662074
83.26233202531266,4.3829009775307,-0.11889987325206519,0.9735883755872072
83.07048450307632,4.383073005067754,-0.1187278457150116,0.9736265886363304
82.87863698083999,4.3832693602966515,-0.11853149048611389,0.9736702056765786
82.68678945860364,4.383448772639388,-0.11835207814337778,0.9737100591371565
82.4949419363673,4.383595604518047,-0.11820524626471851,0.9737426753908571
82.30227103420721,4.383814549266739,-0.11798630151602651,0.9737913103162902
82.11124689189461,4.38395703683475,-0.11784381394801535,0.9738229615538135
81.91857598973452,4.3841325399695865,-0.11766831081317886,0.9738619466490351
81.72755184742194,4.384310214886588,-0.11749063589617759,0.9739014141694543
81.72755184742194,4.384633852969385,-0.11716699781338047,0.9739733049734958
81.53488094526183,4.3848806002613845,-0.11692025052138089,0.9740281157703697
81.3430334230255,4.385094331240244,-0.11670651954252165,0.9740755925437642
81.15118590078916,4.385229868359007,-0.11657098242375863,0.9741056998548726
80.95933837855281,4.385385388858966,-0.11641546192379959,0.9741402461409288
80.76749085631647,4.385585653295761,-0.11621519748700404,0.9741847315465328
80.57564333408013,4.38582458067933,-0.11597627010343547,0.974237805281131
80.38297243192004,4.3861230231037345,-0.1156778276790309,0.9743040992897505
80.1911249096837,4.386300698020736,-0.11550015276202963,0.9743435668101696
79.99927738744735,4.386477938581305,-0.11532291220146007,0.9743829378455495
79.99927738744735,4.386850665657905,-0.11495018512486066,0.9744657329510982
79.80742986521102,4.387124780390464,-0.1146760703923011,0.9745266229685924
79.61558234297466,4.387348503806237,-0.1144523469765284,0.9745763193952421
79.42373482073833,4.387546162104433,-0.114254688678332,0.9746202258906087
79.23188729850199,4.387711673548673,-0.11408917723409218,0.9746569914983568
79.03921639634189,4.38789325841989,-0.1139075923628754,0.9746973275499139
78.84736887410556,4.388210814766306,-0.11359003601645945,0.9747678673976197
78.65552135186921,4.388573984508741,-0.11322686627402412,0.9748485395007341
78.46367382963287,4.388890237785855,-0.11291061299691041,0.9749187898933206
78.46367382963287,4.389191286348857,-0.11260956443390846,0.974985662812177
78.27100292747276,4.389484080646996,-0.11231677013576924,0.9750507021837184
78.07915540523642,4.389819448592439,-0.11198140219032648,0.9751251985811733
77.88813126292385,4.39017306100071,-0.11162778978205523,0.9752037476818537
77.6962837406875,4.390623981937404,-0.11117686884536138,0.9753039122496878
77.5036128385274,4.390938497788786,-0.11086235299397895,0.9753737767021163
77.31176531629107,4.391092714473129,-0.11070813630963627,0.975408033367272
77.11991779405471,4.39126430765375,-0.11053654312901529,0.9754461499313557
76.92807027181838,4.3915375544197595,-0.11026329636300591,0.9755068471445525
76.92807027181838,4.391931132844103,-0.10986971793866207,0.9755942740293458
76.73622274958204,4.39259839239089,-0.10920245839187537,0.9757424946123755
76.5443752273457,4.39278301775714,-0.10901783302562507,0.9757835060592098
76.3517043251856,4.392858606224953,-0.1089422445578121,0.9758002967770399
76.15491652340668,4.393072337203814,-0.10872851357895108,0.9758477735504347
75.96306900117035,4.3934276877841345,-0.10837316299863087,0.975926708757055
75.77122147893401,4.393835602209725,-0.10796524857304046,0.9760173201454996
75.57937395669767,4.394161412074687,-0.10763943870807857,0.9760896933747386
75.38752643446134,4.394480272236718,-0.10732057854604715,0.9761605228433446
75.38752643446134,4.394809123343029,-0.10699172743973673,0.9762335716336423
75.19485553230122,4.395121032309494,-0.10667981847327113,0.9763028570100515
75.00300801006487,4.395392105800705,-0.1064087449820601,0.976363071466487
74.81116048782854,4.395743546426812,-0.10605730435595362,0.9764411381419699
74.61848958566844,4.396157976945215,-0.10564287383755033,0.9765331969717893
74.42746544335587,4.3964055929500825,-0.10539525783268289,0.9765882007387429
74.23561792111953,4.39682610520487,-0.10497474557789577,0.9766816105248985
74.04294701895942,4.397280936842097,-0.10451991394066873,0.9767826437896525
73.85192287664685,4.39771534999538,-0.10408550078738532,0.9768791414286381
73.65925197448674,4.398143247802165,-0.10365760298060067,0.9769741917920299
73.65925197448674,4.398469492023561,-0.1033313587592044,0.9770466615063087
73.4674044522504,4.398711895004912,-0.10308895577785293,0.9771005072870054
73.27555693001406,4.398992525830287,-0.10280832495247871,0.9771628447458749
73.08370940777772,4.399367424689053,-0.10243342609371275,0.9772461222766214
72.89186188554137,4.399567689872166,-0.10223316091059953,0.9772906078480075
72.70001436330503,4.399837025937643,-0.10196382484512245,0.9773504363642845
72.50734346114493,4.400300111093417,-0.10150073968934858,0.9774533030105719
72.31631931883236,4.400960853801073,-0.10083999698169244,0.9776000759864447
72.12364841667225,4.401284057527437,-0.1005167932553288,0.9776718703054466
72.12364841667225,4.4014230702439825,-0.10037778053878288,0.9777027496626535
71.93180089443592,4.401665473225335,-0.10013537755743052,0.9777565954433504
71.73912999227582,4.402120304116244,-0.09968054666652115,0.9778576285423224
71.54810584996324,4.402557324154444,-0.09924352662832181,0.9779547052573271
71.35625832772689,4.403046473681478,-0.09875437710128754,0.978063361669116
71.16441080549055,4.4035920977543155,-0.09820875302844989,0.9781845629596491
70.97256328325422,4.404024773481866,-0.09777607730089954,0.9782806746584762
70.78071576101787,4.404478301303477,-0.09732254947928798,0.9783814183023299
70.58804485885777,4.404805849340487,-0.09699500144227802,0.9784541776375086
70.58804485885777,4.405016974180749,-0.09678387660201615,0.978501075500666
70.39619733662143,4.405316719674451,-0.09648413110831466,0.9785676589644035
70.20434981438508,4.40569335595895,-0.09610749482381564,0.9786513224353084
70.01167891222498,4.406091713050376,-0.09570913773238932,0.9787398108213189
69.82065476991241,4.406447932343563,-0.09535291843920213,0.9788189389980184
69.6279838677523,4.406849330676339,-0.09495152010642638,0.9789081029450878
69.43613634551596,4.40728982631232,-0.09451102447044502,0.9790059517061908
69.23852516381329,4.407714247775006,-0.09408660300775917,0.9791002298577025
69.04667764157695,4.408133456960493,-0.09366739382227252,0.9791933501887393
68.85565349926438,4.408495757990062,-0.09330509279270327,0.9792738293217748
68.85565349926438,4.408984907517097,-0.09281594326566811,0.9793824857335638
68.66298259710427,4.409507507713707,-0.09229334306905823,0.9794985726538724
68.47113507486793,4.409956691224669,-0.09184415955809655,0.9795983512815484
68.2792875526316,4.410299443229477,-0.09150140755328806,0.9796744879246762
68.0866166504715,4.41061569650659,-0.09118515427617524,0.9797447383172625
67.89559250815891,4.411060536453221,-0.09074031432954399,0.9798435520945432
67.70374498592257,4.411619626321805,-0.09018122446096033,0.9799677445870846
67.51107408376247,4.412487150305387,-0.08931370047737808,0.9801604505757183
67.31922656152614,4.413107058284104,-0.0886937924986615,0.980298152797399
67.31922656152614,4.413408541949856,-0.08839230883290927,0.9803651223670767
67.12737903928979,4.413662238944788,-0.08813861183797744,0.980421476924584
66.93059123751088,4.414105775822119,-0.08769507496064666,0.9805200012467459
66.73874371527454,4.414526288076905,-0.08727456270586043,0.9806134110329013
66.54607281311444,4.4149885037734995,-0.08681234700926588,0.9807160845433287
66.3542252908781,4.415425958168129,-0.0863748926146366,0.9808132577433722
66.16237776864176,4.415816061741008,-0.0859847890417571,0.9808999127478493
65.97053024640542,4.4162313609722785,-0.08556948981048684,0.980992164547748
65.77868272416907,4.416764820826037,-0.08503602995672832,0.9811106637598279
65.77868272416907,4.417328690108017,-0.08447216067474805,0.9812359179193677
65.58601182200897,4.417843470396197,-0.0839573803865683,0.9813502677774006
65.39416429977264,4.418202730184416,-0.08359812059834937,0.9814300713493771
65.20314015746006,4.418679281882254,-0.08312156890051181,0.9815359293634549
65.01046925529995,4.41918798043405,-0.082612870348715,0.9816489282651518
64.81862173306362,4.419640205186362,-0.08216064559640301,0.9817493824538869
64.62677421082728,4.420044644014171,-0.08175620676859463,0.9818392217962332
64.43492668859093,4.420512942193461,-0.08128790858930479,0.9819432464287774
64.24307916635459,4.421025549953156,-0.08077530082960926,0.9820571136958304
64.24307916635459,4.421547715047015,-0.08025313573575055,0.9821731039653173
64.05123164411826,4.422080740544339,-0.0797201102384264,0.9822915066923574
63.85856074195815,4.422561636552826,-0.07923921422993896,0.9823983297226129
63.66671321972181,4.423172856656563,-0.0786279941262027,0.9825341020777205
63.47486569748546,4.424135082283652,-0.07766576849911377,0.9827478444574888
63.283018175249126,4.426034772982191,-0.07576607780057465,0.9831698290724254
63.09117065301279,4.426433999532801,-0.07536685124996456,0.9832585105942969
62.898499750852686,4.42639099227538,-0.07540985850738569,0.9832489572491254
62.70747560854011,4.4265391272233385,-0.07526172355942684,0.9832818629579448
62.51562808630377,4.426864068375434,-0.07493678240733104,0.9833540432171047
62.51562808630377,4.427203779885209,-0.07459707089755607,0.9834295044649554
62.32295718414367,4.427511779643777,-0.0742890711389883,0.9834979214760087
62.13110966190733,4.427977905294585,-0.07382294548818003,0.9836014635175735
61.939262139670994,4.428534823381001,-0.07326602740176469,0.9837251735849165
61.74741461743464,4.429027448505819,-0.07277340227694662,0.983834602042804
61.55474371527454,4.429590013972184,-0.07221083681058094,0.9839595665814437
61.36371957296197,4.430123908182374,-0.07167694260039159,0.9840781622785627
61.17104867080185,4.4305639694619225,-0.07123688132084283,0.9841759145546263
60.98002452848928,4.431022275950616,-0.07077857483214967,0.9842777196996969
60.98002452848928,4.431459295988815,-0.07034155479395032,0.9843747964147016
60.78158996686285,4.431966690724995,-0.06983416005777077,0.9844875056954978
60.58974244462651,4.432512749154264,-0.06928810162850141,0.98460880347107
60.39789492239017,4.43308400249561,-0.06871684828715541,0.9847356978762828
60.20687078007759,4.433621372303583,-0.06817947847918227,0.9848550656195004
60.014199877917484,4.434204355507575,-0.06759649527519063,0.9849845656181265
59.82235235568115,4.43473303669425,-0.06706781408851548,0.9851020033289891
59.63050483344481,4.435312109944028,-0.06648874083873757,0.9852306347964778
59.43783393128471,4.435926805645546,-0.06587404513721928,0.9853671791976837
59.43783393128471,4.43631908100059,-0.06548176978217501,0.9854543166273583
59.24680978897213,4.4366957172850885,-0.06510513349767688,0.985537980098263
59.05496226673579,4.4371127546884095,-0.06468809609435588,0.985630618004102
58.863114744499455,4.437629272402321,-0.06417157838044396,0.9857453538022931
58.67126722226311,4.438130585402119,-0.06367026538064646,0.9858567121267535
58.478596320103016,4.438581941441564,-0.06321890934120145,0.9859569733454093
58.286748797866665,4.439112360800288,-0.06268848998247734,0.9860747971622118
58.09490127563033,4.439674926266654,-0.06212592451611165,0.9861997617008514
57.903053753393976,4.440214467856792,-0.06158638292597374,0.9863196118692666
57.903053753393976,4.441103712647301,-0.06069713813546418,0.986517142773006
57.710382851233874,4.441830486488607,-0.05997036429415825,0.9866785834642751
57.51853532899754,4.44225056438696,-0.05955028639580551,0.9867718967653909
57.32751118668496,4.442681937045211,-0.059118913737554735,0.9868677190090994
57.134840284524856,4.443145022200986,-0.05865582858177909,0.9869705856553872
56.94299276228852,4.443651982580732,-0.05814886820203302,0.9870831984511438
56.75114524005218,4.444078576571901,-0.05772227421086473,0.9871779591936352
56.559297717815845,4.444618118162039,-0.05718273262072593,0.9872978093620505
56.3674501955795,4.4452445429798875,-0.0565563078028779,0.9874369591908883
56.174779293419405,4.445809280228419,-0.05599157055434656,0.9875624061547257
56.174779293419405,4.446366199061153,-0.05543465172161266,0.987686116387851
55.98375515110681,4.447026073055941,-0.054774777726824375,0.9878326963936442
55.79108424894672,4.4477207007896045,-0.05408014999316091,0.987986996363076
55.59923672671037,4.448349296643301,-0.05345155413946401,0.9881266284513297
55.40244892493147,4.448557815344963,-0.05324303543780218,0.9881729474042494
55.21060140269513,4.448833668249572,-0.05296718253319366,0.9882342235276836
55.01793050053502,4.449696413566072,-0.052104437216693,0.9884258680151005
54.826082978298686,4.450539610604129,-0.051261240178636314,0.9886131701783913
54.63423545606234,4.451176895079124,-0.05062395570364142,0.9887547322990001
54.63423545606234,4.451685593630922,-0.05011525715184373,0.9888677312006973
54.442387933826,4.452321140680183,-0.049479710102582786,0.9890089073811474
54.25054041158966,4.452863288408921,-0.048937562373843946,0.9891293364598004
54.05869288935332,4.453325504851829,-0.048475345930936165,0.9892320101360087
53.86684536711698,4.454494077398414,-0.047306773384351075,0.989491589043499
53.67417446495688,4.455243006403079,-0.04655784437968613,0.9896579511349128
53.48232694272054,4.455364208266913,-0.046436642515852,0.9896848741081521
53.2904794204842,4.455525809756937,-0.04627504102582858,0.9897207711847621
53.098631898247866,4.456179167658911,-0.04562168312385406,0.9898659037491804
53.098631898247866,4.456758240908687,-0.04504260987407793,0.9899945352166687
52.90678437601152,4.457084920232833,-0.04471593054993228,0.9900671015817687
52.71411347385142,4.457425500455475,-0.04437535032729034,0.9901427557996986
52.523089331538834,4.457435926502505,-0.044364924280260176,0.9901450717722118
52.33041842937874,4.457664862195478,-0.0441359885872874,0.9901959260193367
52.138570907142395,4.458381210736068,-0.043419640046697516,0.9903550509038738
51.94672338490605,4.459164024020424,-0.04263682676234115,0.9905289398230649
51.75405248274595,4.4597700311006445,-0.04203081968212086,0.9906635541919158
51.56220496050961,4.460204444253928,-0.04159640652883745,0.9907600518309012
51.56220496050961,4.460574998802044,-0.04122585198072137,0.9908423643454701
51.37118081819703,4.4610689277424775,-0.04073192304028783,0.9909520824242579
51.179333295960696,4.461745309520679,-0.040055541262086436,0.9911023293589005
50.98748577372435,4.462304399389261,-0.03949645139350455,0.9912265218514416
50.795638251488015,4.462707535147771,-0.039093315634993964,0.9913160717386695
50.60296734932791,4.463044206162514,-0.038756644620251635,0.9913908575912431
50.410296447167816,4.463609812870228,-0.03819103791253742,0.9915164976909414
50.219272304855224,4.464256220322954,-0.037544630459811046,0.9916600863289449
50.02742478261889,4.464790548889577,-0.03701030189318821,0.9917787785111034
49.829813600916225,4.46529229624581,-0.03650855453695545,0.9918902333206038
49.829813600916225,4.465795347417657,-0.036005503365108105,0.9920019777510044
49.63796607867988,4.466348356296174,-0.03545249448659149,0.9921248194529914
49.446118556443544,4.467050368089202,-0.03475048269356318,0.9922807596680957
49.25427103420719,4.46765333467439,-0.03414751610837552,0.9924146986416695
49.062423511970856,4.467995652322765,-0.03380519846000052,0.9924907387997578
48.86975260981075,4.468388362034242,-0.03341248874852365,0.9925779727144718
48.677905087574416,4.4689157401516155,-0.03288511063114985,0.9926951209702153
48.486057565338065,4.469096456309968,-0.03270439447279738,0.9927352640516938
48.29421004310173,4.4693028032294615,-0.03249804755330388,0.9927811005794152
48.29421004310173,4.469978316294798,-0.03182253448796768,0.9929311545439788
48.10236252086539,4.470741580554391,-0.031059270228374736,0.9931007009732618
47.910514998629054,4.4714066683190135,-0.030394182463751918,0.9932484391310942
47.71784409646895,4.472963171909994,-0.028837678872771555,0.9935941904520815
47.52681995415637,4.473666487518638,-0.02813436326412777,0.9937504202880864
47.334972431920036,4.473769877783443,-0.028030972999322223,0.993773386711576
47.14230152975993,4.473817663707947,-0.027983187074818616,0.9937840015579648
46.94551372798102,4.473978830841538,-0.027822019941227794,0.9938198021495352
46.75284282582092,4.474345476181756,-0.027455374601009552,0.9939012462987483
46.75284282582092,4.474621763442798,-0.027179087339967545,0.993962618907222
46.56099530358458,4.474722112466254,-0.02707873831651142,0.9939849097696529
46.36914778134824,4.475109609900534,-0.02669124088223107,0.9940709858638926
46.17647687918814,4.475671306654031,-0.02612954412873414,0.9941957574324527
45.98545273687556,4.476323361486705,-0.025477489296060085,0.9943406005417521
45.793605214639214,4.476928499107743,-0.024872351675022664,0.994475021774742
45.60175769240288,4.47743589459024,-0.024364956192525433,0.9945877312213203
45.409086790242775,4.477867701604925,-0.023933149177840285,0.9946836499500685
45.21723926800644,4.47797891177816,-0.023821939004605497,0.9947083534358337
45.21723926800644,4.47823347748596,-0.023567373296805805,0.9947649009634204
45.025391745770094,4.478606204562557,-0.02319464622020817,0.9948476960689687
44.83354422353376,4.47898240723694,-0.022818443545824962,0.994931263220616
44.64169670129741,4.479406828699626,-0.02239402208313912,0.9950255413721277
44.449849179061076,4.4798077926759685,-0.02199305810679686,0.9951146088341574
44.25800165682473,4.480279131350291,-0.021521719432474384,0.9952193088619786
44.066154134588395,4.480328654700528,-0.021472196082237716,0.9952303096485257
43.87348323242829,4.477647888143367,-0.024152962639398368,0.9946348220545566
43.682459090115714,4.478048417763274,-0.02375243301949137,0.9947237930315462
43.48978818795561,4.479995893640001,-0.021804957142764536,0.99515639232709
43.48978818795561,4.481402524857288,-0.020398325925476968,0.9954688519990994
43.29794066571927,4.482214878857004,-0.019585971925761392,0.9956493028956721
43.105269763559164,4.482846950308484,-0.018953900474281582,0.9957897070300242
42.91424562124659,4.483336534191952,-0.018464316590812935,0.995898459926853
42.72239809901025,4.483611518383694,-0.01818933239907139,0.9959595430802078
42.529727196850146,4.483918648683079,-0.017882202099686495,0.9960277669554003
42.33870305453757,4.484277909217614,-0.017522941565151662,0.9961075706931584
42.146032152377465,4.484527261901897,-0.01727358888086794,0.9961629602344882
41.95418463014112,4.484750116604805,-0.017050734177960436,0.9962124636910592
41.95418463014112,4.485287920769211,-0.016512930013554694,0.9963319279193162
41.762337107904784,4.48562502539407,-0.016175825388695664,0.9964068100911476
41.57048958566845,4.485965605616711,-0.015835245166054612,0.9964824643090773
41.37864206343211,4.486353971763856,-0.015446879018909065,0.9965687333733958
41.18679454119576,4.486807499585467,-0.014993351197298388,0.9966694770172494
40.99412363903566,4.487254944924381,-0.014545905858384778,0.9967688695389856
40.80227611679932,4.487477799627286,-0.01432305115547905,0.9968183729955561
40.61125197448674,4.487287960491204,-0.01451289029156122,0.9967762033966834
40.41858107232664,4.48704686132547,-0.014753989457295447,0.9967226472368874
40.41858107232664,4.487655040187857,-0.014145810594908603,0.9968577440309362
40.2267335500903,4.488407010433869,-0.013393840348896013,0.9970247816834085
40.03488602785395,4.488919183837132,-0.012881666945633086,0.997138552465422
39.842215125693855,4.489368367348095,-0.012432483434670516,0.9972383310930982
39.65036760345751,4.4895251909173535,-0.012275659865411903,0.9972731668342731
39.458520081221174,4.489629015538591,-0.012171835244174645,0.9972962297428021
39.26173227944227,4.490392280544503,-0.01140857023826225,0.9974657763378674
39.06988475720592,4.490955714723734,-0.010845136059031368,0.9975909338465859
38.87803723496958,4.491217231627098,-0.010583619155667634,0.9976490254663692
38.87803723496958,4.49149786319879,-0.010302987583975742,0.9977113630910207
38.686189712733245,4.491949652848351,-0.009851197934414024,0.9978117206289343
38.49351881057314,4.492402746313528,-0.009398104469237722,0.997912367787748
38.301671288336806,4.492560872952085,-0.009239977830680424,0.9979474929840413
38.10982376610047,4.492621256705786,-0.009179594076979214,0.9979609062281414
37.917976243864125,4.492807620244086,-0.008993230538679065,0.9980023037809157
37.72612872162778,4.493094767162274,-0.008706083620491079,0.9980660886811603
37.53345781946768,4.4930196137972125,-0.008781236985552887,0.9980493946141518
37.34161029723134,4.4931403805582955,-0.008660470224469918,0.9980762209365694
37.149762774995,4.4933971195408935,-0.008403731241871881,0.9981332512209173
37.149762774995,4.493693823793247,-0.00810702698951804,0.9981991591235965
36.95791525275866,4.4940791486990435,-0.007721702083721915,0.9982847526268561
36.76606773052232,4.49444231844148,-0.007358532341285695,0.9983654247299708
36.57422020828597,4.494851970292802,-0.006948880489963116,0.9984564220585735
36.382372686049635,4.495202976562474,-0.006597874220291011,0.9985343922490165
36.1905251638133,4.49542974047328,-0.0063711103094856725,0.9985847640709433
35.998677641576954,4.495597858802435,-0.0062029919803308076,0.9986221087547104
35.80600673941686,4.496183013788594,-0.005617836994171732,0.9987520911785347
35.61498259710428,4.496552265267412,-0.005248585515353454,0.9988341142379853
35.61498259710428,4.496713867503751,-0.0050869832790141345,0.9988700114803769
35.42231169494418,4.496746882324259,-0.005053968458506475,0.9988773451722931
35.2247005132415,4.496831593023486,-0.004969257759279699,0.9988961622417358
35.032852991005164,4.4972338600691275,-0.004566990713637864,0.9989855191588842
34.84100546876883,4.497592251144481,-0.004208599638284127,0.9990651297607818
34.648334566608725,4.497908504421596,-0.0038923463611695297,0.9991353801533684
34.457310424296146,4.498155251713597,-0.0036455990691681706,0.9991901909502429
34.2654629020598,4.498085310625733,-0.003715540157032571,0.9991746547037089
34.07361537982346,4.497680003085058,-0.004120847697707042,0.9990846223912836
34.07361537982346,4.497935438252039,-0.0038654125307262532,0.9991413630547308
33.88094447766336,4.498394179097166,-0.003406671685599605,0.9992432646848411
33.689920335350784,4.4989172129038915,-0.0028836378788739125,0.9993594479244073
33.49807281311445,4.499318176880235,-0.002482673902530763,0.9994485153864372
33.305401910954345,4.499416788477957,-0.0023840623048085874,0.9994704203087096
33.10779072925167,4.499805588981537,-0.001995261801228665,0.999556785858068
32.91594320701533,4.499966756115127,-0.0018340946676387304,0.9995925864496383
32.72409568477899,4.499948076549548,-0.0018527742332175023,0.9995884370955913
32.53224816254265,4.499949813975281,-0.0018510368074844408,0.9995888230357497
32.53224816254265,4.500077097575496,-0.0017237532072691408,0.9996170969653245
32.340400640306314,4.499804720268669,-0.001996130514096528,0.9995565928879885
32.14855311806996,4.4978959065924,-0.003904944190365356,0.9991325817556576
31.955882215909863,4.498352910011793,-0.0034479407709726573,0.9992340974456093
31.764034693673523,4.4995049747749665,-0.0022958760077989027,0.9994900094242508
31.572187171437186,4.500602737520821,-0.0011981132619443002,0.9997338591151281
31.380339649200845,4.5012087446010405,-0.000592106181724894,0.9998684734839788
31.18849212696451,4.50130996308368,-0.0004908876990850075,0.9998909574822707
30.996644604728168,4.501391633287875,-0.0004092174948899796,0.9999090991564368
30.996644604728168,4.50118963067903,-0.000611220103735377,0.9998642276448926
30.80479708249182,4.500892056967493,-0.0009087938152720909,0.9997981266063526
30.612126180331718,4.501067994458762,-0.000732856324002995,0.9998372081866137
30.42027865809538,4.5013169135329285,-0.00048393724983686326,0.9998925014086857
30.229254515782802,4.501582340390507,-0.00021851039225850855,0.9999514615596067
30.036583613622703,4.501920748830983,0.00011989804821777028,1.0000266333523387
29.844736091386363,4.502140996648973,0.00034014586620756404,1.0000755577328901
29.652888569150015,4.503655796798149,0.0018549460153840513,1.0004120453296066
29.461041046913675,4.5038074065975735,0.002006555814808131,1.0004457229187425
29.269193524677338,4.503235284543362,0.0014344337605969315,1.000318635543451
29.269193524677338,4.502817812783609,0.0010169620008433355,1.0002259011525725
29.076522622517235,4.50260972843838,0.0008088776556149924,1.0001796786846922
28.884675100280898,4.5024789699867,0.0006781192039344575,1.0001506328748009
28.69365095796832,4.502549779787431,0.0007489290046658326,1.000166362091414
28.50098005580821,4.502976808135032,0.001175957352266721,1.0002612193189448
28.30913253357187,4.502993750274879,0.0011928994921133196,1.0002649827328336
28.117285011335532,4.502939013901126,0.00113816311836068,1.00025282396003
27.925437489099192,4.50295421861524,0.001153367832474217,1.0002562014337604
27.733589966862855,4.502947702522422,0.0011468517396568956,1.0002547539923845
27.733589966862855,4.502939013901126,0.00113816311836068,1.00025282396003
27.541742444626514,4.5028647292489286,0.0010638784661631817,1.0002363228631
27.349894922390167,4.502806952380145,0.0010061015973796827,1.0002234886950196
27.157224020230064,4.502901654769969,0.0011008039872040243,1.000244525251936
26.965376497993727,4.503050224074362,0.0012493732915963562,1.0002775274457951
26.773528975757387,4.503167950340414,0.0013670995576484657,1.0003036783729362
26.58168145352105,4.503257438960407,0.0014565881776418266,1.0003235567778146
26.389010551360947,4.50350766185019,0.0017068110674243187,1.000379139620787
26.192222749582037,4.503759187062955,0.0019583362801895987,1.0004350117530962
26.192222749582037,4.503825652553037,0.002024801770271978,1.000449775953532
25.99461156787937,4.503935124554224,0.0021342737714586946,1.0004740933333574
25.80276404564303,4.504016359655669,0.002215508872903449,1.0004921383567018
25.610916523406694,4.503897764676751,0.0020969138939852527,1.000465794459482
25.419069001170353,4.503591938192984,0.0017910874102184948,1.0003978602051904
25.227221478934005,4.5035597913390255,0.0017589405562601357,1.0003907193175714
25.035373956697665,4.503782645295616,0.001981794512850854,1.0004402226083604
24.843526434461328,4.503962927097533,0.0021620763147680577,1.0004802692047987
24.651678912224988,4.5031805481696106,0.00137969738684518,1.0003064767706473
24.651678912224988,4.50162360947588,-0.00017724130688545614,0.9999606287988384
24.45900801006489,4.5023534245585335,0.0005525737757681171,1.0001227450511658
24.267160487828548,4.50339471425122,0.0015938634684546926,1.0003540501948631
24.0753129655922,4.503949894911904,0.002149044129138744,1.0004773743220483
23.88346544335586,4.504263106947669,0.00246225616490392,1.0005469491535761
23.69079454119576,4.504407766297847,0.0026069155150816314,1.0005790828162975
23.499770398883182,4.50440863575703,0.0026077849742645043,1.0005792759521583
23.307099496723083,4.50440993882633,0.0026090880435649666,1.0005795654072773
23.116075354410505,4.504571540316353,0.0027706895335875004,1.000615462483887
22.923404452250406,4.504736183047725,0.002935332264959456,1.0006520351215555
22.923404452250406,4.50469578267522,0.0028949318924542666,1.0006430608524033
22.731556930014055,4.50456980289062,0.002768952107854439,1.0006150765437287
22.539709407777718,4.504587179386898,0.0027863286041327484,1.0006189364426568
22.347861885541377,4.504565024223537,0.0027641734407719554,1.0006140150425116
22.15601436330504,4.5044407818646715,0.0026399310819060773,1.0005864166739955
21.963343461144937,4.504071530385854,0.0022706796030886878,1.0005043936145452
21.7714959389086,4.503856061234945,0.002055210452179601,1.0004565307352107
21.57964841667225,4.503944247531955,0.002143396749189286,1.000476119850752
21.387800894435912,4.504091948123483,0.0022910973407173074,1.0005089290745321
21.387800894435912,4.504191428434072,0.002390577651306458,1.000531026966884
21.195953372199572,4.5043191463907215,0.0025182956079561336,1.0005593973814986
21.004105849963235,4.504290475134545,0.0024896243517797956,1.000553028539978
20.812258327726894,4.503910797608698,0.0021099468259322407,1.0004686895080144
20.620410805490557,4.50391253503443,0.002111684251664414,1.0004690754481724
20.428563283254206,4.504040687347514,0.0022398365647484653,1.000497542347827
20.23671576101787,4.504266147442702,0.0024652966599365556,1.0005476245488532
20.04486823878153,4.504412979321363,0.0026121285385976023,1.0005802408025541
19.85219733662143,4.504420799229794,0.0026199484470286194,1.00058197786483
19.85219733662143,4.504437307013206,0.0026364562304408423,1.000585644793679
19.66034981438509,4.504476403570095,0.0026755527873296714,1.0005943294419308
19.468502292148752,4.504437741369639,0.0026368905868734416,1.0005857412787185
19.270891110446076,4.5043499894290635,0.0025491386462981325,1.000566248648217
19.079043588209736,4.504268754327618,0.00246790354485249,1.0005482036248723
18.8871960659734,4.504264844373402,0.0024639935906369814,1.0005473350937344
18.694525163813296,4.504263975660536,0.0024631248777708947,1.0005471421236554
18.50350102150072,4.504260934419187,0.002460083636421473,1.0005464665625965
18.31165349926437,4.5044538140503,0.0026529632675345027,1.000589311556746
18.31165349926437,4.50442166794266,0.002620817159894706,1.0005821708349092
18.119805977028033,4.504332178576351,0.0025313277935854472,1.0005622922642492
17.927958454791693,4.504282655226114,0.0024818044433487785,1.0005512914777022
17.735287552631593,4.5042822208696816,0.0024813700869161792,1.0005511949926627
17.543440030395253,4.504322186885753,0.002521336102987881,1.0005600727767754
17.350769128235154,4.504331309863485,0.0025304590807193605,1.0005620992941702
17.159744985922575,4.504287433893197,0.002486583110431262,1.0005523529789193
16.967897463686228,4.504229222667979,0.0024283718852133873,1.000539422325799
16.775226561526125,4.504183609271958,0.002382758489192227,1.00052929007039
16.58420241921355,4.5041484219229675,0.0023475711402021204,1.0005214737874941
16.58420241921355,4.504068924247256,0.0022680734644904277,1.000503814704308
16.391531517053448,4.503902543343832,0.002101692561066848,1.0004668559606988
16.19968399481711,4.503781342226315,0.0019804914435495036,1.0004399331532414
16.00783647258077,4.503628862967706,0.0018280121849407749,1.0004060624282443
15.815988950344423,4.503591503090234,0.0017906523074682212,1.0003977635543688
15.624141428108084,4.503632338565488,0.001831487782722796,1.0004068344743424
15.432293905871745,4.503609314689262,0.0018084639064968044,1.0004017201041184
15.240446383635406,4.503634510347656,0.0018336595648902332,1.0004073168995407
15.047775481475306,4.503613223897161,0.0018123731143955268,1.0004025884694745
15.047775481475306,4.503608010873645,0.001807160090879556,1.0004014304832176
14.855927959238967,4.5036849024107575,0.0018840516279921005,1.0004185106561665
14.664080437002628,4.503770481822851,0.0019696310400858508,1.0004375206956886
14.471409534842516,4.5037622283043035,0.0019613775215381324,1.0004356873141549
14.28038539252994,4.503728344024613,0.0019274932418475998,1.0004281604863778
14.088537870293601,4.503706623217686,0.0019057724349202942,1.0004233355712724
13.896690348057263,4.503757449637222,0.001956598854456537,1.000434625812938
13.704842825820924,4.503730515806779,0.0019296650240132607,1.0004286429115756
13.51134854373706,4.503685771123625,0.0018849203408599635,1.000418703626246
13.51134854373706,4.503697500239955,0.001896649457189703,1.0004213090538778
13.320324401424473,4.503686639836491,0.0018857890537260502,1.000418896596325
13.128476879188135,4.50361496206921,0.0018141112864444864,1.0004029745754144
12.936629356951796,4.503602797850131,0.0018019470673653615,1.0004002724969614
12.743958454791695,4.50348376851478,0.001682917732014566,1.0003738321147018
12.552934312479119,4.503276987985168,0.0014761372024025832,1.000327899267722
12.360263410319018,4.503211825564387,0.0014109747816215545,1.0003134245224055
12.168415888082668,4.503223989783465,0.0014231390006997913,1.0003161266008584
11.977391745770092,4.503265258868839,0.0014644080860737319,1.0003252938400904
11.78472084360999,4.503347362683149,0.0015465119003836847,1.0003435318335139
11.78472084360999,4.503482031089047,0.0016811803062815045,1.0003734461745435
11.592873321373652,4.503407746436849,0.0016068956540840063,1.0003569450776137
11.401025799137313,4.503232677658446,0.001431826875680997,1.0003180564674317
11.208354896977212,4.503177072571828,0.0013762217890622708,1.000305704724549
11.017330754664627,4.503197055953024,0.0013962051702582912,1.0003101436994966
10.825483232428288,4.503180982526044,0.0013801317432786675,1.0003065732556868
10.63363571019195,4.50309279697535,0.0012919461925848807,1.0002869843059272
10.440964808031847,4.502972898180817,0.0011720473980512125,1.000260350787807
10.249117285795508,4.502905129621435,0.0011042788386692592,1.0002452971322526
10.249117285795508,4.502896876102888,0.001096025320122429,1.0002434637507192
10.05726976355917,4.5028312793256715,0.0010304285429061366,1.0002288925203626
9.86542224132283,4.5027300615893475,0.000929210806582148,1.0002064086878522
9.673574719086483,4.502600606206967,0.0007997554242011873,1.0001776523330796
9.481727196850144,4.502583229710689,0.0007823789279237658,1.0001737924341516
9.289879674613806,4.502614072749029,0.0008132219662639883,1.0001806437008698
9.097208772453703,4.502631014888876,0.0008301641061105869,1.0001844071147585
8.905361250217366,4.502593655011402,0.0007928042286362569,1.0001761082408829
8.713513727981027,4.502505035104276,0.000704184321510759,1.000156422806084
8.713513727981027,4.502449864374092,0.0006490135913264083,1.000144167548241
8.521666205744678,4.502361244466966,0.0005603936842009105,1.000124482113442
8.32981868350834,4.502140127936107,0.00033927715334147734,1.000075364762811
8.137971161272,4.501972878319818,0.00017202753705269913,1.000038213049123
7.939536599645572,4.502074965515325,0.00027411473255956054,1.000060890017494
7.747689077409233,4.502276098664987,0.00047524788222119696,1.0001055683931772
7.556664935096647,4.502301729426132,0.0005008786433666756,1.0001112618394215
7.364817412860308,4.502127963717028,0.00032711293426235244,1.000072662684358
7.172969890623969,4.502032393360652,0.000231542577886934,1.0000514333231436
7.172969890623969,4.502029786475737,0.00022893569297188776,1.0000508542471247
6.981122368387631,4.5020154512208075,0.00021460043804211182,1.0000476699092553
6.78845146622753,4.502083219033873,0.0002823682511072789,1.0000627233990278
6.596603943991191,4.502099292460852,0.0002984416780869026,1.0000662938428373
6.404756421754842,4.5019689683656035,0.00016811758283807876,1.0000373445179853
6.212085519594741,4.501917707589634,0.00011685680686834843,1.00002595779128
6.021061377282164,4.501853414628035,5.2563845269304466e-05,1.000011676181824
5.823450195579499,4.501853848984467,5.2998201701903724e-05,1.0000117726668634
5.630779293419398,4.501912928922552,0.00011207813978675318,1.0000248962900629
5.438931771183059,4.501959411777756,0.00015856099499078624,1.000035221681333
5.438931771183059,4.501974181389119,0.00017333060635404962,1.000038502504242
5.241320589480383,4.501963320985656,0.00016247020289039682,1.0000360900466891
5.049473067244044,4.501961149203488,0.00016029842072295963,1.0000356076214911
4.858448924931468,4.50195810796214,0.00015725717937442596,1.0000349320604325
4.6657780227713666,4.501989820459665,0.00018896967689929767,1.0000419764630117
4.473930500535028,4.502049334754181,0.0002484839714158582,1.0000551965712505
4.282082978298679,4.502104939840802,0.0003040890580363609,1.0000675483141337
4.0894120761385775,4.502013713048758,0.0002128622659922641,1.0000472838033152
3.8983879338260015,4.501875135434962,7.428465219661007e-05,1.0000165010969295
3.8983879338260015,4.501842988581005,4.213779824002728e-05,1.000009360209311
3.7065404115896627,4.5017999820698975,-8.687128678630529e-07,0.9999998070299205
3.514692889353324,4.501642724144207,-0.00015812663855818698,0.9999648748037064
3.3228453671169853,4.501555406560065,-0.00024544422270000865,0.9999454786582447
3.1301744649568843,4.50156626696353,-0.00023458381923546767,0.9999478911157976
2.933386663177971,4.501707451462241,-9.33993205247674e-05,0.9999792528982022
2.74071576101787,4.501839513729538,3.866294677301596e-05,1.0000085883289942
2.5496916187052934,4.501925527498065,0.00012467671529936553,1.0000276948535558
2.3570207165451924,4.502043253017801,0.000242402235035577,1.000053845614915
2.3570207165451924,4.502127963717028,0.00032711293426235244,1.000072662684358
2.1651731943088537,4.502161413640286,0.0003605628575202857,1.0000800930270954
1.9733256720725045,4.502112759749231,0.0003119089664656016,1.0000692853764093
1.7806547699124033,4.501926396210932,0.0001255454281663404,1.000027887823635
1.5888072476760646,4.501787383494386,-1.3467288379587217e-05,0.999997008466428
1.396959725439726,4.50180606380628,5.213023514194504e-06,1.0000011579862564
1.2059355831271497,4.501931174878015,0.000130324095249712,1.0000289493248522
1.014088060890811,4.502046728615584,0.0002458778328184863,1.0000546176610134
0.8214171587306994,4.502137521051191,0.00033667026842554293,1.0000747856867918
0.8214171587306994,4.50212101326778,0.0003201624850142082,1.000071118757943
0.6295696364943608,4.501998073978212,0.00019722319544701605,1.0000438098445454
0.43772211425802204,4.501842119868137,4.126908537127605e-05,1.0000091672392315
0.24587459202168335,4.501789121666435,-1.1729116330627676e-05,0.9999973945723679
0.05402706978534465,4.501800850782765,0.0,1.0
-0.1386438323747565,4.501780867401569,-1.998338119602039e-05,0.9999955610250524
-0.3304913546110952,4.501743942626848,-5.690815591741227e-05,0.9999873588019986
-0.5215154969236818,4.501728303556302,-7.25472264635485e-05,0.9999838848432286
-0.714186399083783,4.501687903183797,-0.00011294759896873785,0.9999749105740764
-0.714186399083783,4.501659666284054,-0.00014118449871158845,0.9999686382175953
-0.9060339213201217,4.5016687885154685,-0.00013206226729689519,0.9999706645692081
-1.1028217230990247,4.50169441927661,-0.00010643150615496921,0.9999763580154514
-1.295492625259126,4.501725262314952,-7.558846781297035e-05,0.9999832092821699
-1.487340147495475,4.50180866994488,7.819162114230949e-06,1.000001736896494
-1.6791876697318138,4.5018034569213645,2.6061385991482666e-06,1.0000005789102373
-1.8710351919681525,4.5017795643322716,-2.1286450493818165e-05,0.9999952715699341
-2.0637060941282535,4.501711795772889,-8.90550098766596e-05,0.9999802179143795
-2.255553616364592,4.501634035522911,-0.0001668152598544026,0.9999629447713518
-2.255553616364592,4.501584947275424,-0.00021590350734168595,0.999952040635626
-2.447401138600931,4.501645330282807,-0.00015552049995815054,0.9999654537139441
-2.6400720407610323,4.501720483647871,-8.03671348945656e-05,0.999982147780953
-2.831096183073619,4.5016670510897345,-0.00013379969303084494,0.9999702786290496
-3.0229437053099577,4.501524997878157,-0.0002758529046085201,0.9999387238765659
-3.220554887012623,4.50139814938069,-0.0004027014020753228,0.999910546597812
-3.4124024092489615,4.501417697659136,-0.000383153123629576,0.9999148889219382
-3.604249931485311,4.50141682894627,-0.0003840218364956627,0.9999146959518591
-3.7960974537216496,4.501477212699969,-0.0003236380827962293,0.9999281091959588
-3.7960974537216496,4.5016379454771265,-0.00016290530563889405,0.9999638133024897
-3.9879449759579884,4.501791727805034,-9.12297773147941e-06,0.9999979734826053
-4.18061587811809,4.501836906844623,3.6056061857969723e-05,1.0000080092529753
-4.371640020430665,4.501884692022809,8.384124004390259e-05,1.000018623933582
-4.564310922590766,4.501859062007983,5.8211225217874585e-05,1.0000129306531202
-4.756158444827105,4.501815620394128,1.4769611362375201e-05,1.000003280822909
-4.948829346987207,4.50180606380628,5.213023514194504e-06,1.0000011579862564
-5.1398534892997825,4.501842988581005,4.213779824002728e-05,1.000009360209311
-5.331701011536121,4.501814317324829,1.3466542063689246e-05,1.0000029913677904
-5.523548533772481,4.501781301758003,-1.954902476253295e-05,0.999995657510092
-5.523548533772481,4.501763056548859,-3.7794233906041086e-05,0.999991604641085
-5.71539605600882,4.501836038131756,3.518734899099485e-05,1.000007816282896
-5.907243578245159,4.501925527498065,0.00012467671529936553,1.0000276948535558
-6.09991448040526,4.501972009606953,0.0001711588241875006,1.0000380200790442
-6.291762002641598,4.501946813202243,0.00014596241947728572,1.0000324231178401
-6.483609524877937,4.501977222630468,0.0001763718477025833,1.0000391780653006
-6.676280427038038,4.502036302568552,0.00023545178578654458,1.0000523016885
-6.868127949274377,4.5020224016700565,0.00022155088729114425,1.0000492138356705
-7.059152091586953,4.502027180337137,0.00022632955437185132,1.0000502753368872
-7.059152091586953,4.502145340213306,0.00034448943054066206,1.000076522583286
-7.251822993747054,4.502233526510316,0.0004326757275503468,1.0000961116988272
-7.442847136059631,4.502185306229379,0.00038445544661325215,1.000085400367399
-7.635518038219732,4.502120578911347,0.00031972812858160893,1.0000710222729035
-7.827365560456092,4.502129267532643,0.00032841674987782454,1.0000729523052583
-8.01921308269243,4.502177487067263,0.00037663628449724484,1.0000836634709045
-8.211060604928768,4.5021931261378105,0.0003922753550451574,1.000087137429675
-8.402908127165107,4.502213108772687,0.00041225798992172713,1.00009157623884
-8.594755649401446,4.50233083503874,0.0005299842559747248,1.0001177271659814
-8.786603171637784,4.502459421708254,0.0006585709254887107,1.0001462905506746
-8.786603171637784,4.502545435476781,0.0007445846940159484,1.0001653970752364
-8.979274073797885,4.502646219602988,0.0008453688202223475,1.0001877845884888
-9.170298216110462,4.502824328876423,0.0010234780936579924,1.0002273485939477
-9.362969118270563,4.502902089126402,0.0011012383436366235,1.0002446217369756
-9.555640020430664,4.502842139729135,0.0010412889463697894,1.0002313049779155
-9.74666416274324,4.502756560317041,0.0009557095342760391,1.0002122949383934
-9.939335064903341,4.502712684346753,0.0009118335639879405,1.0002025486231425
-10.130359207215939,4.502756125960609,0.0009552751778434398,1.0002121984533539
-10.322206729452278,4.502803042425929,0.001002191643163286,1.0002226201638815
-10.322206729452278,4.502788272814565,0.0009874220318000226,1.0002193393409724
-10.514054251688616,4.502743528131412,0.0009426773486467255,1.0002094000556427
-10.706725153848717,4.502776978054669,0.0009761272719037706,1.0002168303983803
-10.898572676085056,4.502818247140041,0.0010173963572759348,1.0002259976376118
-11.090420198321395,4.50291164571425,0.0011107949314848042,1.000246744573628
-11.282267720557734,4.502976808135032,0.001175957352266721,1.0002612193189448
-11.474938622717834,4.503035888073115,0.0012350372903497941,1.000274342942144
-11.665962765030411,4.503130156106508,0.0013293053237424246,1.0002952830140213
-11.863573946733087,4.5032157355186015,0.001414884735836175,1.0003142930535434
-11.863573946733087,4.503183588664643,0.0013827378818778158,1.0003071521659244
-12.055421468969426,4.503076723548372,0.0012758727656070334,1.0002834138621182
-12.247268991205765,4.50301025805829,0.0012094072755246543,1.0002686496616824
-12.439116513442103,4.503094534401084,0.0012936836183188305,1.000287370246086
-12.630964035678442,4.503223989783465,0.0014231390006997913,1.0003161266008584
-12.823634937838543,4.503310872264859,0.0015100214820940039,1.0003354260954995
-13.015482460074882,4.503288717101498,0.0014878663187323227,1.000330504695354
-13.208153362234983,4.503249619798292,0.0014487690155267074,1.0003218198813204
-13.400000884471321,4.50325396410894,0.0014531133261748153,1.0003227848974976
-13.400000884471321,4.5032465793032594,0.0014457285204940717,1.0003211444860434
-13.59102502678392,4.503341280946767,0.0015404301640016271,1.000342180877178
-13.803457047114277,4.503451622407137,0.0016507716243712167,1.0003666913928644
-13.803457047114277,4.503521128392252,0.0017202776094862315,1.000382130988577
-13.803457047114277,4.503506792391005,0.0017059416082396694,1.0003789464849258
-13.803457047114277,4.503495498377426,0.0016946475946602035,1.0003764377081152
-13.803457047114277,4.503484203617529,0.0016833528347639515,1.0003739287655231
-13.803457047114277,4.5034542285457375,0.0016533777629721413,1.0003672703031021
-13.803457047114277,4.503401230344035,0.0016003795612693494,1.0003554976362383
-13.803457047114277,4.503335633566819,0.0015347827840539452,1.000340926405882
-13.803457047114277,4.503285241503716,0.0014843907209503016,1.0003297326492557
-13.803457047114277,4.5032139980928685,0.0014131473101031133,1.0003139071133849
-13.803457047114277,4.503179245100311,0.001378394317545606,1.0003061873155286
-13.803457047114277,4.503172729007496,0.0013718782247309491,1.0003047398741534
-13.803457047114277,4.503217907300767,0.0014170565180018357,1.000314775478741
-13.803457047114277,4.503279594123767,0.0014787433410017314,1.0003284781779596
-13.803457047114277,4.503396451676953,0.0015956008941877542,1.0003544361350214
-13.803457047114277,4.50351808789722,0.001717237114454484,1.0003814555933002
-13.803457047114277,4.503647976889718,0.0018471261069530343,1.0004103082673308
