Angle (degree),rho (mOhm cm),Delta rho (mOhm cm),rho/rho(theta=0)
97.93666341429277,3.920366798075856,-0.17494592729936853,0.9572814241473245
97.93666341429277,3.9203564723506554,-0.17495625302456919,0.9572789027952586
97.93666341429277,3.9203340985908732,-0.1749786267843514,0.9572734395348723
97.93666341429277,3.9204502694672887,-0.17486245590793592,0.9573018063249579
97.93666341429277,3.9205453579463625,-0.17476736742886212,0.9573250251815997
97.74975617159897,3.9204790970825183,-0.17483362829270632,0.9573088454980718
97.55790864936264,3.920401219870219,-0.17491150550500567,0.9572898293160311
97.3660611271263,3.920362926206102,-0.17494979916912268,0.957280478707986
97.17421360488997,3.9202041581096845,-0.17510856726554014,0.9572417104607082
96.98236608265363,3.9197127965491685,-0.17559992882605613,0.9571217290103365
96.79051856041728,3.9188776531662817,-0.17643507220894294,0.9569178023656845
96.79051856041728,3.9177228240301893,-0.17758990134503527,0.9566358143433933
96.59784765825718,3.9162866013266284,-0.1790261240485962,0.956285115190515
96.4068235159446,3.914694622720094,-0.18061810265513056,0.9558963833125633
96.2141526137845,3.913183104050737,-0.18212962132448762,0.9555272982705367
96.02230509154815,3.9117791513635987,-0.18353357401162596,0.9551844788617919
95.8304575693118,3.9105490255225215,-0.18476369985270313,0.9548841047698562
95.63861004707547,3.9092035892205286,-0.18610913615469604,0.9545555739854655
95.44676252483913,3.9078409416517617,-0.18747178372346296,0.9542228405264738
95.2549150026028,3.906332865383598,-0.1889798599916266,0.9538545960554669
95.06306748036646,3.9047843436733762,-0.19052838170184838,0.9534764755518417
95.06306748036646,3.9032874535459148,-0.19202527182930984,0.9531109625305315
94.87039657820635,3.901794866974338,-0.19351785840088676,0.9527465003583686
94.67854905597001,3.9005187022512557,-0.19479402312396887,0.9524348844187177
94.48670153373368,3.8992924490191223,-0.1960202763561023,0.9521354559466171
94.29403063157358,3.8979465825093786,-0.19736614286584597,0.9518068201134108
94.103006489261,3.8967061302039117,-0.19860659517131296,0.9515039244889129
93.91115896702465,3.895560336169768,-0.19975238920545646,0.9512241426722413
93.7193114447883,3.8944037854634836,-0.20090893991174097,0.9509417342741919
93.52746392255197,3.893299296547711,-0.2020134288275135,0.9506720384072734
93.52746392255197,3.8924710379672107,-0.2028416874080139,0.9504697929046606
93.33479302039187,3.8918389792533663,-0.2034737461218583,0.9503154557987472
93.14294549815553,3.891190571166624,-0.20412215420860047,0.9501571264768558
92.95109797591918,3.8904247001018377,-0.2048880252733869,0.94997011485744
92.75925045368285,3.889663562800683,-0.20564916257454158,0.949784259135986
92.56740293144651,3.8889007039293384,-0.20641202144588622,0.9495979830387741
92.37555540921016,3.888337918272781,-0.20697480710244376,0.9494605611385929
92.18370788697383,3.8878960365170836,-0.20741668885814102,0.949352661745963
91.99103698481373,3.887454154761388,-0.2078585706138365,0.9492447623533337
91.99103698481373,3.8869369770398956,-0.20837574833532901,0.9491184770715557
91.79918946257737,3.8864051700373192,-0.2089075553379054,0.9489886195885652
91.60734194034104,3.8859245651489434,-0.20938816022628126,0.9488712647195712
91.4154944181047,3.885457298179211,-0.2098554271960138,0.9487571667248473
91.22364689586837,3.8849375384720277,-0.2103751869031969,0.948630250969681
91.03097599370827,3.8846742165868364,-0.2106385087883882,0.9485659526113261
90.83995185139568,3.884713370666456,-0.21059935470876878,0.9485755133170024
90.64234066969301,3.8849048382478544,-0.21040788712737024,0.9486222661767321
90.45049314745667,3.885228397349195,-0.2100843280260296,0.9487012733547031
90.45049314745667,3.885629833662833,-0.2096828917123914,0.9487992967147143
90.25864562522034,3.886087205115114,-0.20922552026011054,0.9489109784061873
90.066798102984,3.8865635079259855,-0.20874921744923913,0.9490272827870275
89.87412720082389,3.887038949582167,-0.2082737757930575,0.9491433768897405
89.68227967858755,3.887585816073577,-0.20772690930164783,0.9492769116227588
89.4904321563512,3.888109447650515,-0.2072032777247097,0.9494047728172639
89.2977612541911,3.8886111356754225,-0.20670158969980212,0.9495272758001982
89.10673711187853,3.8892694400188033,-0.20604328535642136,0.9496880216058364
88.91488958964219,3.8900632782833187,-0.20524944709190596,0.9498818623007355
88.72221868748208,3.8908786291529256,-0.20443409622229902,0.9500809559778934
88.72221868748208,3.8916617107453,-0.20365101462992463,0.9502721700914145
88.5311945451695,3.892494702350245,-0.20281802302497942,0.9504755713114933
88.33934702293317,3.8935096954877,-0.2018030298875244,0.9507234139563702
88.14667612077307,3.894555238549763,-0.20075748682546157,0.9509787163306149
87.95482859853672,3.8956296084878677,-0.19968311688735696,0.9512410576974775
87.76215769637662,3.896639439132316,-0.1986732862429088,0.9514876397565694
87.57113355406405,3.8976897144796356,-0.19762301089558898,0.9517440976677838
87.37928603182769,3.8987873185930213,-0.19652540678220332,0.952012112392663
87.18743850959136,3.8999645222280863,-0.1953482031471383,0.9522995638558371
87.18743850959136,3.9012251965153943,-0.19408752885983027,0.9526073973161482
86.99559098735502,3.902640766290176,-0.19267195908504853,0.952953053403902
86.80292008519491,3.9041540065297213,-0.19115871884550328,0.9533225588216859
86.61107256295858,3.9058724824770628,-0.18944024289816186,0.9537421790222859
86.41922504072224,3.907775110995667,-0.18753761437955774,0.954206765891761
86.2273775184859,3.9097263603819665,-0.1855863649932581,0.9546832250823399
86.03470661632579,3.911575206279056,-0.18373751909616853,0.9551346792254225
85.8436824740132,3.9133625243367445,-0.18195020103848014,0.9555711094024427
85.65183495177688,3.9151046646671195,-0.18020806070810513,0.9559965080098751
85.65183495177688,3.916728913290075,-0.1785838120851495,0.9563931196319599
85.45998742954053,3.918323473143113,-0.17698925223211148,0.9567824818028041
85.2681399073042,3.9199094273627635,-0.17540329801246113,0.9571697426363477
85.0754690051441,3.9215026965925497,-0.17381002878267493,0.9575587896607456
84.88362148290774,3.923141573757401,-0.1721711516178237,0.957958973303547
84.69177396067141,3.924682780457486,-0.17062994491773864,0.9583353076163176
84.49992643843507,3.9261930085035903,-0.1691197168716343,0.9587040775118977
84.30807891619872,3.9277991854442695,-0.16751353993095508,0.9590962763617503
84.1162313939624,3.9293137155678797,-0.16599900980734494,0.9594660967454847
83.92438387172605,3.930747787232688,-0.16456493814253648,0.959816270654286
83.92438387172605,3.932189603376194,-0.16312312199903056,0.9601683356222608
83.73171296956595,3.933658095356989,-0.16165463001823577,0.9605269143387762
83.5398654473296,3.9351390655801133,-0.16017365979511133,0.9608885400124271
83.34801792509326,3.9366419786160813,-0.15867074675914328,0.9612555237171526
83.15534702293316,3.9381509160389347,-0.15716180933628987,0.9616239784662867
82.96432288062059,3.9396082211398364,-0.15570450423538817,0.9619798255526085
82.77247535838424,3.9410896215707125,-0.1542231038045121,0.962341556275075
82.57980445622415,3.9425056215532446,-0.15280710382198004,0.9626873174116443
82.38878031391157,3.943999069279512,-0.15131365609571246,0.9630519898619345
82.38878031391157,3.9455131699345585,-0.14979955544066614,0.9634217053773492
82.19610941175146,3.947084064665375,-0.14822866070984952,0.9638052889608648
82.00426188951512,3.9485650348885,-0.14674769048672465,0.9641669146345156
81.81241436727878,3.949991791543172,-0.14532093383205247,0.9645153023524625
81.61974346511867,3.95142457184554,-0.14388815352968454,0.9648651609343213
81.4287193228061,3.9527196679272105,-0.1425930574480141,0.9651813995633388
81.23687180056976,3.9539588296094266,-0.14135389576579804,0.9654839800413907
81.04502427833341,3.9552203643122357,-0.14009236106298895,0.9657920235993325
80.85235337617331,3.9564539325545054,-0.13885879282071922,0.9660932382622877
80.85235337617331,3.9577343993550915,-0.1375783260201331,0.9664059046900924
80.66132923386074,3.9589378486196933,-0.13637487675553128,0.9666997648529915
80.46865833170064,3.960029429085385,-0.1352832962898396,0.9669663087139592
80.27187052992173,3.9612216922092838,-0.13409103316594084,0.9672574374271613
80.07919962776162,3.962523671614963,-0.1327890537602614,0.9675753568372254
79.88735210552528,3.9636810834759375,-0.1316316418992871,0.9678579755134019
79.69550458328895,3.96465348087177,-0.13065924450345445,0.9680954170620797
79.49789340158628,3.965681382459307,-0.1296313429159177,0.9683464117129076
79.30604587934994,3.9667428446865176,-0.128569880688707,0.9686056012543152
79.30604587934994,3.9678400185921534,-0.1274727067830712,0.9688735109303791
79.1141983571136,3.9688821192530237,-0.12643060612220092,0.9691279727336044
78.92235083487725,3.9697882557850117,-0.1255244695902129,0.9693492345987541
78.73050331264092,3.9708479971812194,-0.12446472819400523,0.9696080039448999
78.53783241048082,3.9721271726193663,-0.1231855527558583,0.9699203550457624
78.34598488824447,3.9733792420124745,-0.12193348336275012,0.9702260873492687
78.15413736600813,3.974397248082562,-0.12091547729266283,0.9704746656968464
77.96228984377179,3.9753175829486938,-0.11999514242653087,0.9706993945338969
77.77044232153546,3.9762990161856635,-0.11901370918956111,0.9709390424686904
77.77044232153546,3.9771728834404185,-0.11813984193480609,0.9711524247702031
77.57859479929911,3.9781478620827544,-0.11716486329247022,0.9713904966117733
77.38592389713901,3.9794175729503887,-0.11589515242483595,0.9717005366386966
77.19489975482644,3.9811820870405454,-0.11413063833467918,0.9721313985065152
77.0030522325901,3.9834926064674216,-0.11182011890780297,0.972695584829225
76.81038133042998,3.9857988238167943,-0.10951390155843033,0.9732587206637812
76.6193571881174,3.9873344370769344,-0.10797828829829026,0.9736336891614554
76.4266862859573,3.9879811243326744,-0.10733160104255024,0.9737915982880853
76.23483876372097,3.9881992684905496,-0.107113456884675,0.9738448650768518
76.04299124148463,3.987866674287261,-0.10744605108796357,0.9737636516932613
76.04299124148463,3.9876799397303055,-0.10763278564491907,0.9737180545509971
75.85032033932453,3.9878391372952833,-0.10747358807994134,0.9737569276665937
75.65929619701194,3.9883511517845807,-0.10696157359064395,0.9738819521820904
75.4674486747756,3.989067112097609,-0.10624561327761572,0.9740567765144525
75.27560115253927,3.9899461418453686,-0.10536658352985606,0.9742714194017498
75.08375363030292,3.9908948748581676,-0.10441785051705699,0.9745030825435951
74.89108272814282,3.9917334599030574,-0.10357926547216723,0.9747078495787701
74.69923520590649,3.9925006215910956,-0.10281210378412897,0.9748951763446322
74.50738768367015,3.993352115086068,-0.1019606102891566,0.9751030953857585
74.50738768367015,3.9941971539864043,-0.10111557138882032,0.9753094383336609
74.3155401614338,3.99504090226349,-0.10027182311173455,0.9755154661351173
74.1228692592737,3.9958807786708213,-0.09943194670440336,0.9757205484972352
73.93102173703736,3.9965842607415176,-0.09872846463370699,0.9758923258724617
73.73917421480101,3.9972318084127583,-0.09808091696246635,0.9760504450967221
73.54732669256468,3.997905172244974,-0.09740755313025051,0.9762148681523886
73.34971551086201,3.9985152874067866,-0.09679743796843798,0.976363847046731
73.15786798862567,3.999158102053584,-0.09615462332164082,0.9765208105535259
72.96602046638932,3.9999312873893196,-0.09538143798590504,0.9767096081833003
72.96602046638932,4.000763418578763,-0.09454930679646179,0.976912799305748
72.774172944153,4.001593828937204,-0.09371889643802067,0.977115570232934
72.58150204199289,4.002352384991855,-0.0929603403833692,0.9773007956614957
72.38471424021398,4.00310491739881,-0.09220780797641481,0.9774845502261451
72.19286671797764,4.0036905070229,-0.09162221835232476,0.977627540435528
72.00101919574129,4.004186172139299,-0.09112655323592556,0.9777485727350465
71.80917167350496,4.004767458946695,-0.09054526642852956,0.9778905122757791
71.61650077134486,4.005342291898644,-0.08997043347658096,0.978030875903784
71.42547662903227,4.005949395606203,-0.0893633297690215,0.9781791194564187
71.42547662903227,4.006620177452727,-0.08869254792249759,0.9783429120386963
71.23362910679593,4.007286657221746,-0.08802606815347858,0.97850565413282
71.04095820463583,4.007957869276022,-0.08735485609920257,0.9786695517639135
70.84911068239948,4.008485373461904,-0.08682735191332025,0.9787983585782537
70.65726316016315,4.009169924174011,-0.08614280120121354,0.9789655132641132
70.46459225800305,4.009984844835868,-0.08532788053935647,0.979164501892456
70.27356811569048,4.010711130874098,-0.0846015945011267,0.9793418475768844
70.08172059345414,4.0113668539709755,-0.08394587140424914,0.97950196308963
69.88987307121779,4.012149504616411,-0.08316322075881377,0.9796930719738395
69.69720216905769,4.01295883257751,-0.08235389279771432,0.9798906949675817
69.69720216905769,4.013700608312324,-0.0816121170629005,0.9800718229508534
69.50535464682135,4.014355900462263,-0.08095682491296152,0.9802318332342876
69.30774346511868,4.014924279558767,-0.08038844581645765,0.9803706209495656
69.1167193228061,4.015663043839327,-0.0796496815358978,0.9805510135911294
68.924048420646,4.016446985847202,-0.07886573952802234,0.9807424378022813
68.73220089840966,4.017289873708787,-0.07802285166643763,0.980948255506107
68.54035337617331,4.018157286368905,-0.0771554390063196,0.9811600617143956
68.34850585393697,4.018986836311846,-0.07632588906337823,0.9813626225439511
68.15583495177688,4.0198357478211255,-0.0754769775540991,0.9815699111116883
68.15583495177688,4.020704021635935,-0.07460870373928952,0.9817819275981046
67.96481080946428,4.021499579992263,-0.07381314538296202,0.9819761883077686
67.7721399073042,4.022151000272448,-0.07316172510277674,0.9821352531518643
67.58029238506785,4.02280156013713,-0.07251116523809475,0.9822941078983288
67.3884448628315,4.023412105506695,-0.07190061986852925,0.9824431918414871
67.19659734059518,4.024020068890567,-0.07129265648465744,0.9825916453112563
67.00474981835883,4.024671058963,-0.07064166641222425,0.9827506051065363
66.81290229612249,4.025462745449574,-0.06984997992565045,0.982943920376862
66.62105477388616,4.026320262592243,-0.06899246278298143,0.9831533102819003
66.62105477388616,4.027198862132252,-0.06811386324297253,0.9833678481203821
66.42838387172606,4.0281282328395225,-0.06718449253570213,0.9835947833435488
66.23653634948971,4.029087722524461,-0.06622500285076338,0.9838290730667716
66.04468882725337,4.029890165683176,-0.06542255969204902,0.9840250149184749
65.85284130501702,4.030626347978044,-0.0646863773971802,0.9842047770866501
65.6609937827807,4.031417604256866,-0.06389512111835849,0.9843979873081599
65.46338260107802,4.032359453206468,-0.06295327216875624,0.9846279694884624
65.27153507884168,4.033307325803766,-0.062005399571458675,0.9848594225326767
65.07886417668158,4.034169575231689,-0.06114315014353533,0.9850699679746843
65.07886417668158,4.034914363159947,-0.0603983622152775,0.9852518314801604
64.88784003436899,4.035692280780937,-0.05962044459428739,0.9854417846469039
64.69599251213266,4.036578195331083,-0.05873453004414131,0.9856581086762404
64.50332160997256,4.037461958103289,-0.05785076727193594,0.9858739072810037
64.31229746765997,4.038286775021784,-0.05702595035344071,0.9860753123930931
64.12044994542363,4.039022096901151,-0.0562906284740734,0.9862548644636373
63.927779043263534,4.039785385980247,-0.05552733939497756,0.9864412456096646
63.73510814110343,4.0406463447849195,-0.05466638059030515,0.9866514759052262
63.54408399879085,4.041524084648616,-0.053788640726608605,0.9868658038265734
63.54408399879085,4.042445710877189,-0.05286701449803566,0.9870908479905667
63.34647281708818,4.043360022834814,-0.05195270254041073,0.9873141061442016
63.15462529485184,4.044199468295205,-0.05111325708001946,0.9875190832770075
62.96195439269174,4.045090976285297,-0.05022174908992749,0.9877367731214407
62.77093025037916,4.046001415633977,-0.0493113097412472,0.9879590856552404
62.57825934821906,4.047017700133873,-0.04829502524135165,0.9882072436270598
62.38641182598272,4.048066254650191,-0.04724647072503352,0.9884632813430128
62.19456430374638,4.04901627828624,-0.046296447088984394,0.9886952596313039
62.002716781510046,4.0499482309792025,-0.04536449439602208,0.9889228253278592
62.002716781510046,4.051030345396005,-0.04428237997921958,0.9891870577538954
61.810869259273694,4.052120205030694,-0.04319252034453047,0.9894531814196014
61.61325807757103,4.053222973115464,-0.04208975225976097,0.9897224570912581
61.42141055533469,4.054273678670534,-0.041039046704690385,0.9899790200512879
61.22956303309835,4.055120438401873,-0.040192286973351976,0.990185783194452
61.037715510862014,4.056085521526757,-0.03922720384846734,0.9904214387327714
60.84586798862566,4.057218407850009,-0.03809431752521597,0.9906980687239885
60.654020466389326,4.05836118969071,-0.0369515356845147,0.9909771150184559
60.461349564229224,4.059470841838677,-0.03584188353654749,0.9912480716516555
60.27032542191664,4.060537897505833,-0.034774827869391345,0.9915086270081597
60.27032542191664,4.061406601528392,-0.03390612384683234,0.991720748543391
60.07271424021398,4.062177204878435,-0.03313552049678936,0.9919089156997765
59.88004333805388,4.063113030180341,-0.032199695194883304,0.9921374270161668
59.68819581581753,4.064078112566037,-0.031234612809187823,0.9923730823739899
59.49634829358119,4.065061266634009,-0.030251458741215487,0.9926131505040452
59.304500771344856,4.065994940897162,-0.02931778447806277,0.9928411365763584
59.112653249108504,4.066860202518529,-0.028452522856695417,0.9930524175405705
58.9199823469484,4.067676413803637,-0.027636311571587413,0.9932517213153593
58.72895820463583,4.068548129280449,-0.026764596094775328,0.9934645781922984
58.72895820463583,4.069479651765661,-0.02583307360956333,0.9936920388400384
58.53134702293316,4.070300165867464,-0.02501255950776038,0.9938923932834779
58.33867612077306,4.071149077376743,-0.024163647998481252,0.9940996818512151
58.14682859853672,4.07212534738152,-0.02318737799370485,0.9943380690197279
57.955804456224136,4.073108501449492,-0.022204223925732514,0.994578137149783
57.7639569339878,4.0740748751976295,-0.021237850177595163,0.994814107834549
57.57210941175146,4.075147954512482,-0.02016477086274282,0.9950761340549652
57.37943850959136,4.0761685418290705,-0.019144183546154103,0.9953253426954348
57.18759098735502,4.077263994903704,-0.01804873047152089,0.995592832176237
57.18759098735502,4.078416673001046,-0.016896052374178794,0.9958742949544517
56.99574346511868,4.079490183262837,-0.015822542112387872,0.9961364264041794
56.80389594288234,4.080500013168096,-0.014812712207128875,0.9963830082827748
56.612048420646005,4.081478434950815,-0.013834290424409978,0.9966219208758612
56.420200898409654,4.082447820153205,-0.012864905222019551,0.9968586269023348
56.22835337617332,4.083502398317217,-0.011810327058007886,0.9971161354821991
56.035682474013214,4.084639586717973,-0.010673138657251613,0.9973938159615702
55.84383495177688,4.085713957395265,-0.009598767979959177,0.9976561575089288
55.651164049616774,4.086783594308924,-0.008529131066300266,0.9979173431583253
55.651164049616774,4.087771051193591,-0.007541674181633873,0.998158461957031
55.45931652738042,4.088692677422165,-0.006620047953060038,0.9983835061210243
55.26829238506785,4.08962893293182,-0.005683792443404556,0.99861212248623
55.07644486283151,4.090544105304946,-0.004768620070279006,0.9988355907374956
54.88459734059517,4.09149929217319,-0.003813433202034311,0.999068829792068
54.692749818358834,4.092533217408423,-0.0027795079668013756,0.9993212953068079
54.50007891619873,4.093560258580459,-0.0017524667947652617,0.9995720798600052
54.308231393962394,4.094602788709893,-0.0007099366653315897,0.99982664653155
54.11638387172606,4.0956685537537965,0.000355828378571843,1.0000868867416075
54.11638387172606,4.096750238702036,0.0014375133268114126,1.0003510142993244
53.924536349489706,4.097770395071686,0.0024576696964615508,1.0006001177104824
53.72692516778704,4.0986920220394465,0.003379296664221876,1.0008251620549715
53.5350776455507,4.099602461388129,0.004289736012903944,1.0010474745887716
53.34323012331436,4.100532262303149,0.005219536927924651,1.0012745148607538
53.14561894161169,4.101521009811068,0.006208284435843758,1.001515948805906
52.95377141937535,4.1024908259603965,0.007178100585171876,1.001752760061691
52.761923897139006,4.103482584922569,0.00816985954734406,1.0019949293485506
52.56925299497891,4.104451540656398,0.00913881528117333,1.0022315305067053
52.56925299497891,4.105385214180362,0.01007248880513778,1.0024595163985224
52.37822885266633,4.106308561979125,0.010995836603900244,1.0026849809382732
52.186381330429995,4.107300751149047,0.011988025773822741,1.0029272552739483
51.99371042826989,4.108278311777076,0.01296558640185097,1.0031659575889074
51.80186290603354,4.10919133311145,0.013878607736224957,1.0033889005960963
51.610015383797204,4.110061757965009,0.014749032589784328,1.0036014423265889
51.41816786156087,4.11094078771277,0.015628062337545323,1.0038160852138864
51.226320339324516,4.111718275865199,0.016405550489974274,1.004005933512311
51.033649437164414,4.112568908205481,0.017256182830256428,1.00421364227531
50.84262529485184,4.113397597732921,0.01808487235769629,1.0044159930072347
50.84262529485184,4.114191435258246,0.01887870988302165,1.0046098335216371
50.6507777726155,4.115148773904433,0.01983604852920795,1.0048435980007828
50.453166590912836,4.116032966884388,0.02072024150916363,1.0050595016543615
50.260495688752734,4.116863807450581,0.021551082075355943,1.005262377630363
50.06370788697383,4.117853415374001,0.022540689998776564,1.0055040216731461
49.87186036473748,4.1189247738578505,0.02361204848262588,1.0057656276983005
49.68001284250114,4.1198747974939,0.024562072118675005,1.0059976059865916
49.48734194034104,4.120828263531143,0.02551553815591845,1.0062304248459024
49.48734194034104,4.121654801280641,0.026342075905416706,1.0064322501532537
49.2954944181047,4.122135837115956,0.026823111740731598,1.0065497102515593
49.09788323640204,4.121083840198446,0.025771114823221808,1.0062928319645872
48.9060357141657,4.122022246746855,0.02670952137163063,1.00652197357387
48.71418819192935,4.123799669287093,0.02848694391186868,1.0069559874476395
48.51740039015045,4.125366692148155,0.030053966772930707,1.0073386255918166
48.324729487990346,4.126527975878883,0.031215250503658254,1.0076221897073314
48.13288196575401,4.12748402316263,0.03217129778740535,1.007855638859535
47.941034443517665,4.128323468623021,0.033010743247796626,1.0080606159923409
47.941034443517665,4.129159472421407,0.033846747046182735,1.0082647527346233
47.74836354135757,4.130081098649979,0.034768373274754794,1.0084897968986164
47.55733939904498,4.13095066308804,0.035637937712815315,1.0087021285314786
47.36549187680864,4.131632632553643,0.036319907178418376,1.0088686529244457
47.17364435457229,4.1321605669472765,0.0368478415720519,1.0089975647876013
46.98179683233595,4.132645904860097,0.03733317948487258,1.0091160753740611
46.78994931009962,4.133252577620718,0.037939852245493455,1.0092642136973844
46.59727840793952,4.1339853175143935,0.03867259213916885,1.0094431352945399
46.405430885703176,4.1347800161944095,0.039467290819184875,1.0096371860870694
46.21358336346684,4.135494254937245,0.04018152956202048,1.0098115900436735
46.21358336346684,4.136069949043885,0.040757223668660636,1.009952163949806
46.021735841230495,4.136713624106183,0.041400898730958424,1.0101093375542316
45.82988831899415,4.137406780451679,0.04209405507645414,1.0102785935773921
45.638040796757814,4.138039268634085,0.04272654325886016,1.0104330355516244
45.44536989459771,4.138591728565441,0.04327900319021616,1.0105679360997397
45.25352237236137,4.139162258700696,0.04384953332547159,1.0107072490590945
45.06167485012503,4.1397852815734035,0.044472556198178914,1.010859379778892
44.86982732788869,4.140441434878031,0.045128709502806785,1.011019600340453
44.67797980565235,4.141020570646675,0.04570784527145033,1.0111610146371086
44.67797980565235,4.141557971089195,0.04624524571397082,1.0112922379351954
44.48613228341601,4.142080312042883,0.046767586667658456,1.0114197839832546
44.29428476117967,4.142436140421456,0.04712341504623119,1.0115066707248623
44.10243723894333,4.143005379933459,0.04769265455823479,1.0116456685377708
43.90976633678323,4.143564293720262,0.0482515683450373,1.0117821449986133
43.717918814546884,4.144205387536057,0.04889266216083232,1.0119386883101467
43.52524791238679,4.144781942058196,0.04946921668297133,1.0120794723139095
43.3342237700742,4.145142503461213,0.04982977808598843,1.012167514772983
43.1415528679141,4.145589118241356,0.05027639286613095,1.012276569883079
43.1415528679141,4.146048639993201,0.05073591461797644,1.0123887766381328
42.95052872560152,4.146327881782726,0.05101515640750165,1.0124569623441462
42.758681203365185,4.146655312753822,0.051342587378597315,1.0125369149614558
42.56683368112885,4.147138069420139,0.051825344044914345,1.012654795255023
42.374162778968746,4.147774861158428,0.05246213578320358,1.0128102880784022
42.1823152567324,4.148297202112115,0.05298447673689033,1.0129378341264612
41.990467734496065,4.148680567482664,0.0533678421074395,1.0130314448947362
41.79862021225972,4.14900842866151,0.05369570328628548,1.0131115025608615
41.60100903055705,4.1493152074430135,0.054002482067788904,1.0131864122935426
41.60100903055705,4.149807860365969,0.0544951349907441,1.0133067090708563
41.409161508320715,4.150260498054619,0.054947772679394546,1.013417234864368
41.21731398608437,4.150653759681807,0.05534103430658277,1.01351326211639
41.02546646384803,4.150996250141738,0.05568352476651306,1.013596891983728
40.83279556168793,4.151440282936185,0.056127557560960106,1.013705316620434
40.641771419375345,4.151753945780887,0.05644122040566213,1.0137819073146583
40.44910051721525,4.152085679568675,0.056772954193450076,1.013862910600618
40.258076374902664,4.152490988491256,0.05717826311603158,1.0139618795804641
40.06540547274256,4.152850690217962,0.05753796484273721,1.0140497121224035
39.873557950506225,4.153093359174371,0.05778063379914666,1.0141089674156332
39.873557950506225,4.153245672676151,0.057932947300926685,1.0141461595696868
39.68171042826989,4.15344660630644,0.05813388093121574,1.0141952238643483
39.489862906033544,4.153752093725505,0.05843936835027996,1.014269818270087
39.29801538379721,4.154016276026195,0.05870355065097055,1.0143343267260725
39.10616786156086,4.154216779448732,0.05890405407350752,1.0143832859719182
38.914320339324526,4.1543798496226545,0.05906712424742988,1.01442310470735
38.71588577769809,4.154493869460317,0.05918114408509201,1.0144509462533584
38.52403825546175,4.154686627664969,0.05937390228974415,1.0144980142595348
38.33219073322541,4.154919401103928,0.059606675728703706,1.014554853249514
38.33219073322541,4.155090215756547,0.05977749038132263,1.0145965630441192
38.14034321098907,4.155303626889979,0.05999090151475439,1.0146486741154201
37.948495688752736,4.155551889286335,0.060239163911110616,1.0147092952237466
37.75664816651639,4.1556542927755435,0.06034156740031893,1.0147343002712426
37.56480064428005,4.155670211940693,0.06035748656546858,1.0147381874384058
37.372129742119945,4.155775626884155,0.06046290150892997,1.0147639278276093
37.18110559980737,4.156028622304957,0.06071589692973234,1.0148257046534022
36.98925807757103,4.156238161568632,0.060925436193407734,1.014876870285364
36.7908235159446,4.156371112764886,0.06105838738966174,1.0149093345207398
36.7908235159446,4.156507937309271,0.06119521193404598,1.0149427445564463
36.598975993708265,4.1565049251158275,0.06119219974060286,1.014942009034242
36.407128471471914,4.1564674926064,0.06115476723117563,1.014932868704324
36.21528094923558,4.156544079195446,0.06123135382022138,1.014951569739918
36.02343342699923,4.156732105114841,0.06141937973961653,1.0149974822091246
35.831585904762896,4.156775991479717,0.06146326610449204,1.0150081984517705
35.63973838252656,4.1567088702003705,0.06139614482514588,1.0149918086706116
35.44789086029022,4.156705858746116,0.06139313337089103,1.0149910733289034
35.25604333805387,4.156732965530343,0.061420240155118044,1.0149976923067556
35.25604333805387,4.156644330906715,0.06133160553149075,1.014976049362841
35.06337243589377,4.156553115036584,0.061240389661359806,1.014953776126034
34.8723482935812,4.156490726781683,0.061178001406458016,1.014938542062341
34.679677391421095,4.1564963202216285,0.0611835948464039,1.0149399078774377
34.48782986918475,4.156484702394799,0.06117197701957444,1.014937071017933
34.29104206740584,4.156427907579842,0.061115182204617646,1.0149232027693362
34.09837116524574,4.156280757310255,0.06096803193503053,1.0148872713815633
33.9065236430094,4.156200728320017,0.06088800294479224,1.0148677297749498
33.7138527408493,4.156140491103867,0.060827765728642014,1.0148530209553335
33.7138527408493,4.15610348880219,0.0607907634269651,1.0148439856742308
33.52200521861296,4.1560049579219225,0.060692232546697866,1.0148199262465694
33.33098107630038,4.155910729858349,0.06059800448312469,1.0147969174875584
33.13913355406404,4.155775196676404,0.060462471301179654,1.014763822778794
32.947286031827694,4.155471860296095,0.06015913492087055,1.0146897536171329
32.7546151296676,4.155134963276112,0.05982223790088703,1.0146074895648918
32.562767607431255,4.155154325581641,0.0598416002064166,1.0146122174835706
32.37092008519492,4.155261891563858,0.05994916618863311,1.0146384831168518
32.17907256295858,4.155247262282773,0.0599345369075488,1.014634910915639
32.17907256295858,4.15510441482988,0.05979168945465574,1.0146000301965163
31.986401660798478,4.154927145582627,0.05961442020740204,1.0145567443086876
31.795377518485893,4.154701256946052,0.059388531570827574,1.0145015864607474
31.603529996249552,4.154531732916685,0.05921900754146048,1.0144601918125886
31.411682474013215,4.154449121940753,0.05913639656552849,1.014440019732586
31.219011571853112,4.154360917524876,0.05904819214965151,1.0144184818374868
31.027164049616776,4.1541875216257536,0.05887479625052894,1.0143761417499892
30.834493147456673,4.1538742889888045,0.05856156361357989,1.014299656104581
30.643469005144087,4.153549009056462,0.058236283681237566,1.0142202287313484
30.451621482907747,4.15332441104314,0.05801168566791581,1.0141653860298545
30.451621482907747,4.153165213478161,0.057852488102936306,1.0141265129142576
30.258950580747648,4.152999131110798,0.05768640573557349,1.014085958656622
30.06792643843507,4.152731936616664,0.05741921124143978,1.0140207146784326
29.876078916198733,4.152371375213646,0.05705864983842179,1.0139326722193587
29.68340801403863,4.152004359955183,0.05669163457995818,1.0138430538475578
29.491560491802282,4.15169715096593,0.056384425590705334,1.0137680390660615
29.29971296956594,4.151432538457488,0.05611981308226355,1.013703425561261
29.107865447329605,4.151278504124704,0.05596577874947961,1.0136658132119452
28.916017925093264,4.1510186239015185,0.05570589852629393,1.0136023552441138
28.916017925093264,4.150676993857091,0.05536426848186604,1.0135189354744072
28.724170402856927,4.150368064776024,0.05505533940079932,1.0134435006781455
28.531499500696825,4.150052680361133,0.05473995498590867,1.0133664896081638
28.34047535838424,4.149638766544352,0.054326041169127315,1.013265419471513
28.147804456224137,4.149162893941231,0.05385016856600622,1.0131492201394883
27.9559569339878,4.148815670456858,0.053502945081633335,1.013064434554685
27.76410941175146,4.1484959839644615,0.05318325858923689,1.0129863729965491
27.57143850959136,4.148157366113478,0.05284464073825301,1.012903688749047
27.38041436727878,4.147798525541461,0.052485800166236274,1.0128160664852346
27.38041436727878,4.147462919144731,0.05215019376950636,1.0127341175794404
27.187743465118682,4.14715054766247,0.051837822287245316,1.0126578422121588
26.99589594288233,4.146766321137231,0.051453595762006366,1.0125640211657565
26.804048420645994,4.14740268192858,0.05208995655335524,1.0127194087598237
26.612200898409654,4.147323513353842,0.05201078797861758,1.012700077250841
26.420353376173317,4.14657399314033,0.05126126776510542,1.0125170582083958
26.228505853936976,4.145883418780527,0.050570693405302514,1.012348432658624
26.03665833170064,4.145394638466513,0.0500819130912884,1.0122290815011445
25.84481080946429,4.145022459975855,0.04970973460063011,1.0121382023630627
25.65296328722795,4.1445465873727345,0.0492338619975099,1.012022003031038
25.65296328722795,4.143678743765675,0.04836601839045063,1.0118100915934374
25.46029238506785,4.143302262458324,0.047989537083099165,1.011718161786705
25.26844486283151,4.14310821363042,0.047795488255195195,1.0116707786340824
25.07659734059517,4.142796271616722,0.04748354624149709,1.0115946081351204
24.884749818358834,4.142429686566009,0.04711696119078468,1.011505094812135
24.692902296122487,4.142125059562447,0.04681233418722197,1.011430710504027
24.501054773886146,4.1416780145745555,0.04636528919933092,1.0113215503451163
24.30920725164981,4.141180199158591,0.04586747378336664,1.0111999929820168
24.116536349489706,4.1406823830034405,0.045369657628215876,1.0110784354384217
24.116536349489706,4.140127772033332,0.04481504665810743,1.0109430096462295
23.925512207177132,4.139692775080021,0.04438004970479614,1.0108367913956389
23.73284130501703,4.1392108788292035,0.04389815345397885,1.010719121199702
23.54099378278069,4.138562470003274,0.043249744628049314,1.0105607916973145
23.34914626054434,4.1382070718324515,0.042894346457226895,1.0104740100045222
23.156475358384238,4.1380259307154414,0.04271320534021683,1.0104297786773544
22.9646278361479,4.1379119108777775,0.04259918550255293,1.0104019371313457
22.773603693835327,4.137465726305387,0.0421530009301625,1.0102929870700657
22.581756171598986,4.1369050916875825,0.041592366312357854,1.0101560904139615
22.581756171598986,4.13627733652962,0.040964611154395314,1.0100028041571947
22.389085269438887,4.135702502838484,0.040389777463259335,1.0098624403486938
22.197237747202536,4.135190058141435,0.03987733276621075,1.0097373107843814
22.0053902249662,4.134622539460434,0.03930981408520928,1.0095987331667347
21.81354270272986,4.134099768298997,0.03878704292377222,1.0094710820698602
21.62169518049352,4.1335296676323035,0.038216942257078834,1.0093318739788246
21.42902427833342,4.13296171874355,0.03764899336832528,1.009193191312362
21.238000136020844,4.132318043681252,0.03700531830602749,1.0090360177079363
21.04532923386073,4.131865405253415,0.03655267987819055,1.008925491733929
20.853481711624394,4.131562068873104,0.03624934349787967,1.0088514225722673
20.853481711624394,4.131280676044827,0.03596795066960201,1.0087827116221768
20.661634189388053,4.130823305331734,0.03551057995650897,1.0086710301112
20.469786667151716,4.12975797049558,0.03444524512035496,1.0084108949499575
20.277939144915376,4.129295866758041,0.03398314138281666,1.0082980577215146
20.085268242755276,4.129080734054421,0.03376800867919627,1.0082455262744563
19.894244100442688,4.128776107050858,0.03346338167563356,1.0081711419663482
19.70157319828259,4.128356168847193,0.033043443471968637,1.0080686007852895
19.509725676046248,4.127945266484665,0.03263254110944036,1.0079682659903464
19.31787815380991,4.127493059003767,0.032180333628542,1.0078578452456506
19.31787815380991,4.12692855177702,0.03161582640179539,1.0077200029697118
19.12603063157357,4.126415246664472,0.031102521289247065,1.007594663307769
18.934183109337233,4.125965620430076,0.03065289505485147,1.0074848728559656
18.74151220717713,4.125571067440447,0.030258342065222266,1.007388530277001
18.550488064864545,4.125217820308377,0.0299050949331523,1.0073022738282855
18.357817162704443,4.124793580027207,0.02948085465198247,1.0071986821590728
18.165969640468106,4.124387840896875,0.029075115521650652,1.0070996081304113
17.974945498155527,4.12402857011711,0.028715844741885377,1.007011880817784
17.78227459599543,4.1236533794330095,0.028340654057784853,1.0069202661574979
17.78227459599543,4.123236883630535,0.027924158255310694,1.0068185655474582
17.590427073759088,4.122740788306387,0.027428062931162067,1.0066974281991246
17.39857955152274,4.12217972422002,0.026866998844795376,1.0065604266747012
17.2067320292864,4.121721492352237,0.026408766977012554,1.0064485348855972
17.0140611271263,4.121347592291388,0.02603486691616297,1.0063572353717571
16.823036984813722,4.120973692969725,0.02566096759450076,1.0062659360384132
16.631189462577385,4.120590327599176,0.02527760222395159,1.006172325270138
16.439341940341045,4.120186309299847,0.0248735839246228,1.0060736714367384
16.246671038180935,4.119732380248759,0.024419654873534036,1.0059628303162846
16.054823515944594,4.1192466113889985,0.023933886013773886,1.005844214500513
16.054823515944594,4.1188176380833825,0.02350491270815791,1.0057394671138342
15.862975993708258,4.118445459592725,0.023132734217500506,1.0056485879757524
15.671128471471919,4.11799497220364,0.02268224682841513,1.0055385872458218
15.478457569311818,4.117508343667567,0.022195618292342623,1.0054197615129157
15.287433426999241,4.1169834207281895,0.02167069535296484,1.0052915849914683
15.095585904762892,4.116549284190379,0.021236558815154183,1.0051855768385083
14.902915002602791,4.116142254436796,0.020829529061571428,1.0050861876634007
14.711067480366452,4.115690906632209,0.02037818125698454,1.0049759768358393
14.519219958130114,4.115197393293752,0.019884667918526944,1.0048554699608943
14.519219958130114,4.11477143144239,0.01945870606716582,1.0047514579159234
14.327372435893775,4.1143953803427875,0.019082654967562895,1.0046596331580062
14.134701533733674,4.114046005819661,0.018733280444436673,1.0045743223291257
13.943677391421087,4.113652313984723,0.018339588609498136,1.0044781900282884
13.746066209718421,4.11325604090328,0.01794331552805506,1.0043814274345584
13.554218687482082,4.11285030103376,0.017537575658534976,1.0042823532254006
13.361547785321982,4.112489309422991,0.017176584047766674,1.0041942057175115
13.169700263085643,4.112218673266853,0.016905947891628692,1.0041281213487987
12.972912461306729,4.111864135511532,0.016551410136307787,1.0040415497536372
12.972912461306729,4.111494538267377,0.01618181289215226,1.0039513009084475
12.78106493907039,4.111080623711407,0.01576789833618264,1.0038502305913006
12.58839403691029,4.110649068420101,0.015336343044876521,1.0037448527312334
12.397369894597713,4.110268285035244,0.014955559660019269,1.003651872436347
12.204698992437612,4.109878034862308,0.014565309487083233,1.0035565805260327
12.012851470201273,4.109492087506065,0.014179362130840367,1.0034623392843685
11.821003947964924,4.109053648151562,0.013740922776337428,1.0033552804627583
11.629156425728585,4.108603161501666,0.013290436126441207,1.0032452799133242
11.437308903492246,4.108282184386019,0.012969459010794715,1.0031669032087425
11.437308903492246,4.108034782405163,0.012722057029938227,1.0031064921980464
11.245461381255907,4.10768755892079,0.012374833545565345,1.0030217066132432
11.052790479095806,4.107283110413711,0.011970385038486242,1.0029229477310282
10.855179297393141,4.106851985330154,0.011539259954929548,1.0028176749197761
10.663331775156792,4.10635416991419,0.011041444538965273,1.0026961175566766
10.471484252920453,4.105969082973449,0.010656357598224808,1.0026020864126435
10.279636730684114,4.105648966273304,0.010336240898078941,1.0025239198056926
10.087789208447775,4.105319814471207,0.010007089095982025,1.0024435469931212
9.895941686211437,4.1050177687141485,0.009705043338923858,1.002369792977906
9.895941686211437,4.104857709994481,0.009544984619256347,1.0023307095841825
9.704094163975098,4.104683883148418,0.009371157773193417,1.002288264267373
9.51224664173875,4.104266526930444,0.00895380155521952,1.0021863535597026
9.320399119502412,4.103797108182771,0.008484382807546709,1.0020717301404056
9.128551597266073,4.103405568125772,0.008092842750547113,1.001976123264141
8.93588069510597,4.103102661953212,0.007789936577987433,1.001902159151295
8.744033172869631,4.102851817571165,0.007539092195940178,1.00184090756958
8.552185650633293,4.102541166919907,0.007228441544682163,1.00176505239756
8.360338128396945,4.102163825197053,0.006851099821828299,1.001672912493197
8.167667226236844,4.101815741297179,0.006503015921954791,1.0015879168107629
8.167667226236844,4.101559733682936,0.006247008307711077,1.0015254044627664
7.976643083924267,4.101316204311025,0.006003478935800111,1.0014659390719056
7.783972181764166,4.101053312633584,0.005740587258359575,1.0014017457623663
7.592948039451589,4.100762883964168,0.005450158588943488,1.00133082842616
7.401100517215251,4.100435883200824,0.005123157825599023,1.0012509808576657
7.20842961505515,4.100192353828913,0.004879628453688056,1.001191515466805
7.0165820928188,4.100056389700029,0.004743664324804442,1.0011583155287291
6.824734570582462,4.099890308071854,0.004577582696629001,1.0011177614515896
6.632063668422361,4.099707445384653,0.004394720009428532,1.0010731097486643
6.632063668422361,4.099479835917078,0.0041671105418537024,1.0010175317054626
6.435275866643458,4.099270296653401,0.00395757127817653,1.0009663660735002
6.2434283444071195,4.099124867214818,0.0038121418395933304,1.0009308548809894
6.05158082217077,4.098887361490602,0.003574636115377672,1.0008728603540404
5.859733299934431,4.098647704727632,0.0033349793524077853,1.0008143405830143
5.667885777698093,4.098417513274366,0.003104787899141037,1.000758132066424
5.476038255461754,4.098164517114378,0.0028517917391530645,1.0006963550601358
5.284190733225415,4.0979975750707,0.002684849695475222,1.000655590885365
5.091519831065314,4.097869356159705,0.002556630784479985,1.0006242821869593
5.091519831065314,4.097697680352395,0.002384954977170395,1.0005823621142271
4.899672308828965,4.097553972484,0.0022412471087758234,1.0005472712974735
4.707824786592626,4.097480397349209,0.002167671973984042,1.0005293056035873
4.515977264356287,4.097367237927047,0.0020545125518225404,1.0005016741552097
4.3233063621961865,4.097248484325751,0.0019357589505260009,1.000472676711239
4.13228221988361,4.097135324903589,0.0018225995283644991,1.0004450452628615
3.9404346976472713,4.0970518535121565,0.001739128136931889,1.000424663085228
3.7477637954871703,4.096857804684253,0.0015450793090288073,1.0003772799326056
3.555916273250821,4.096861677293197,0.001548951917972552,1.0003782255524407
3.555916273250821,4.097247623910249,0.0019348985350244874,1.0004724666136082
3.364068751014482,4.097131883241584,0.0018191578663593333,1.0004442048723379
3.172221228778144,4.096857804684253,0.0015450793090288073,1.0003772799326056
2.9803737065418052,4.096559201328387,0.001246475953162296,1.0003043664884097
2.7885261843054665,4.0963582676981,0.001045542322875015,1.0002553021937486
2.595855282145365,4.096230048787103,0.0009173234118780016,1.0002239934953427
2.3982441004426893,4.096164649077948,0.0008519237027231341,1.0002080240899418
2.2063965782063506,4.096107423316051,0.0007946979408259836,1.000194050612033
2.015372435893774,4.096134530100277,0.000821804725052111,1.000200669589885
1.8227015337336732,4.096053210486786,0.0007404851115611066,1.000180812836825
1.8227015337336732,4.0958023661047385,0.0004896407295138516,1.00011956125511
1.6308540114973344,4.095608747484587,0.0002960221093619708,1.0000722831513031
1.4390064892609853,4.095579919130169,0.0002671937549445502,1.0000652437976931
1.2471589670246466,4.095602292889952,0.0002895675147271959,1.0000707070580797
1.0553114447883079,4.09555281308513,0.00024008770990580075,1.0000586250003372
0.8634639225519692,4.095527857339658,0.00021513196443301297,1.0000525312665625
0.6716164003156305,4.0955519519304415,0.00023922655521690928,1.0000584147222102
0.47976887807929186,4.095579919130169,0.0002671937549445502,1.0000652437976931
0.2870979759191803,4.09553129974085,0.00021857436562555677,1.000053371837582
0.2870979759191803,4.095409964893051,9.723951782625306e-05,1.0000237441007187
0.09525045368284157,4.095312725375225,0.0,1.0
-0.09659706855349713,4.0953781250843795,6.539970915486748e-05,1.000015969405401
-0.28844459078983586,4.09580322652024,0.0004905011450153651,1.000119771352741
-0.481115492949937,4.095796342457043,0.0004836170818185437,1.0001180903911981
-0.6729630151862757,4.09562165519548,0.0003089298202549884,1.000075434976758
-0.8648105374226144,4.095549370683939,0.00023664530871414513,1.000057784429318
-1.0615983392015278,4.095492145661232,0.00017942028600703708,1.0000438111319059
-1.2534458614378665,4.095521833691961,0.00020910831673681685,1.0000510604026505
-1.2534458614378665,4.095463318046003,0.0001505926707787708,1.0000367719587921
-1.4461167635979677,4.0954207215651905,0.00010799618996593097,1.0000263706820964
-1.637140905910544,4.095503762748873,0.00019103737364822848,1.0000466478109142
-1.828988428146893,4.095660379067349,0.0003476536921240836,1.0000848906336188
-2.0216593303069943,4.095777410359266,0.00046468498404106384,1.0001134675213352
-2.213506852543333,4.095876371447282,0.0005636460720577219,1.000137631997812
-2.4053543747796717,4.095864324151891,0.0005515987766662178,1.0001346902699881
-2.5972018970160105,4.095924131160289,0.0006114057850643562,1.0001492940407886
-2.7898727991761114,4.09614829896586,0.0008355735906357964,1.000204031693467
-2.7898727991761114,4.096360418736851,0.0010476933616265782,1.0002558274378255
-2.980896941488688,4.096423668146444,0.0011109427712190367,1.0002712717796458
-3.173567843648799,4.096415062513056,0.0011023371378318103,1.0002691704423454
-3.3645919859613755,4.096418074706497,0.001105349331272265,1.000269905964549
-3.5572628881214765,4.096469706289259,0.0011569809140343779,1.0002825134468647
-3.7491104103578152,4.09658157508817,0.0012688497129449416,1.0003098297487962
-3.940957932594154,4.096775623916072,0.0014628985408471351,1.0003572129014184
-4.133628834754255,4.096969243275414,0.0016565179001890584,1.000404491185722
-4.324652977066842,4.097069064039743,0.0017563386645180756,1.000428865579333
-4.516500499303181,4.097237297445861,0.0019245720706360103,1.0004699450810461
-4.516500499303181,4.097485560581404,0.002172835206179613,1.0005305663698687
-4.7083480215395195,4.0976869236802544,0.0023741983050298288,1.0005797355328492
-4.9010189236996204,4.097818584992444,0.002505859617219386,1.0006118848022747
-5.092866445935959,4.098060393533354,0.002747668158129102,1.000670929997874
-5.28553734809606,4.098251000699252,0.0029382753240270176,1.0007174727599728
-5.476561490408647,4.098425687960815,0.003112962585590573,1.0007601281744132
-5.668409012644986,4.098653298167579,0.003340572792354557,1.0008157063981111
-5.860256534881325,4.098804321046108,0.0034915956708836404,1.0008525834057187
-6.052104057117663,4.099021173841543,0.003708448466318792,1.0009055348675429
-6.052104057117663,4.099273739054594,0.003961013679369074,1.0009672066445197
-6.244774959277764,4.099439390475018,0.004126665099793314,1.0010076556728438
-6.436622481514103,4.099616229514523,0.004303504139298475,1.0010508365118573
-6.628470003750442,4.099716911433543,0.00440418605831816,1.001075421183596
-6.820317525986791,4.099378723790307,0.0040659984150828166,1.0009928419849086
-7.01216504822313,4.099577075434904,0.004264350059679067,1.001041275806181
-7.204012570459458,4.100023260007295,0.0047105346320703845,1.0011502258674614
-7.396683472619579,4.100441046433019,0.005128321057794594,1.0012522416239469
-7.587707614932156,4.10085539119674,0.005542665821515413,1.0013534169899094
-7.587707614932156,4.1011165613039875,0.005803835928762879,1.0014171899236903
-7.780378517092257,4.101364823700344,0.006052098325119104,1.001477811032017
-7.9722260393285955,4.101585549843912,0.006272824468687155,1.0015317082941724
-8.164073561564935,4.101846289743409,0.006533564368184308,1.001595376179138
-8.355921083801274,4.102115635276296,0.006802909901071352,1.0016611454014048
-8.547768606037613,4.102409505607717,0.0070967802324926055,1.0017329031281348
-8.741262888121476,4.102683584165049,0.00737085878982402,1.0017998280678673
-8.93146365051029,4.103060065472401,0.0077473400971763695,1.0018917578745996
-9.123311172746629,4.103306176830004,0.007993451454779255,1.001951853738849
-9.315158694982967,4.103565626106251,0.008252900731026358,1.0020152064773686
-9.315158694982967,4.103823784759246,0.008511059384021635,1.002078244069442
-9.507829597143068,4.1041701478281185,0.008857422452893893,1.0021628195566146
-9.699677119379407,4.104551362159917,0.009238636784692389,1.002255905080813
-9.891524641615765,4.104711850348146,0.009399124972921058,1.0022950933428558
-10.083372163852104,4.105007012042007,0.009694286666782403,1.0023671663965281
-10.275219686088443,4.105465243170602,0.010152517795376959,1.0024790580051361
-10.467067208324782,4.105904113472044,0.010591388096819365,1.0025862220560577
-10.65891473056112,4.106219927355498,0.010907201980272951,1.0026633379943588
-10.851585632721223,4.106534450615698,0.011221725240473823,1.0027401387862134
-10.851585632721223,4.106831763348314,0.011519037973089397,1.0028127370839632
-11.043433154957562,4.107166078382606,0.011853353007380996,1.0028943706628155
-11.2352806771939,4.107557188971042,0.012244463595817656,1.0029898726707607
-11.42712819943024,4.1079758365514545,0.012663111176229869,1.0030920987053729
-11.618975721666578,4.108354468897559,0.01304174352233467,1.0031845537561823
-11.816586903369252,4.1086638289255655,0.01335110355034086,1.0032600937817557
-12.008434425605591,4.109084197336981,0.013771471961756099,1.0033627400116298
-12.20028194784193,4.1094460493632505,0.014133323988025914,1.0034510976171498
-12.39295285000203,4.1097678868944,0.014455161519175697,1.0035296844193629
-12.39295285000203,4.110158567275085,0.014845841899860268,1.0036250813784924
-12.58480037223837,4.110617659558369,0.015304934183144603,1.0037371832652273
-12.776647894474708,4.111019095872008,0.01570637049678325,1.0038352066252387
-12.968495416711047,4.11139600738711,0.016083282011885025,1.0039272414807863
-13.160342938947407,4.11169030866547,0.016377583290245745,1.003999104436828
-13.352190461183746,4.112081849461657,0.01676912408643272,1.0040947114935883
-13.5498016428864,4.1125706297756714,0.017257904400446833,1.0042140626510678
-13.74164916512274,4.113049944040797,0.017737218665572207,1.004331102373616
-13.933496687359078,4.113421262115954,0.018108536740728987,1.004421771414067
-13.933496687359078,4.113735785376155,0.018423060000930747,1.0044985722059219
-14.126167589519179,4.114169921913966,0.018857196538741405,1.004604580358882
-14.318015111755539,4.114565335319096,0.019252609943871235,1.0047011330354771
-14.509862633991878,4.114825645010844,0.019512919635618964,1.0047646958716274
-14.701710156228216,4.115494275818615,0.020181550443390428,1.0049279632098282
-14.893557678464555,4.115938308613064,0.02062558323783925,1.005036387846535
-15.085405200700894,4.115977462692685,0.020664737317460435,1.0050459485522114
-15.277252722937233,4.116134939426659,0.02082221405143425,1.005084401472546
-15.469100245173571,4.116412460385185,0.021099735009959986,1.0051521669832983
-15.469100245173571,4.116817769307764,0.021505043932539714,1.0052511359631442
-15.66094776740991,4.117304397843837,0.021991672468612222,1.0053699616960503
-15.852795289646249,4.117386148404268,0.022073423029043582,1.0053899236784223
-16.04546619180635,4.117832332237469,0.022519606862243968,1.0054988735592056
-16.236490334118926,4.118533233061663,0.02322050768643802,1.0056700206415399
-16.421750816965186,4.119179059901902,0.023866334526677413,1.005827719670539
-16.421750816965186,4.1196497692728276,0.02433704389760294,1.0059426582362823
-16.421750816965186,4.11985586613531,0.02454314076008579,1.0059929832972248
-16.421750816965186,4.119900613654876,0.024587888279651082,1.0060039098179976
-16.421750816965186,4.119931162101107,0.024618436725882376,1.006011369186373
-16.421750816965186,4.119969025557473,0.02465630018224818,1.0060206147456026
-16.421750816965186,4.12004561214652,0.024732886771295703,1.006039315781197
-16.421750816965186,4.120064544244297,0.024751818869072295,1.0060439386510598
