Angle (degree),rho (mOhm cm),Delta rho (mOhm cm),rho/rho(theta=0)
101.81215909565053,4.551530480970916,-0.09396814005888654,0.9797722165639012
101.81215909565053,4.551549352002873,-0.0939492690269299,0.9797762787827277
101.81215909565053,4.551579373094434,-0.09391924793536877,0.9797827411873068
101.81215909565053,4.551609394185997,-0.09388922684380585,0.9797892035918864
101.81215909565053,4.551635555896589,-0.0938630651332133,0.9797948352178381
101.81215909565053,4.551605534805027,-0.09389308622477532,0.9797883728132587
101.6496196949846,4.551567364657811,-0.09393125637199162,0.9797801562254755
101.48132668721546,4.551588379790306,-0.09391024123949698,0.9797846799879839
101.31447208122212,4.5516295516782765,-0.09386906935152606,0.9797935427369221
101.31447208122212,4.551618400881868,-0.09388022014793496,0.9797911423925633
101.14617907345297,4.55151203949587,-0.09398658153393225,0.979768246812417
100.97860526657173,4.55139366967325,-0.09410495135655239,0.9797427662704393
100.81175066057838,4.551301032004309,-0.09419758902549358,0.9797228248870705
100.64345765280925,4.551263291414004,-0.09423532961579895,0.9797147007666296
100.47588384592798,4.551178802800719,-0.0943198182290832,0.9796965135664653
100.30831003904675,4.551172369025494,-0.09432625200430866,0.9796951286182066
100.1400170312776,4.551155214010772,-0.09434340701903032,0.9796914357929318
99.97316242528426,4.551119617521006,-0.0943790035087968,0.9796837732161731
99.97316242528426,4.551120046341114,-0.09437857468868849,0.9796838655249096
99.80486941751512,4.551056144040216,-0.09444247698958641,0.979670109778517
99.63801481152178,4.550977230825135,-0.09452139020466799,0.9796531227505316
99.46972180375263,4.550882877875763,-0.09461574315403976,0.9796328121322172
99.3021479968714,4.5509034634513466,-0.09459515757845605,0.9796372434273833
99.13025898466273,4.5509227633034115,-0.0945758577263911,0.9796413979549464
98.96196597689358,4.5508785889378816,-0.09462003209192105,0.9796318888862471
98.79439217001234,4.550805679941114,-0.09469294108868898,0.9796161943391778
98.62681836313111,4.5508241214161576,-0.09467449961364505,0.9796201640906617
98.62681836313111,4.550896601592818,-0.09460201943698454,0.9796357663289945
98.45924455624986,4.550929625161939,-0.09456899586786349,0.979642875053335
98.29167074936862,4.550939060677917,-0.09455956035188517,0.9796449061627482
98.12409694248738,4.550961362270737,-0.0945372587590656,0.9796497068514662
97.95580393471823,4.550824979056374,-0.09467364197342842,0.9796203487081347
97.7889493287249,4.550680448259964,-0.0948181727698385,0.9795892366988111
97.62065632095575,4.550463865370197,-0.09503475565960517,0.9795426146012851
97.4530825140745,4.550153358351166,-0.09534526267863619,0.9794757741941811
97.28550870719324,4.55010875516553,-0.09538986586427267,0.9794661728167455
97.11793490031201,4.550112615283304,-0.0953860057464988,0.9794670037539794
97.11793490031201,4.550054717200719,-0.09544390382908396,0.9794545404885028
96.95036109343077,4.550001964959426,-0.0954966560703765,0.9794431849278631
96.78206808566162,4.55007573159641,-0.09542288943339283,0.9794590640924052
96.61521347966828,4.549962508351886,-0.09553611267791684,0.9794346914138705
96.44692047189913,4.549804253101615,-0.09569436792818742,0.9794006250491634
96.2793466650179,4.549625411538959,-0.09587320949084344,0.9793621272306845
96.11177285813666,4.54942126664273,-0.09607735438707277,0.9793181825623328
95.94347985036751,4.549352645847039,-0.0961459751827638,0.9793034111026276
95.77662524437417,4.5493839541357275,-0.09611466689407511,0.9793101505920222
95.77662524437417,4.549551644901975,-0.09594697612782799,0.9793462480661422
95.60905143749294,4.549733488205387,-0.09576513282441557,0.9793853920457765
95.44003922883589,4.549738205963376,-0.09576041506642685,0.9793864076004829
95.27318462284252,4.549742494901257,-0.09575612612854556,0.9793873308464531
95.10561081596128,4.549757934635548,-0.09574068639425448,0.9793906544367823
94.93803700908005,4.549689313839857,-0.09580930718994551,0.9793758829770771
94.7704632021988,4.549698749355835,-0.0957998716739672,0.9793779140864903
94.60288939531756,4.549670443544704,-0.09582817748509864,0.9793718209168566
94.43459638754841,4.54963441823483,-0.09586420279497254,0.9793640660313614
94.43459638754841,4.549528485668941,-0.09597013536086152,0.9793412627599517
94.26774178155507,4.5495001798578105,-0.09599844117199208,0.9793351695903181
94.09513356845851,4.549528056848834,-0.09597056418096894,0.9793411704512153
93.92755976157727,4.54954606950377,-0.09595255152603244,0.9793450478939628
93.75998595469603,4.549549929621545,-0.09594869140825768,0.9793458788311968
93.59241214781478,4.549717191567684,-0.09578142946211887,0.9793818839965802
93.42483834093355,4.549910185667505,-0.09558843536229755,0.9794234283205733
93.2565453331644,4.549867726582406,-0.09563089444739692,0.9794142884868196
93.08897152628316,4.549729200004309,-0.09576942102549335,0.9793844689584121
93.08897152628316,4.549593245610054,-0.09590537541974875,0.979355203123817
92.92067851851401,4.549739921980611,-0.09575869904919188,0.9793867769940346
92.75310471163277,4.549796104782765,-0.0957025162470373,0.9793988710245657
92.58625010563942,4.5496700147245965,-0.09582860630520607,0.9793717286081202
92.41867629875817,4.5495053264359075,-0.09599329459389505,0.9793362774537612
92.25110249187694,4.549466727468582,-0.09603189356122055,0.9793279685572412
92.0835286849957,4.549575232955117,-0.09592338807468526,0.9793513256810695
91.91523567722655,4.54960139466571,-0.0958972263640927,0.9793569573070211
91.74766187034531,4.549612116642011,-0.09588650438779123,0.9793592653426436
91.58008806346406,4.549665296966608,-0.09583332406319478,0.9793707130534137
91.58008806346406,4.549703038293717,-0.0957955827360859,0.9793788373324606
91.41179505569492,4.549727912807182,-0.0957707082226209,0.9793841918735968
91.24494044970159,4.549709900152244,-0.0957887208775583,0.9793803144308492
91.07664744193244,4.549741208440934,-0.09575741258886872,0.9793870539202438
90.9097928359391,4.5498994636912045,-0.09559915733859814,0.979421120284951
90.74221902905785,4.550023837732137,-0.09547478329766523,0.9794478933078447
90.57392602128871,4.5501010356667875,-0.09539758536301512,0.9794645111008843
90.40635221440745,4.550097604369121,-0.09540101666068157,0.9794637724723868
90.23374400131091,4.549805110741832,-0.0956935102879708,0.9794008096666365
90.23374400131091,4.549781522688689,-0.09571709834111353,0.9793957320517092
90.06617019442966,4.549790958204668,-0.09570766282513432,0.9793977631611226
89.89859638754842,4.549718478028007,-0.09578014300179571,0.9793821609227895
89.73102258066719,4.549583382010773,-0.09591523901902921,0.9793530798642737
89.55841436757062,4.549594532807181,-0.0959040882226212,0.9793554802086323
89.39084056068937,4.549584239650988,-0.09591438137881436,0.9793532644817463
89.22326675380813,4.5496279844596055,-0.09587063657019712,0.979362681083103
89.0556929469269,4.549580379533214,-0.09591824149658823,0.9793524335445125
88.88739993915775,4.549633560594614,-0.09586506043518828,0.9793638814138885
88.88739993915775,4.549757934635548,-0.09574068639425448,0.9793906544367823
88.71551092694908,4.549713331449911,-0.09578528957989185,0.9793810530593466
88.54793712006784,4.549636991155476,-0.09586162987432623,0.9793646198837799
88.38036331318659,4.549562366878277,-0.09593625415152562,0.9793485561017649
88.21278950630536,4.549501466318133,-0.09599715471166981,0.9793354465165272
88.04449649853622,4.549633989414723,-0.09586463161507996,0.9793639737226251
87.87692269165497,4.549736919503052,-0.0957617015267509,0.9793861306742735
87.70934888477372,4.549341923870736,-0.09615669715906616,0.979301103067005
87.54177507789247,4.548675020923518,-0.09682360010628432,0.9791575441077581
87.54177507789247,4.549002254137164,-0.09649636689263819,0.9792279850314007
87.37348207012333,4.549455576672172,-0.09604304435763034,0.9793255682128822
87.20662746413,4.549707756051706,-0.0957908649780963,0.9793798528871672
87.03833445636084,4.549830414812209,-0.09566820621759398,0.9794062566751152
86.86644544415219,4.549689743396769,-0.0958088776330337,0.9793759754444196
86.69887163727094,4.549535776347576,-0.09596284468222649,0.9793428321670766
86.5312978303897,4.549645997851346,-0.09585262317845622,0.9793665586844565
86.36372402350845,4.549811972600359,-0.09568664842944319,0.979402286765025
86.19543101573932,4.549965510829444,-0.0955331102003587,0.9794353377336315
86.19543101573932,4.550003680976661,-0.09549494005314152,0.9794435543214148
86.02785720885807,4.550049999442729,-0.09544862158707357,0.9794535249337961
85.86028340197683,4.550053001920287,-0.09544561910951543,0.979454171253557
85.69199039420768,4.550058576581687,-0.09544004444811538,0.9794553712671303
85.52441658732644,4.549997247938242,-0.09550137309156081,0.9794421695317627
85.3575619813331,4.550041850387075,-0.09545677064272784,0.9794517707505923
85.18926897356396,4.550128483837703,-0.09537013719209941,0.9794704196530452
85.02169516668272,4.550123766079714,-0.09537485495008902,0.9794694040983384
84.85412135980148,4.550007969177738,-0.09549065185206462,0.9794444774087789
84.85412135980148,4.549941064399283,-0.09555755663051979,0.9794300753426256
84.68654755292023,4.550025553749372,-0.09547306728043026,0.9794482627013963
84.51897374603898,4.550244280739677,-0.09525434029012558,0.9794953463426043
84.34636553294243,4.55034420835045,-0.09515441267935287,0.9795168569744922
84.17807252517328,4.550403393630162,-0.09509522739964016,0.9795295973247842
84.01121791917994,4.5504012495296235,-0.09509737150017905,0.979529135781102
83.84364411229869,4.5503961029515265,-0.09510251807827608,0.9795280279176589
83.67607030541744,4.550329626993178,-0.09516899403662471,0.9795137181602418
83.5084964985362,4.550360934545064,-0.09513768648473864,0.9795204574910306
83.5084964985362,4.55057108439641,-0.09492753663339304,0.9795656947989041
83.34092269165495,4.5506984609149015,-0.09480016011490111,0.9795931141415588
83.17262968388582,4.5506718703842015,-0.09482675064560109,0.9795873902068708
83.00505587700458,4.550646567050628,-0.0948520539791744,0.979581943356998
82.83748207012333,4.550755501357272,-0.0947431196725308,0.9796053927895627
82.66487385702676,4.55086786696158,-0.09463075406822252,0.9796295808506246
82.49730005014553,4.550939918318133,-0.09455870271166944,0.9796450907802211
82.32972624326429,4.550879875398205,-0.09461874563159789,0.9796321658124563
82.16215243638304,4.550798389262479,-0.094700231767324,0.9796146249320528
82.16215243638304,4.550806966401437,-0.09469165462836582,0.9796164712653871
81.9945786295018,4.550924478583842,-0.09457414244596052,0.9796417671898919
81.82700482262055,4.550994385839857,-0.09450423518994544,0.9796568155758066
81.65943101573932,4.5510072519166975,-0.09449136911310507,0.9796595851551112
81.49185720885808,4.5510042494391385,-0.0944943715906641,0.97965893883535
81.32356420108893,4.551013684955117,-0.09448493607468578,0.9796609699447633
81.15599039420768,4.55107029657738,-0.09442832445242288,0.9796731562840308
80.98841658732644,4.5511170446003595,-0.09438157642944311,0.9796832193637546
80.82012357955729,4.551145779231598,-0.09435284179820425,0.9796894048421247
80.65326897356395,4.551207966252066,-0.0942906547777369,0.9797027913535716
80.65326897356395,4.551381232416517,-0.09411738861328534,0.9797400889998711
80.4856951666827,4.551589666250629,-0.09390895477917383,0.9797849569141931
80.31812135980147,4.551702031854937,-0.09379658917486555,0.979809144975255
80.14982835203232,4.551714897931777,-0.09378372309802518,0.9798119145545596
79.98225454515108,4.551723046987433,-0.09377557404237002,0.9798136687377635
79.81468073826984,4.551760788314542,-0.09373783271526026,0.9798217930168106
79.64710693138859,4.55183112365386,-0.09366749737594304,0.9798369335528553
79.47953312450736,4.5519717950693,-0.09352682596050244,0.9798672147835511
79.3112401167382,4.552064003918133,-0.09343461711166956,0.9798870638581834
79.3112401167382,4.552125762118492,-0.09337285891131053,0.9799003580608938
79.14438551074485,4.552236412442371,-0.09326220858743195,0.9799241768870103
78.97681170386362,4.552479585126034,-0.09301903590376881,0.9799765227606184
78.80851869609448,4.552660999609336,-0.09283762142046648,0.9800155744315158
78.64094488921323,4.552790949048474,-0.09270767198132823,0.9800435476265889
78.473371082332,4.552818826776302,-0.0926797942535007,0.9800495486460923
78.30579727545074,4.552742915301975,-0.09275570572782765,0.9800332077792618
78.13750426768159,4.552769505832676,-0.09272911519712679,0.9800389317139501
77.97064966168826,4.552882300257092,-0.0926163207727102,0.9800632120837485
77.97064966168826,4.553085587513106,-0.09241303351669661,0.9801069721346273
77.80307585480702,4.553278153529624,-0.09222046750017832,0.98014842430849
77.63550204792577,4.553501168721006,-0.09199745230879675,0.9801964310370621
77.46720904015663,4.553549632024417,-0.0919489890053855,0.9802068633517316
77.2996352332754,4.5535114618772,-0.0919871591526027,0.9801986467639482
77.13206142639415,4.553595950490485,-0.09190267053931755,0.9802168339641129
76.9644876195129,4.553770932672173,-0.09172768835762923,0.9802545010039643
76.79691381263166,4.553895306713106,-0.09160331431669633,0.9802812740268578
76.6286208048625,4.554053561963376,-0.09144505906642664,0.9803153403915649
76.46176619886917,4.554265855915261,-0.09123276511454126,0.9803610392431207
76.46176619886917,4.5545004514599645,-0.09099816956983808,0.9804115387833942
76.29419239198792,4.554687441341473,-0.09081117968832952,0.9804517906264713
76.12589938421878,4.554871429482226,-0.09062719154757648,0.9804913963083932
75.95832557733753,4.555025825351527,-0.09047279567827538,0.9805246318944726
75.7907517704563,4.5551720721651705,-0.0903265488646321,0.9805561132973475
75.62245876268715,4.55540109231167,-0.09009752871813248,0.9806054126654418
75.45560415669381,4.555622821042729,-0.08987579998707318,0.9806531424678048
75.28803034981257,4.555796944847397,-0.08970167618240588,0.980690624731577
75.11973734204342,4.555942334020826,-0.08955628700897655,0.9807219215169793
75.11973734204342,4.556128038178816,-0.08937058285098676,0.9807618965924534
74.95288273605009,4.556312883959785,-0.08918573707001798,0.9808016868918481
74.78458972828095,4.556432111422621,-0.08906650960718121,0.9808273520512988
74.6170159213997,4.5565075933400365,-0.08899102768976608,0.9808436004507868
74.44944211451845,4.556631539297666,-0.0888670817321362,0.98087028132355
74.28114910674931,4.556911595668224,-0.08858702536157903,0.9809305668587324
74.11429450075596,4.557227677348654,-0.08827094368114885,0.9809986072794095
73.94672069387471,4.557564345341473,-0.08793427568832968,0.9810710791538592
73.77914688699347,4.5578817142190315,-0.08761690681077106,0.9811393966593519
73.77914688699347,4.558128318200359,-0.08737030282944325,0.9811924811614571
73.61085387922434,4.558274136193897,-0.08722448483590561,0.981223870255596
73.44328007234309,4.558278425131777,-0.08722019589802521,0.981224793501566
73.27570626546185,4.558324743597846,-0.08717387743195637,0.9812347641139474
73.1081324585806,4.558412663508798,-0.08708595752100479,0.9812536899426095
72.94055865169936,4.5585554790247755,-0.08694314200502706,0.9812844327169871
72.77298484481813,4.558820525217954,-0.08667809581184827,0.9813414871291828
72.60469183704897,4.559150760172352,-0.08634786085745016,0.9814125742139799
72.43783723105562,4.559500294242011,-0.08599832678779151,0.9814878156677339
72.26954422328649,4.5597764904947935,-0.0857221305350091,0.9815472702656822
72.26954422328649,4.560086568693716,-0.0854120523360864,0.9816140183640497
72.10197041640524,4.560418947748653,-0.0850796732811494,0.981685566992529
71.934396609524,4.560674129605745,-0.08482449142405724,0.9817404979865749
71.76682280264275,4.560812227363735,-0.08468639366606734,0.9817702252062461
71.59924899576151,4.561021519574866,-0.08447710145493659,0.981815277896647
71.43095598799236,4.56142251868869,-0.08407610234111296,0.9819015978262253
71.26410138199903,4.56189385461544,-0.08360476641436243,0.9820030586090608
71.09652757511779,4.562239957387434,-0.08325866364236845,0.9820775614343177
70.92823456734864,4.562387920218312,-0.08311070081149019,0.9821094122307442
70.92823456734864,4.562561186382766,-0.08293743464703685,0.982146709877044
70.7606607604674,4.562806074346859,-0.08269254668294401,0.9821994249855975
70.59308695358615,4.563056109625854,-0.08244251140394887,0.9822532481162004
70.4255131467049,4.5635287320129265,-0.08196988901687607,0.9823549858252449
70.25793933982366,4.564181481686177,-0.08131713934362583,0.982495498120372
70.08964633205453,4.564230802629803,-0.08126781839999975,0.9825061150525141
69.91703811895796,4.564325584399282,-0.08117303663052056,0.9825265179795648
69.74946431207673,4.564716291093717,-0.0807823299360857,0.9826106223408634
69.58189050519547,4.565207783039138,-0.08029083799066417,0.9827164219515223
69.58189050519547,4.565505423981329,-0.07999319704847352,0.9827804927793218
69.41503589920214,4.565789768552963,-0.07970885247683945,0.9828417014018681
69.24746209232089,4.5661470228581695,-0.07935159817163306,0.9829186047300897
69.07413467833643,4.566438230025136,-0.079060391004667,0.9829812906096308
68.9072800723431,4.566603347870736,-0.07889527315906619,0.9830168342313323
68.73898706457395,4.5668752551856375,-0.07862336584416507,0.9830753655833104
68.5714132576927,4.567214068015798,-0.07828455301400439,0.9831482991600479
68.40383945081146,4.567445661082945,-0.07805295994685757,0.9831981523805609
68.23554644304231,4.567723573352962,-0.07777504767684018,0.9832579763720607
68.23554644304231,4.568056810048116,-0.07744181098168657,0.9833297096180131
68.06869183704896,4.568470675975584,-0.07702794505421817,0.9834187992855021
67.90111803016772,4.568962597477919,-0.07653602355188394,0.9835246913635037
67.73282502239859,4.569385041281149,-0.07611357974865385,0.9836156275229329
67.56525121551734,4.569758163403949,-0.07574045762585335,0.983695946591614
67.398396609524,4.570055374789229,-0.07544324624057364,0.9837599249520712
67.23010360175485,4.570339291277558,-0.07515932975224437,0.9838210414244869
67.06252979487361,4.570711127676841,-0.07478749335296175,0.9839010837255651
66.89495598799238,4.571179889209336,-0.07431873182046633,0.9840019903387698
66.72738218111112,4.571644362540755,-0.07385425848904781,0.9841019738646105
66.72738218111112,4.572036355695512,-0.07346226533429068,0.984186355152118
66.55980837422987,4.57250554678492,-0.07299307424488255,0.9842873542326654
66.39151536646074,4.572888533243806,-0.07261008778599631,0.9843697967194961
66.22466076046739,4.573222628315979,-0.07227599271382346,0.9844417147415273
66.05564855181035,4.573612477370198,-0.07188614365960433,0.9845256344853529
65.8844787404896,4.5740653710851,-0.07143324994470301,0.9846231253580982
65.71618573272045,4.57453113087684,-0.07096749015296222,0.984723385810148
65.54861192583921,4.57495571878061,-0.07054290224919235,0.9848147835132595
65.38103811895796,4.575348998395692,-0.07014962263411029,0.9848994417269766
65.38103811895796,4.575599462494794,-0.06989915853500861,0.9849533571663156
65.21346431207671,4.575541134855297,-0.06995748617450559,0.9849408014334966
65.04589050519547,4.575642349663196,-0.06985627136660622,0.9849625891501996
64.87831669831422,4.576220046975942,-0.06927857405386018,0.985086945513181
64.71074289143299,4.576946134466068,-0.06855248656373458,0.9852432446641136
64.54316908455175,4.577635339006104,-0.06786328202369862,0.9853916043120782
64.3748760767826,4.578220326997488,-0.06727829403231489,0.985517530082185
64.20730226990136,4.5787478449895875,-0.06675077604021507,0.9856310847369453
64.03972846302011,4.579203741182047,-0.06629487984775562,0.9857292219294514
64.03972846302011,4.57962318250772,-0.06587543852208277,0.98581951176912
63.872154656138875,4.580107383774506,-0.06539123725529628,0.9859237419726539
63.704580849257624,4.580602307017594,-0.0648963140122083,0.9860302802118103
63.53628784148848,4.5810817912631965,-0.06441682976660612,0.9861334950192437
63.369433235495144,4.581552268812927,-0.06394635221687572,0.9862347710260002
63.201140227726,4.582023604002874,-0.0634750170269287,0.9863362316502297
63.03356642084475,4.5824829307561945,-0.0630156902736081,0.9864351073126271
62.865992613963506,4.582916525355835,-0.06258209567396733,0.9865284438164155
62.69841880708226,4.583347975118134,-0.06215064591166897,0.9866213186179159
62.69841880708226,4.583868202431598,-0.06163041859820417,0.986733303865551
62.530845000201026,4.584372132370556,-0.06112648865924619,0.9868417809053841
62.35823678710447,4.584908657058528,-0.060589963971274585,0.9869572743608214
62.18562857400791,4.585515088265709,-0.059983532764093184,0.9870878160435669
62.01805476712667,4.586013442806463,-0.05948517822333965,0.9871950929112205
61.85048096024542,4.58639299870449,-0.0591056223253128,0.9872767969281604
61.68290715336418,4.5869265209149015,-0.058572100114901104,0.9873916440638364
61.51461414559503,4.587576268847397,-0.05792235218240549,0.9875315101978084
61.34775953960168,4.58810335801939,-0.0573952630104122,0.9876449725438323
61.34775953960168,4.58851250618887,-0.05698611484093252,0.9877330466566149
61.17946653183254,4.588804142175943,-0.05669447885385992,0.9877958248448921
61.00757751962389,4.589061468133573,-0.05643715289622975,0.9878512173826199
60.83928451185474,4.589470187482945,-0.05602843354685749,0.9879391991866662
60.6717107049735,4.589689344030162,-0.055809276999641,0.9879863752952166
60.504856098980156,4.589894775386715,-0.055603845643087624,0.9880305968897777
60.336563091211005,4.590524366563733,-0.05497425446606918,0.9881661240373196
60.16898928432977,4.591210139806106,-0.054288481223697005,0.9883137450567874
60.001415477448525,4.591831581927469,-0.053667039102333725,0.9884475180211254
60.001415477448525,4.592308921335728,-0.05318969969407483,0.9885502711262707
59.83384167056728,4.592747662513466,-0.05275095851633704,0.9886447154935021
59.66554866279814,4.593158097143268,-0.05234052388653421,0.9887330665324939
59.4986940568048,4.593641870326751,-0.051856750703051624,0.9888372045858974
59.33040104903566,4.5940887598233395,-0.05140986120646307,0.9889334029777267
59.163546443042314,4.5945785364883305,-0.05092008454147212,0.98903883335344
58.99525343527317,4.595046012297307,-0.05045260873249546,0.9891394631990417
58.82767962839192,4.595510484891921,-0.049988136137881334,0.9892394465662763
58.659386620622776,4.5959921132380614,-0.04950650779174115,0.9893431229173917
58.49181281374153,4.596519203146858,-0.048979417882944354,0.9894565854220215
58.49181281374153,4.597111052259964,-0.048387568769838296,0.9895839881319108
58.32495820774819,4.5976420015497315,-0.04785661948007114,0.9896982814151687
58.157384400866945,4.598091463966966,-0.04740715706283627,0.9897950336594165
57.9898105939857,4.598515623050629,-0.046982997979173824,0.9898863390537916
57.82151758621656,4.599009688653501,-0.046488932376301584,0.9899926926754752
57.649628574007906,4.59945915180754,-0.04603946922226232,0.9900894450783291
57.48133556623876,4.599822410331059,-0.04567621069874317,0.9901676408874667
57.31376175935751,4.600303609857092,-0.04519501117271041,0.9902712249298458
57.14618795247627,4.600859004840216,-0.04463961618958656,0.9903907804455034
57.14618795247627,4.601237273541114,-0.04426134748868904,0.9904722073776275
56.97861414559503,4.6016146853386,-0.04388393569120286,0.9905534498508849
56.81104033871379,4.6021486363691215,-0.043349984660681073,0.9906683892952978
56.643466531832544,4.6027357684610415,-0.04276285256876111,0.9907947766090862
56.47085831873598,4.603203244270018,-0.04229537675978445,0.9908954064546879
56.30328451185474,4.6036244008761225,-0.04187422015368014,0.9909860655293021
56.1357107049735,4.604012962733214,-0.04148565829658857,0.9910697081883124
55.967417697204354,4.604437979457092,-0.04106064157271039,0.9911611982001605
55.80056309121101,4.6050924451475765,-0.04040617588222606,0.9913020798888389
55.80056309121101,4.60582625287325,-0.03967236815655273,0.9914600409142392
55.63227008344187,4.606536043725674,-0.038962577304128665,0.991612832015976
55.46469627656063,4.607122318177379,-0.03837630285242355,0.9917390347122917
55.29712246967939,4.607580357733573,-0.037918263296229604,0.9918376332898741
55.129548662798136,4.608112593483662,-0.03738602754614018,0.9919522034993409
54.96197485591689,4.608637967375224,-0.03686065365457836,0.9920652966104192
54.794401049035656,4.60918478521939,-0.0363138358104127,0.9921830057927425
54.626108041266505,4.609604226545064,-0.03589439448473897,0.9922732956324112
54.45925343527317,4.609975204567324,-0.03552341646247825,0.9923531531574099
54.45925343527317,4.610449971054938,-0.03504864997486479,0.9924553524101369
54.291679628391925,4.611028954091203,-0.034469666938599985,0.9925799855407214
54.11907141529536,4.611556901640215,-0.033941719389587455,0.9926936326628242
53.95149760841412,4.6119287373026925,-0.03356988372711012,0.9927736748052961
53.78320460064498,4.612246535000359,-0.033252086029443184,0.9928420846195253
53.615630793763735,4.612699857535368,-0.032798763494434446,0.992939667801007
53.44733778599459,4.613309720040215,-0.03218890098958749,0.9930709481122498
53.28048318000124,4.613852677766608,-0.03164594326319481,0.9931878263573395
53.1121901722321,4.614310718059605,-0.031187902970197356,0.9932864250935277
53.1121901722321,4.61471429083088,-0.030784330198923016,0.9933732990341306
52.94533556623876,4.615149171154039,-0.03034944987576349,0.9934669123055222
52.77704255846962,4.615740163363735,-0.029758457666067883,0.9935941305565449
52.610187952476274,4.616358174187433,-0.029140446842369272,0.9937271648923858
52.436860538491814,4.616858244745422,-0.028640376284380764,0.9938348111535911
52.26928673161056,4.617330437575585,-0.02816818345421801,0.9939364563952935
52.10171292472933,4.617728863768761,-0.027769757261041583,0.9940222224724532
51.93413911784808,4.618110992587433,-0.027387628442369305,0.9941044803418114
51.76656531096684,4.618537296508438,-0.02696132452136446,0.9941962474384746
51.76656531096684,4.61898761656589,-0.02651100446391297,0.9942931843001955
51.5989915040856,4.619451232257092,-0.02604738877271018,0.9943929832085633
51.43069849631645,4.619910559010413,-0.025588062019389568,0.9944918588709607
51.26384389032311,4.620378463639497,-0.025120157390305486,0.9945925810252987
51.096270083441865,4.6208184905407546,-0.024680130489048047,0.9946873021601335
50.92797707567272,4.621330569535369,-0.024168051494434017,0.9947975333831707
50.76040326879148,4.621940431303411,-0.023558189726391454,0.9949288135358074
50.59282946191024,4.6224139113307015,-0.023084709699101147,0.9950307358623252
50.425255655029,4.622729564927828,-0.022769056101974883,0.995098684132872
50.25768184814775,4.62304092885027,-0.02245769217953253,0.9951657089988428
50.25768184814775,4.623490391267506,-0.02200822976229677,0.9952624612430908
50.090108041266504,4.623870804805746,-0.02162781622405685,0.9953443498775031
49.92181503349736,4.624326700998205,-0.021171920031597402,0.9954424870700093
49.75424122661612,4.6247714456574505,-0.020727175372352136,0.9955382237595504
49.58738662062278,4.625154004033035,-0.02034461699676804,0.995620574096251
49.419093612853636,4.625506111760144,-0.019992509269658676,0.9956963695610297
49.25151980597239,4.625882236360503,-0.01961638466929916,0.9957773349494718
49.08322679820324,4.626099247333574,-0.019399373696228572,0.9958240491971283
48.916372192209906,4.626538417331418,-0.018960203698384248,0.995918585873096
48.916372192209906,4.627062075205745,-0.018436545824057404,0.9960313095906225
48.74879838532866,4.627442917564093,-0.018055703465709172,0.9961132905337713
48.58050537755952,4.627880801101616,-0.01761781992818623,0.99620755028353
48.413650771566175,4.628418183429803,-0.017080437599999776,0.9963232283564399
48.246076964684924,4.6288324781773795,-0.01666614285242307,0.9964124103326655
48.07778395691578,4.629233048471096,-0.016265572558706864,0.9964986379535076
47.910210150034544,4.6296010247526045,-0.01589759627719811,0.9965778493173518
47.7426363431533,4.630018321240934,-0.015480299788868557,0.9966676774547321
47.57506253627206,4.630397877138959,-0.015100743890843482,0.9967493814716716
47.57506253627206,4.630721679054938,-0.014776941974864677,0.9968190837668166
47.40748872939081,4.631158275395332,-0.014340345634470175,0.9969130664317598
47.234880516294254,4.631648910437343,-0.013849710592459985,0.997018681583552
47.06730670941301,4.632075213621544,-0.013423407408258647,0.9971104485216093
46.89973290253177,4.632381002145781,-0.013117618884021631,0.9971762732154006
46.73143989476262,4.632772137660323,-0.012726483369479347,0.9972604698854354
46.56458528876929,4.633303944590306,-0.012194676439496455,0.9973749477861661
46.39629228100014,4.633912949454937,-0.01158567157486523,0.9975060434799361
46.2287184741189,4.634367987270378,-0.011130633759425024,0.9976039958963635
46.2287184741189,4.634691360366249,-0.010807260663553642,0.9976736058827722
46.06114466723765,4.6350447545536815,-0.01045386647612112,0.99774967827376
45.893570860356405,4.635338535378097,-0.01016008565170523,0.9978129181643255
45.72599705347516,4.635593287678277,-0.009905333351525769,0.9978677566910288
45.558423246593925,4.635891786260683,-0.009606834769119388,0.9979320121363011
45.39013023882478,4.6362975031324964,-0.009201117897306155,0.9980193476205862
45.22327563283143,4.636665908234111,-0.008832712795691755,0.9980986512931665
45.05498262506229,4.637018873601437,-0.00847974742836577,0.9981746313754182
44.887408818181044,4.63731694262693,-0.008181678402872983,0.9982387943533477
44.71983501129981,4.637569550826571,-0.007929070203231525,0.9982931713363691
44.71983501129981,4.637913081414722,-0.00758553961508035,0.9983671204678135
44.55226120441856,4.638245889289767,-0.007252731740035934,0.9984387614050291
44.38468739753732,4.638674766131419,-0.006823854898383885,0.9985310823541109
44.216394389768176,4.639008431646679,-0.0064901893831237345,0.9986029079087995
44.049539783774826,4.639335236040216,-0.006163384989586795,0.9986732565237054
43.88124677600568,4.639659037956195,-0.00583958307360799,0.9987429588188504
43.71223456734864,4.639872189548295,-0.005626431481507765,0.998788842287879
43.541064756027886,4.639984983972711,-0.005513637057091181,0.9988131226576774
43.541064756027886,4.640247885328546,-0.005250735701256559,0.9988697153675847
43.36917574381922,4.640594846477559,-0.004903774552243334,0.9989444029689204
43.200882736050076,4.640898490901257,-0.00460013012854521,0.9990097661190296
43.028993723841424,4.641108640752603,-0.004389980277199612,0.9990550034269031
42.86141991696018,4.641287481578456,-0.004211139451346213,0.9990935010867762
42.69312690919104,4.641471898539318,-0.0040267224904848575,0.9991331990774346
42.5255531023098,4.641748953169121,-0.003749667860681427,0.999192838451462
42.353664090101134,4.64210963803519,-0.003388982994612988,0.9992704802495751
42.18537108233199,4.642211710483304,-0.003286910546498767,0.9992924525837508
42.18537108233199,4.642577971484381,-0.002920649545421483,0.9993712947126494
42.01779727545075,4.643080186142909,-0.002418434886893195,0.9994794025175371
41.85022346856951,4.64339626782334,-0.0021023532064630146,0.9995474429382143
41.68264966168827,4.643603415197129,-0.0018952058326737742,0.9995920339263272
41.515075854807016,4.643744515432675,-0.00175410559712752,0.999622407465759
41.34750204792577,4.643893764723878,-0.0016048563059243293,0.9996545351883952
41.17992824104453,4.64405159115404,-0.0014470298757629507,0.9996885092443656
41.01235443416329,4.644226573335727,-0.0012720476940755177,0.9997261762842169
40.84478062728205,4.644499338290844,-0.0009992827389586623,0.9997848922536678
40.677206820400805,4.64479783687325,-0.000700784156552281,0.9998491476989403
40.677206820400805,4.6450770348667865,-0.00042158616301612994,0.9999092484580433
40.50891381263166,4.645285039880791,-0.00021358114901204317,0.999954024063629
40.34062080486251,4.645608412976661,0.00010979194685845073,1.0000236340500375
40.17304699798127,4.645964380821544,0.00046575979174168225,1.00010026045205
40.00619239198793,4.646236288136445,0.0007376671066428031,1.000158791804028
39.83789938421879,4.646487181055656,0.0009885600258536797,1.0002127995521037
39.67032557733754,4.646723063060683,0.001224442030880013,1.0002635760185865
39.5027517704563,4.646934070552245,0.0014354495224422337,1.000308997943933
39.33517796357505,4.647142075566249,0.0016434545364463204,1.0003537735495187
39.33517796357505,4.647472739340754,0.0019741183109518445,1.0004249529430522
39.16760415669381,4.647777242141472,0.00227862111166921,1.0004905008692402
39.00003034981257,4.647991680193897,0.002493059164094369,1.0005366612644784
38.832456542931325,4.648158084499821,0.0026594634700183306,1.0005724818123891
38.66488273605008,4.648288462759067,0.0027898417292639976,1.0006005473161987
38.497308929168845,4.648431707831957,0.0029330868021544276,1.000631382557919
38.329735122287595,4.648652150102693,0.0031535290728905707,1.0006788354340725
38.16144211451845,4.648852864438061,0.003354243408258739,1.000722041632533
37.99386830763721,4.649213120484022,0.003714499454219755,1.0007995911219099
37.99386830763721,4.649471304081867,0.003972683052064774,1.0008551682771103
37.826294500755964,4.6495412113378825,0.004042590308079852,1.000870216663025
37.65872069387472,4.649645856706642,0.0041472356768395,1.000892742849619
37.491146886993484,4.64985772183842,0.004359100808617455,1.0009383493924386
37.32285387922434,4.650042138799281,0.004543517769478811,1.000978047383097
37.15528007234309,4.650166942397129,0.0046683213673262,1.0010049128733336
36.987706265461846,4.650357363576302,0.004858742546499428,1.0010459033449077
36.815098052365286,4.650573516909156,0.005074895879353392,1.0010924329750912
36.64824344637195,4.650752358471814,0.005253737442011186,1.0011309307935703
36.64824344637195,4.650929055933933,0.005430434904130088,1.0011689670683674
36.4806696394907,4.6510607206535015,0.005562099623698913,1.0011973094983861
36.312376631721555,4.651197103867864,0.005698482838061736,1.0012266676417179
36.14480282484031,4.651352356640575,0.005853735610772404,1.0012600876866635
35.97722901795907,4.651414972481149,0.00591635145134628,1.0012735665068468
35.80965521107783,4.65152776764237,0.00602914661256726,1.0012978470352512
35.64208140419659,4.651656430621186,0.006157809591383234,1.0013255433041153
35.474507597315345,4.651798388496949,0.006299767467146111,1.0013561014610202
35.306933790434094,4.651909467640934,0.006410846611131227,1.001380012595873
35.13864078266495,4.651903463422621,0.006404842392818466,1.0013787201149569
35.13864078266495,4.651986236018672,0.006487614988869517,1.0013965379215701
34.971786176671614,4.6521436343655305,0.006645013335727867,1.0014304198274102
34.80349316890247,4.652265864305925,0.00676724327612277,1.0014567313066218
34.63591936202123,4.652342203863555,0.006843582833752748,1.0014731643235826
34.46834555513998,4.652494026075404,0.006995405045601366,1.001505845898637
34.30077174825873,4.652738485956194,0.007239864926391171,1.0015584688570602
34.133197941377496,4.652981658639856,0.007483037610053422,1.0016108147306682
33.96562413449625,4.6531566408215435,0.0076580197917408555,1.0016484817705193
33.79733112672711,4.653218827842011,0.007720206812208197,1.0016618682819665
33.79733112672711,4.6532411294348295,0.007742508405026882,1.0016666689706843
33.629757319845865,4.653224403240216,0.007725782210413534,1.001663068454146
33.46218351296462,4.653266432768403,0.007767811738600194,1.001672115820557
33.29460970608337,4.653366361115979,0.007867740086176411,1.001693626611051
33.12631669831423,4.653416539699822,0.00791791867001912,1.0017044281606662
32.95946209232089,4.653432837074327,0.007934216044524156,1.0017079363684678
32.79188828543965,4.653538769640217,0.008040148610414022,1.0017307396398778
32.6235952776705,4.653680727515979,0.00818210648617601,1.0017612977967825
32.45674067167717,4.653850563119569,0.008351942089766418,1.0017978569731907
32.45674067167717,4.653962928723878,0.008464307694075579,1.0018220450342528
32.28844766390802,4.65403069114255,0.00853207011274737,1.0018366317178793
32.12087385702677,4.6539959522929975,0.008497331263194852,1.0018291537585928
31.948984844818117,4.653872435155477,0.008373814125674173,1.0018025651945663
31.780691837048973,4.65389387910808,0.008395258078277124,1.0018071812658114
31.613118030167733,4.653959926246319,0.008461305216516557,1.0018213987144917
31.44554422328649,4.654055994476123,0.008557373446320682,1.001842078567752
31.277251215517346,4.654222398782046,0.008723777752243755,1.0018778991156627
31.110396609524,4.654298310256374,0.008799689226571594,1.0018942399824933
31.110396609524,4.654352777041294,0.008854156011491199,1.0019059646194726
30.942822802642755,4.654536765182048,0.009038144152245131,1.0019455703013946
30.7702145895462,4.654614820756912,0.009116199727109198,1.0019623727119067
30.601921581777056,4.654642697747936,0.00914407671813322,1.0019683735728042
30.43506697578371,4.654628974030881,0.009130353001078007,1.0019654193760268
30.26677396801456,4.654610960639139,0.009112339609336217,1.001961541774673
30.098480960245418,4.65458951742334,0.009090896393537662,1.0019569258620342
29.926591948036766,4.654647415505925,0.009148794476122823,1.0019693891275108
29.759737342043426,4.65469888055009,0.009200259520287801,1.0019804676033353
29.759737342043426,4.654791947039139,0.009293326009336411,1.0020005012954403
29.591444334274282,4.654879437393178,0.009380816363375288,1.0020193346567599
29.42387052739303,4.654839123145423,0.009340502115620097,1.0020106565252944
29.256296720511788,4.6547975224373435,0.00929890140754086,1.0020017014676197
29.088722913630548,4.654772647187073,0.009274026157270576,1.0019963467678772
28.920429905861404,4.65482840116912,0.009329780139317734,1.0020083484896718
28.753575299868064,4.6547516320545785,0.009253011024775937,1.0019918230053688
28.580967086771498,4.65467958143483,0.00918096040502725,1.0019763132343782
28.413393279890258,4.6546186808746866,0.009120059844883954,1.0019632036491408
28.413393279890258,4.654640982467505,0.00914236143770264,1.0019680043378585
28.245100272121114,4.654615678397128,0.00911705736732582,1.0019625573293798
28.07752646523987,4.654605385240934,0.009106764211131768,1.0019603416024936
27.90995265835863,4.654727186361221,0.009228565331418359,1.0019865607729688
27.742378851477387,4.654911174501975,0.009412553472172291,1.0020261664548908
27.57480504459614,4.655069858572352,0.009571237542549405,1.0020603251283342
27.407231237714896,4.655330615827649,0.009831994797846022,1.0021164562945595
27.239657430833656,4.655481580399282,0.009982959369479794,1.0021489532521413
27.072083623952413,4.6554352619332136,0.009936640903410954,1.0021389826397598
26.904509817071173,4.655298878718852,0.009800257689049019,1.0021096244964285
26.904509817071173,4.6551629250614015,0.009664304031598903,1.0020803588204394
26.736936010189932,4.655089587244524,0.009590966214721774,1.0020645719646335
26.569362203308682,4.654981081021186,0.009482459991382974,1.0020412146821993
26.401069195539534,4.65489916606535,0.009400545035547658,1.0020235814930591
26.233495388658294,4.654792804679354,0.009294183649551258,1.0020006859129131
26.06592158177705,4.654787658101257,0.009289037071454231,1.00199957804947
25.89834777489581,4.654897879605028,0.009399258575225389,1.00202330456685
25.73077396801457,4.6549686437644535,0.009470022734650918,1.0020385374116314
25.562480960245423,4.654887157628726,0.009388536598923025,1.0020209965312274
25.562480960245423,4.65469888055009,0.009200259520287801,1.0019804676033353
25.394907153364173,4.654617823234471,0.00911920220466822,1.0019630190316677
25.227333346482933,4.6545303321436275,0.009031711113824947,1.0019441855117424
25.05975953960169,4.654407244563017,0.00890862353321431,1.0019176894150579
24.89218573272045,4.654541482940036,0.009042861910232958,1.001946585856101
24.723892724951305,4.654697594089766,0.009198973059963755,1.0019801906771257
24.557038118957966,4.654703169487972,0.009204548458169093,1.0019813908493054
24.38874511118881,4.654676150137163,0.009177529107360805,1.0019755746058807
24.22117130430757,4.6545822260079,0.009083604978097348,1.001955356296303
24.22117130430757,4.654372934533573,0.008874313503770104,1.001910303764508
24.05359749742633,4.654153349903052,0.008654728873249695,1.0018630355058271
23.88098928432977,4.654077009608618,0.008578388578815321,1.0018466023302603
23.714134678336436,4.654160640581688,0.008662019551885614,1.0018646049129523
23.545841670567288,4.6544038132653505,0.008905192235547865,1.0019169507865604
23.37826786368604,4.6544707180438065,0.008972097014003921,1.0019313528527138
23.210694056804797,4.654360068456732,0.008861447426929736,1.0019075341852035
23.043120249923557,4.654077009608618,0.008578388578815321,1.0018466023302603
22.87482724215441,4.653938482293716,0.008439861263913606,1.0018167826432467
22.87482724215441,4.653912750140037,0.008414129110234647,1.001811243484638
22.70725343527317,4.653968075301975,0.008469454272172605,1.001823152897696
22.540398829279823,4.654003242971634,0.008504621941831658,1.0018307231657182
22.37210582151068,4.653883157131778,0.008384536101975648,1.0018048732301887
22.204532014629436,4.653739912795692,0.008241291765889613,1.0017740381470746
22.036958207748196,4.653754923709875,0.00825630268007238,1.0017772694286673
21.86506919553954,4.653699169727828,0.008200548698025223,1.0017652677068727
21.696776187770396,4.653711606984561,0.008212985954758167,1.0017679449774408
21.529202380889146,4.6536434157457816,0.008144794715978954,1.001753265985078
21.529202380889146,4.653541342560862,0.008042721531059449,1.0017312934922962
21.357313368680494,4.6534954529149015,0.00799683188509892,1.001721415188651
21.189020360911346,4.6533895203490125,0.007890899319209943,1.0016986119172415
21.021446554030106,4.653248848933573,0.007750227903770224,1.0016683306865457
20.853872747148866,4.653173795836266,0.007675174806463403,1.0016521745957945
20.68557973937972,4.6532115364265705,0.007712915396767883,1.001660298716235
20.518725133386372,4.653301600438062,0.007802979408259247,1.0016796860885795
20.35043212561723,4.65332218675045,0.007823565720647352,1.0016841175423519
20.18357751962389,4.653215396544345,0.00771677551454264,1.0016611296534692
20.18357751962389,4.653054567636625,0.007555946606822239,1.0016265092777377
20.01600371274265,4.652918185159066,0.0074195641292638115,1.0015971512930122
19.8469915040856,4.652863717637343,0.0073650966075407,1.0015854264974269
19.68013689809226,4.652766791767325,0.007268170737522617,1.001564562026694
19.51256309121101,4.652632982210414,0.007134361180611393,1.0015357578943873
19.344270083441867,4.652464862624057,0.0069662415942541855,1.0014995681115302
19.176696276560627,4.65245800076553,0.006959379735727467,1.001498091013142
19.009122469679383,4.652529194481867,0.007030573452064814,1.0015134163252655
18.83723345747073,4.652555355455656,0.007056734425852973,1.001519047792611
18.66965965058948,4.6524584295856375,0.00695980855583489,1.0014981833218781
18.66965965058948,4.652316042152963,0.0068174211231601944,1.0014675326976308
18.50208584370824,4.652212254424417,0.006713633394614504,1.0014451911285094
18.333792835939093,4.652170224159426,0.006671603129623449,1.0014361436034922
18.166219029057853,4.6521436343655305,0.006645013335727867,1.0014304198274102
17.99864522217661,4.652148352123519,0.006649731093716582,1.0014314353821168
17.83107141529537,4.652129052271454,0.006630431241651635,1.0014272808545537
17.66349760841412,4.652004678230521,0.006506057200718729,1.0014005078316601
17.49592380153288,4.6517585030693,0.006259882039497455,1.0013475156382912
17.328349994651635,4.651577517406104,0.006078896376301657,1.00130855627613
17.328349994651635,4.651467724722442,0.005969103692639699,1.0012849220674866
17.160776187770395,4.651329197407541,0.005830576377737984,1.0012551023804728
16.99320238088915,4.65122798259964,0.005729361569837721,1.0012333146637697
16.824909373120008,4.651197961508079,0.005699340478276582,1.0012268522591905
16.656616365350864,4.651143065166247,0.005644444136444271,1.0012150351548685
16.489761759357517,4.6509616506829445,0.0054630296531419376,1.001175983483971
16.322187952476273,4.650893887527469,0.00539526649766664,1.001161396641739
16.154614145595033,4.650931200034472,0.00543257900466898,1.0011694286120496
15.987040338713792,4.651067153691921,0.0055685326621182085,1.0011986942880382
15.987040338713792,4.651083879886535,0.005585258856732445,1.0012022948045767
15.818747330944646,4.650945353308439,0.005446732278636013,1.0011724752761693
15.646139117848081,4.65071633316194,0.005217712132137287,1.0011231759080752
15.47856531096684,4.650544782277917,0.005046161248114522,1.001086247496721
15.311710704973502,4.650447856407901,0.004949235378098216,1.0010653830259886
15.143417697204356,4.650302896054579,0.004804275024776317,1.0010341785493224
14.975843890323114,4.650156649240934,0.00465802821113126,1.0010026971464472
14.80755088255397,4.650171230598205,0.004672609568402208,1.0010058359606975
14.639977075672729,4.650218407441294,0.004719786411491178,1.0010159913491579
14.639977075672729,4.650278450361221,0.004779829331418739,1.0010289163169226
14.472403268791487,4.650286169859965,0.0047875488301620805,1.0010305780327842
14.300514256582824,4.650173804255656,0.004675183225853807,1.0010063899717223
14.132940449701582,4.6500944622204665,0.0045958411906639185,1.0009893106350003
13.965366642820342,4.650110330038062,0.004611709008259801,1.00099272637546
13.7977928359391,4.6500361345809695,0.0045375135511669384,1.0009767549021813
13.629499828169955,4.649891603047756,0.004392982017953351,1.0009456427342518
13.462645222176617,4.649674592074686,0.004175971044883653,1.0008989284865955
13.294352214407473,4.6495536485946145,0.004055027564811908,1.0008728939335931
13.294352214407473,4.649512047886535,0.004013426856732671,1.0008639388759184
13.126778407526212,4.649410403521725,0.0039117824919223665,1.0008420586918731
12.959204600644972,4.649321626707362,0.0038230056775594434,1.000822948404344
12.79163079376373,4.649298896294435,0.0038002752646324467,1.0008180554068897
12.624056986882488,4.64921998234255,0.003721361312747362,1.0008010682202986
12.456483180001246,4.649111476856015,0.003612855826212069,1.0007777110964702
12.283874966904682,4.648910333700539,0.0034117126707364775,1.0007344125892734
12.115581959135536,4.648754222550808,0.00325560152100568,1.0007008077682487
11.948727353142198,4.648641428126392,0.0031428070965890953,1.0006765273984501
11.948727353142198,4.648642714586715,0.003144093556912253,1.0006768043246594
11.780434345373052,4.648691177890125,0.003192556860322604,1.0006872366393287
11.61286053849181,4.648660727241652,0.003162106211849647,1.000680681767407
11.44528673161057,4.648532922639856,0.0030343016100538023,1.000653170274622
11.277712924729329,4.648374237832675,0.002875616802872294,1.0006190114425726
11.109419916960183,4.648206547066428,0.0027079260366251745,1.0005829139684526
10.942565310966845,4.64810490343842,0.0026062824086174885,1.0005610339430129
10.774991504085603,4.648078742464632,0.00258012143482933,1.0005554024756673
10.607417697204363,4.647963803202873,0.002465182173070346,1.0005306604035809
10.439124689435218,4.647926061875763,0.0024274408459605823,1.000522536124534
10.439124689435218,4.647948792288689,0.002450171258886691,1.000527429121988
10.267235677226555,4.647975811639498,0.002477190609694979,1.0005332453654125
10.099661870345313,4.647949649928906,0.0024510288991033136,1.0005276137394612
9.932088063464073,4.647886605268223,0.0023879842384202377,1.0005140426105412
9.763795055694928,4.6477995437342905,0.0023009227044878955,1.000495301557958
9.596221248813686,4.647765233704848,0.002266612675045465,1.0004879159074087
9.428647441932444,4.647704333144704,0.0022057121149012815,1.000474806322171
9.261073635051185,4.647635712349013,0.002137091319210249,1.0004600348624657
9.093499828169943,4.647569665947577,0.002071044917774323,1.0004458175723911
9.093499828169943,4.647505762909875,0.0020071418800720053,1.0004320616673925
8.925206820400799,4.647506191729983,0.0020075707001803167,1.0004321539761292
8.758352214407461,4.647479172379175,0.0019805513493720284,1.0004263377327045
8.590059206638315,4.64740111680431,0.0019024957745070736,1.0004095353221922
8.422485399757074,4.647390395564813,0.0018917745350099935,1.0004072274451759
8.254911592875832,4.647501045151885,0.0020024241220824024,1.000431046112686
8.087337785994592,4.647489465535368,0.0019908445055651924,1.0004285534595905
7.919044778225446,4.6475537973931775,0.002055176363374933,1.0004424016733255
7.752190172232108,4.647543504236985,0.0020448832071826573,1.0004401859464398
7.752190172232108,4.647477028278636,0.001978407248833136,1.0004258761890223
7.583897164462964,4.647353511877917,0.001854890848114188,1.0003992877836014
7.417042558469626,4.647407979399642,0.001909358369839076,1.000411012579187
7.249468751588366,4.647374098190306,0.0018754771605031806,1.0004037192373738
7.08117574381922,4.647293468957989,0.001794847928186627,1.0003863628158367
6.9136019369379795,4.646818703207183,0.0013200821773802218,1.0002841637217164
6.746028130056738,4.646423278754758,0.0009246577249557575,1.0001990438057111
6.577735122287593,4.64643571601149,0.0009370949816878138,1.0002017210762792
6.410161315406351,4.646495330111311,0.0009967090815088397,1.0002145537353078
6.410161315406351,4.646536501999283,0.0010378809694806534,1.000223416484246
6.238272303197689,4.6466475811432675,0.0011489601134648808,1.0002473276190986
6.069979295428544,4.646734213857092,0.0012355928272897998,1.0002659763629456
5.8980902832199,4.646742362912748,0.0012437418829449598,1.0002677305461494
5.730516476338658,4.6466227066298025,0.00112408559999988,1.0002419730779621
5.562942669457417,4.6465304977809705,0.0010318767511678928,1.0002221240033302
5.394649661688254,4.646368382412927,0.0008697613831243345,1.0001872267013894
5.227075854807012,4.646268882885458,0.0007702618556555407,1.0001658082196319
5.059502047925771,4.646355516336087,0.0008568953062839668,1.0001844571220848
5.059502047925771,4.64640912548079,0.0009105044509878368,1.0001959971415912
4.891928241044529,4.646426280495511,0.0009276594657086079,1.0001996899668657
4.720039228835885,4.646444293887254,0.0009456728574512852,1.0002035675682197
4.551746221066722,4.6464863234154405,0.0009877023856379452,1.0002126149346309
4.384172414185481,4.646440862589587,0.0009422415597848399,1.0002028289397222
4.216598607304239,4.646384250967325,0.000885629937522836,1.000190642600455
4.049024800422997,4.646366238312388,0.0008676172825854422,1.0001867651577072
3.8807317926538527,4.64640912548079,0.0009105044509878368,1.0001959971415912
3.7138771866605147,4.646457588784202,0.000958967754399076,1.0002064294562607
3.7138771866605147,4.646370526513466,0.0008719054836632267,1.0001876882450715
3.54558417889137,4.646243150731777,0.0007445297019748054,1.0001602690610227
3.378010372010128,4.646256445628726,0.0007578245989234844,1.000163130949064
3.210436565128887,4.646257303268942,0.000758682239139219,1.0001633155665368
3.0428627582476455,4.646225566896947,0.0007269458671448348,1.0001564839270114
2.875288951366404,4.646239719434112,0.0007410984043092483,1.0001595304325255
2.706995943597259,4.646279176041651,0.0007805550118487048,1.0001680239465178
2.5394221367160177,4.646291184478278,0.0007925634484751143,1.00017060890835
2.371848329834758,4.646250441410413,0.0007518203806107238,1.0001618384681479
2.20499372384142,4.6461929721479365,0.0006943511181338735,1.0001494675114078
2.20499372384142,4.646136789345781,0.0006381683159784046,1.0001373734808767
2.036700716072275,4.646079748166606,0.0005811271368036941,1.0001250946742666
1.8691269091910336,4.6460553024732505,0.0005566814434478928,1.000119832441867
1.7008339014218887,4.646023565364453,0.0005249443346500016,1.0001130006437358
1.5332600945406472,4.6460312855999994,0.0005326645701968502,1.0001146625182031
1.3664054885473091,4.64602957031957,0.0005309492897671575,1.0001142932832578
1.1988316816660678,4.6459163463382405,0.00041772530843786626,1.0000899204461167
1.0312578747848262,4.6457692418843815,0.0002706208545788513,1.000058254425769
0.8636840679035849,4.645690328669301,0.00019170763949816205,1.0000412673977839
0.8636840679035849,4.64572335223842,0.00022473120861743467,1.000048376122124
0.6953910601344399,4.645803980733932,0.000305359704129593,1.0000657323850548
0.5278172532531984,4.645863594833752,0.0003649738039497308,1.0000785650440833
0.36024344637193884,4.645806125571275,0.00030750454147199235,1.000066194087343
0.19266963949069735,4.6456487279612215,0.00015010693141892517,1.0000323123401091
0.02509583260945589,4.645498621029803,0.0,1.0
-0.14319717515968905,4.645520493802514,2.18727727112622e-05,1.0000047083799815
-0.310051781153027,4.645617419672532,0.00011879864272934526,1.0000255728507144
-0.47834478892217197,4.645636289967684,0.0001376689378815854,1.0000296349109348
-0.47834478892217197,4.645588685041293,9.006401149047605e-05,1.0000193873723442
-0.6451993949155099,4.6455749605874335,7.633955763086675e-05,1.0000164330169607
-0.813492402684655,4.645635861147576,0.00013724011777327405,1.0000295426021981
-0.9810662095658964,4.645750371589228,0.000251750559425723,1.0000541923655484
-1.1486400164471378,4.645783823978457,0.00028520294865419515,1.0000613933986253
-1.3162138233283793,4.645722923418312,0.00022430238850912332,1.0000482838133873
-1.4845068310975242,4.645655589819748,0.000156968789945644,1.0000337894384976
-1.6513614370908805,4.64572721161939,0.000228590589587796,1.0000492069007518
-1.8196544448600254,4.645881178668581,0.0003825576387788132,1.0000823501780944
-1.9872282517412667,4.645882893949013,0.0003842729192102823,1.0000827194130402
-1.9872282517412667,4.645816417990665,0.0003177969608625375,1.0000684096556232
-2.1548020586225083,4.645729356456733,0.00023073542693019533,1.0000496686030398
-2.3223758655037496,4.645798834155834,0.0003002131260316787,1.0000646245216116
-2.489949672384991,4.645953658845243,0.00045503781544020683,1.0000979524164275
-2.657523479266233,4.645990541795333,0.0004919207655307289,1.0001058919193957
-2.825097286147474,4.646030427959785,0.0005318069299820039,1.0001144779007305
-2.9926710930287155,4.6460921861601445,0.000593565130341922,1.0001277721034412
-3.160244899909957,4.646257732089048,0.000759111059245754,1.000163407875273
-3.328537907679102,4.64630147763447,0.0008028566046673902,1.0001728246352357
-3.328537907679102,4.646240577074327,0.0007419560445240947,1.0001597150499981
-3.4961117145603433,4.646173243475763,0.0006746224459606154,1.0001452206751082
-3.6636855214415847,4.6462092695224415,0.0007106484926389101,1.0001529757192096
-3.8312593283228447,4.646306624212568,0.0008080031827653045,1.000173932498679
-3.9995523360919893,4.646271456542909,0.0007728355131062514,1.0001663622306565
-4.166406942085327,4.646513342766248,0.0010147217364453454,1.000218431178055
-4.333980748966569,4.646648867603591,0.0011502465737880385,1.0002476045453077
-4.50155455584781,4.646619275332137,0.001120654302334323,1.0002412344494649
-4.669847563616956,4.646539504476841,0.0010408834470387873,1.000224062804007
-4.669847563616956,4.646607266895511,0.0011086458657088016,1.000238649487633
-4.8374213704981965,4.646691755508798,0.0011931344789957166,1.000256836687798
-5.004995177379438,4.64660769571562,0.001109074685817113,1.0002387417963696
-5.172568984260679,4.646515486866787,0.0010168658369842376,1.0002188927217373
-5.340142791141921,4.646519775804668,0.0010211547748655292,1.0002198159677076
-5.507716598023163,4.646569096748295,0.001070475718492503,1.00023043289985
-5.675290404904404,4.646709768163735,0.0012111471339322222,1.0002607141305455
-5.842864211785663,4.646739360435189,0.001240739405386826,1.0002670842263885
-6.011157219554809,4.6467569442700185,0.0012583232402159084,1.0002708693603997
-6.17873102643605,4.6467586602872535,0.0012600392574508845,1.0002712387539514
-6.17873102643605,4.646839717602873,0.001341096573070466,1.0002886873256187
-6.346304833317292,4.646932355271813,0.0014337342420107646,1.0003086287089873
-6.513878640198533,4.647013412587434,0.0015147915576312343,1.0003260772806548
-6.682171647967678,4.647067880109157,0.001569259079354346,1.0003378020762401
-6.849026253961016,4.647114627395332,0.0016160063655297208,1.0003478649973576
-7.016600060842257,4.64726473432675,0.0017661132969477578,1.0003801773374665
-7.1848930686114025,4.647305906951526,0.0018072859217230786,1.0003890402450109
-7.352466875492643,4.647267307984202,0.0017686869543993566,1.0003807313484914
-7.524355887701306,4.647349222940036,0.0018506019102337845,1.0003983645376313
-7.524355887701306,4.647349222940036,0.0018506019102337845,1.0003983645376313
-7.692648895470451,4.647260445388869,0.0017618243590664662,1.0003792540914964
-7.860222702351693,4.647224420078995,0.0017257990491925668,1.0003714992060013
-8.027796509232934,4.64729604261544,0.0017974215856373377,1.0003869168268613
-8.195370316114175,4.64737238217307,0.0018737611432673162,1.0004033498438218
-8.363663323883321,4.647437142850988,0.0019385218211853683,1.0004172903662936
-8.531237130764563,4.647494183293357,0.0019955622635547954,1.0004295690142972
-8.698810937645803,4.647403261641651,0.0019046406118485848,1.0004099970244802
-8.87141915074237,4.64741183878061,0.0019132177508076609,1.0004118433578146
-8.87141915074237,4.647528064502694,0.002029443472891579,1.0004368623561106
-9.038273756735707,4.647501903528905,0.002003282499102532,1.0004312308887648
-9.206566764504853,4.647464591021904,0.00196596999210108,1.0004231989184544
-9.37342137049819,4.6473595160962295,0.0018608950664269486,1.0004005802645173
-9.541714378267335,4.64733764332352,0.0018390222937174627,1.0003958718845363
-9.709288185148576,4.64749804341113,0.0019994223813277756,1.000430399951531
-9.876861992029836,4.647620273351526,0.002121652321723566,1.0004567114307426
-10.044435798911078,4.647774239663914,0.0022756186341110762,1.0004898545494794
-10.212728806680223,4.647881029870018,0.0023824088402157884,1.0005128424383618
-10.212728806680223,4.6479882488962305,0.0024896278664279237,1.000535922635981
-10.379583412673561,4.648150793084381,0.002652172054578017,1.0005709122466577
-10.552191625770108,4.648245146033752,0.0027465250039497846,1.0005912228649723
-10.719765432651368,4.648263588245602,0.002764967215798997,1.0005951927750623
-10.88733923953261,4.648274739042011,0.0027761180122087836,1.0005975931194213
-11.054913046413851,4.64829618225781,0.002797561228007339,1.00060220903206
-11.223206054182995,4.648429134174506,0.002930513144703717,1.0006308285468943
-11.390779861064237,4.648689891429803,0.0031912704000003345,1.0006869597131196
-11.558353667945479,4.648803114674327,0.0033044936445243422,1.0007113323916543
-11.558353667945479,4.648720341341472,0.0032217203116697846,1.0006935144264353
-11.72592747482672,4.648595109660324,0.0030964886305211436,1.0006665567860689
-11.894220482595864,4.648507189749372,0.00300856871956956,1.0006476309574068
-12.061075088589202,4.648556081872891,0.003057460843088222,1.0006581555808127
-12.228648895470444,4.648781670721724,0.0032830496919213914,1.0007067163204095
-12.396222702351686,4.64897166308079,0.003473042050987196,1.0007476144832472
-12.564515710120832,4.649061298272174,0.0035626772423711373,1.0007669095468554
-12.732089517002073,4.649020984024417,0.00352236299461417,1.0007582314153898
-12.899663323883333,4.649065158389947,0.0035665373601441175,1.000767740484089
-13.067237130764573,4.649219553522442,0.003720932492639051,1.000800975911562
-13.067237130764573,4.649340925822622,0.0038423047928191068,1.000827102773301
-13.235530138533719,4.649443855910951,0.003945234881148174,1.0008492597249492
-13.40310394541496,4.649367087533213,0.0038684665034107724,1.0008327343992522
-13.570677752296202,4.6492285602183125,0.0037299391885099453,1.0008029147122388
-13.73753235828954,4.6491213411921,0.00362272016229781,1.0007798345146197
-13.905825366058684,4.649213120484022,0.003714499454219755,1.0007995911219099
-14.073399172939926,4.649355507916697,0.0038568868868944506,1.0008302417461572
-14.240972979821167,4.649474735379533,0.003976114349730331,1.0008559069056078
-14.40854678670241,4.649577665467864,0.0040790444380611746,1.0008780638572565
-14.40854678670241,4.64962913051203,0.0041305094822270405,1.000889142333081
-14.57612059358365,4.649677164995333,0.004178543965529968,1.000899482339014
-14.748728806680216,4.649692604729624,0.004193983699821047,1.0009028059293432
-14.917021814449361,4.649601683077917,0.004103062048114836,1.000883233939526
-15.0838764204427,4.649418552577379,0.003919931547576638,1.0008438128750767
-15.251450227323941,4.649428845733573,0.0039302247037706906,1.000846028601963
-15.419743235093085,4.649632132989588,0.004133511959785174,1.0008897886528418
-15.586597841086423,4.6497830975612215,0.004284476531418946,1.0009222856104236
-15.754890848855569,4.649876164050269,0.004377543020466668,1.0009423193025286
-15.754890848855569,4.650006971129623,0.004508350099820646,1.0009704771150747
-15.922464655736828,4.65004900065781,0.004550379628007306,1.0009795244814859
-16.090038462618068,4.650058007353681,0.004559386323878201,1.0009814632821628
-16.25761226949931,4.6500751623684025,0.00457654133859986,1.0009851561074374
-16.42518607638055,4.650163082279355,0.004664461249552332,1.0010040819360997
-16.592759883261795,4.650272874963016,0.0047742539332134015,1.001027716144743
-16.76105289103094,4.65037237375368,0.0048737527238778,1.0010491344678942
-16.927907497024275,4.650504039210054,0.00500541818025102,1.0010774770565192
-17.056644455958804,4.650554646614005,0.00505602558420204,1.001088370914871
-17.056644455958804,4.650507469770917,0.005008848741113958,1.0010782155264106
-17.056644455958804,4.650513473989228,0.005014852959425831,1.0010795080073265
-17.056644455958804,4.650639992867505,0.0051413718377020245,1.0011067427325082
-17.056644455958804,4.650624553133214,0.005125932103411834,1.0011034191421793
-17.056644455958804,4.650517762927111,0.00501914189730801,1.0010804312532968
-17.056644455958804,4.650465011422622,0.004966390392818987,1.001069075851263
-17.056644455958804,4.650338921364453,0.004840300334650216,1.0010419334348177
-17.056644455958804,4.6502552903913825,0.004756669361579924,1.0010239308521258
-17.056644455958804,4.650270730125673,0.004772109095870114,1.0010272544424548
-17.056644455958804,4.650392531245961,0.004893910216158481,1.0010534736129302
-17.056644455958804,4.650489028295871,0.004990407266068253,1.0010742457749264
-17.056644455958804,4.650482166437343,0.004983545407540646,1.001072768676538
-17.056644455958804,4.650453860626213,0.004955239596410088,1.0010666755069042
-17.056644455958804,4.650365083075045,0.00486646204524277,1.0010475650607693
-17.056644455958804,4.6502973206563745,0.004798699626571867,1.001032978377143
-17.056644455958804,4.650371516113465,0.0048728950836620655,1.0010489498504214
-17.056644455958804,4.650539635699822,0.005041014670019273,1.0010851396332783
-17.056644455958804,4.650690171451346,0.005191550421543845,1.0011175442821234
-17.056644455958804,4.650784524400719,0.0052859033709165,1.001137854900438
-17.056644455958804,4.65083212932711,0.00533350829730761,1.0011481024390285
