Angle (degree),rho (mOhm cm),Delta rho (mOhm cm),rho/rho(theta=0)
104.45117341882195,4.166425872325964,-0.10616672913328351,0.9751516844603851
104.45117341882195,4.166434022735616,-0.10615857872363144,0.975153592063195
104.45117341882195,4.166422870086459,-0.10616973137278851,0.9751509817864386
104.45117341882195,4.166365391275238,-0.10622721018400938,0.9751375288746863
104.45117341882195,4.166426730845607,-0.10616587061364058,0.9751518853968476
104.45117341882195,4.166556272984997,-0.10603632847425004,0.9751822047255255
104.45117341882195,4.1664704829225965,-0.10612211853665077,0.9751621255674117
104.45117341882195,4.16641514930509,-0.10617745215415741,0.9751491747380984
104.45117341882195,4.166419867110027,-0.10617273434922048,0.9751502789400144
104.28772699025052,4.166520669843807,-0.10607193161543993,0.9751738718128163
104.11921806167909,4.166482494091395,-0.10611010736785254,0.9751649367806301
103.94998591882195,4.166281746406552,-0.106310855052695,0.9751179517990117
103.78147699025052,4.166180514781415,-0.10641208667783264,0.9750942585442176
103.6129680616791,4.166123464861552,-0.10646913659769552,0.9750809060144577
103.44445913310767,4.165851511631255,-0.10674108982799257,0.9750172553798983
103.27522699025053,4.165570122054157,-0.10702247940509046,0.974951396169029
103.10744127596479,4.1653337712281235,-0.1072588302311237,0.9748960782747011
103.10744127596479,4.164987181321512,-0.10760542013773566,0.9748149589312624
102.93893234739336,4.164512765577867,-0.10807983588138015,0.9747039219595927
102.77042341882193,4.164162743803463,-0.10842985765578383,0.9746219993877369
102.6011912759648,4.163902372850608,-0.10869022860863886,0.9745610595844039
102.43268234739337,4.163914383282483,-0.10867821817676404,0.9745638706251454
102.26417341882194,4.163277395606404,-0.10931520585284282,0.9744147837040424
102.09566449025051,4.161345414690854,-0.11124718676839329,0.9739626037056754
101.92715556167909,4.161349704341359,-0.11124289711788826,0.9739636076980767
101.75792341882195,4.161987549800154,-0.11060505165909351,0.9741128953831644
101.58941449025052,4.162235052538418,-0.11035754892082927,0.9741708233817711
101.58941449025052,4.162136394261428,-0.11045620719781901,0.9741477324189313
101.42018234739338,4.161885030764016,-0.11070757069523118,0.9740889008099156
101.25239663310767,4.161579191431814,-0.11101341002743315,0.9740173191355717
101.08388770453624,4.161400749045287,-0.11119185241396057,0.9739755547074662
100.9153787759648,4.161223164441475,-0.11136943701777202,0.9739339910433457
100.74614663310766,4.16079378818582,-0.11179881327342756,0.9738334955606944
100.57836091882194,4.160443766411416,-0.11214883504783124,0.9737515729888386
100.40985199025052,4.160238729812995,-0.11235387164625266,0.9737035841872965
100.24061984739338,4.1600036663979605,-0.11258893506128675,0.9736485676114233
100.24061984739338,4.1597021159793375,-0.11289048547990976,0.9735779897570029
100.07283413310766,4.159484210429399,-0.11310839102984804,0.9735269889782571
99.90360199025052,4.159222552065544,-0.1133700493937031,0.9734657478564693
99.7350930616791,4.1590844306251435,-0.1135081708341037,0.9734334205429892
99.56658413310767,4.159100301816165,-0.11349229964308183,0.9734371351941395
99.39735199025053,4.158920143864204,-0.11367245759504296,0.9733949692380641
99.22956627596481,4.158648620262193,-0.11394398119705418,0.9733314191579749
99.06105734739339,4.158377524814612,-0.11421507664463526,0.9732679692874002
98.89182520453622,4.158077690698347,-0.11451491076090026,0.9731977931334269
98.89182520453622,4.157814316032135,-0.11477828542711244,0.9731361503111925
98.72331627596479,4.157562523643365,-0.11503007781588259,0.9730772183201845
98.55480734739336,4.157484884727544,-0.11510771673170339,0.9730590469373583
98.38629841882194,4.157472015776027,-0.11512058568322026,0.9730560349601546
98.21778949025051,4.157283279259984,-0.1153093221992636,0.9730118611917548
98.04928056167908,4.156936689353372,-0.11565591210587556,0.972930741848316
97.87570913310765,4.156578517906242,-0.11601408355300524,0.9728469118461278
97.70647699025051,4.156290693484924,-0.11630190797432327,0.9727795465604182
97.5386912759648,4.155912361933194,-0.11668023952605289,0.9726909980871562
97.37018234739337,4.155593653649476,-0.11699894780977083,0.9726164044356086
97.37018234739337,4.155504432456213,-0.11708816900303454,0.9725955222215559
97.20167341882194,4.155482984940612,-0.11710961651863538,0.9725905024320273
97.03316449025051,4.155360305799875,-0.1172322956593721,0.972561789387705
96.86393234739337,4.155053179056674,-0.1175394224025732,0.9724899063949066
96.69542341882195,4.154848571349609,-0.11774403010963841,0.9724420179753566
96.52691449025052,4.154476673168247,-0.11811592829100004,0.97235497523198
96.35768234739338,4.154005259664108,-0.11858734179513952,0.9722446409342568
96.18989663310767,4.154574473662522,-0.11801812779672538,0.9723778654308352
96.02138770453624,4.155959116986616,-0.11663348447263111,0.9727019411041444
96.02138770453624,4.153490951128767,-0.11910165033047981,0.9721242670574765
95.8528787759648,4.150304297919871,-0.12228830353937603,0.9713784310964705
95.68436984739337,4.15174899414026,-0.12084360731898691,0.9717165621459639
95.51079841882195,4.154055875476676,-0.11853672598257159,0.9722564875616536
95.34228949025052,4.154842566133672,-0.11775003532557538,0.9724406124549859
95.17305734739338,4.154284504784416,-0.11830809667483155,0.9723099982351641
95.00382520453624,4.153304787960871,-0.11928781349837614,0.9720806955810308
94.83603949025051,4.152769031909931,-0.11982356954931639,0.9719553019147221
94.66753056167909,4.153439048642124,-0.11915355281712348,0.9721121192841021
94.66753056167909,4.153855127791833,-0.11873747366741405,0.9722095025800351
94.49902163310766,4.154821118618071,-0.11777148284117622,0.9724355926654573
94.32978949025052,4.161098340843947,-0.11149426061530043,0.973904776089061
94.1620037759648,4.1603476822195,-0.112244919239747,0.9737290844904306
93.99277163310767,4.15634173818885,-0.11625086327039735,0.9727914935698074
93.82426270453624,4.1547074476697015,-0.11788515378954578,0.9724089879879295
93.65575377596481,4.153237872065923,-0.11935472939332392,0.9720650339204913
93.48724484739338,4.152352523868865,-0.12024007759038202,0.9718578182367971
93.31873591882196,4.151768297199071,-0.12082430426017599,0.9717210800255306
93.31873591882196,4.151413985774163,-0.12117861568508381,0.9716381534612739
93.1495037759648,4.151253559772373,-0.12133904168687426,0.971600605766758
92.98099484739338,4.150985467301224,-0.12160713415802338,0.9715378587426075
92.81248591882195,4.150657321933779,-0.12193527952546823,0.9714610563422726
92.64470020453622,4.15040338508822,-0.12218921637102742,0.9714016224413029
92.47546806167908,4.150142155615723,-0.12245044584352449,0.9713404817015077
92.30261984739339,4.150031058015501,-0.12256154344374615,0.9713144793159341
92.13338770453623,4.150084676804502,-0.12250792465474536,0.9713270287897553
91.96487877596479,4.1501884825147135,-0.12240411894453374,0.9713513245089812
91.96487877596479,4.150206069271165,-0.1223865321880826,0.9713554406881004
91.79636984739336,4.15013872448486,-0.12245387697438748,0.9713396786455687
91.62279841882194,4.150053363313816,-0.1225392381454311,0.9713196998694471
91.45428949025052,4.149975724397996,-0.12261687706125102,0.9713015284866212
91.28578056167909,4.149829023656584,-0.12276357780266345,0.9712671931883383
91.11727163310766,4.149843608173532,-0.12274899328571554,0.9712706066935115
90.94803949025051,4.149993740045806,-0.12259886141344101,0.971305745047733
90.77953056167908,4.150089824237723,-0.12250277722152436,0.9713282335461413
90.61174484739337,4.150224942701692,-0.12236765875755484,0.9713598580131975
90.61174484739337,4.150274700731545,-0.12231790072770199,0.9713715038766098
90.44323591882194,4.1502455324345755,-0.12234706902467174,0.9713646770387409
90.2696644902505,4.150323172087324,-0.12226942937192309,0.9713828485940449
90.10115556167908,4.150370784923461,-0.12222181653578623,0.9713939923750177
89.93192341882194,4.150395234678567,-0.12219736678068038,0.9713997148384927
89.76341449025051,4.150455716466219,-0.12213688499302844,0.9714138705966691
89.59490556167908,4.150486172174189,-0.12210642928505866,0.9714209987529926
89.42639663310766,4.150580969692031,-0.12201163176721597,0.9714431861054236
89.25716449025052,4.150670619776654,-0.12192198168259338,0.9714641687014689
89.25716449025052,4.150687777641748,-0.12190482381749934,0.971468184498596
89.08865556167909,4.150662898258357,-0.12192970320089014,0.9714623614806507
88.92014663310766,4.150699359182263,-0.12189324227698428,0.9714708951573446
88.75236091882195,4.1508477747521795,-0.12174482670706777,0.9715056318111193
88.58312877596481,4.151032651246003,-0.1215599502132445,0.971548902141588
88.41461984739338,4.151256990903237,-0.12133561055601039,0.9716014088226971
88.24611091882196,4.151291736261709,-0.12130086519753824,0.971609540971421
88.07760199025051,4.1512308255827,-0.12136177587654728,0.9715952848312527
87.90909306167909,4.151293022935784,-0.1212995785234634,0.9716098421173984
87.74058413310766,4.1513547913975115,-0.12123781006173573,0.9716242990215522
87.74058413310766,4.151496343968775,-0.12109625749047215,0.9716574293909713
87.57207520453623,4.151834783465735,-0.12075781799351226,0.9717366411316003
87.4035662759648,4.152183947457422,-0.12040865400182543,0.9718183629394711
87.23433413310765,4.152387697381769,-0.12020490407747797,0.9718660505950361
87.06582520453622,4.152647211288836,-0.11994539017041106,0.9719267898068622
86.8973162759648,4.1528925695703105,-0.11970003188893674,0.9719842158955069
86.72880734739337,4.153050422223955,-0.11954217923529242,0.9720211612980689
86.56029841882194,4.15312291444348,-0.11946968701576743,0.9720381280969863
86.39178949025052,4.153291490854924,-0.11930111060432314,0.9720775833943125
86.39178949025052,4.153505106754357,-0.11908749470488988,0.9721275801806573
86.22328056167909,4.153622209570515,-0.11897039188873215,0.9721549880866013
86.05404841882195,4.15368655138039,-0.11890605007885746,0.9721700472827092
85.88553949025051,4.153802796413833,-0.11878980504541392,0.9721972544246688
85.71703056167908,4.154035286480719,-0.11855731497852862,0.9722516687085876
85.54852163310765,4.154293512976784,-0.11829908848246351,0.9723121066019588
85.38001270453623,4.15456975512066,-0.1180228463385875,0.9723767610564419
85.2115037759648,4.154849000240967,-0.11774360121828042,0.972442118357349
85.04299484739337,4.155081060679569,-0.11751154077967829,0.9724964320867981
85.04299484739337,4.155301111423222,-0.1172914900360249,0.9725479349479832
84.87448591882195,4.1555666298092975,-0.11702597164994977,0.972610079507702
84.7001912759648,4.155893487765742,-0.11669911369350494,0.9726865805895821
84.53240556167908,4.15625509108066,-0.11633751037858708,0.9727712138201865
84.36317341882194,4.156429243816683,-0.1161633576425638,0.9728119742558909
84.19466449025052,4.156571225279305,-0.11602137617994224,0.9728452050073024
84.02543234739338,4.156798996804327,-0.11579360465491995,0.9728985149168278
83.85764663310766,4.157169178683329,-0.1154234227759181,0.9729851559597569
83.68913770453624,4.157496895159416,-0.11509570629983124,0.9730618579780993
83.52062877596481,4.157736247488028,-0.11485635397121907,0.9731178783738961
83.52062877596481,4.157883806012156,-0.11470879544709156,0.9731524144361636
83.35211984739338,4.158009487392399,-0.11458311406684807,0.9731818301544327
83.18361091882196,4.15840497754615,-0.11418762391309745,0.9732743945972995
83.01510199025051,4.158927864645574,-0.11366473681367317,0.9733967762864045
82.84586984739339,4.159159925821102,-0.11343267563814496,0.9734510901883312
82.67736091882193,4.158908991215048,-0.11368361024419915,0.9733923589613079
82.5088519902505,4.15877344385972,-0.11381915759952754,0.9733606341122591
82.34034306167908,4.159151775411449,-0.11344082604779793,0.973449182585521
82.17183413310765,4.159543404806052,-0.11304919665319524,0.9735408434179789
82.17183413310765,4.15945890215465,-0.11313369930459682,0.9735210655783195
82.00332520453622,4.159449465070924,-0.11314313638832285,0.9735188568295324
81.8348162759648,4.159808066146339,-0.11278453531290822,0.9736027873861908
81.66558413310766,4.16033352659391,-0.11225907486533693,0.9737257713672499
81.49707520453623,4.160975232811851,-0.11161736864739602,0.9738759626627461
81.3285662759648,4.16147195459074,-0.11112064686850687,0.9739922203604071
81.16005734739338,4.161900901955037,-0.1106916995042102,0.9740926154610657
80.99154841882195,4.161875165525857,-0.11071743593339001,0.9740865918516135
80.82231627596481,4.161510559971434,-0.11108204148781287,0.9740012559470627
80.82231627596481,4.1614801042634655,-0.11111249719578176,0.9739941277907394
80.65380734739338,4.161678278600162,-0.11091432285908542,0.9740405104804039
80.48529841882196,4.161927925795217,-0.11066467566403038,0.9740989403889726
80.31678949025051,4.1623766051096815,-0.11021599634956569,0.9742039537511901
80.14828056167909,4.162805124319549,-0.10978747713969828,0.9743042486423344
79.97470913310767,4.163053484840529,-0.10953911661871807,0.9743623774049259
79.80620020453624,4.16339835918171,-0.10919424227753716,0.9744430952203954
79.63769127596481,4.1638586200366925,-0.10873398142255475,0.9745508192413622
79.46918234739337,4.164327889084044,-0.10826471237520341,0.974660651629124
79.46918234739337,4.1647431104510355,-0.10784949100821173,0.9747578341610719
79.30067341882194,4.165055384627459,-0.10753721683178785,0.9748309219102566
79.1314412759648,4.165374092911177,-0.10721850854806991,0.9749055155618042
78.96365556167909,4.165635321646747,-0.1069572798124998,0.9749666561291217
78.79442341882195,4.165975906337424,-0.10661669512182304,0.9750463699521903
78.62591449025052,4.166377830598469,-0.10621477086077835,0.9751404402974199
78.4574055616791,4.166814070589703,-0.10577853086954381,0.975242542236904
78.28383413310766,4.167240015714496,-0.10535258574475126,0.9753422346636164
78.11532520453623,4.167622208025372,-0.10497039343387549,0.9754316867472869
78.11532520453623,4.167934482201795,-0.1046581192574525,0.9755047744964713
77.9468162759648,4.168200859107513,-0.10439174235173443,0.9755671199926526
77.77830734739338,4.168520425173948,-0.10407217628529963,0.975641914408185
77.60979841882195,4.168869588428707,-0.10372301303054066,0.975723636043578
77.44128949025053,4.16935129679929,-0.1032413046599574,0.9758363798540735
77.2727805616791,4.1697926842237445,-0.10279991723550275,0.9759396865499432
77.10354841882194,4.169947533900956,-0.10264506755829128,0.9759759291060809
76.93576270453623,4.169718476438787,-0.10287412502046056,0.9759223182230561
76.76653056167909,4.169977560717566,-0.10261504074168126,0.9759829568804116
76.59802163310765,4.170436534898476,-0.10215606656077103,0.9760903797554017
76.59802163310765,4.170980869513501,-0.10161173194574591,0.9762177812340354
76.42951270453622,4.171424401394746,-0.10116820006450133,0.976321589839867
76.2610037759648,4.171833617545801,-0.10075898391344662,0.9764173668514443
76.09177163310765,4.1721343101817085,-0.10045829127753869,0.9764877439418801
75.92398591882194,4.172516073601227,-0.10007652785802001,0.9765770956435584
75.7547537759648,4.172801323937471,-0.09979127752177597,0.9766438584648361
75.58696806167909,4.173159066493243,-0.09943353496600427,0.976727588085032
75.41773591882195,4.173739004249458,-0.09885359720978926,0.9768633224763749
75.24922699025052,4.174040983559438,-0.09855161789980915,0.9769340007127874
75.24922699025052,4.174182107239345,-0.09841049421990267,0.9769670307002142
75.0807180616791,4.174445052277273,-0.09814754918197455,0.9770285729679788
74.91220913310767,4.174836252780517,-0.09775634867872984,0.9771201334184443
74.74370020453624,4.175308524067374,-0.0972840773918735,0.9772306684801525
74.57446806167908,4.175725460999797,-0.09686714045944989,0.9773282525400699
74.40595913310766,4.176139824584074,-0.09645277687517329,0.9774252343080332
74.23817341882194,4.176500570116277,-0.09609203134297051,0.977509666774653
74.06966449025052,4.176816275423563,-0.09577632603568453,0.9775835575797764
73.90043234739338,4.1771671549806815,-0.09542544647856577,0.9776656809156168
73.90043234739338,4.177477283963389,-0.09511531749585789,0.9777382665823621
73.73192341882195,4.1777543846269065,-0.09483821683234073,0.9778031219733072
73.56341449025052,4.178076952932845,-0.09451564852640182,0.9778786190627861
73.39418234739338,4.178456571895574,-0.09413602956367306,0.9779674688545025
73.22639663310767,4.178861928024409,-0.09373067343483843,0.9780623424281487
73.05788770453624,4.179282296824623,-0.09331030463462398,0.9781607297164829
72.8893787759648,4.179680789217878,-0.09291181224136924,0.978253996833296
72.71942341882195,4.180117886991828,-0.09247471446741962,0.9783562995367646
72.55163770453623,4.178691635310608,-0.09390096614863896,0.9780224854303758
72.38312877596479,4.178791580261672,-0.09380102119757527,0.9780458775391928
72.38312877596479,4.180203247425944,-0.09238935403330295,0.9783762781404086
72.21461984739337,4.181414166905373,-0.09117843455387398,0.9786596937600057
72.04538770453622,4.182447931409277,-0.09014467004997062,0.9789016462699526
71.87760199025051,4.1830870635421435,-0.0895055379171037,0.9790512351010171
71.70403056167909,4.183398051044494,-0.08919455041475288,0.9791240217042249
71.53552163310765,4.183714185243137,-0.08887841621610981,0.9791980128913403
71.36628949025051,4.184110533179603,-0.08848206827964411,0.9792907780981916
71.19271806167909,4.1845862363342485,-0.08800636512499871,0.9794021163883162
71.19271806167909,4.185048212754662,-0.08754438870458525,0.9795102419372524
71.02420913310766,4.185542361185403,-0.087050240273844,0.9796258973429591
70.85136091882195,4.185930129820858,-0.08666247163838925,0.9797166545650079
70.68285199025053,4.186263421884597,-0.08632917957465036,0.979794661549251
70.5143430616791,4.186698804093116,-0.0858937973661309,0.9798965627247506
70.34583413310767,4.187162496815889,-0.08543010464335854,0.9800050899741339
70.17660199025052,4.187446031586701,-0.08514656987254643,0.9800714512674422
70.00809306167909,4.187770316194998,-0.08482228526424951,0.9801473500573681
69.83958413310766,4.188178244935053,-0.08441435652419393,0.9802428257504908
69.67035199025052,4.188576738065236,-0.08401586339401135,0.9803360930397818
69.67035199025052,4.1890048276468175,-0.08358777381242977,0.9804362873764558
69.5025662759648,4.189446215071274,-0.08314638638797334,0.980539594072326
69.32899484739337,4.1898966099511705,-0.08269599150807672,0.980645008962513
69.16048591882195,4.190391187273269,-0.08220141418597837,0.9807607647502119
68.99125377596481,4.190940240430157,-0.08165236102909024,0.9808892706032392
68.82346806167908,4.19156221469793,-0.08103038676131735,0.9810348436371765
68.65495913310765,4.192184188965702,-0.08040841249354536,0.9811804166711137
68.48572699025051,4.192687773743243,-0.07990482771600416,0.98129828065313
68.3179412759648,4.193183637002489,-0.07940896445675794,0.9814143374143285
68.3179412759648,4.193733119050734,-0.07885948240851359,0.9815429436493477
68.14870913310766,4.1943606703800125,-0.07823193107923476,0.981689821994141
67.9787537759648,4.194863825529269,-0.07772877592997851,0.9818075854216872
67.8066287759648,4.195418455747662,-0.07717414571158532,0.9819373965855702
67.63811984739337,4.195991529768298,-0.07660107169094932,0.9820715245200801
67.46961091882194,4.196518706518228,-0.07607389494101913,0.9821949102015864
67.3003787759648,4.1970669018924,-0.07552569956684696,0.9823232152906289
67.13259306167909,4.197591934185541,-0.0750006672737058,0.9824460990621735
66.96336091882195,4.19797369760506,-0.07461890385418712,0.9825354507638518
66.96336091882195,4.198457979323789,-0.07413462213545863,0.982648796866301
66.79485199025052,4.198920814263844,-0.07367178719540313,0.9827571233516995
66.62706627596481,4.1993754987942475,-0.0732171026649997,0.9828635422342881
66.45855734739338,4.19985205973161,-0.07274054172763744,0.9829750812883976
66.28932520453623,4.200440147160552,-0.07215245429869555,0.983112723110073
66.1208162759648,4.20102308715627,-0.07156951430297731,0.983249160175362
65.95230734739337,4.201529246018883,-0.0710633554403639,0.9833676266218097
65.78379841882195,4.2020637146588244,-0.0705288868004228,0.9834927189696638
65.61022699025052,4.20268311557845,-0.06990948588079693,0.9836376897116471
65.61022699025052,4.203273776355538,-0.0693188251037089,0.9837759338252765
65.44099484739338,4.203803098299184,-0.0687895031600636,0.9838998215892221
65.26814663310766,4.204454669755284,-0.06813793170396298,0.9840523218430207
65.09963770453624,4.20510624194831,-0.06748635951093718,0.9842048222692966
64.9304055616791,4.205725642131008,-0.06686695932823916,0.984349792838802
64.76261984739338,4.20644112724255,-0.06615147421669754,0.9845172520791933
64.59338770453624,4.207268567737029,-0.06532403372221829,0.9847109144691427
64.4248787759648,4.207792742247455,-0.06479985921179221,0.9848335974767028
64.25636984739337,4.2082581505356575,-0.06433445092358969,0.9849425262540554
64.25636984739337,4.208766453118136,-0.06382614834111155,0.9850614944379877
64.08279841882195,4.209357972414866,-0.06323462904438149,0.9851999394880793
63.914289490250525,4.209980804465354,-0.06261179699389352,0.9853457132860013
63.7457805616791,4.210574039327516,-0.062018562131731514,0.9854845598640625
63.57727163310766,4.211290382221774,-0.06130221923747303,0.9856522198684387
63.40876270453623,4.21198570649179,-0.060606894967457414,0.9858149604652786
63.2402537759648,4.212669878849574,-0.059922722609673684,0.9859750909578395
63.07102163310766,4.213315445089735,-0.05927715636951181,0.9861261856912671
62.90251270453623,4.214114145441678,-0.05847845601756951,0.9863131214528629
62.90251270453623,4.214818906795419,-0.05777369466382787,0.9864780707984899
62.729664490250514,4.215406565333003,-0.057186036126243955,0.986615612238173
62.56115556167909,4.215893850028164,-0.056698751431083494,0.9867296611870463
62.391923418821946,4.216425745319958,-0.0561668561392894,0.9868541512429464
62.224137704536226,4.21702755948313,-0.055565041976117335,0.9869950058058098
62.0556287759648,4.217620365453933,-0.0549722360053142,0.9871337520018784
61.88639663310766,4.218153547419801,-0.054439054039446155,0.9872585432037557
61.71788770453623,4.218744637825174,-0.05384796363407318,0.9873968878718551
61.549378775964804,4.219362751333799,-0.05322985012544823,0.9875415572953835
61.549378775964804,4.22004434960651,-0.05254825185273759,0.9877010853235129
61.38086984739338,4.220725947142292,-0.05186665431695481,0.9878606131791642
61.21236091882195,4.221329905762255,-0.05126269569699193,0.9880019696519898
61.0431287759648,4.221985337977502,-0.05060726348174516,0.988155373516197
60.8753430616791,4.22269953641497,-0.049893065044277485,0.988322531610611
60.70611091882195,4.223345960437848,-0.04924664102139964,0.9884738271080233
60.537601990250515,4.224006540086316,-0.04858606137293098,0.9886284357286166
60.36909306167909,4.224683419817164,-0.047909181642083354,0.9887868593823523
60.19986091882195,4.22528437619762,-0.04730822526162726,0.9889275131812311
60.19986091882195,4.226014445089183,-0.04657815637006468,0.9890983857543177
60.03135199025052,4.226789124577377,-0.04580347688187025,0.9892796994344308
59.858503775964806,4.2274647176341515,-0.045127883825095694,0.9894378219421897
59.68999484739337,4.22814116847364,-0.04445143298560694,0.9895961452139328
59.52076270453623,4.228806037035685,-0.04378656442356199,0.9897517576544491
59.352253775964805,4.229418146065301,-0.043174455393946154,0.9898950217300848
59.184468061679084,4.230267033338455,-0.042325568120792134,0.9900937037370855
59.01089663310766,4.231058871428672,-0.04153373003057492,0.9902790333868037
58.84238770453623,4.231755911264119,-0.040836690195128256,0.9904421755116131
58.84238770453623,4.232410914588006,-0.04018168687124124,0.9905954789938274
58.6738787759648,4.232998573125589,-0.039594028333658216,0.9907330204335102
58.50464663310766,4.233623121478437,-0.03896947998081046,0.9908791959318797
58.336137704536235,4.234300430100641,-0.03829217135860663,0.9910377199676074
58.16762877596481,4.2349382755594345,-0.03765432589981277,0.9911870076526949
57.999119847393374,4.23557054469365,-0.037022056765597,0.9913349901994043
57.83061091882195,4.236218255390601,-0.03637434606864609,0.9914865868427936
57.66210199025052,4.236943606477229,-0.03564899498201868,0.9916563552139647
57.49286984739337,4.237721717833212,-0.03487088362603519,0.9918384721224941
57.49286984739337,4.238455647483923,-0.03413695397532468,0.9920102483059897
57.324360918821945,4.239260353788728,-0.033332247670519344,0.9921985897604337
57.15585199025052,4.24001229908725,-0.03258030237199705,0.9923745825050416
56.98734306167909,4.240726067896434,-0.03186653356281344,0.9925416400449858
56.81883413310766,4.24147672652088,-0.031115874938366872,0.9927173316436162
56.65032520453623,4.242178485635117,-0.030414115824130228,0.9928815783152968
56.4818162759648,4.242832201548006,-0.029760399911241464,0.9930345804790569
56.313307347393376,4.243495784172906,-0.029096817286340837,0.9931898919460743
56.144075204536236,4.2441765246629,-0.028416076796347056,0.9933492192102187
55.97556627596481,4.244817372361198,-0.02777522909804908,0.9934992095692524
55.97556627596481,4.245513125522573,-0.02707947593667459,0.993662050548085
55.80705734739337,4.246262926364303,-0.026329675094943994,0.9938375413827306
55.63854841882194,4.246966401043972,-0.025626200415275413,0.9940021895823807
55.470039490250514,4.2476248354987245,-0.024967765960522748,0.9941562961205346
55.29646806167909,4.248436404802183,-0.024156196657064477,0.994346243859334
55.127959133107666,4.2491364476140605,-0.023456153845186734,0.9945100888305672
54.959450204536225,4.249661479907202,-0.022931121552045575,0.9946329726021119
54.7909412759648,4.250468759560155,-0.022123841899092334,0.9948219163485102
54.62170913310766,4.25124815832714,-0.021344443132107038,0.9950043345754948
54.62170913310766,4.251839247995585,-0.020753353463661917,0.9951426790711162
54.453923418821944,4.252409748668073,-0.020182852791173822,0.9952762047136718
54.2846912759648,4.25310807591452,-0.019484525544727127,0.9954396481569358
54.11618234739338,4.253627102254798,-0.01896549920444901,0.9955611262356323
53.94767341882195,4.253919216326621,-0.018673385132625953,0.995629495513743
53.779164490250515,4.254602530164763,-0.017990071294484267,0.9957894250698417
53.609932347393375,4.255550075714906,-0.017042525744341397,0.9960111980396819
53.44214663310766,4.25634834717549,-0.016244254283757087,0.9961980334192853
53.27291449025052,4.256925711583558,-0.015666889875689094,0.996333165518674
53.27291449025052,4.257333640323613,-0.015258961135634408,0.9964286412117965
53.10512877596481,4.257888270542006,-0.014704330917241215,0.9965584523756795
52.93589663310767,4.258616623868139,-0.013975977591107913,0.9967289234207973
52.76811091882195,4.259354413541069,-0.013238187918178212,0.9969016030422239
52.5988787759648,4.260022714707833,-0.012569886751414572,0.9970580188836349
52.43036984739337,4.260540025482679,-0.012052575976568392,0.9971790954343618
52.261860918821945,4.26106891779804,-0.011523683661207151,0.9973028826438375
52.092628775964805,4.261671160852571,-0.010921440606676214,0.9974438375886936
51.92484306167909,4.262370345881734,-0.01022225557751355,0.9976074817959423
51.75633413310766,4.263101702184296,-0.009490899274950948,0.9977786556874837
51.75633413310766,4.263790162718733,-0.00880243874051434,0.9979397898274907
51.58782520453623,4.264475192859233,-0.008117408600014642,0.9981001210840363
51.41859306167909,4.265096738235647,-0.0074958632236006295,0.9982455937359812
51.25008413310766,4.265654370693546,-0.006938230765701547,0.9983761075738108
51.081575204536236,4.266115489331244,-0.006477112128003171,0.9984840323587625
50.91234306167909,4.266618645217426,-0.005973956241820844,0.9986017959587861
50.74455734739337,4.267201156321788,-0.005391445137458817,0.9987381326420831
50.57604841882194,4.267895193917731,-0.004697407541516263,0.9989005720929461
50.407539490250514,4.26850172588584,-0.00409087557340726,0.9990425308577255
50.407539490250514,4.269083808098844,-0.0035087933604032173,0.9991787671590301
50.23396806167909,4.269656453228121,-0.00293614823112609,0.9993127947115474
50.064735918821945,4.270209367144157,-0.0023832343150900215,0.9994422041749835
49.896950204536225,4.270789304900372,-0.0018032965588750116,0.9995779385663264
49.7284412759648,4.271294605243344,-0.0012979962159036518,0.9996962040763118
49.55920913310766,4.27175186385882,-0.0008407376004271327,0.999803225423332
49.39070020453623,4.272306063712004,-0.00028653774724318737,0.9999329358602678
49.2221912759648,4.272878709578207,0.00028610811896001564,1.0000669635852626
49.05368234739338,4.273495965304116,0.0009033638448689985,1.0002114322448061
49.05368234739338,4.274144105629353,0.0015515041701057442,1.0003631294426658
48.88517341882195,4.274662274186915,0.002069672727667893,1.0004844067573775
48.716664490250515,4.275195027261424,0.0026024258021770663,1.0006090975772621
48.547432347393375,4.2757762516917115,0.0031836502324642524,1.0007451331145818
48.37964663310766,4.276272115687884,0.003679514228636549,1.0008611900482578
48.2096912759648,4.276695916355886,0.004103314896639176,1.0009603805650082
48.041905561679094,4.277071244931184,0.004478643471936827,1.0010482261918459
47.87339663310767,4.277453437978987,0.004860836519739564,1.0011376784479942
47.704887704536226,4.278002920027233,0.0054103185679856836,1.0012662846830138
47.704887704536226,4.278585002240237,0.005992400780989726,1.0014025209843183
47.535655561679086,4.279209978747515,0.006617377288267612,1.001548796692202
47.36714663310766,4.279810935127971,0.007218333668723709,1.001689450491081
47.19863770453623,4.28040159590506,0.007808994445812623,1.0018276946047104
47.030128775964805,4.280816388380695,0.008223786921448095,1.0019247767546664
46.85728056167908,4.28117842058697,0.008585819127723049,1.0020095103672628
46.68804841882194,4.281540452793247,0.008947851333999779,1.00209424397986
46.515200204536235,4.2820050032987345,0.009412401839487217,1.002202971993228
46.34596806167909,4.282528319289517,0.009935717830269475,1.0023254540643252
46.34596806167909,4.283022896611615,0.010430295152367819,1.0024412098520241
46.17818234739338,4.2835998313914,0.01100722993215264,1.0025762413969432
46.008950204536234,4.284071673786896,0.011479072327648332,1.0026866760766584
45.8404412759648,4.284473168419657,0.011880566960409844,1.0027806458674184
45.67193234739337,4.284919274385976,0.0123266729267284,1.002885056937682
45.503423418821946,4.285431438464527,0.012838837005279657,1.0030049289045004
45.334191275964805,4.285871967369341,0.013279365910094043,1.0031080346639085
45.16640556167909,4.286255018199859,0.01366241674061186,1.0031976876840412
44.99717341882195,4.2866843944555155,0.014091792996268282,1.0032981831666925
44.99717341882195,4.287205566726436,0.014612965267188471,1.003420163500306
44.82866449025051,4.287766201423839,0.015173599964591666,1.0035513800120819
44.66015556167908,4.288096491248072,0.015503889788824665,1.0036286843223783
44.491646633107656,4.288393323124832,0.01580072166558466,1.0036981578024051
44.32313770453623,4.289107520825374,0.016514919366127145,1.0038653157243418
44.1546287759648,4.289530892602019,0.01693829114277179,1.0039644058591
43.986119847393375,4.289647995418178,0.01705539395893041,1.003991813765044
43.81761091882194,4.2898007006386,0.017208099179352843,1.0040275544112198
43.649101990250514,4.290105253296728,0.017512651837480853,1.0040988349395867
43.479869847393374,4.290459993612994,0.017867392153746664,1.0041818618858358
43.479869847393374,4.290773125572133,0.01818052411288562,1.0042551503990051
43.31136091882195,4.291078964904335,0.018486363445087584,1.004326732073349
43.14285199025052,4.2914448578697595,0.018852256410512247,1.004412369296355
42.97361984739338,4.291793163341803,0.019200561882556144,1.0044938901677634
42.805834133107666,4.292225971465249,0.019633370006001627,1.0045951888788311
42.63660199025051,4.292622319401715,0.02002971794246733,1.0046879540856823
42.468093061679085,4.292851377600812,0.02025877614156446,1.004741565141185
42.29958413310766,4.293100167013149,0.020507565553901763,1.0047997942857687
42.13107520453623,4.29339485443312,0.020802252973872726,1.0048687658558337
42.13107520453623,4.293713562716838,0.021120961257590665,1.0049433595073813
41.962566275964804,4.2941437974921355,0.021551196032888242,1.0050440559264948
41.79405734739338,4.294498108180117,0.021905506720869994,1.005126982318274
41.624825204536236,4.294729310836003,0.02213670937675616,1.0051810952837383
41.457039490250516,4.294940353387289,0.022347751928041504,1.0052304897781288
41.28853056167909,4.295168982695027,0.022576381235779763,1.005284000451639
41.12002163310766,4.295441364079755,0.022848762620507834,1.0053477512957132
40.95078949025052,4.295703022443609,0.023110420984362,1.0054089924175005
40.782280561679094,4.2959337962081365,0.023341194748889293,1.0054630050009723
40.782280561679094,4.296184730814192,0.02359212935494437,1.0055217362279958
40.60943234739337,4.29639405706312,0.02380145560387259,1.0055707290219393
40.44020020453623,4.29651416285571,0.023921561396463176,1.0055988397743079
40.271691275964805,4.296733355079723,0.024140753620475408,1.0056501416990309
40.10318234739338,4.297015603176462,0.024423001717214454,1.0057162018463621
39.93467341882195,4.297278547477464,0.024685946018216498,1.0057777439416493
39.76616449025051,4.297449269082622,0.024856667623375017,1.0058177013214145
39.59693234739337,4.297511037544349,0.024918436085101803,1.005832158225568
39.429146633107656,4.297699345905961,0.025106744446714124,1.0058762317844532
39.2591912759648,4.2979743013757625,0.025381699916515288,1.0059405850929588
39.2591912759648,4.298184914298765,0.02559231283951746,1.0059898790328796
39.09140556167909,4.298468020178219,0.025875418718971588,1.0060561399441956
38.92289663310766,4.298793162569232,0.026200561109984477,1.006132239498106
38.75004841882194,4.299031657852055,0.026439056392807636,1.006188059302396
38.5808162759648,4.299194229047561,0.02660162758831408,1.0062261090793512
38.40724484739337,4.299385968540037,0.026793367080789388,1.0062709856941752
38.239459133107665,4.299600871113542,0.027008269654294814,1.0063212836264965
38.07095020453624,4.2997668741768384,0.027174272717591208,1.0063601366318684
38.07095020453624,4.299922153482336,0.02732955202308851,1.0063964797424765
37.89665556167908,4.300000650917799,0.027408049458551353,1.0064148520617646
37.728869847393376,4.300107029976157,0.027514428516909994,1.0064397500729447
37.55963770453623,4.300230995790969,0.02763839433172155,1.0064687642632444
37.3911287759648,4.300402145550559,0.027809544091311977,1.0065088218525244
37.222619847393375,4.300661659457624,0.02806905799837711,1.0065695610643501
37.05411091882194,4.300907017002172,0.028314415542924465,1.0066269869805171
36.885601990250514,4.301004388605089,0.028411787145842027,1.00664977679738
36.71709306167909,4.301030125771196,0.028437524311948792,1.0066558005793103
36.71709306167909,4.300963209876247,0.02837060841700012,1.0066401389187705
36.54786091882195,4.3009306097114886,0.02833800825224131,1.0066325088524852
36.37501270453623,4.3010224042529,0.028429802793652925,1.0066539933584921
36.206503775964805,4.301127925528544,0.028535324069296486,1.0066786906056877
36.03799484739337,4.301201704422144,0.028609102962896316,1.0066959585505824
35.869485918821944,4.301299504916419,0.028706903457171862,1.0067188487494378
35.7002537759648,4.301414891430218,0.028822289970970694,1.0067458549549346
35.53174484739338,4.3015169808380715,0.028924379378824305,1.0067697489737135
35.362512704536236,4.301605344248619,0.029012742789372048,1.0067904304237814
35.362512704536236,4.301665397144915,0.029072795685667785,1.0068044857999656
35.189664490250514,4.301755047229537,0.02916244577028948,1.0068254683960107
35.02115556167909,4.301769631746484,0.029177030287236505,1.0068288819011837
34.85264663310766,4.301835689121789,0.029243087662541356,1.0068443426252607
34.68341449025052,4.301943784482506,0.029351183023258898,1.006869642336888
34.51562877596481,4.302050592432224,0.02945799097297641,1.0068946407300605
34.346396633107666,4.302153539622793,0.02956093816354599,1.0069187355128242
34.17788770453624,4.3021595448387275,0.029566943379480293,1.0069201410331943
34.0093787759648,4.3021196527839605,0.029527051324713227,1.006910804300562
33.84014663310766,4.302071181428182,0.029478579968934326,1.0068994595831267
33.84014663310766,4.302016705593391,0.029424104134143647,1.0068867095177982
33.672360918821944,4.301974668344907,0.029382066885659697,1.0068768707027262
33.50385199025052,4.301981102452202,0.029388500992954647,1.0068783766050893
33.33534306167909,4.302034721241202,0.029442119781954545,1.0068909260789103
33.166834133107656,4.302033434567129,0.02944083310788148,1.0068906249329332
32.997601990250516,4.302079760729191,0.029487159269943497,1.0069014675679289
32.82909306167909,4.30208748151056,0.0294948800513124,1.006903274616269
32.66058413310766,4.301964802369823,0.029372200910575685,1.0068745615719468
32.487012704536234,4.301954078612022,0.029361477152774818,1.0068720516771823
32.487012704536234,4.301894884235369,0.029302282776122013,1.0068581972374606
32.31850377596481,4.3018644285274,0.029271827068153122,1.0068510690811372
32.14999484739337,4.301870004851979,0.029277403392732104,1.0068523742195155
31.981485918821946,4.301749899796316,0.029157298337068482,1.0068242636396247
31.812253775964802,4.301694565441885,0.029101963982637535,1.0068113126378344
31.644468061679092,4.301737460473085,0.029144859013837454,1.0068213522168914
31.475235918821948,4.30177263398599,0.029180032526742394,1.0068295845751305
31.307450204536238,4.301718587042558,0.029125985583310587,1.0068169348917946
31.1389412759648,4.30164094738981,0.029048345930562824,1.0067987633364908
31.1389412759648,4.301578320408441,0.028985718949193995,1.0067841054958748
30.968985918821943,4.301593333816746,0.029000732357499004,1.0067876193830403
30.80120020453623,4.301601054598114,0.02900845313886702,1.0067894264313801
30.627628775964805,4.301583038950304,0.02899043749105701,1.0067852098702683
30.459119847393378,4.301475373217872,0.028882771758624415,1.0067600107131112
30.29061091882195,4.3012604706443645,0.028667869185117212,1.0067097127807894
30.1213787759648,4.301063154090385,0.028470552631137735,1.00666353085511
29.953593061679086,4.301097899448859,0.028505297989611655,1.0066716630038344
29.780021633107662,4.301233446804185,0.028640845344937382,1.0067033878528824
29.780021633107662,4.301314946479156,0.02872234501990878,1.006722462846118
29.611512704536235,4.301345402187123,0.028752800727875893,1.006729591002441
29.44228056167909,4.301311086456933,0.028718484997686033,1.0067215594081864
29.27449484739337,4.301138220394985,0.028545618935737593,1.0066811001184592
29.105985918821943,4.3009340408423515,0.028341439383104294,1.006633311908424
28.937476990250516,4.30072900424393,0.02813640278468288,1.006585323106882
28.768244847393376,4.300581445719802,0.02798884426055448,1.0065507870446144
28.59973591882195,4.30052053504079,0.027927933581542774,1.0065365309044454
28.42616449025052,4.3003635409067895,0.027770939447542276,1.006499786438346
28.42616449025052,4.300146064248209,0.02755346278896198,1.0064488860415925
28.257655561679087,4.299986066400851,0.02739346494160344,1.0064114385565914
28.08914663310766,4.29984580050366,0.027253199044412924,1.0063786093331493
27.919914490250516,4.299690092306806,0.027097490847558525,1.0063421658405494
27.752128775964806,4.299562265732847,0.026969664273599925,1.006312248039841
27.58361984739338,4.299395834515121,0.0268032330558734,1.0062732948249546
27.410048418821944,4.299200663154856,0.02660806169560903,1.0062276149817142
27.241539490250517,4.29911187085295,0.026519269393702416,1.0062068331496536
27.07303056167909,4.299017073335107,0.026424471875859723,1.0061846457972228
27.07303056167909,4.298929567707274,0.02633696624802706,1.0061641651111393
26.904521633107663,4.2988201864094115,0.026227584950164307,1.006138564426013
26.736012704536236,4.298609572749482,0.02601697129023517,1.0060892703136146
26.566780561679092,4.298417833257009,0.02582523179776164,1.006044393698791
26.398271633107658,4.2982642695169435,0.025671668057696273,1.0060084521161528
26.22976270453623,4.29811199318788,0.025519391728632712,1.0059728118519695
26.056191275964803,4.297944704187436,0.02535210272818844,1.005933657873098
25.88261984739338,4.297763687715835,0.025171086256587927,1.0058912909805608
25.714834133107658,4.297598114280824,0.02500551282157648,1.005852538529659
25.714834133107658,4.297379779839527,0.02478717838027933,1.0058014373689206
25.545601990250514,4.297273400781168,0.024680799321920688,1.0057765393577407
25.37203056167909,4.29722492942539,0.024632327966142675,1.0057651946403057
25.203521633107663,4.297015173548178,0.024422572088930394,1.0057161012918923
25.035012704536236,4.2967874027600805,0.02419480130083329,1.0056627915548442
24.86650377596481,4.296615823372206,0.024023221912958803,1.0056226334110943
24.69799484739337,4.296376041415309,0.02378343995606169,1.0055665124608273
24.529485918821944,4.2961319705448355,0.02353936908558829,1.0055093876906374
24.360253775964804,4.295940659943717,0.02334805848447008,1.0054646114578056
24.360253775964804,4.295969828240686,0.023377226781438942,1.0054714382956744
24.19246806167909,4.295950525181874,0.023357923722627127,1.0054669204161075
24.023959133107663,4.2958934752620115,0.023300873802764244,1.0054535678863474
23.854726990250523,4.2956249538995035,0.023032352440256254,1.0053907204802044
23.686218061679085,4.2953281220227435,0.02273552056349626,1.0053212470001776
23.516985918821945,4.295161690068089,0.02256908860884188,1.0052822936128134
23.34920020453623,4.295105069039585,0.02251246758033787,1.005269041465046
23.17996806167909,4.294919763654404,0.022327162195156625,1.005225670752585
23.011459133107664,4.294783787407719,0.022191185948472025,1.0051938455215441
23.011459133107664,4.294563737400992,0.021971135941744713,1.0051423428328365
22.84367341882195,4.294290068605264,0.021697467146016614,1.0050782906703077
22.67444127596481,4.294049428865651,0.021456827406403534,1.0050219689560562
22.505932347393372,4.293879993934565,0.02128739247531808,1.004982312722268
22.337423418821945,4.293774473395849,0.021181871936601482,1.0049576156475502
22.1681912759648,4.293647075713247,0.021054474253999977,1.004927798228834
22.00040556167909,4.293415443429077,0.020822841969829753,1.0048735847088996
21.831896633107664,4.293137914611129,0.020545313151881572,1.00480862910844
21.66266449025052,4.292945746227296,0.02035314476804917,1.0047636521116237
21.66266449025052,4.292798187703169,0.020205586243921658,1.0047291160493563
21.4948787759648,4.292641621723599,0.02004902026435218,1.0046924717927717
21.32564663310766,4.292466611204861,0.01987400974561382,1.0046515105930824
21.157137704536233,4.292201092818786,0.019608491359538682,1.0045893660333638
20.988628775964806,4.291986618399709,0.01939401694046161,1.0045391683105565
20.82011984739338,4.291803887099604,0.019211285640357012,1.0044964000625278
20.65161091882195,4.291596276416107,0.01900367495685984,1.0044478087965536
20.4823787759648,4.291341909942264,0.01874930848301659,1.0043882743411139
20.30953056167909,4.2911578912311565,0.0185652897719093,1.00434520477463
20.141021633107663,4.291093978312641,0.01850137685339348,1.0043302459605146
20.141021633107663,4.290769264812986,0.018176663353738576,1.0042542467885964
19.967450204536235,4.290413666714005,0.017821065254757684,1.0041710190783626
19.7989412759648,4.290163590627592,0.017570989168344653,1.0041124887878015
19.630432347393374,4.289949116208517,0.01735651474926936,1.0040622910649946
19.461923418821947,4.289746224066884,0.017153622607636976,1.004014804173414
19.29341449025052,4.289592232172388,0.01699963071314059,1.003978762381261
19.124182347393376,4.2893644606473655,0.0167718591881183,1.0039254524717358
18.95567341882195,4.289111381584521,0.01651878012527419,1.0038662193347505
18.78644127596481,4.288844146896087,0.016251545436840154,1.0038036730745847
18.78644127596481,4.288712889191266,0.016120287732018568,1.0037729522179375
18.618655561679088,4.288533589022023,0.015940987562776066,1.0037309870258475
18.449423418821944,4.288257346141221,0.015664744681973986,1.0036663323988868
18.281637704536234,4.288013275270745,0.01542067381149792,1.0036092076286962
18.11240556167909,4.28780008826267,0.015207486803422654,1.003559311224344
17.94461984739338,4.2876199295737845,0.01502732811453722,1.0035171450957914
17.775387704536236,4.287504114168626,0.014911512709378627,1.0034900385083019
17.6068787759648,4.287385295787035,0.01479269432778807,1.0034622290743882
17.437646633107658,4.287143797527782,0.014551196068534722,1.0034057064236748
17.437646633107658,4.286837100412863,0.014244498953615903,1.0033339239853458
17.269860918821948,4.286658658026336,0.01406605656708848,1.0032921595572404
17.10135199025051,4.286454478473703,0.01386187701445607,1.0032443713472055
16.932843061679083,4.286220702469669,0.013628101010422,1.0031896560897866
16.764334133107656,4.285993788727363,0.013401187268115677,1.0031365469442461
16.59582520453623,4.285755294181466,0.013162692722218594,1.003080727312434
16.427316275964802,4.285642051387528,0.013049449928280943,1.003054222844421
16.25808413310766,4.28546918532558,0.012876583866332503,1.0030137635546938
16.08957520453623,4.285271869508525,0.012679268049277326,1.0029675818014914
16.08957520453623,4.285124311721326,0.012531710262078555,1.002933045911702
15.916003775964798,4.2849587375493865,0.012366136090139257,1.0028942932883222
15.743155561679096,4.284887103112576,0.01229450165332846,1.0028775272533892
15.573923418821954,4.284738258651301,0.01214565719205396,1.0028426902176224
15.405414490250527,4.284506197475774,0.01191359601652664,1.002788376315696
15.236905561679082,4.284250973956139,0.011658372496891722,1.0027286412687486
15.06767341882194,4.284016768323823,0.011424166864575369,1.0026738254568603
14.894825204536238,4.2837495336353895,0.01115693217614222,1.0026112791966948
14.72631627596481,4.283504604245271,0.010912002786024111,1.0025539534900418
14.72631627596481,4.283270828241238,0.01067822678199093,1.0024992382326234
14.552744847393376,4.283067936099605,0.010475334640357659,1.002451751341043
14.37917341882194,4.2828573224396775,0.010264720980430297,1.002402457228645
14.211387704536229,4.282646279888391,0.010053678429144064,1.0023530627342543
14.042155561679087,4.282534324505454,0.009941723046206441,1.002326859584696
13.87364663310766,4.282394058608263,0.009801457149015924,1.0022940303612538
13.705137704536233,4.282136261003557,0.00954365954430969,1.0022336928498754
13.536628775964806,4.281854871426459,0.0092622699672118,1.002167833639006
13.368119847393379,4.281646402960248,0.009053801501000436,1.0021190416090475
13.368119847393379,4.281506565954415,0.008913964495167903,1.0020863127675976
13.199610918821952,4.281247480938709,0.008654879479461641,1.0020256739377646
13.03037877596481,4.280975528445339,0.008382926986091555,1.0019620234756828
12.861869847393383,4.280781214867789,0.008188613408541379,1.0019165443964269
12.693360918821956,4.2806932803486,0.008100678889352508,1.0018959633283515
12.52485199025051,4.280599341350398,0.008006739891150971,1.0018739769123826
12.356343061679084,4.280409746314714,0.007817144855466474,1.0018296022075206
12.187110918821942,4.2801691065751,0.007576505115852505,1.0017732804932689
12.013539490250524,4.280033559219774,0.0074409577605267785,1.0017415556442206
12.013539490250524,4.279844821966803,0.0072522205075555846,1.001697381703343
11.845030561679097,4.279638497957382,0.007045896498135029,1.0016490915833465
11.672182347393377,4.279477213435949,0.006884611976701649,1.001611342952368
11.50367341882195,4.279332228996894,0.006739627537646342,1.001577409354532
11.335164490250524,4.279131052420692,0.006538450961445008,1.001530323990921
11.166655561679097,4.278854810276819,0.006262208817571668,1.0014656695364386
10.99814663310767,4.278583715566163,0.005991114106915774,1.0014022198383412
10.828914490250527,4.278444736343047,0.0058521348838000975,1.0013696917608763
10.660405561679083,4.278381251578962,0.005788650119714411,1.0013548331562756
10.660405561679083,4.278323343876383,0.005730742417135559,1.0013412798625307
10.491896633107656,4.278162917874593,0.005570316415345999,1.0013037321680152
10.323387704536229,4.278016646024537,0.005424044565289776,1.0012694972517242
10.154878775964802,4.277899114317021,0.0053065128577740595,1.0012419889637878
9.98564663310766,4.2778081775583265,0.0052155760990793,1.0012207052217659
9.817137704536233,4.277646893036894,0.005054291577646808,1.0011829565907877
9.649351990250521,4.277383090216249,0.004790488757001832,1.0011212135590382
9.480119847393379,4.277172047664964,0.004579446205716486,1.0010718190646477
9.311610918821952,4.277033069178774,0.004440467719526886,1.0010392911596604
9.311610918821952,4.276806155436466,0.004213553977218787,1.0009861820141195
9.143101990250525,4.276555220830411,0.0039626193711637114,1.000927450787096
8.974593061679098,4.276405518586421,0.0038129171271741313,1.0008924129873444
8.806084133107671,4.276317155175873,0.0037245537166255005,1.0008717315372764
8.637575204536224,4.276213349465662,0.0036207480064147646,1.0008474358180506
8.464003775964809,4.276149007655788,0.003556406196540962,1.000832376621943
8.294771633107665,4.276071796894399,0.0034791954351520715,1.0008143054486318
8.126985918821955,4.27595254962145,0.0033599481622026417,1.0007863956327254
7.958476990250527,4.275811425941544,0.0032188244822970447,1.0007533656452987
7.958476990250527,4.275682741584869,0.0030901401256215877,1.0007232470806053
7.789244847393385,4.275545906818541,0.002953305359294056,1.000691220913102
7.621459133107655,4.275456685625278,0.002864084166030345,1.0006703386990494
7.452226990250512,4.275436954412036,0.002844352952788398,1.000665720609968
7.279378775964811,4.275381191166245,0.0027885897069976906,1.0006526692261848
7.110146633107669,4.275259798699582,0.0026671972403349287,1.0006242573278397
6.941637704536242,4.2751439825574975,0.0025513810982502605,1.0005971505678728
6.773128775964796,4.274991706228432,0.002399104769184923,1.0005615103036891
6.604619847393369,4.274795677085453,0.002203075626205475,1.0005156296964641
6.604619847393369,4.274662703078273,0.002070101619025877,1.0004845071393698
6.436110918821942,4.274642542973672,0.0020499415144250577,1.000479788668296
6.267601990250515,4.274536592806672,0.0019439913474244008,1.0004549910391083
6.099093061679088,4.274461097610714,0.0018684961514665588,1.0004373213937665
5.930584133107661,4.274342279229123,0.0017496777698760013,1.0004095119598528
5.761351990250519,4.274222603064816,0.0016300016055685873,1.000381501761954
5.592843061679092,4.274143247846638,0.001550646387390664,1.0003629286786813
5.424334133107665,4.274081050493552,0.001488449034305006,1.000348371392535
5.255825204536238,4.274057028892879,0.001464427433631954,1.000342749138575
5.087316275964811,4.274051023676942,0.001458422217694988,1.0003413436182043
5.087316275964811,4.274008558274027,0.0014159568147800172,1.0003314045936176
4.913744847393376,4.273849418209382,0.0012568167501347816,1.0002941578726008
4.745235918821949,4.273620360010286,0.0010277585510385379,1.0002405468170983
4.576003775964807,4.2734303360832415,0.0008377346239942796,1.0001960717302436
4.40749484739338,4.273280204210968,0.0006876027517206396,1.0001609333760222
4.238985918821953,4.273176828129041,0.0005842266697939635,1.0001367382112665
4.071200204536241,4.273243315132631,0.0006507136733837626,1.0001522994898135
3.9019680616790993,4.273306370268432,0.0007137688091845007,1.0001670575399444
3.733459133107654,4.27336041794879,0.0007678164895423834,1.000179707395758
3.733459133107654,4.273264333756874,0.000671732297626626,1.0001572188973498
3.5642269902505115,4.273136507182914,0.0005439057236671374,1.0001273010966412
3.3957180616790845,4.273052004531514,0.00045940307226643995,1.000107523256982
3.227932347393373,4.272975651552839,0.00038305009359174136,1.0000896528476553
3.0587002045362306,4.272957635905029,0.00036503444578173116,1.0000854362865434
2.8901912759648036,4.272940478039935,0.00034787658068768934,1.0000814204894164
2.7216823473933767,4.272890291118723,0.0002976896594759637,1.0000696742440116
2.5531734188219497,4.272864553952617,0.00027195249337008676,1.0000636504620817
2.38032520453623,4.2727954936008805,0.00020289214163327074,1.0000474868915805
2.38032520453623,4.272697264215248,0.00010466275600062858,1.000024496310733
2.2067537759648133,4.272629919428942,3.731796969486112e-05,1.000008734268201
2.038244847393368,4.272617051214353,2.444975510584868e-05,1.000005722463475
1.8690127045362255,4.272666380352849,7.377889360160594e-05,1.000017267944895
1.7005037759647985,4.272589598482816,-3.0029764310768314e-06,0.999999297153576
1.5319948473933716,4.272502522483268,-9.00789759796794e-05,0.9999789170219625
1.3634859188219446,4.272332658660825,-0.0002599427984222302,0.999939160406182
1.1949769902505176,4.27217523489854,-0.0004173665607076771,0.9999023153856127
1.0264680616790907,4.272151642926149,-0.00044095853309844557,0.9998967936861222
1.0264680616790907,4.272224564037033,-0.00036803742221458435,0.9999138608670322
0.8572359188219484,4.272342095744551,-0.0002505057146962031,0.9999413691549691
0.6894502045362368,4.272445471826478,-0.00014712963276952706,0.9999655643197249
0.5202180616790945,4.272587882917384,-4.71854186301357e-06,0.9999988956256065
0.3517091331076675,4.272632493514015,3.9892054767953766e-05,1.0000093367326326
0.1832002045362405,4.272607185239268,1.4583780020949177e-05,1.0000034133326954
0.01469127596481355,4.272592601459247,0.0,1.0
-0.1538176526066317,4.272629919428942,3.731796969486112e-05,1.000008734268201
-0.3230497954637741,4.272729435488649,0.00013683402940145584,1.0000320259950257
-0.3230497954637741,4.272777049061712,0.00018444760246438818,1.0000431699484762
-0.49155872403520107,4.272680964132868,8.836267362077876e-05,1.0000206812775903
-0.660067652606628,4.2725115299387095,-8.107152053771216e-05,0.9999810252162796
-0.828576581178055,4.272414587964077,-0.00017801349517032605,0.9999583359538867
-0.997085509749482,4.272389279689329,-0.00020332176991821882,0.9999524125539494
-1.165594438320909,4.2724866512922475,-0.00010595016699976867,0.9999752023708126
-1.3348265811780513,4.272533835237026,-5.8766222220896225e-05,0.9999862457697931
-1.5026122954637628,4.272620053453858,2.7451994610849795e-05,1.0000064251374217
-1.6711212240351898,4.272755172654754,0.0001625711955064446,1.0000380497769552
-1.6711212240351898,4.272768469760702,0.0001758683014543294,1.0000411619636738
-1.8396301526066168,4.272716138382702,0.0001235369234544592,1.0000289138083074
-2.0081390811780437,4.272636353536237,4.375207698981143e-05,1.0000102401705642
-2.176648009749489,4.272614048974848,2.1447515600847566e-05,1.0000050197895287
-2.3458801526066315,4.272642788380459,5.018692121172563e-05,1.0000117462454048
-2.5143890811780585,4.2728177988991956,0.00022519743994831032,1.0000527074450936
-2.6828980097494854,4.27296278333825,0.0003701818790027289,1.0000866410429294
-2.8514069383209124,4.272919888307049,0.00032728684780192197,1.0000766014638724
-3.0206390811780546,4.272853401303459,0.0002607998442121229,1.0000610401853252
-3.1891480097494815,4.272903159333313,0.0003105578740658643,1.0000726860487377
-3.1891480097494815,4.2730713068533985,0.0004787053941512909,1.0001120409640714
-3.3569337240351933,4.273131359749694,0.0005387582904470278,1.0001260963402556
-3.5261658668923355,4.273225728376179,0.0006331269169317366,1.0001481833106942
-3.6946747954637624,4.273369425404232,0.0007768239449843506,1.000181815590075
-3.8631837240351894,4.273449210250696,0.0008566087914489984,1.0002004892278185
-4.031692652606616,4.273453070272916,0.0008604688136690797,1.0002013926657494
-4.200201581178062,4.273519986167865,0.0009273847086177511,1.0002170543262892
-4.368710509749489,4.273591620604676,0.000999019145428548,1.0002338203612222
-4.542281938320905,4.273645668285034,0.0010530668257864306,1.0002464702170357
-4.542281938320905,4.27366797358335,0.0010753721241023584,1.0002516907705488
-4.710790866892332,4.2737018604221815,0.0011092589629342342,1.000259621982811
-4.879299795463759,4.273752047343392,0.0011594458841450717,1.0002713682282156
-5.047808724035186,4.273815531370551,0.001222929911303794,1.0002862266603387
-5.217040866892347,4.27398496556471,0.001392364105463173,1.0003258827216495
-5.385549795463774,4.274119226245963,0.0015266247867158356,1.0003573064247209
-5.554058724035201,4.274175847274469,0.0015832458152216233,1.0003705585724885
-5.727630152606618,4.274171128732605,0.0015785272733577216,1.0003694541980948
-5.8961390811780445,4.274169413167174,0.001576811707926673,1.0003690526701254
-5.8961390811780445,4.27412137143968,0.0015287699804327204,1.0003578085071605
-6.06464800974949,4.27423289793126,0.0016402964720123592,1.0003839112747264
-6.233156938320917,4.274412198100502,0.0018195966412548614,1.0004258764668164
-6.401665866892344,4.2745413113485355,0.0019487098892883026,1.000456095413502
-6.570898009749486,4.274648119298251,0.0020555178390040396,1.0004810938066742
-6.739406938320913,4.274696589917102,0.0021039884578550883,1.0004924383516314
-6.90791586689234,4.274835140248864,0.002242538789616333,1.0005248660471047
-7.076424795463767,4.274978838013844,0.002386236554596799,1.0005584984989633
-7.244933724035194,4.275201890997003,0.0026092895377560765,1.000610704034095
-7.244933724035194,4.275411646137289,0.0028190446780413936,1.0006597972100308
-7.413442652606621,4.275634270229091,0.003041668769843575,1.0007119023631705
-7.581951581178048,4.275721346228638,0.0031287447693904014,1.0007322824947835
-7.750460509749475,4.275690462366238,0.0030978609069904905,1.0007250541289456
-7.918969438320902,4.2757788257767855,0.003186224317538233,1.0007457355790135
-8.087478366892347,4.275935820647712,0.0033432191884648077,1.0007824802175904
-8.256710509749489,4.275963702270608,0.0033711008113606056,1.000789005909482
-8.425219438320916,4.275967133401471,0.003374531942223591,1.000789808965421
-8.593728366892343,4.27599201278486,0.0033994113256126113,1.0007956319833657
-8.76223729546377,4.27611297562324,0.0035203741639930897,1.0008239433272414
-8.76223729546377,4.276303428441642,0.003710826982394444,1.0008685187960882
-8.930746224035197,4.276534202943096,0.0039416014838487,1.0009225315520376
-9.099255152606624,4.276721652785066,0.004129051325818978,1.0009664041744604
-9.268487295463768,4.27699403490672,0.004401433447473124,1.0010301551910121
-9.436273009749478,4.277201645590216,0.00460904413096852,1.001078746456986
-9.604781938320905,4.277318748406375,0.004726146947128029,1.0011061543629303
-9.774737295463764,4.277374511652166,0.004781910192918737,1.0011192057467135
-9.942523009749475,4.277540085087177,0.004947483627930183,1.0011579581976153
-10.111031938320902,4.277792306367305,0.005199704908057434,1.0012169905706154
-10.111031938320902,4.277864798586832,0.005272197127585088,1.0012339573695335
-10.280264081178045,4.277823190966631,0.005230589507383421,1.001224219108931
-10.448049795463774,4.27799090959536,0.0053983081361126395,1.0012634736422725
-10.616558724035201,4.278286025906686,0.005693424447438922,1.0013325455943294
-10.785067652606628,4.278503501828341,0.00591090036909403,1.0013834458186055
-10.95429979546377,4.278673365650786,0.006080764191538357,1.0014232024343865
-11.122808724035197,4.278843228736301,0.006250627277053944,1.001462958877689
-11.291317652606624,4.279052554985229,0.006459953525982165,1.0015119516716329
-11.459826581178051,4.279217271374452,0.006624669915204606,1.0015505035310275
-11.459826581178051,4.279325794889599,0.006733193430351392,1.001575903452169
-11.629058724035193,4.279444184379833,0.0068515829205857415,1.0016036125040908
-11.79756765260662,4.2796016081421175,0.0070090066828703,1.00164045752466
-11.965353366892332,4.279826806318994,0.0072342048597464625,1.0016931651422314
-12.134585509749474,4.280031842917416,0.007439241458168766,1.0017411539437737
-12.307433724035194,4.2802300172541115,0.007637415794864211,1.001787536633438
-12.476665866892336,4.280416180422008,0.007823578962760536,1.0018311081098836
-12.645174795463763,4.28061907256364,0.008026471104392918,1.001878595001464
-12.818023009749483,4.280731885729294,0.00813928427004651,1.0019049989150068
-12.818023009749483,4.280840838872727,0.00824823741348002,1.0019304993906188
-12.98653193832091,4.281026573149265,0.008433971690017472,1.001973970485072
-13.155040866892337,4.281291662643982,0.008699061184734624,1.0020360146627982
-13.32427300974948,4.28163525031109,0.009042648851842472,1.0021164313322908
-13.492781938320906,4.281900339805807,0.009307738346559624,1.0021784755100172
-13.661290866892333,4.282111811248452,0.00951920978920473,1.0022279703864003
-13.82979979546376,4.282198887247999,0.009606285788751556,1.0022483505180135
-13.998308724035187,4.2822872506585465,0.009694649199299299,1.0022690319680814
-14.171880152606622,4.282368322179083,0.009775720719836123,1.0022880067518016
-14.171880152606622,4.282533895614097,0.009941294154849345,1.0023267592027039
-14.34038908117805,4.282768101246413,0.010175499787165698,1.002381575014592
-14.509621224035191,4.283060643472669,0.010468042013421552,1.0024500445022178
-14.677406938320903,4.283363051674008,0.01077045021476053,1.0025208231206229
-14.846639081178045,4.283619991496,0.011027390036752571,1.0025809598680169
-15.080960509749488,4.283831462938642,0.011238861479395013,1.0026304547443996
-15.080960509749488,4.2840159105411075,0.011423309081860289,1.0026736246928758
-15.080960509749488,4.284099126518433,0.011506525059186146,1.0026931013865577
-15.080960509749488,4.284133871139981,0.01154126968073399,1.0027012333628047
-15.080960509749488,4.284192636625276,0.01160003516602881,1.002714987420534
-15.080960509749488,4.284210653010014,0.011618051550766673,1.0027192041541237
-15.080960509749488,4.284261268822583,0.011668667363335494,1.0027310507815208
-15.080960509749488,4.284283574120898,0.011690972661650534,1.0027362713350338
-15.080960509749488,4.284275423711245,0.011682822251997571,1.0027343637322237
-15.080960509749488,4.284202502600361,0.01160990114111371,1.0027172965513138
-15.080960509749488,4.284149742331002,0.011557140871754967,1.0027049480139547
-15.080960509749488,4.284102557649296,0.011509956190049131,1.0026939044424965
-15.080960509749488,4.2840742471350435,0.011481645675796237,1.0026872783686127
