Angle (degree),rho (mOhm cm),Delta rho (mOhm cm),rho/rho(theta=0)
97.40548956191978,4.105879707890844,-0.14499630052998125,0.9658902540928626
97.40548956191978,4.10588957222693,-0.1449864361938955,0.9658925746348087
97.40548956191978,4.105909728982406,-0.1449662794384201,0.9658973164234272
97.40548956191978,4.10588313918851,-0.1449928692323157,0.9658910612906398
97.40548956191978,4.105973632020109,-0.1449023764007169,0.9659123493337207
97.40548956191978,4.106143895707002,-0.14473211271382347,0.9659524031218237
97.21940569914977,4.10599250231526,-0.14488350610556555,0.9659167884881712
97.02673479698967,4.105746327154041,-0.14512968126678505,0.9658588768575492
96.83488727475331,4.105601366800719,-0.14527464162010695,0.9658247755680657
96.64303975251697,4.105452547066428,-0.14542346135439743,0.9657897663760789
96.45119223028064,4.105181925475046,-0.1456940829457798,0.9657261038296188
96.45119223028064,4.104891147128187,-0.14598486129263843,0.96565769949454
96.25358104857798,4.104691719989946,-0.14618428843087994,0.9656107851319835
96.06173352634164,4.104491434474687,-0.1463845739461389,0.9655636688399858
95.86988600410528,4.10408829052352,-0.14678771789730582,0.9654688309876541
95.67803848186894,4.103670564478277,-0.14720544394254897,0.9653705627614307
95.48619095963261,4.103240401913105,-0.14763560650772067,0.9652693688982553
95.2935200574725,4.102890438286535,-0.14798557013429026,0.9651870414848289
95.10249591515992,4.102474428258528,-0.14840158016229754,0.9650891769441594
94.91064839292359,4.102088868142189,-0.14878714027863627,0.9649984756121104
94.91064839292359,4.101805809294076,-0.1490701991267498,0.9649318872553687
94.71797749076349,4.101353344399282,-0.14952266402154368,0.9648254468666353
94.52612996852714,4.10109902091921,-0.14977698750161572,0.9647656183796203
94.33345906636704,4.1011500571432675,-0.14972595127755817,0.9647776244282457
94.14243492405447,4.101133330948653,-0.1497426774721724,0.9647736896640745
93.94976402189437,4.1008000942535014,-0.15007591416732424,0.9646952971881491
93.7587398795818,4.100458708502693,-0.15041729991813302,0.9646149876825008
93.56606897742168,4.100210388504129,-0.1506656199166967,0.9645565714882688
93.37422145518535,4.1000319757615795,-0.15084403265924617,0.964514600670443
93.18155055302525,4.099922612634829,-0.1509533957859963,0.9644888734729117
93.18155055302525,4.099676437473609,-0.1511995709472167,0.9644309618422895
92.99052641071266,4.099320898448833,-0.1515551099719925,0.9643473228408056
92.79785550855256,4.098984659276123,-0.15189134914470248,0.9642682240451588
92.60600798631621,4.098640700604668,-0.15223530781615757,0.9641873092711749
92.41416046407987,4.09845113706571,-0.15242487135511595,0.964142715277235
92.2231363217673,4.098264147184201,-0.1526118612366245,0.9640987267249607
92.03128879953096,4.098053139692639,-0.15282286872818673,0.9640490881349043
91.83861789737087,4.098058286270736,-0.1528177221500897,0.9640502988449055
91.64677037513451,4.098020116123519,-0.1528558922973069,0.964041319484618
91.64677037513451,4.097978944235549,-0.15289706418527693,0.9640316339779392
91.45492285289818,4.097912468277199,-0.15296354014362645,0.9640159957993102
91.26307533066183,4.097805678071095,-0.15307033034973028,0.9639908738701144
91.07122780842549,4.097665006655656,-0.15321100176517,0.9639577815345203
90.87938028618916,4.0974943134118496,-0.15338169500897614,0.9639176266950311
90.68753276395282,4.097353213176302,-0.15352279524452328,0.9638844334813812
90.49568524171647,4.097231840876122,-0.15364416754470334,0.9638558811782936
90.30301433955637,4.097255000109157,-0.15362100831166892,0.9638613292866337
90.11116681732003,4.09737937415009,-0.153496634270736,0.9638905877361125
90.11116681732003,4.097542347895153,-0.15333366052567232,0.9639289265972651
89.91849591515992,4.097605821375943,-0.1532701870448827,0.9639438584561723
89.72747177284735,4.097642705062837,-0.15323330335798868,0.963952535182292
89.53562425061101,4.097687737068583,-0.153188271352243,0.9639631287648045
89.34377672837466,4.097712611582047,-0.1531633968387789,0.9639689803853682
89.15192920613832,4.097728051316338,-0.1531479571044878,0.9639726125153716
88.96008168390199,4.097831410224776,-0.15304459819604954,0.9639969272467901
88.76741078174189,4.097864433793897,-0.1530115746269285,0.9640046958970767
88.57556325950554,4.097895313262478,-0.1529806951583481,0.9640119601570831
88.38371573726921,4.097992667952604,-0.15288334046822172,0.9640348624223888
88.38371573726921,4.098138057126032,-0.15273795129479328,0.964069064589928
88.19186821503287,4.098245704972352,-0.15263030344847373,0.9640943882752357
88.00002069279653,4.098338342641293,-0.15253766577953254,0.9641161808819262
87.80734979063642,4.098512466445961,-0.15236354197486435,0.9641571427458627
87.61550226840008,4.098729906975943,-0.15214610144488283,0.9642082946800878
87.42365474616375,4.098958498302334,-0.15191751011849153,0.9642620697904271
87.2318072239274,4.099235123375224,-0.1516408850456017,0.9643271446296701
87.03995970169106,4.099471005380252,-0.15140500304057358,0.9643826348402903
86.84811217945472,4.099657567178457,-0.15121844124236894,0.9644265226878387
86.84811217945472,4.099804242812208,-0.15107176560861735,0.9644610274895458
86.65626465721837,4.09997493531921,-0.1509010731016156,0.9645011821557048
86.46441713498204,4.100297021954757,-0.15057898646606827,0.9645769516288462
86.27174623282194,4.100622110331059,-0.1502538980897663,0.9646534272483792
86.0798987105856,4.101018392423698,-0.14985761599712788,0.9647466508784859
85.88805118834927,4.10141338731921,-0.14946262110161612,0.9648395717010949
85.69620366611291,4.101768496787074,-0.14910751163375213,0.9649231096511929
85.50435614387658,4.102151055162658,-0.14872495325816804,0.9650131048368502
85.31250862164023,4.102389081268223,-0.1484869271526028,0.9650690994377499
85.31250862164023,4.102645978405745,-0.14823003001508095,0.9651295333664301
85.11983771948013,4.103014383507361,-0.14786162491346477,0.9652161990562518
84.92304991770123,4.103367777694794,-0.14750823072603136,0.9652993334941261
84.73120239546489,4.103697155008977,-0.147178853411849,0.9653768180675482
84.53935487322855,4.103984502058169,-0.1468915063626568,0.9654444152048495
84.3475073509922,4.10423067721939,-0.14664533120143552,0.9655023268354719
84.1548364488321,4.104581498486176,-0.14629450993464932,0.9655848560050104
83.96298892659576,4.1049503324079,-0.14592567601292572,0.965671622572888
83.77114140435943,4.105261267510234,-0.14561474091059168,0.9657447686965853
83.77114140435943,4.105668700399282,-0.14520730802154347,0.9658406155028062
83.57929388212308,4.106077419748654,-0.1447985886721721,0.9659367649431949
83.38744635988674,4.10636862691562,-0.14450738150520603,0.9660052701563295
83.18983517818407,4.106647396825853,-0.1442286115949729,0.9660708495591823
82.99798765594772,4.107053543254579,-0.14382246516624697,0.9661663937312356
82.8061401337114,4.107436100893357,-0.14343990752746905,0.9662563887435625
82.61429261147505,4.107788637440574,-0.14308737098025137,0.9663393214253249
82.4224450892387,4.108265976848833,-0.14261003157199248,0.966451613434622
82.23059756700236,4.108757469531059,-0.14211853888976655,0.9665672349397547
82.23059756700236,4.109141313630162,-0.1417346947906637,0.9666575325862499
82.03875004476603,4.109525587286177,-0.14135042113464902,0.9667479312841308
81.8403154831396,4.1099150075202875,-0.1409610009005382,0.9668395406920127
81.64929134082702,4.110355034421544,-0.14052097399928165,0.9669430550971341
81.45168015912435,4.110869686336805,-0.14000632208402042,0.9670641247106071
81.259832636888,4.1113920584876125,-0.13948394993321322,0.9671870104757465
81.06798511465168,4.1119007054477565,-0.13897530297306915,0.9673066674497764
80.87613759241533,4.112362605858528,-0.13851340256229783,0.9674153275024
80.68264331033147,4.112792769160503,-0.13808323926032262,0.9675165215389052
80.68264331033147,4.113164176002873,-0.1377118324179527,0.9676038933751183
80.49161916801889,4.113503846473249,-0.1373721619475763,0.9676837993685425
80.29977164578254,4.113810064554399,-0.13706594386642657,0.9677558358336249
80.1079241235462,4.114114566618312,-0.1367614418025136,0.967827468613153
79.91607660130987,4.114412206823698,-0.13646380159712734,0.9678974871704568
79.7184654196072,4.114778467087972,-0.13609754133285357,0.9679836482966688
79.52661789737085,4.115140867971275,-0.13573514044955104,0.9680689015203773
79.33477037513451,4.115460380949372,-0.13541562747145353,0.9681440655518533
79.14209947297441,4.115894833189229,-0.13498117523159703,0.9682462685422477
79.14209947297441,4.116280822125674,-0.13459518629515177,0.9683370707523523
78.95025195073808,4.1166569467260326,-0.13421906169479314,0.9684255524205104
78.75840442850173,4.117055372919211,-0.13382063550161494,0.9685192804408971
78.56655690626539,4.117382177312747,-0.1334938311080789,0.9685961597459835
78.37388600410529,4.117853512502693,-0.13302249591813275,0.9687070392891677
78.1828618617927,4.118280244507003,-0.1325957639138231,0.9688074261278955
77.99101433955637,4.118721129785278,-0.1321548786355473,0.9689111424624587
77.79916681732003,4.119291535682585,-0.1315844727382407,0.969045327956502
77.60649591515993,4.119896251609337,-0.130979756811489,0.9691875847349998
77.41547177284735,4.120476949926033,-0.13039905849479272,0.9693241914757154
77.41547177284735,4.120890815853501,-0.12998519256732433,0.9694215516261052
77.22280087068725,4.121255360837343,-0.1296206475834829,0.9695073092400933
77.03095334845091,4.1216486411892275,-0.12922736723159822,0.9695998267238085
76.83910582621456,4.12210968322298,-0.12876632519784525,0.9697082848469906
76.64643492405446,4.122628195256015,-0.12824781316481104,0.9698302625362968
76.45541078174189,4.123121403218671,-0.12775460520215454,0.9699462875536531
76.26356325950555,4.123502245577019,-0.1273737628438063,0.9700358790537565
76.0717157372692,4.123867219380969,-0.12700878903985657,0.9701217375458007
75.87986821503286,4.1242347668423704,-0.12664124157845524,0.9702082014795107
75.87986821503286,4.124656352268582,-0.1262196561522435,0.9703073776082372
75.68719731287275,4.125127687458529,-0.1257483209622965,0.9704182571514215
75.49534979063642,4.125582296453861,-0.1252937119669646,0.9705252019304345
75.30267888847632,4.126004311436984,-0.12487169698384193,0.9706244791105467
75.11165474616374,4.126432329901617,-0.12444367851920912,0.9707251685834424
74.9198072239274,4.126976574088331,-0.12389943433249506,0.9708531996494241
74.72795970169106,4.127508809838421,-0.12336719858240475,0.97097840578318
74.53611217945472,4.127976714467504,-0.12289929395332155,0.9710884783019165
74.34344127729462,4.128496512960862,-0.1223794954599633,0.9712107586253906
74.34344127729462,4.129012880156553,-0.12186312826427237,0.9713322317510871
74.15159375505827,4.129545544726751,-0.12133046369407463,0.9714575387628989
73.95974623282194,4.130138681036985,-0.12073732738384102,0.9715970714872264
73.7678987105856,4.130732246167325,-0.12014376225350087,0.9717367050896096
73.5752278084255,4.131131530737523,-0.11974447768330254,0.9718306350394381
73.38420366611291,4.131517948494076,-0.11935805992674986,0.9719215381275986
73.19235614387657,4.131961406692998,-0.11891460172782775,0.9720258597304974
72.99968524171648,4.132460190053861,-0.11841581836696502,0.9721431963359111
72.80289743993757,4.133015585036984,-0.11786042338384206,0.9722738505780067
72.80289743993757,4.133521659076481,-0.1173543493443443,0.9723929022837011
72.61022653777746,4.1338866336172355,-0.11698937480359017,0.9724787609490753
72.41837901554112,4.134365259485818,-0.11651074893500812,0.9725913555925403
72.22653149330478,4.134864901223699,-0.11601110719712704,0.9727088941273956
72.03468397106845,4.135354249068582,-0.11552175935224351,0.9728240110689187
71.8428364488321,4.135772832754039,-0.1151031756667864,0.9729224810512536
71.65098892659576,4.136128799862119,-0.11474720855870668,0.9730062207574635
71.45914140435943,4.136608284107721,-0.1142677243131045,0.9731190173303704
71.26729388212308,4.137143951155476,-0.11373205726534952,0.9732450306619035
71.07544635988674,4.137659031890844,-0.11321697652998175,0.9733662011534321
71.07544635988674,4.138139373039857,-0.11273663538096912,0.9734791993091207
70.88277545772664,4.138582403155476,-0.11229360526535004,0.9735834202072936
70.6909279354903,4.139127504982406,-0.11174850343841936,0.9737116530293874
70.49908041325396,4.139653736514183,-0.11122227190664269,0.97383544669703
70.30723289101762,4.14014522919641,-0.11073077922441588,0.9739510682021629
70.11538536878128,4.140710488515619,-0.11016551990520629,0.9740840429862051
69.92353784654493,4.14136323818887,-0.10951277023195605,0.9742375994936067
69.73086694438483,4.142018561519569,-0.10885744690125687,0.9743917614426734
69.53901942214848,4.142656729835547,-0.10821927858527847,0.9745418877495132
69.53901942214848,4.143310766705925,-0.10756524171490067,0.9746957470644126
69.34717189991215,4.143860157470736,-0.10701585095008959,0.9748249888403955
69.15532437767581,4.144446431922442,-0.10642957649838358,0.9749629073424982
68.96347685543948,4.145065729943267,-0.1058102784775583,0.9751085944948872
68.77162933320314,4.145614691887972,-0.10526131653285375,0.9752377353928143
68.5797818109668,4.146218549437703,-0.10465745898312306,0.97537979024187
68.38793428873045,4.146836560998206,-0.10403944742262006,0.9755251747600914
68.1960867664941,4.147470011556194,-0.10340599686463126,0.975674191234986
68.00423924425777,4.1480708673651705,-0.10280514105565519,0.97581553993765
68.00423924425777,4.148547778690126,-0.10232822973069933,0.9759277312422214
67.81156834209767,4.149131479484381,-0.10174452893644492,0.9760650443026584
67.61972081986131,4.14977608083878,-0.10109992758204545,0.9762166839536673
67.42704991770123,4.150381654405745,-0.10049435401508067,0.9763591424882765
67.23602577538864,4.150956778061042,-0.09991923035978356,0.9764944378142653
67.04417825315231,4.151475718914184,-0.09940028950664193,0.9766165163816273
66.85233073091597,4.151898590800719,-0.09897741762010703,0.9767159951445217
66.65965982875586,4.152393514780611,-0.09848249364021466,0.9768324238474317
66.46863568644329,4.153016243362298,-0.09785976505852734,0.9769789180242682
66.27596478428319,4.153656126958708,-0.09721988146211746,0.9771294478433319
66.27596478428319,4.154264274183125,-0.09661173423770109,0.9772725118196068
66.08411726204683,4.154837253001078,-0.09603875541974727,0.9774073025819859
65.8922697398105,4.15531201948869,-0.09556398893213558,0.9775189893229473
65.70042221757416,4.155768773321364,-0.09510723509946128,0.9776264386655698
65.50857469533783,4.1561766342937165,-0.09469937412710916,0.9777223861765167
65.31590379317772,4.15664925668079,-0.09422675174003547,0.9778335685271987
65.12487965086514,4.157262120926392,-0.09361388749443389,0.9779777421620889
64.9330321286288,4.15794703726535,-0.09292897115547571,0.9781388657369947
64.74036122646869,4.158537599918133,-0.09233840850269281,0.9782777930196567
64.74036122646869,4.158991351273251,-0.09188465714757488,0.978384536042558
64.54851370423235,4.159460113542551,-0.09141589487827506,0.9784948103174067
64.3509025225297,4.160030948259965,-0.09084506016086102,0.9786290966895058
64.15905500029334,4.160570045868583,-0.0903059625522431,0.9787559170454866
63.967207478057006,4.161090702002155,-0.08978530641867088,0.9788783991250722
63.77535995582066,4.161635803829085,-0.08924020459174109,0.9790066319471659
63.583512433584325,4.162233657897308,-0.08864235052351788,0.9791472745034386
63.39084153142422,4.162904849782406,-0.08797115863841931,0.9793051694605649
63.19981738911165,4.163536156239857,-0.08733985218096851,0.97945368154518
63.19981738911165,4.164171322078277,-0.08670468634254913,0.9796031015322982
63.00714648695155,4.164862242635548,-0.08601376578527731,0.9797656375733172
62.81612234463896,4.165491833075763,-0.08538417534506237,0.9799137459723785
62.62345144247886,4.166027071303412,-0.08484893711741393,0.9800396584258559
62.43160392024252,4.166552874015081,-0.08432313440574468,0.9801633512154427
62.23975639800618,4.167190613510952,-0.0836853949098737,0.9803133766442267
62.04790887576984,4.167825779349372,-0.08305022907145343,0.9804627966313452
61.85523797360973,4.168479387399641,-0.08239662102118483,0.9806165550681882
61.663390451373395,4.16926723382693,-0.08160877459389582,0.9808018924964568
61.47154292913705,4.1701876026140035,-0.08068840580682224,0.9810184052305968
61.47154292913705,4.1710136191885105,-0.07986238923231515,0.9812127220191531
61.28051878682448,4.171689099274686,-0.07918690914613968,0.9813716257568385
61.08784788466438,4.172357718239138,-0.07851829018168743,0.9815289154456291
60.89600036242804,4.1729774443432675,-0.07789856407755824,0.9816747033027442
60.704152840191696,4.173590309325673,-0.07728569909515226,0.9818188771109644
60.51230531795536,4.174234053039857,-0.07664195538096852,0.9819703150058614
60.32045779571902,4.174952421031239,-0.07592358738958627,0.9821393079357797
60.12778689355892,4.175730403122441,-0.07514560529838477,0.9823223248221016
59.936762751246334,4.176489943738599,-0.0743860646822263,0.982501003432029
59.936762751246334,4.177150842467505,-0.0737251659533209,0.9826564769691531
59.74409184908623,4.177694657834111,-0.07318135058671427,0.9827844071570789
59.552244326849895,4.1781822903985635,-0.07269371802226221,0.9828991205863783
59.36039680461354,4.178713239688331,-0.07216276873249505,0.9830240240859665
59.16854928237721,4.179408448446679,-0.07146755997414633,0.9831875689075448
58.97670176014087,4.1801821416000005,-0.07069386682082524,0.9833695768399776
58.78403085798077,4.180812161597128,-0.0700638468236976,0.9835177862904249
58.59300671566819,4.181350830385638,-0.06952517803518798,0.9836445057683496
58.40115919343185,4.181985138583842,-0.06889086983698345,0.983793723999356
58.40115919343185,4.182730955482944,-0.06814505293788198,0.9839691741648335
58.20848829127175,4.1833305248315975,-0.06754548358922818,0.98411022023333
58.01664076903541,4.183870051260324,-0.06700595716050195,0.9842371414673668
57.824793246799075,4.18443145046176,-0.06644455795906534,0.9843692081755757
57.632945724562724,4.1850477460050275,-0.0658282624157982,0.9845141890082433
57.44109820232639,4.185686772698026,-0.06518923572279967,0.9846645172445251
57.24925068009004,4.186287628507002,-0.0645883799138236,0.9848058659471891
57.0574031578537,4.186951529713466,-0.06392447870736007,0.9849620458040347
56.865555635617355,4.187674186642729,-0.06320182177809652,0.9851320476878422
56.865555635617355,4.1883183591770194,-0.06255764924380625,0.985283586460795
56.66712107399094,4.189035011887972,-0.06184099653285369,0.9854521758784898
56.476096931678356,4.189719927490126,-0.06115608093069991,0.9856132992800656
56.28424940944201,4.190406559109516,-0.060469449311309376,0.9857748263671955
56.0915785072819,4.191121495803232,-0.05975451261759357,0.9859430120993362
55.899730985045565,4.1917296430276485,-0.05914636539317719,0.9860860760756112
55.70211980334291,4.1923922570369845,-0.05848375138384121,0.9862419531249589
55.51027228110656,4.193059589541114,-0.05781641887971212,0.9863989401795819
55.31842475887022,4.193725634848116,-0.05715037357270969,0.9865556244267071
55.31842475887022,4.194402402131418,-0.05647360628940756,0.9867148309718902
55.126577236633885,4.195054722984561,-0.055821285436264745,0.9868682866012358
54.934729714397534,4.195642283896589,-0.05523372452423647,0.9870065077375062
54.74205881223743,4.196260294720288,-0.05461571370053786,0.9871518920823975
54.55103466992486,4.19695293055799,-0.053923077862835456,0.9873148316356403
54.359187147688516,4.197669583268941,-0.05320642515188467,0.9874834210533348
54.16733962545218,4.198351068310234,-0.052524940110592055,0.9876437374304633
53.974668723292076,4.198896170137164,-0.05197983828366137,0.987771970252557
53.78282120105574,4.199442130341113,-0.051433878079712336,0.9879004050040924
53.5909736788194,4.200099597772352,-0.05077641064847338,0.9880550713434391
53.5909736788194,4.200771647297667,-0.05010436112315908,0.9882131680566772
53.399126156583065,4.20140252493501,-0.049473483485815706,0.9883615792632364
53.207278634346714,4.202013245080073,-0.04886276334075301,0.9885052485078469
53.01543111211038,4.202659132894794,-0.048216875526031266,0.9886571907930235
52.82358358987403,4.2034079515346505,-0.04746805688617517,0.9888333471048926
52.63091268771392,4.204106591590665,-0.04676941683016089,0.9889976991242482
52.43906516547759,4.204799227428366,-0.046076780992459376,0.9891606386774907
52.24721764324125,4.205384643503052,-0.0454913649177735,0.9892983552501515
52.055370121004906,4.205985071228725,-0.044890937192100466,0.9894396032480898
52.055370121004906,4.206579493999282,-0.0442965144215437,0.9895794386065851
51.86352259876857,4.207234817329983,-0.043641191090842746,0.9897336005556523
51.67167507653223,4.207927881987792,-0.042948126433033806,0.9898966409869506
51.47900417437213,4.208580202840934,-0.042295805579891876,0.9900500966162962
51.28798003205955,4.209066120124955,-0.0418098882958704,0.9901644065333718
51.095309129899455,4.209627519326392,-0.04124848909443379,0.9902964732415808
50.90346160766311,4.210272978321005,-0.04060303009982036,0.9904483146487013
50.710790705503,4.210839524837343,-0.04003648358348233,0.9905815922402414
50.51976656319042,4.210796208112028,-0.04007980030879743,0.9905714021699525
50.51976656319042,4.211159466635547,-0.03971654178527828,0.990656857149773
50.32709566103033,4.211973474036625,-0.038902534384201104,0.9908483488327732
50.136071518717735,4.2127634645644525,-0.03811254385637319,0.9910341906513214
49.9442239964814,4.213496843470018,-0.037379164950807287,0.9912067148331872
49.751553094321295,4.214148307419749,-0.036727701001076696,0.9913599688797508
49.55970557208496,4.214795910514901,-0.03608009790592437,0.991512314677151
49.36785804984862,4.215400197621545,-0.03547581079928097,0.9916544705775928
49.176010527612284,4.215962026379892,-0.03491398204093343,0.9917866383371874
48.98416300537594,4.216439365788151,-0.03443664263267454,0.9918989303464846
48.791492103215845,4.216970315077917,-0.03390569334290827,0.9920238338460726
48.791492103215845,4.217627353689049,-0.03324865473177674,0.9921783993073634
48.5996445809795,4.218322133627289,-0.03255387479353633,0.9923418432508856
48.408620438666915,4.218971023919569,-0.03190498450125645,0.9924944918557836
48.21594953650681,4.219471523297666,-0.03140448512315963,0.9926122321467508
48.01916173472791,4.219992178694435,-0.03088382972639092,0.9927347140530066
47.82731421249157,4.2207242711396775,-0.030151737281148172,0.9929069356007048
47.63464331033147,4.221477378717415,-0.029398629703410784,0.993084100866463
47.442795788095125,4.222084238744704,-0.02879176967612196,0.9932268620352401
47.25094826585878,4.222678661515261,-0.028197346905564302,0.9933666973937357
47.25094826585878,4.223258931748653,-0.027617076672172836,0.993503203429725
47.058277363698686,4.223846492660682,-0.027029515760143674,0.9936414245659955
46.86725322138609,4.224382159708438,-0.026493848712387802,0.9937674378975287
46.674582319226,4.224909248880431,-0.025966759540394513,0.9938914333212836
46.48273479698966,4.225441484630521,-0.025434523790305086,0.9940166394550394
46.29171065467708,4.2260740775482954,-0.024801930872530242,0.9941654541738224
46.09903975251698,4.226645769905924,-0.02423023851490136,0.9942999423020332
45.90719223028064,4.227046340936446,-0.02382966748437987,0.9943941748860295
45.7153447080443,4.227399735123878,-0.023476273296947348,0.9944773093239037
45.7153447080443,4.227920391257451,-0.02295561716337513,0.9945997914034893
45.522673805884196,4.2285439774793545,-0.02233203094147118,0.9947464873364379
45.33164966357162,4.229110952078995,-0.021765056341831013,0.9948798656327037
45.138978761411515,4.2296607724007185,-0.02121523602010722,0.9950092084600726
44.94795461909894,4.230211878445961,-0.020664129974864665,0.9951388537482793
44.755283716938834,4.230765129328546,-0.02011087909227971,0.9952690036000954
44.5634361947025,4.231254048353322,-0.019621960067503608,0.9953840196635627
44.37158867246615,4.231734390239138,-0.01914161818168747,0.9954970179925812
44.179741150229816,4.232195003452784,-0.018681004968041925,0.9956053752377073
44.179741150229816,4.232583994866787,-0.018292013554038533,0.9956968837675334
43.98789362799347,4.233135529732136,-0.017740478688689443,0.9958266299337957
43.796046105757135,4.233571268432317,-0.0173047399885089,0.9959291355583582
43.60419858352079,4.233933240495512,-0.016942767925313795,0.9960142879040107
43.41152768136069,4.234287063503053,-0.016588944917772963,0.9960975232199408
43.21968015912435,4.234685060876123,-0.01619094754470307,0.9961911503622713
43.02783263688801,4.235026875447037,-0.01584913297378865,0.9962715607459751
42.83598511465167,4.235352821463555,-0.015523186957270951,0.9963482381216201
42.64331421249157,4.2358142930542195,-0.015061715366606165,0.996456797296188
42.45229007017899,4.236344384703771,-0.014531623717054742,0.9965814990396643
42.45229007017899,4.236856891781687,-0.014019116639138574,0.9967020640895271
42.26044254794265,4.237268613608618,-0.013607394812207296,0.9967989198496376
42.06777164578255,4.2374148604222635,-0.01346114799856224,0.996833323773289
41.876747503469964,4.237563251336446,-0.013312757084380067,0.9968682320872196
41.679136321767295,4.237905065907361,-0.012970942513464756,0.9969486424709237
41.48728879953096,4.2383871230736085,-0.012488885347217149,0.9970620443121659
41.294617897370856,4.238852025225135,-0.012023983195690313,0.9971714105111814
41.097830095591945,4.239306206137164,-0.011569802283661446,0.9972782545854685
40.90515919343185,4.239760815132496,-0.01111519328832955,0.9973851993644814
40.90515919343185,4.2401553812079,-0.010720627212926104,0.9974780193090345
40.713311671195505,4.24058468686966,-0.010291321551165744,0.997579011589428
40.52146414895916,4.241030718726033,-0.009845289694792925,0.9976839386339922
40.329616626722824,4.2415389368660685,-0.00933707155475716,0.9978034947299661
40.13776910448649,4.24195494763088,-0.008921060789945479,0.9979013594439656
39.94592158225014,4.242271886951526,-0.008604121469299564,0.9979759180337758
39.75325068009004,4.242670313144704,-0.00820569527612136,0.9980696460541625
39.56222653777746,4.243035716505566,-0.007840291915259812,0.9981556055975924
39.37037901554112,4.2432720273307005,-0.007603981090125167,0.9982111966862685
39.37037901554112,4.243656300986714,-0.007219707434111378,0.9983015953841492
39.17853149330478,4.244115198919928,-0.006760809500897302,0.9984095491170516
38.98586059114468,4.244385819774506,-0.006490188646319339,0.9984732114901816
38.79401306890834,4.244616984021545,-0.0062590243992808325,0.9985275918688566
38.602165546672005,4.244955368031598,-0.005920640389227572,0.9986071952281133
38.410318024435654,4.2454168388854585,-0.005459169535367181,0.9987157542293511
38.21764712227555,4.245843999709875,-0.005032008710950997,0.9988162419461347
38.02662297996298,4.246281883247397,-0.004594125173428942,0.9989192521343064
37.83395207780288,4.246547357523879,-0.004328650896947117,0.9989817037974356
37.83395207780288,4.246748071859246,-0.004127936561579837,0.9990289209674894
37.64210455556654,4.246931631179892,-0.003944377240933328,0.9990721024953163
37.450257033330196,4.247268727992819,-0.0036072804280067317,0.9991514030470753
37.25840951109385,4.2476242662807895,-0.0032517421400362068,0.9992350418752288
37.06656198885751,4.247905609848474,-0.0029703985723514847,0.9993012267197473
36.87389108669741,4.248530911350808,-0.002345097070017843,0.9994483261649193
36.68204356446107,4.2489138985464985,-0.0019621098743272114,0.9995384222286323
36.4910194221485,4.24914463397343,-0.0017313744473961279,0.9995927017292515
36.298348519988394,4.24926772155404,-0.001608286866785491,0.9996216575445627
36.10650099775206,4.249422546243447,-0.0014534621773787393,0.9996580793759923
36.10650099775206,4.249609107304848,-0.0012669011159776034,0.9997019670502109
35.914653475515706,4.249898599191383,-0.0009774092294430048,0.9997700687511217
35.72280595327937,4.2503253311956914,-0.000550677225134244,0.9998704555898494
35.530958431043025,4.25076106989587,-0.00011493852495547685,0.9999729612144114
35.33911090880669,4.251087015912388,0.00021100749156222065,1.0000496385900564
35.14726338657035,4.25140309759282,0.0005270891719941773,1.000123995423755
34.95459248441025,4.2515441985651705,0.0006681901443448268,1.0001571888107348
34.7627449621739,4.251754776499821,0.000878768078995229,1.0002067263494052
34.57089743993756,4.251937907000359,0.0010618985795334268,1.000249806999176
34.57089743993756,4.252109029064274,0.0012330206434478796,1.0002900627167213
34.379049917701224,4.252402809151885,0.0015268007310593745,1.0003591731981913
34.18720239546489,4.252670857085818,0.0017948486649919104,1.0004222303029862
33.99535487322854,4.252958204135009,0.0020821957141832215,1.0004898274402871
33.803507350992206,4.253148625314184,0.002272616893358226,1.0005346231903391
33.61165982875586,4.253337760033035,0.0024617516122091843,1.0005791163062232
33.41404864705319,4.253516601595692,0.0026405931748660905,1.0006211880021048
33.222201124816856,4.253720746491922,0.002844738071096309,1.0006692121966063
33.02953022265675,4.253821103659606,0.002945095238779949,1.0006928207816332
33.02953022265675,4.253963062272173,0.003087053851347221,1.0007262159247252
32.838506080344175,4.254155627551886,0.0032796191310602296,1.0007715160650565
32.64665855810783,4.254349051208618,0.0034730427877924797,1.0008170181348297
32.45398765594773,4.254523175013286,0.003647166592460671,1.0008579799987662
32.26214013371139,4.254671994747576,0.003795986326750267,1.0008929891907528
32.07029261147505,4.254727748729623,0.0038517403087974245,1.0009061050713235
31.87844508923871,4.254853838787793,0.003977830366967083,1.0009357672063564
31.686597567002373,4.255048548904847,0.004172540484021603,1.000981571910297
31.494750044766022,4.255196510998923,0.004320502578097241,1.0010163793461722
31.494750044766022,4.2553607704675045,0.004484762046678803,1.001055020668162
31.302902522529685,4.2555284612337525,0.0046524528129268106,1.0010944691879298
31.110231620369582,4.25567427922729,0.004798270806464444,1.0011287722335254
30.917560718209483,4.255896866335369,0.005020857914542987,1.0011811348777515
30.726536575896905,4.256149474535009,0.005273466114183556,1.0012405598525427
30.534689053660568,4.256391789578457,0.005515781157630961,1.0012975634073316
30.342841531424227,4.25651230423842,0.0056362958175943945,1.0013259139543071
30.15099400918788,4.256577493736446,0.00570148531561987,1.0013412494987681
29.953382827485214,4.256643969694794,0.005767961273968503,1.0013568876773968
29.953382827485214,4.256787642850988,0.0059116344301619606,1.0013906861593824
29.761535305248874,4.257006369841292,0.006130361420466635,1.0014421407277754
29.569687783012537,4.257134175179893,0.006258166759066874,1.0014722063750319
29.377840260776196,4.2572311010499115,0.006355092629085846,1.0014950077622817
29.185169358616097,4.257201508778455,0.0063255003576294655,1.0014880463097722
28.993321836379746,4.257248685621544,0.006372677200718435,1.0014991444558943
28.80147431414341,4.257417234028007,0.006541225607181289,1.0015387947317738
28.60962679190707,4.257820806799282,0.006944798378456518,1.0016337334621614
28.41695588974697,4.25845640145781,0.007580393036984212,1.0017832543273357
28.22593174743439,4.25839764573501,0.007521637314184204,1.0017694323003739
28.22593174743439,4.258257831959785,0.007381823538959331,1.0017365417208914
28.034084225198043,4.2582934284495515,0.007417420028725807,1.0017449156395135
27.842236702961703,4.258364193345781,0.007488184924955732,1.0017615627720315
27.649565800801604,4.2583500400718135,0.007474031650987811,1.0017582332761958
27.457718278565263,4.2584911403073615,0.007615131886535842,1.001791426489846
27.265870756328926,4.258605221928906,0.0077292135080799795,1.0018182636926527
27.074023234092586,4.25853359939246,0.0076575909716343205,1.0018014148040226
26.88217571185625,4.258453399717056,0.0075773912962304735,1.0017825481809444
26.689504809696135,4.258436244702334,0.007560236281507926,1.001778512538717
26.689504809696135,4.258363764525673,0.007487756104847421,1.0017614618939754
26.49848066738356,4.2582685539360865,0.007392545515260807,1.0017390640189496
26.305809765223458,4.2582698403964105,0.0073938319755848525,1.0017393666531176
26.11396224298712,4.258230812608977,0.007354804188151043,1.001730185536718
25.92211472075078,4.258339318095512,0.007463309674686336,1.0017557109781376
25.730267198514444,4.258410940631958,0.007534932211131995,1.0017725598667675
25.538419676278092,4.258254829482226,0.007378821061400309,1.0017358354011698
25.345748774117993,4.258072557358708,0.007196548937882241,1.0016929566808408
25.154724631805415,4.258075987919569,0.007199979498743403,1.001693763705288
25.154724631805415,4.258216230514901,0.007340222094075699,1.0017267551628264
24.962877109569078,4.258402792313106,0.007526783892280342,1.0017706430103748
24.770206207408975,4.258425093905925,0.0075490854850990274,1.001775889362603
24.57835868517264,4.258393356797128,0.007517348376302024,1.0017684233464845
24.386511162936298,4.258462405676123,0.007586397255296973,1.001784666793449
24.193840260776188,4.258527166354041,0.007651157933215025,1.001799901459854
24.001992738539847,4.258505722401437,0.007629713980611186,1.0017948568637376
23.805204936760948,4.258519018035188,0.007643009614362484,1.001797984603461
23.613357414524607,4.258540890071096,0.007664881650270239,1.0018031299043035
23.613357414524607,4.258563620484021,0.007687612063195459,1.0018084771345874
23.42150989228827,4.2585546145249555,0.007678606104129848,1.001806358522083
23.22966237005192,4.258613799067864,0.0077377906470381674,1.0018202814271011
23.03699146789182,4.258684135143986,0.007808126723160669,1.0018368276815632
22.84514394565548,4.258661833551167,0.007785825130341095,1.0018315813293348
22.653296423419143,4.258519875675404,0.007643867254578218,1.0017981863595729
22.461448901182802,4.258440532903412,0.007564524482586599,1.0017795213192766
22.269601378946465,4.258453399717056,0.0075773912962304735,1.0017825481809444
22.077753856710114,4.258463264053143,0.0075872556323171025,1.0017848687228907
21.885906334473777,4.258395500897666,0.007519492476840028,1.0017689277367638
21.885906334473777,4.258270698036625,0.007394689615799699,1.0017395684092294
21.694058812237436,4.258141177417595,0.007265168996768878,1.0017090992497493
21.501387910077337,4.258286566591023,0.007410558170197312,1.0017433014172885
21.309540387840997,4.25837920352316,0.007503195102334104,1.0017650938506488
21.118516245528422,4.25834060529264,0.007464596871813889,1.0017560137856354
20.920905063825746,4.258311012284381,0.00743500386355489,1.0017490521597963
20.729057541589405,4.258209368656375,0.00733336023554898,1.0017251409406018
20.536386639429306,4.257945180840216,0.007069172419390313,1.0016629919116404
20.344539117192966,4.257786925589946,0.006910917169120623,1.0016257630557632
20.344539117192966,4.257873558303771,0.006997549882945542,1.0016461430230108
20.15269159495663,4.2580000771820465,0.0071240687612208475,1.001675906036099
19.96084407272029,4.257918161489408,0.007042153068582024,1.001656635727467
19.76899655048394,4.25784696777307,0.006970959352244677,1.001639887716893
19.5771490282476,4.257897575913824,0.007021567492998315,1.0016517930607924
19.385301506011263,4.257852543171275,0.006976534750449126,1.00164119930495
19.193453983774923,4.257835388156554,0.006959379735728355,1.0016371636627233
19.000783081614824,4.257675417625853,0.006799409205027196,1.001599531294622
18.80399527983591,4.257477276211132,0.006601267790306231,1.0015529193929038
18.80399527983591,4.257313874382765,0.006437865961939515,1.0015144798270255
18.611324377675807,4.2572932888071815,0.006417280386355806,1.001509637160351
18.41947685543947,4.257258120400718,0.006382111979892358,1.0015013639464547
18.22762933320313,4.2571135888675045,0.00623758044667877,1.0014673635350273
18.035781810966792,4.256934747304847,0.0060587388840209755,1.0014252918391453
17.843934288730452,4.256906871050629,0.006030862629803124,1.0014187340721903
17.652086766494104,4.257012802879713,0.006136794458887707,1.0014436540719445
17.453652204867677,4.257015376537163,0.006139368116337529,1.0014442595136097
17.262628062555102,4.2570569772452425,0.006180968824416766,1.0014540458983447
17.262628062555102,4.257026098513466,0.006150090092639893,1.0014467818116681
17.069957160395,4.2570016520833045,0.006125643662478808,1.0014410308958304
16.878933018082424,4.257049257746499,0.0061732493256734244,1.0014522299200082
16.687085495846073,4.256830101936087,0.005954093515261327,1.0014006744735595
16.494414593685974,4.2566113749457815,0.005735366524955765,1.0013492199051663
16.302567071449634,4.256520023737163,0.005644015316337736,1.0013277299326437
16.110719549213297,4.25646641459246,0.005590406171633866,1.0013151186156828
15.918872026976956,4.256361339666786,0.005485331245960623,1.0012904001987106
15.726201124816855,4.256176493885818,0.005300485464992732,1.0012469160367163
15.726201124816855,4.256036680110593,0.005160671689766971,1.0012140254572337
15.535176982504279,4.255960768636266,0.005084760215440021,1.0011961676147145
15.342506080344167,4.255935465302692,0.0050594568818667085,1.0011902151160947
15.150658558107828,4.255876708843088,0.005000700422262305,1.0011763929158028
14.95881103587149,4.255757052560143,0.0048810441393172255,1.0011482442982689
14.766963513635151,4.2555387543899466,0.004662745969120863,1.001096890607932
14.575115991398812,4.255408804950808,0.004532796529982619,1.0010663205703962
14.382445089238711,4.255383500880431,0.0045074924596049115,1.0010603678984462
14.191420946926124,4.255341900172352,0.004465891751526563,1.0010505815137114
13.998750044766023,4.255329462915619,0.004453454494793618,1.0010476557034296
13.998750044766023,4.25523854052711,0.004362532106283901,1.0010262666089629
13.807725902453447,4.255076425159067,0.0042004167382412305,1.0009881296772525
13.615878380217108,4.254991507725674,0.004115499304848669,1.000968153222229
13.423207478057007,4.254889435277558,0.004013426856732671,1.000944141124978
13.225596296354341,4.254813094983124,0.0039370865622982976,1.0009261824044031
13.033748774117992,4.254810522062479,0.00393451364165287,1.0009255771360677
12.841901251881655,4.254796368788511,0.00392036036768495,1.000922247640232
12.650053729645316,4.254986361884381,0.00411035346355515,1.0009669426855576
12.458206207408978,4.2551527654535,0.004276757032674716,1.0010060883978273
12.458206207408978,4.255036539731418,0.0041605313105925745,1.000978746804741
12.265535305248875,4.254812237342908,0.003936228922082563,1.000925980648291
12.07451116293629,4.254652266812209,0.0037762583913831804,1.0008883482801905
11.881840260776189,4.254594797549731,0.003718789128905442,1.000874828887396
11.690816118463612,4.254495298022262,0.0036192896014366482,1.000851422058481
11.498145216303511,4.254374354542191,0.0034983461213649036,1.0008229706334495
11.306297694067172,4.254312167521724,0.0034361591008984504,1.0008083414087101
11.114450171830834,4.254307020943627,0.0034310125228014243,1.000807130698709
10.922602649594495,4.254231539026213,0.0033555306053871803,1.0007893739075757
10.922602649594495,4.254054841564094,0.003178833143268278,1.0007478066019737
10.730755127358146,4.253872998260682,0.002996989839856745,1.0007050287597004
10.538084225198045,4.253846836550091,0.0029708281292650796,1.000698874331639
10.346236702961706,4.253761919116697,0.0028859106958716296,1.0006788978766152
10.15521256064913,4.253702305016876,0.0028262965960506037,1.0006648739202113
9.962541658489029,4.253678288143627,0.0028022797228013374,1.0006592240557595
9.769870756328928,4.253689438940037,0.002813430519211124,1.0006618472318736
9.57884661401634,4.253651697612926,0.0027756891921004723,1.0006529687496417
9.386999091780002,4.253565922539319,0.002689914118493064,1.0006327905385066
9.386999091780002,4.253597230091203,0.0027212216703773606,1.000640155503239
9.195151569543663,4.253553055725674,0.0026770473048483012,1.0006297636768386
9.003304047307324,4.253453128114901,0.0025771196940755914,1.0006062561431974
8.811456525070986,4.253306880564454,0.0024308721436279157,1.0005718520462166
8.618785622910885,4.25322196313106,0.0023459547102344658,1.0005518755911929
8.426938100674546,4.253180362422982,0.002304354002156117,1.000542089206458
8.235090578438196,4.253141334635548,0.0022653262147223074,1.0005329080900582
8.042419676278096,4.253101449207899,0.0022254407870736514,1.000523525217547
7.851395533965519,4.252978790447397,0.002102782026571326,1.000494670280292
7.6537843522628535,4.252857846967325,0.0019818385464995814,1.0004662188552604
7.6537843522628535,4.252737761864273,0.0018617534434470784,1.0004379693596706
7.461936830026515,4.252575217676123,0.001699209255296985,1.0003997315499042
7.270089307790165,4.252460707234471,0.0015846988136454243,1.0003727934690416
7.078241785553827,4.252612100626212,0.001736092205386619,1.000408408102694
6.886394263317488,4.252582079534651,0.0017060711138254803,1.0004013457721292
6.693723361157387,4.252422537824057,0.0015465294032317445,1.000363814282084
6.5026992188448105,4.252333760272891,0.0014577518520653143,1.0003429297512272
6.3100283166847095,4.252387798237702,0.0015117898168766075,1.000355641946244
6.11818079444836,4.252350057647397,0.001474049226571239,1.0003467636373424
6.11818079444836,4.252321322279354,0.0014453138585279746,1.0003400037676151
5.926333272212021,4.252346197529623,0.0014701891087973706,1.000345855561509
5.734485749975683,4.252336762013646,0.001460753592819941,1.0003436358976188
5.536874568273018,4.252272002072531,0.0013959936517053961,1.0003284014045435
5.345027046036679,4.252112459625135,0.0012364512043090414,1.0002908697411685
5.15317952380033,4.251918178328188,0.001042169907361945,1.0002451659152838
4.961332001563991,4.251758636617595,0.0008826281967690974,1.0002076344252386
4.7694844793276525,4.251681867503052,0.0008058590822264122,1.0001895748266074
4.577636957091314,4.251684012340396,0.0008080039195705879,1.0001900793902174
4.577636957091314,4.251669001426213,0.0007929930053869327,1.00018654813827
4.384966054931213,4.251647986293717,0.0007719778728914051,1.0001816044202094
4.193118532694874,4.251709315673968,0.0008333072531421237,1.000196031888837
4.000447630534773,4.251741052782766,0.000865044361940015,1.0002034979049557
3.809423488222186,4.251687014081149,0.0008110056603234383,1.0001907855366086
3.616752586062085,4.251678436942191,0.0008024285213652504,1.0001887678021602
3.4257284437495086,4.251749629921724,0.0008736215008982029,1.000205515639404
3.23388092151317,4.251716606352603,0.0008405979317771539,1.0001977469891175
3.042033399276831,4.251702882635548,0.0008268742147219399,1.000194518544668
3.042033399276831,4.251698164877559,0.0008221564567332251,1.0001934087127229
2.8444222175741554,4.251682725143269,0.0008067167224430349,1.0001897765827197
2.6525746953378166,4.2515956636093355,0.0007196551885098046,1.000169295737416
2.460727173101478,4.251510316619031,0.0006343081982054244,1.0001492182310068
2.268056270941377,4.251543340188151,0.0006673317673255852,1.0001569868812932
2.0762087487050382,4.251611532163735,0.0007355237429091943,1.0001730287454755
1.883537846544937,4.251044985647397,0.00016897722657116532,1.0000397511539354
1.6925137042323504,4.250882012639138,6.004218311872478e-06,1.000001412466113
1.4998428020722492,4.251004242579533,0.00012823415870766297,1.0000301665253124
1.4998428020722492,4.251051419422621,0.00017541100179574443,1.0000412646714343
1.3079952798359105,4.251052277062837,0.00017626864201147896,1.0000414664275463
1.1169711375233342,4.251011533258169,0.00013552483734358134,1.000031881625593
0.924300235363233,4.2510312619303425,0.00015525350951683947,1.000036522709486
0.7324527131268943,4.251043699187075,0.00016769076624889578,1.000039448519768
0.5356649113479809,4.251018824673609,0.0001428162527830068,1.0000335968992038
0.34299400918787976,4.250888445677559,1.243725673294449e-05,1.000002925810282
0.15114648695154104,4.250747345442011,-0.00012866297881508615,0.9999697325966318
-0.04070103528479766,4.250876008420826,0.0,1.0
-0.04070103528479766,4.25102525771203,0.00014924929120407882,1.000035110243373
-0.23254855752113637,4.251039410249192,0.00016340182836671602,1.0000384395658783
-0.42521945968123753,4.251078009216517,0.00020200079569132612,1.0000475198042218
-0.6170669819175867,4.251027401812567,0.0001513933917411947,1.0000356146336522
-0.8080911242301629,4.251013678095512,0.00013766967468598068,1.0000323861892026
-0.9999386464665015,4.251132047918134,0.00025603949730790276,1.000060232172569
-1.1926095486266028,4.251172790985997,0.0002967825651714051,1.000069816801192
-1.3852804507867038,4.251175364643448,0.0002993562226221158,1.0000704222428576
-1.57630459309928,4.251206243375224,0.0003302349543981009,1.000077686329534
-1.7681521153356292,4.251252133021185,0.00037612460035951756,1.0000884816681583
-1.7681521153356292,4.251264571014722,0.00038856259389596914,1.0000914076517702
-1.959999637571968,4.251239695764452,0.00036368734362657307,1.0000855558578763
-2.1518471598083067,4.2512439847023344,0.00036797628150875283,1.0000865648117658
-2.3436946820446454,4.251343055409695,0.00046704698886923524,1.000109870762625
-2.5363655842047463,4.251359352784201,0.00048334436337515996,1.00011370464874
-2.728213106441085,4.251352061368762,0.00047605294793662267,1.0001119893751296
-2.9200606286774344,4.251486299745781,0.0006102913249552699,1.0001435683665547
-3.1127315308375354,4.251567357798204,0.0006913493773783586,1.0001626369190748
-3.303755673150112,4.251529616471095,0.000653608050269483,1.0001537584368434
-3.303755673150112,4.251430545763735,0.0005545373429090006,1.0001304524859842
-3.496426575310213,4.2513160360588875,0.0004400276380618351,1.0001035145784516
-3.693214377089116,4.251275292991024,0.00039928457019833274,1.0000939299498286
-3.885885279249217,4.2513675011030525,0.0004914926822268129,1.0001156215051328
-4.076909421561804,4.2515073148782765,0.0006313064574507976,1.000148512084615
-4.2687569437981425,4.251643268535727,0.000767260114900914,1.000180494588264
-4.460604466034481,4.251774505171993,0.000898496751167599,1.000211367433298
-4.653275368194582,4.251887728416517,0.0010117199956916068,1.0002380027066626
-4.845122890430921,4.25191560540754,0.0010395969867147414,1.0002445606469479
-4.845122890430921,4.251776220452424,0.0009002120315981799,1.0002117709455216
-5.03697041266726,4.251671574346858,0.00079556592603236,1.0001871534066051
-5.229641314827361,4.251647986293717,0.0007719778728914051,1.0001816044202094
-5.420665457139948,4.251669001426213,0.0007929930053869327,1.00018654813827
-5.6125129793762865,4.251765069656015,0.0008890612351892813,1.0002091477694075
-5.804360501612625,4.251949915436984,0.00107390701615806,1.000252631931402
-5.996208023848964,4.252049843784561,0.001173835363735165,1.0002761396383733
-6.188878926009065,4.252100880008618,0.0012248715877927197,1.0002881456869988
-6.380726448245414,4.252195232957989,0.0013192245371635991,1.0003103418059125
-6.380726448245414,4.252082867353681,0.0012068589328553259,1.0002839082886597
-6.573397350405515,4.2519614950535,0.0010854866326743817,1.000255355985572
-6.764421492718092,4.252055419182764,0.0011794107619387262,1.00027745122643
-6.95626901495443,4.252237262486177,0.0013612540653511473,1.0003202290687037
-7.148116537190769,4.252362923724236,0.0014869153034107185,1.00034979032568
-7.34078743935087,4.2523715008631955,0.0014954924423697946,1.0003518080601286
-7.532634961587209,4.252405811629444,0.0015298032086183966,1.000359879517913
-7.7244824838235475,4.252486011304847,0.0016100028840213554,1.0003787461409912
-7.916330006059886,4.252516890036625,0.0016408816157991168,1.000386010227668
-8.108177528296224,4.252617247204309,0.0017412387834836451,1.0004096188126952
-8.108177528296224,4.252407526909874,0.0015315184890480893,1.0003602830301364
-8.300848430456346,4.252286154609695,0.0014101461888689215,1.0003317307270492
-8.491872572768923,4.252508741717774,0.0016327332969483521,1.0003840933712755
-8.684543474929024,4.252755345699103,0.001879337278277049,1.0004421058799537
-8.876390997165363,4.2529101703885095,0.0020341619676838008,1.0004785277113832
-9.067415139477939,4.2530195335152605,0.0021435250944348283,1.000504254908915
-9.26008604163804,4.253225394428726,0.002349386007900023,1.0005526827889701
-9.451933563874379,4.253387509796769,0.002511501375943581,1.0005908197206808
-9.643781086110717,4.253361348086176,0.002485339665350139,1.000584665292619
-9.643781086110717,4.253317602540754,0.002441594119928503,1.0005743743442743
-9.836451988270818,4.253263135755835,0.0023871273350088984,1.0005615612712015
-10.028299510507157,4.253245122364094,0.0023691139432679975,1.0005573236995327
-10.220147032743496,4.253299589885817,0.002423581464991109,1.0005701369459354
-10.411171175056072,4.253419246168762,0.002543237747936189,1.0005982855634692
-10.603842077216195,4.253520032893358,0.0026440244725325357,1.0006219951998823
-10.795689599452533,4.253512741477918,0.002636733057092222,1.0006202799262713
-10.987537121688872,4.2534278240445245,0.002551815623698772,1.0006003034712478
-11.185148303391527,4.253300876346141,0.002424867925315155,1.0005704395801034
-11.185148303391527,4.253275144192459,0.0023991357716335315,1.0005643862034275
-11.376995825627866,4.253300876346141,0.002424867925315155,1.0005704395801034
-11.568843347864204,4.253311169502334,0.002435161081508319,1.0005728610001055
-11.760690870100564,4.253442834958708,0.0025668265378824273,1.0006038347231954
-11.952538392336903,4.2536860076423695,0.0028099992215437908,1.0006610400340958
-12.144385914573242,4.253778645311312,0.0029026368904858657,1.0006828326407864
-12.33623343680958,4.253905163452783,0.0030291550319576643,1.000712595480545
-12.52808095904592,4.2539947986441655,0.003118790223339829,1.0007336817675136
-12.72075186120602,4.253888437258169,0.0030124288373434283,1.0007086607163738
-12.912599383442359,4.253755486078277,0.002879477657451446,1.0006773845324464
-12.912599383442359,4.253732326108438,0.0028563176876126306,1.000671936250776
-13.104446905678698,4.2538073799425495,0.0029313715217238467,1.0006895923371835
-13.297117807838799,4.254028679853501,0.0031526714326757244,1.000741652173912
-13.488141950151375,4.254322889498026,0.003446881077199926,1.000810863706768
-13.679989472387714,4.254409093391741,0.0035330849709156453,1.0008311427959593
-13.871836994624053,4.254304448022981,0.003428439602155109,1.0008065254303733
-14.064507896784175,4.254216528112029,0.003340519691203525,1.0007858426556282
-14.256355419020514,4.254263704218312,0.003387695797486323,1.00079694062842
-14.448202941256852,4.254346906371275,0.003470897950449192,1.00081651357122
-14.448202941256852,4.25439837141544,0.00352236299461417,1.0008286204979013
-14.640873843416953,4.254478571827648,0.003602563406822412,1.0008474872943096
-14.83189798572953,4.254582359556194,0.0037063511353681022,1.000871902903784
-15.023745507965868,4.254641973656015,0.003765965235189128,1.0008859268601882
-15.21641641012597,4.254765490056732,0.0038894816359063,1.000914983553555
-15.407440552438546,4.254894153035547,0.004018144614721386,1.0009452509569232
-15.599288074674883,4.255012094038062,0.004136085617235885,1.0009729960622333
-15.791958976834986,4.255040399849193,0.004164391428367331,1.0009796548805747
-15.983806499071324,4.255054981943268,0.004178973522442675,1.000983085254466
-15.983806499071324,4.255214952473969,0.004338944053142946,1.0010207176225672
-16.17565402130766,4.2553307493759425,0.004454740955116776,1.0010479583375973
-16.373265203010337,4.255413522708797,0.004537514287971334,1.0010674304023413
-16.565112725246678,4.2555674890211845,0.004691480600358844,1.0011036503043291
-16.756960247483015,4.255695723179893,0.004819714759067395,1.0011338168296415
-16.952924669338167,4.255624530200359,0.004748521779533554,1.0011170689923976
-16.952924669338167,4.2556395403777385,0.004763531956912814,1.001120600071015
-16.952924669338167,4.255732606866787,0.004856598445961424,1.0011424935557613
-16.952924669338167,4.255811520081868,0.0049355116610421135,1.0011610575446719
