Angle (degree),rho (mOhm cm),Delta rho (mOhm cm),rho/rho(theta=0)
110.80562715145335,1.3349892837055324,-2.2155825637501234,0.37599275301588037
110.80562715145335,1.3350513414668703,-2.2155205059887852,0.37601023125995037
110.80562715145335,1.3352861523645465,-2.215285695091109,0.3760763645217923
110.80562715145335,1.335635307878545,-2.214936539577111,0.3761747023470777
110.80562715145335,1.3358141804664645,-2.214757666989191,0.3762250808763976
110.80562715145335,1.3358320031662962,-2.214739844289359,0.37623010054663597
110.80562715145335,1.3357601752364219,-2.2148116722192337,0.3762098705856718
110.64218072288193,1.3356493728780023,-2.2149224745776532,0.3761786636806492
110.64218072288193,1.335579047880714,-2.214992799574942,0.3761588570127912
110.47367179431049,1.3354167097646952,-2.21515513769096,0.3761131353310472
110.30443965145335,1.3348701071277433,-2.215701740327912,0.3759591875557491
110.13665393716764,1.333614456016585,-2.2169573914390703,0.37560553998428586
109.96669858002478,1.331319283173491,-2.2192525642821646,0.3749591165511877
109.79457358002479,1.3282256259311394,-2.222346221524516,0.37408780416116566
109.62606465145336,1.3242612269503442,-2.2263106205053114,0.37297125191236774
109.45683250859621,1.3191856922745773,-2.2313861551810783,0.3715417541036122
109.28832358002478,1.3124187069469364,-2.238153140508719,0.3696358680609202
109.28832358002478,1.3023624418746516,-2.248209405581004,0.36680357357306437
109.11981465145335,1.2880512447944275,-2.262520602661228,0.36277289972809496
108.95058250859621,1.2708689609907304,-2.279702886464925,0.35793359931624447
108.7827967943105,1.2514733178848234,-2.2990985295708324,0.35247091782740037
108.61428786573907,1.2303562680318334,-2.320215579423822,0.3465234111270015
108.44577893716765,1.2083296097330902,-2.3422422377225653,0.3403197179628912
108.2765467943105,1.1849823436800977,-2.365589503775558,0.33374408252835597
108.10876108002479,1.1604411625892102,-2.3901306848664454,0.326832187164663
107.94025215145336,1.1356643125198425,-2.4149075349358133,0.3198539168651554
107.77102000859622,1.1096803412317426,-2.440891506223913,0.3125356671846934
107.77102000859622,1.0833799609475556,-2.4671918865081,0.30512830256453116
107.6025110800248,1.0567168965426421,-2.4938549509130135,0.29761878985772017
107.43400215145337,1.0298278263443663,-2.5207440211112893,0.2900456238006681
107.2647700085962,1.0023260148837183,-2.5482458325719373,0.28229988237021214
107.09626108002477,0.9749046217526036,-2.575667225703052,0.2745767903418773
106.92847536573906,0.9473426856103315,-2.603229161845324,0.26681411510914743
106.75996643716763,0.9193042571237408,-2.6312675903319147,0.25891723829853364
106.5856717943105,0.8911172330946976,-2.659454614360958,0.2509785103301806
106.41716286573906,0.8624152801611539,-2.688156567294502,0.24289475532769794
106.41716286573906,0.8336944302666853,-2.7168774171889702,0.23480567809495584
106.24937715145334,0.8054242513460259,-2.7451475961096294,0.22684352998607646
106.0801450085962,0.7775267945420862,-2.7730450529135693,0.21898635711294306
105.91163608002478,0.7499401644131988,-2.800631683042457,0.2112167269479723
105.74312715145335,0.7219754965672878,-2.828596350888368,0.20334062443621762
105.57461822288192,0.694195284368149,-2.8563765630875064,0.1955164728931229
105.40538608002478,0.6666132169714206,-2.883958630484235,0.18774812779781277
105.23760036573907,0.6394444566999972,-2.9111273907556585,0.18009618849375597
105.06909143716764,0.6135206642492665,-2.937051183206389,0.17279488786825037
105.06909143716764,0.5876481392859889,-2.962923708169667,0.1655080264625819
104.8998592943105,0.5630413575118258,-2.98753048994383,0.158577655009376
104.73135036573908,0.5388381662599224,-3.011733681195733,0.15176095271696996
104.56284143716765,0.5154104829103402,-3.0351613645453153,0.14516266817123671
104.39433250859621,0.4920346038836306,-3.058537243572025,0.13857897404223019
104.22582358002478,0.46983191816566694,-3.0807399292899884,0.13232570367569074
104.05659143716764,0.4475421314173317,-3.103029716038324,0.12604790175927322
103.88880572288193,0.4259871069400398,-3.124584740515616,0.11997704179547942
103.7152342943105,0.4047635496333322,-3.1458082978223234,0.11399953782751539
103.7152342943105,0.38357295384431717,-3.1669988936113382,0.10803131729870107
103.54672536573906,0.36329921392678344,-3.187272633528872,0.10232132443316817
103.37749322288192,0.34300899325040357,-3.207562854205252,0.09660668984806046
103.2089842943105,0.3233114085530864,-3.227260438902569,0.0910589680884142
103.03613608002479,0.30437408573546576,-3.2461977617201896,0.08572537011286806
102.86690393716765,0.2858557606018933,-3.2647160868537624,0.08050978064469753
102.69839500859622,0.267831455312016,-3.2827403921436398,0.0754333292829842
102.52916286573908,0.25000470434985667,-3.300567143105799,0.07041251806494504
102.36065393716763,0.23337500879474668,-3.3171968386609088,0.06572885124461951
102.36065393716763,0.21736685776178027,-3.333204989693875,0.06122023918979295
102.19286822288193,0.20230350467730104,-3.3482683427783546,0.05697772453816756
102.02363608002477,0.1878129382371833,-3.3627589092184724,0.05289653225064867
101.85585036573907,0.17376698972279483,-3.3768048577328607,0.04894056427764347
101.68734143716765,0.16066672497960494,-3.389905122476051,0.045250943195175426
101.51810929431049,0.14832390373015833,-3.4022479437254973,0.04177465211313705
101.34960036573906,0.1367485782103104,-3.413823269245345,0.03851452219120833
101.18109143716764,0.1258753890766232,-3.4246964583790325,0.03545214531198001
101.01258250859621,0.1159627942515128,-3.434609053204143,0.032660314798195644
101.01258250859621,0.10658135469055625,-3.4439904927650993,0.030018081387912933
100.83901108002478,0.09762127478620009,-3.4529505726694554,0.02749452172222782
100.67050215145335,0.08931309716660014,-3.4612587502890553,0.025154566927184426
100.50199322288192,0.0819083747491667,-3.468663472706489,0.023069065566962785
100.33276108002478,0.07495933573697075,-3.4756125117186847,0.021111905055712844
100.16497536573907,0.0686753983508072,-3.4818964491048483,0.01934206694057468
99.99574322288193,0.06274684395396432,-3.4878250035016913,0.01767232058659193
99.82795750859621,0.05727420780940962,-3.493297639646246,0.016130981225025032
99.65872536573907,0.05224427711809061,-3.498327570337565,0.014714327540091585
99.49021643716763,0.0474498178474563,-3.5031220296081993,0.013363993149852439
99.49021643716763,0.04293944352145446,-3.5076324039342013,0.012093669799197253
99.3217075085962,0.038770219405801554,-3.511801628049854,0.010919429621902833
99.15319858002478,0.03496074673711704,-3.5156111007185387,0.009846511559023925
98.98468965145335,0.031585688823147225,-3.5189861586325084,0.008895944140880171
98.81618072288192,0.028380363859320884,-3.522191483596335,0.007993181120854741
98.64694858002478,0.02544732359111708,-3.5251245238645383,0.007167105661966161
98.47843965145336,0.022864115119684506,-3.527707732335971,0.006439558499870651
98.30993072288193,0.02056219502417044,-3.530009652431485,0.0057912347384000504
98.14069858002479,0.018507333546405172,-3.5320645139092504,0.00521249374510406
98.14069858002479,0.016626358749641402,-3.533945488706014,0.004682727026508665
97.97291286573908,0.014937643730201572,-3.535634203725454,0.004207109269146576
97.80440393716765,0.013459202562809407,-3.5371126448928463,0.003790714042994029
97.63589500859622,0.012139370172735182,-3.5384324772829205,0.0034189901498357994
97.46666286573908,0.01098056650278807,-3.5395912809528673,0.0030926191539136882
97.29887715145335,0.0097677986032715,-3.540804048852384,0.0027510494148347167
97.1296450085962,0.008701778849145485,-3.54187006860651,0.002450810523769908
96.96113608002477,0.007837869743269233,-3.5427339777123863,0.00220749504023862
96.78828786573908,0.0070527441237835725,-3.543519103331872,0.0019863685138036507
96.78828786573908,0.006329257759780315,-3.5442425896958754,0.0017826023614522458
96.61977893716764,0.005781742924646286,-3.544790104531009,0.0016283976703047119
96.45054679431048,0.005127523443956735,-3.5454443240116986,0.0014441401735416578
96.28131465145334,0.004440706080741172,-3.5461311413749144,0.0012507016535726176
96.11352893716763,0.0039211304303714955,-3.546650717025284,0.0011043658877601316
95.93995750859622,0.00354372768207591,-3.5470281197735796,0.0009980723765990963
95.7714485800248,0.003098185398945416,-3.54747366205671,0.0008725877216554792
95.60293965145334,0.002710886693222049,-3.5478609607624336,0.0007635070658166441
95.43443072288191,0.002484806693208616,-3.548087040762447,0.000699832815660168
95.43443072288191,0.0023271033999411593,-3.5482447440557143,0.0006554165075151949
95.26592179431049,0.002055921518917019,-3.5485159259367385,0.0005790395483449504
95.09741286573906,0.0018156792117546721,-3.548756168243901,0.0005113765584143271
94.92890393716763,0.0016328842516301649,-3.5489389632040256,0.0004598933134673199
94.75967179431049,0.00147373528551571,-3.5490981121701397,0.0004150698391223348
94.59116286573907,0.0013215826498805716,-3.549250264805775,0.00037221684468309504
94.42265393716764,0.001152715446456593,-3.549419132009199,0.00032465627960257454
94.2490825085962,0.0010289014738867745,-3.5495429459817687,0.0002897847214735527
94.08057358002478,0.0009291401046262323,-3.5496427073510293,0.0002616874533301038
94.08057358002478,0.000817391123711265,-3.5497544563319443,0.00023021393703017402
93.91134143716764,0.0007782056168801767,-3.549793641838775,0.00021917754387588013
93.74355572288192,0.00071669931500517,-3.5498551481406504,0.00020185461548081547
93.5750467943105,0.0007105311958544582,-3.549861316259801,0.00020011739696624526
93.40653786573907,0.0006793451191353349,-3.54989250233652,0.0001913340014854662
93.23730572288193,0.0005982830235910901,-3.5499735644320647,0.00016850328603259233
93.06952000859621,0.000603876721685921,-3.5499679707339697,0.00017007872185959564
92.90028786573907,0.0005827838784178439,-3.5499890635772378,0.00016413803281729606
92.73105572288193,0.0005484942400051953,-3.5500233532156504,0.00015448053540959803
92.5632700085962,0.0005324189437435062,-3.550039428511912,0.0001499530122521076
92.5632700085962,0.00047198111656008006,-3.5500998663390955,0.0001329310141684085
92.39476108002478,0.00040908919517282556,-3.5501627582604827,0.00011521783328113172
92.22625215145335,0.00037341346519281446,-3.5501984339904626,0.0001051699504293662
92.05702000859621,0.000432813512777061,-3.5501390339428784,0.00012189966331401397
91.8841717943105,0.000414661556273174,-3.5501571858993826,0.00011678725965517948
91.71493965145335,0.0003221669774783727,-3.5502496804781773,9.073664505880594e-05
91.54715393716764,0.00031164611307647055,-3.5502602013425792,8.777349859848536e-05
91.3779217943105,0.0003246251084248455,-3.5502472223472306,9.14289647898471e-05
91.21013608002478,0.000303267623666501,-3.550268579831989,8.541374085524364e-05
91.21013608002478,0.00026876110285892094,-3.5503030863527965,7.569515965477941e-05
91.03584143716765,0.00023445211963061993,-3.550337395336025,6.60322138808791e-05
90.86805572288192,0.0002170655031035427,-3.550354781952552,6.113536422565062e-05
90.69882358002478,0.00023147401104763764,-3.550340373444608,6.51934451667306e-05
90.53031465145335,0.0002148606112069494,-3.5503569868444487,6.051436794918509e-05
90.36180572288193,0.00023393520887672302,-3.550337912246779,6.588662866922727e-05
90.19257358002478,0.0003241807538996726,-3.5502476667017557,9.130381466072316e-05
90.02478786573907,0.0003365433882570212,-3.5502353040673986,9.478568600102788e-05
89.85627893716764,0.00028812344837163566,-3.5502837240072838,8.114846305056616e-05
89.85627893716764,0.0002720120575274847,-3.550299835398128,7.6610774042612e-05
89.68777000859622,0.00027212692075515444,-3.5502997205349005,7.66431246702305e-05
89.51926108002479,0.0003004644573957417,-3.5502713829982597,8.462424372881086e-05
89.35002893716765,0.0003608686276692502,-3.5502109788279865,0.00010163676251977527
89.18152000859622,0.00040607446771484545,-3.5501657729879406,0.00011436875105226752
89.0130110800248,0.000416105446481281,-3.5501557420091743,0.00011719392378426667
88.84305572288193,0.0004016952740227456,-3.5501701521816327,0.00011313537404139589
88.67527000859621,0.00044652362757416266,-3.550125323828081,0.00012576104547613705
88.50748429431049,0.0003973992001759693,-3.5501744482554796,0.00011192540730044544
88.50748429431049,0.0003552066197758417,-3.5502166408358797,0.00010004208759509633
88.33897536573906,0.00034337976922805424,-3.5502284676864275,9.671111696391122e-05
88.17046643716763,0.00038614682314282915,-3.550185700632513,0.0001087562341315646
88.00123429431049,0.0004048853369754598,-3.55016696211868,0.0001140338385957747
87.83272536573907,0.0003861940318269186,-3.5501856534238287,0.00010876953021065206
87.66421643716764,0.00038294763819353547,-3.550188899817462,0.00010785520041453499
87.49570750859621,0.000361910286782339,-3.5502099371688733,0.00010193014036363872
87.32719858002478,0.0004323745317708017,-3.5501394729238847,0.00012177602660840165
87.15796643716764,0.00047827940708525105,-3.5500935680485703,0.00013470489477011618
87.15796643716764,0.0005268870547657906,-3.5500449604008897,0.0001483949846398288
86.98945750859622,0.0005736167330646712,-3.549998230722591,0.00016155615425039933
86.8216717943105,0.000623459881418679,-3.549948387574237,0.00017559421642613743
86.65243965145335,0.000618130824814116,-3.5499537166308412,0.0001740933154914382
86.48393072288192,0.0006168871458853894,-3.54995496030977,0.00017374303982257153
86.3154217943105,0.0006177256842127838,-3.5499541217714428,0.00017397920975897077
86.14618965145335,0.0006778996038121985,-3.549893947851843,0.0001909268796512264
85.97768072288193,0.0007419064747426485,-3.549829940980913,0.00020895408024887587
85.8041092943105,0.0008122438769428429,-3.5497596035787127,0.00022876424188540164
85.8041092943105,0.0008632820539214677,-3.549708565401734,0.0002431388776261764
85.63632358002478,0.0009106126806635241,-3.549661234774992,0.0002564693012242719
85.46781465145335,0.0009330004744057722,-3.54963884698125,0.0002627747062981873
85.29858250859621,0.0010302386271801756,-3.5495416088284752,0.00029016132370858683
85.1307967943105,0.0011471480130863171,-3.5494246994425693,0.0003230882410979417
84.96156465145336,0.0012137051517400468,-3.5493581423039156,0.00034183371126816925
84.79305572288193,0.0014014268067805457,-3.549170420648875,0.00039470453408366033
84.6245467943105,0.001625512139308337,-3.548946335316347,0.00045781699657005423
84.45603786573908,0.0018156580327267416,-3.548756189422929,0.0005113705934518251
84.28752893716765,0.002044378157017798,-3.5485274692986377,0.0005757884208096795
84.28752893716765,0.002350314895919127,-3.5482215325597366,0.000661953904017846
84.1182967943105,0.002692287760804091,-3.5478795596948514,0.0007582687737282061
83.94978786573907,0.00304613070093218,-3.5475257167547234,0.0008579267880792333
83.78200215145334,0.003490453578196145,-3.5470813938774595,0.0009830680037350627
83.61277000859621,0.003963302800644563,-3.546608544655011,0.0011162435153888439
83.44426108002477,0.004514010530102831,-3.5460578369255527,0.0012713474685317457
83.27575215145335,0.005179118479224227,-3.5453927289764313,0.0014586716455084806
83.10724322288192,0.005886829942536125,-3.5446850175131193,0.0016579948795444417
82.93873429431049,0.006705375885116988,-3.5438664715705386,0.0018885340652723501
82.93873429431049,0.007663937752945132,-3.5429079097027105,0.0021585080044041693
82.77022536573907,0.008805297732112841,-3.5417665497235427,0.0024799660760062435
82.60099322288193,0.010165556942875497,-3.54040629051278,0.0028630759718776422
82.43320750859621,0.011579082504540194,-3.5389927649511153,0.0032611880570274274
82.26397536573907,0.013408225302927526,-3.537163622152728,0.003776356564235104
82.09546643716764,0.015548766901558838,-3.5350230805540965,0.004379228915674839
81.92261822288192,0.017909206742954147,-3.5326626407127013,0.0050440344576572664
81.75338608002478,0.020612118755608446,-3.5299597287000473,0.005805295496380145
81.58487715145336,0.023521025054816822,-3.5270508224008386,0.006624573749062991
81.58487715145336,0.026833701372327778,-3.523738146083328,0.007557571716667794
81.41636822288193,0.03043796151550449,-3.520133885940151,0.008572692744498712
81.2478592943105,0.03435317001446109,-3.5162186774411945,0.009675390751233104
81.07935036573907,0.03865561242186638,-3.511916235033789,0.010887151163992652
80.91011822288192,0.04348268089534808,-3.5070891665603074,0.012246669765747124
80.74160929431049,0.04894689883928054,-3.501624948616375,0.013785638185115434
80.57382358002478,0.05467233267177401,-3.4958995147838814,0.015398176693974598
80.40459143716764,0.06096696307282713,-3.4896048843828282,0.01717102644085801
80.2353592943105,0.06787814870990504,-3.4826936987457504,0.01911752574688683
80.2353592943105,0.07514475762847275,-3.475427089827183,0.021164128162149874
80.06251108002479,0.08300427762843221,-3.4675675698272235,0.02337772088400723
79.89400215145335,0.09136323953933835,-3.459208607916317,0.025731978809218962
79.72549322288192,0.100465479380116,-3.4501063680755397,0.02829557707784725
79.5569842943105,0.11000038584440316,-3.4405714616112526,0.030981033639195216
79.38775215145336,0.11968282731344042,-3.430889020142215,0.0337080426633826
79.21924322288191,0.12998206220786276,-3.4205897852477927,0.03660876833150358
79.05073429431049,0.14051740936102938,-3.410054438094626,0.039575993783008315
78.88222536573906,0.1514372626700929,-3.3991345847855627,0.04265151338329149
78.71371643716763,0.16274245417092845,-3.387829393284727,0.045835561470907824
78.71371643716763,0.17439293620684182,-3.3761789112488136,0.049116858832701
78.5452075085962,0.18655793168268056,-3.364013915772975,0.052543066215198046
78.37597536573907,0.19904434216702996,-3.3515275052886255,0.0560597984546251
78.20818965145335,0.2122700914517538,-3.3383017560039017,0.05978476160223791
78.03895750859621,0.2266533585395068,-3.323918488916149,0.06383573358807734
77.87044858002479,0.24112289454797473,-3.309448952907681,0.06791100276445995
77.69760036573906,0.25682432647893505,-3.2937475209767206,0.07233322898759975
77.52402893716763,0.2729951646152122,-3.2775766828404436,0.07688766101461682
77.52402893716763,0.2901595450757133,-3.260412302379942,0.08172191904344704
77.3555200085962,0.30781402654037127,-3.2427578209152843,0.08669421145806448
77.18701108002477,0.3252795162612807,-3.2252923311943746,0.09161327533602127
77.01850215145335,0.3437716171764341,-3.2068002302792213,0.09682147889016281
76.8492700085962,0.3621010579185856,-3.18847078953707,0.10198387005689455
76.68076108002478,0.3813466297748893,-3.1692252176807663,0.1074042847627947
76.51225215145335,0.40143693415099924,-3.1491349133046564,0.11306261396700631
76.34374322288193,0.4211778411568017,-3.129394006298854,0.1186225372283674
76.1752342943105,0.4419965464222823,-3.1085753010333734,0.12448601673530917
76.1752342943105,0.46274540981283996,-3.0878264376428155,0.13032982564328163
76.00166286573906,0.48386949209177743,-3.066702355363878,0.13627931298968612
75.83315393716764,0.5052270964502065,-3.045344751005449,0.1422945706090282
75.66464500859621,0.5271117626658234,-3.023460084789832,0.14845827244519846
75.49107358002477,0.548962876962837,-3.0016089704928186,0.15461252455888888
75.32256465145335,0.5711139194233101,-2.979457928032345,0.16085124987192448
75.15333250859621,0.5938690592547874,-2.956702788200868,0.16726011605154667
74.9855467943105,0.6165837219464783,-2.9339881255091775,0.1736575820563448
74.81197536573906,0.6402815929543457,-2.9102902545013096,0.18033196354361125
74.81197536573906,0.66429259830651,-2.886279249149146,0.18709453768201958
74.64346643716763,0.6891923294574585,-2.861379517998197,0.1941074167957859
74.4749575085962,0.7146519767047415,-2.835919870750914,0.2012779933510885
74.30644858002478,0.740981990436902,-2.8095898570187536,0.20869370407696178
74.13793965145335,0.7681289010050292,-2.7824429464506264,0.21633948952630583
73.96870750859621,0.7960759612246716,-2.754495886230984,0.22421063294216695
73.79513608002478,0.8241788630844253,-2.7263929843712305,0.23212566834129353
73.62228786573907,0.8530042343038777,-2.6975676131517776,0.24024418345882556
73.4516092943105,0.882833213290328,-2.6677386341653273,0.24864535945751035
73.4516092943105,0.9135420062091755,-2.63702984124648,0.25729433045097255
73.27514500859621,0.9450013453638354,-2.6055705020918203,0.266154688868224
73.10663608002478,0.976742413179142,-2.5738294342765133,0.2750943946899925
72.93740393716763,1.0087443818279074,-2.5418274656277484,0.2841075818676293
72.7688950085962,1.041587244578959,-2.508984602876697,0.2933576024733485
72.6011092943105,1.0743816851588202,-2.4761901622968354,0.302593985227682
72.43187715145335,1.107691914199619,-2.4428799332560365,0.3119756371057222
72.26336822288192,1.1405911446697374,-2.4099807027859184,0.32124153338485084
72.0948592943105,1.1739712692985145,-2.376600578157141,0.3306428709898615
72.0948592943105,1.2079606984395466,-2.342611149016109,0.34021581602557144
71.92635036573907,1.2402928186579658,-2.31027902879769,0.3493219886669133
71.75784143716764,1.2731222612613422,-2.2774495861943134,0.3585682295581945
71.58933250859621,1.3045494972742404,-2.2460223501814154,0.36741954629338996
71.42082358002479,1.3365333207972825,-2.2140385266583733,0.37642762299122157
71.25231465145335,1.3683490084407985,-2.182222839014857,0.3853883450975254
71.0830825085962,1.4007443684028842,-2.1498274790527714,0.3945123288820812
70.91312715145335,1.4347501173111623,-2.1158217301444933,0.4040898702949234
70.74606465145335,1.4686342201692073,-2.0819376272864485,0.4136331507336297
70.74606465145335,1.504437176159473,-2.0461346712961825,0.42371686612610154
70.57755572288193,1.539691060040343,-2.0108807874153127,0.4336459382292708
70.4090467943105,1.5749432262839727,-1.975628621171683,0.4435745265688903
70.23981465145336,1.6105536740961708,-1.9400181733594848,0.45360402303935793
70.07202893716764,1.6446181524747223,-1.9059536949809333,0.46319810530049066
69.90207358002479,1.6792635906619588,-1.8713082567936967,0.47295581185473584
69.73428786573908,1.713985044626571,-1.8365868028290846,0.48273492785530164
69.56577893716764,1.748090214333093,-1.8024816331225626,0.4923404706162408
69.39727000859621,1.7819334111585128,-1.7686384362971428,0.5018722300846971
69.22876108002478,1.815151089950035,-1.7354207575056206,0.5112278156688407
69.22876108002478,1.8480060853586475,-1.702565762097008,0.5204812533741378
69.06025215145335,1.8811818915776872,-1.6693899558779683,0.5298250457671332
68.89174322288193,1.91288291217899,-1.6376889352766655,0.5387534725004268
68.7232342943105,1.9456496521692466,-1.604922195286409,0.5479820535285046
68.55472536573907,1.9765724805435656,-1.57399936691209,0.5566913064891167
68.38621643716765,2.006595577624089,-1.5439762698315667,0.5651471548342326
68.21698429431049,2.0357054162797215,-1.5148664311759341,0.5733457887180936
68.04847536573907,2.0649644938539553,-1.4856073536017003,0.5815864549632228
67.87996643716764,2.0934700739256384,-1.4571017735300171,0.5896149025757138
67.87996643716764,2.1219002830717275,-1.428671564383928,0.5976221223610174
67.71145750859621,2.1504208939449083,-1.4001509535107473,0.6056548033201758
67.54294858002478,2.179324159423015,-1.3712476880326405,0.6137952569484607
67.37443965145336,2.2081020204126998,-1.3424698270429558,0.6219003910581414
67.20520750859622,2.2370512385895545,-1.3135206088661011,0.6300537870238081
67.03742179431049,2.2651000820964646,-1.285471765359191,0.6379535971704496
66.86818965145335,2.292865477829852,-1.2577063696258035,0.6457735757334195
66.69968072288192,2.3198801672212075,-1.230691680234448,0.6533821217795203
66.5311717943105,2.3458514694590167,-1.204720377996639,0.6606968032881962
66.5311717943105,2.3715141997895617,-1.1790576476660939,0.66792457713227
66.35760036573907,2.3955503291279046,-1.155021518327751,0.6746942273100484
66.18909143716765,2.4192637145761062,-1.1313081328795493,0.6813729783583322
66.0205825085962,2.442064699680222,-1.1085071477754336,0.6877947566193341
65.85207358002478,2.464608220700995,-1.0859636267546606,0.6941440214671719
65.68356465145335,2.4864903635835516,-1.064081483872104,0.7003070126197767
65.51505572288193,2.507774690497447,-1.0427971569582084,0.7063016320299284
65.3465467943105,2.529770427636757,-1.0208014198188984,0.7124966164111266
65.17731465145336,2.550131188088862,-1.0004406593667934,0.7182311181553162
65.17731465145336,2.570081593346435,-0.9804902541092204,0.7238500455041232
65.00880572288193,2.5899961392375053,-0.9605757082181503,0.7294588732498118
64.8402967943105,2.6091189642948653,-0.9414528831607902,0.734844716961456
64.67178786573908,2.6279858274636525,-0.9225860199920031,0.7401584703452405
64.50327893716764,2.6464734727776293,-0.9040983746780262,0.7453654190026026
64.33477000859621,2.6641850736489925,-0.8863867738066631,0.7503537987995232
64.16626108002478,2.6816742102470776,-0.8688976372085779,0.7552795226968211
63.99702893716764,2.6985496412563856,-0.8520222061992699,0.760032399623224
63.82852000859621,2.714607583184274,-0.8359642642713814,0.7645550350233205
63.66001108002478,2.731438348984949,-0.8191334984707064,0.769295332227202
63.66001108002478,2.7475757427025136,-0.802996104753142,0.7738403448085215
63.49150215145335,2.7644108033341093,-0.7861610441215463,0.7785818516290804
63.32299322288193,2.7808108155223734,-0.7697610319332822,0.7832008293298179
63.1544842943105,2.797255706148294,-0.7533161413073617,0.7878324468079165
62.980912865739064,2.81325567044111,-0.7373161770145455,0.7923387531101765
62.81240393716764,2.828805125341971,-0.7217667221136845,0.7967181757972582
62.64389500859621,2.843948949288531,-0.7066228981671245,0.8009833546465223
62.47032358002478,2.8583686946972033,-0.6922031527584522,0.8050446005607559
62.47032358002478,2.8726606731284283,-0.6779111743272273,0.8090698615737013
62.30109143716764,2.886397996391406,-0.6641738510642496,0.8129389068580044
62.13330572288192,2.899423266052821,-0.6511485814028344,0.8166074059677322
61.964796794310494,2.9122189861873378,-0.6383528612683178,0.8202112536531933
61.79628786573907,2.9241821864389372,-0.6263896610167183,0.8235806264656804
61.62777893716764,2.935860221279774,-0.6147116261758816,0.8268696839309463
61.4585467943105,2.947246219423063,-0.6033256280325925,0.8300764907869879
61.29003786573907,2.9580133568524,-0.5925584906032557,0.8331089987580779
61.121528937167646,2.968883351830096,-0.5816884956255595,0.836170476019969
60.95302000859622,2.9795493508239463,-0.5710224966317092,0.8391744988794115
60.95302000859622,2.9901090569949536,-0.560462790460702,0.8421485849209528
60.78451108002479,3.0005519483393788,-0.5500198991162768,0.8450897706772441
60.61600215145335,3.010895847557054,-0.5396759998986016,0.8480030758185236
60.44677000859621,3.0212519864157095,-0.5293198610399461,0.8509198281907019
60.278261080024784,3.03160833997902,-0.5189635074766357,0.8538366410333238
60.10975215145336,3.0420716312169565,-0.5085002162386991,0.8567835723129807
59.94124322288192,3.05252160855282,-0.4980502389028354,0.8597267538017183
59.7676717943105,3.0631680664717806,-0.48740378098387493,0.8627252730195704
59.59916286573907,3.073619976887357,-0.47695187056829846,0.8656689989501035
59.59916286573907,3.0837270251442233,-0.4668448223114323,0.8685155962564245
59.43065393716764,3.093955827910375,-0.4566160195452804,0.8713964850838064
59.2614217943105,3.103678934810017,-0.4468929126456387,0.8741349473139425
59.09363608002479,3.1131660495674702,-0.43740579788818534,0.8768069435908948
58.92512715145335,3.1223132425867326,-0.428258604868923,0.8793832026872478
58.75589500859621,3.1311353292268307,-0.4194365182288249,0.881867897271423
58.587386080024785,3.139618353685174,-0.4109534937704815,0.8842570967645758
58.41960036573907,3.148034595404132,-0.40253725205152335,0.8866274872482915
58.25036822288193,3.1563554957132953,-0.39421635174236025,0.8889710253223417
58.25036822288193,3.164660721106996,-0.38591112634865965,0.8913101486383935
58.081859294310505,3.172598108730427,-0.37797373872522844,0.8935456723693439
57.91335036573906,3.1801524123396234,-0.37041943511603215,0.8956733024902805
57.73977893716764,3.18752848821268,-0.3630433592429756,0.89775073570103
57.571270008596215,3.1946337853625058,-0.3559380620931498,0.8997519054998941
57.40203786573907,3.2016433124310435,-0.3489285350246121,0.9017261021560077
57.22918965145336,3.2082839274682198,-0.3422879199874358,0.903596396666999
57.060680722881926,3.2149876745278276,-0.33558417292782794,0.9054844719820814
56.8921717943105,3.221744890424748,-0.3288269570309077,0.9073876065156813
56.8921717943105,3.228761073337597,-0.3218107741180587,0.9093636777555512
56.72293965145335,3.2356984500503687,-0.31487339740528686,0.9113175536411338
56.555153937167645,3.242315444624206,-0.3082564028314496,0.913181195572103
56.38664500859622,3.2491667129651733,-0.30140513449048223,0.9151108194849037
56.21813608002479,3.2557633083833166,-0.29480853907233895,0.9169687161003095
56.04890393716764,3.2621883319096336,-0.28838351554602193,0.9187782903892854
55.88039500859621,3.2684175189668188,-0.2821543284888368,0.9205327083604775
55.71188608002478,3.274364332511575,-0.2762075149440806,0.9222075973080192
55.54265393716764,3.2802754999188504,-0.2702963475368052,0.9238724467072819
55.54265393716764,3.286033993133042,-0.2645378543226138,0.9254942962181762
55.37486822288193,3.291793773837348,-0.2587780736183074,0.9271165083439311
55.2063592943105,3.297732856538883,-0.25283899091677275,0.9287892199398929
55.03712715145336,3.3034507646707074,-0.24712108278494815,0.9303996388744997
54.86861822288192,3.3090563675115248,-0.2415154799441308,0.9319784276109774
54.700109294310494,3.314601200818936,-0.23597064663671974,0.9335401009260476
54.53160036573907,3.3199843408621095,-0.2305875065935461,0.9350562341785069
54.36309143716764,3.3253217421733754,-0.22525010528228018,0.9365594853562266
54.19458250859621,3.3304122006672214,-0.22015964678843414,0.9379931863803289
54.02607358002478,3.3353031719749797,-0.21526867548067585,0.9393707028813013
54.02607358002478,3.3401176988338688,-0.2104541486217868,0.9407266892028678
53.85756465145335,3.345066004400551,-0.20550584305510444,0.9421203535981478
53.6876092943105,3.349978663829753,-0.2005931836259025,0.9435039784451488
53.519823580024784,3.3546495340910756,-0.19592231336458,0.9448195046369845
53.35131465145336,3.3593867569446565,-0.19118509051099908,0.9461537186895675
53.18280572288193,3.363963360057278,-0.18660848739837776,0.947442695031759
53.0142967943105,3.368524072074146,-0.1820477753815095,0.9487271957299033
52.84506465145336,3.3731331000166036,-0.17743874743905197,0.9500253043559153
52.67727893716764,3.3777215126230775,-0.17285033483257806,0.9513176067803154
52.67727893716764,3.382189675128486,-0.16838217232716968,0.9525760413923654
52.508770008596215,3.3867327791501776,-0.163839068305478,0.9538555828907151
52.33519858002479,3.391220268025821,-0.15935157942983436,0.9551194606739121
52.16668965145336,3.3957101186526724,-0.1548617288029832,0.9563840036319904
51.998180722881926,3.4000518031463813,-0.15052004430927424,0.9576068163732169
51.8296717943105,3.4044557608439,-0.14611608661175568,0.9588471680367593
51.66043965145335,3.408776402067948,-0.14179544538770772,0.9600640540510909
51.491930722881925,3.4130555993910097,-0.1375162480646459,0.9612692676073601
51.3234217943105,3.4173427422619453,-0.13322910519371023,0.9624767189856523
51.3234217943105,3.421359750523617,-0.12921209693203872,0.9636080883633907
51.15491286573907,3.425457498802895,-0.1251143486527604,0.9647621977450147
50.98640393716764,3.4291324382798214,-0.12143940917583418,0.9657972252377155
50.8171717943105,3.432787407272549,-0.11778444018310674,0.9668266281479387
50.64432358002478,3.436407374979577,-0.11416447247607842,0.9678461731290161
50.475814651453355,3.439896784548641,-0.11067506290701479,0.9688289470930367
50.306582508596215,3.4433849058897725,-0.10718694156588304,0.9698113582343945
50.138796794310494,3.446931220308449,-0.10364062714720657,0.9708101591518348
49.969564651453354,3.4504223475147535,-0.10014949994090205,0.9717934168794051
49.969564651453354,3.453603186652186,-0.09696866080346966,0.9726892835944279
49.80105572288193,3.4567127342524726,-0.09385911320318296,0.9735650714206945
49.6325467943105,3.45985814195708,-0.0907137054985756,0.9744509590578821
49.45897536573907,3.463016862825943,-0.08755498462971278,0.9753405962781869
49.290466437167645,3.466078954057079,-0.08449289339857646,0.9762030182661635
49.121234294310504,3.4691597275444854,-0.08141211991117014,0.9770707020139558
48.953448580024784,3.472186388080612,-0.07838545937504371,0.977923145131899
48.779877151453356,3.4750084077811128,-0.07556343967454282,0.978717952228261
48.61136822288193,3.477710821494513,-0.07286102596114263,0.9794790729236038
48.61136822288193,3.480443512991197,-0.07012833446445876,0.9802487211983295
48.4428592943105,3.483349278574477,-0.06722256888117872,0.9810671148847895
48.27435036573907,3.4861852562910145,-0.06438659116464107,0.9818658531834018
48.10584143716764,3.48897420778553,-0.06159763967012566,0.9826513467924142
47.93227000859621,3.4916167107841436,-0.058955136671511976,0.9833955939481244
47.763761080024786,3.494206604501883,-0.056365242953772654,0.9841250239748947
47.59525215145336,3.496790271046803,-0.053781576408852505,0.9848527001509932
47.426743222881925,3.4993745817056903,-0.051197265749965304,0.9855805577384237
47.25751108002478,3.501984445169813,-0.04858740228584235,0.9863156121398697
47.25751108002478,3.5045150730245496,-0.04605677443110601,0.9870283502461412
47.08900215145335,3.506883576730103,-0.04368827072555259,0.9876954269333095
46.92049322288192,3.5092136438754764,-0.041358203580179165,0.9883516781642324
46.751984294310496,3.5115810740577555,-0.038990773397900025,0.9890184524991824
46.58347536573907,3.5139414182485953,-0.03663042920706028,0.9896832311016859
46.41496643716764,3.516181727043026,-0.03439012041262979,0.9903142023622832
46.24645750859621,3.518484523008104,-0.03208732444755169,0.9909627728078378
46.07722536573907,3.520779588129962,-0.029792259325693404,0.9916091659018131
45.90871643716764,3.5230484563326177,-0.02752339112303792,0.9922481807704409
45.90871643716764,3.5252801754652068,-0.025291671990448794,0.9928767327976836
45.740207508596214,3.5274796844726146,-0.023092162983040954,0.9934962130115494
45.57097536573907,3.529667383248352,-0.02090446420730352,0.9941123669354041
45.40318965145336,3.531749219348374,-0.018822628107281414,0.9946987051900471
45.234680722881926,3.533717461191642,-0.016854386264013588,0.9952530502160964
45.06544858002478,3.535792210562408,-0.014779636893247794,0.9958373925304909
44.89766286573907,3.5380110459400513,-0.012560801515604236,0.9964623159155038
44.728430722881924,3.540045640375577,-0.010526207080078454,0.9970353488023003
44.5599217943105,3.5421188868137574,-0.008452960641898155,0.9976192678235886
44.39141286573907,3.544055777350464,-0.006516070105191396,0.9981647829180359
44.39141286573907,3.5459692621284877,-0.004602585327167841,0.9987037059029051
44.222903937167644,3.547924405512155,-0.002647441943500528,0.999254361816281
44.04933250859621,3.5499686631327987,-0.0006031843228568867,0.999830116288651
43.88082358002478,3.5519957414297596,0.001423893974104029,1.0004010322943118
43.712314651453354,3.5538864653008813,0.003314617845225687,1.0009335447887362
43.543082508596214,3.555725652676587,0.005153805220931229,1.001451542298637
43.37023429431049,3.557431276049154,0.006859428593498418,1.0019319222052678
43.20100215145335,3.5590950268492394,0.008523179393583824,1.0024005089207508
43.20100215145335,3.5607108918708636,0.010139044415208076,1.002855608857056
43.032493222881925,3.5622917556067906,0.011719908151134995,1.003300850864216
42.86470750859621,3.563754730992858,0.013182883537202539,1.0037128902339068
42.696198580024785,3.5650935908562507,0.014521743400595089,1.0040899731154578
42.526966437167644,3.5663740429374444,0.01580219548178885,1.004450605750483
42.35845750859622,3.5676950801010037,0.017123232645348097,1.0048226689617952
42.18994858002478,3.569013540070885,0.01844169261522932,1.0051940063199805
42.020716437167636,3.570279820169201,0.01970797271354563,1.005550647490113
41.85220750859621,3.571596777206496,0.02102492975084047,1.005921561555192
41.6844217943105,3.5730451504625593,0.022473303006903755,1.0063294883113008
41.6844217943105,3.5744941685704066,0.02392232111475101,1.0067375966865433
41.515912865739075,3.5759741078376863,0.02540226038203075,1.0071544138446977
41.34668072288193,3.5774740168513492,0.026902169395693676,1.007576855377528
41.178171794310494,3.5787802371802497,0.028208389724594163,1.0079447455048145
41.00966286573907,3.580096979512889,0.029525132057233616,1.0083155990994497
40.84115393716764,3.5813475839579256,0.030775736502270057,1.0086678253037815
40.6719217943105,3.582451740644878,0.031879893189222575,1.0089788052626136
40.499073580024785,3.5835762972253415,0.03300444976968597,1.0092955307448115
40.33056465145335,3.5846544709599306,0.034082623504275045,1.009599192740938
40.33056465145335,3.585782892224188,0.03521104476853232,1.0099170066911234
40.162055722881924,3.586959843380871,0.03638799592521558,1.0102484888318177
39.9935467943105,3.5880154709132137,0.03744362345755814,1.010545800807943
39.82503786573907,3.5890382434685937,0.03846639601293811,1.0108338593515587
39.65652893716764,3.5899390482856655,0.039367200830009885,1.0110875663192735
39.488020008596216,3.5907646961439825,0.040192848688326954,1.0113201057224428
39.31878786573907,3.591601724824658,0.04102987736900232,1.0115558504747353
39.145939651453354,3.592408691164522,0.04183684370886631,1.0117831283258911
38.9759842943105,3.593275353514516,0.04270350605886053,1.0120272192462354
38.9759842943105,3.594190115609811,0.04361826815415526,1.0122848572083993
38.808198580024786,3.595017481843186,0.044445634387530575,1.012517880582921
38.63968965145336,3.5958369025286854,0.0452650550730298,1.012748666135419
38.47118072288193,3.5966915392045373,0.04611969174888175,1.0129893700875061
38.3026717943105,3.5974695167268655,0.046897669271209974,1.013208483389744
38.13416286573907,3.598216787056599,0.04764493960094329,1.0134189481717109
37.965653937167644,3.598946664833627,0.048374817377971446,1.0136245144321292
37.79714500859622,3.599832867520696,0.049261020065040295,1.0138741087862624
37.62791286573907,3.6006877189012036,0.05011587144554808,1.0141148732087935
37.62791286573907,3.60147621842727,0.05090437097161438,1.0143369499783796
37.45940393716764,3.6021779654675665,0.05160611801191095,1.0145345933638525
37.29089500859621,3.6028047709915794,0.05223292353592379,1.0147111298630258
37.12238608002478,3.6033982928671344,0.05282644541147885,1.0148782921966033
36.95315393716764,3.6040377674414383,0.05346591998578276,1.0150583968675628
36.78536822288193,3.6046536215524028,0.05408177409674719,1.0152318489585002
36.61541286573907,3.605177140118744,0.054605292663088445,1.0153792952259841
36.448350365739074,3.6057294335357835,0.055157586080127885,1.015534845779745
36.27911822288192,3.606286450455238,0.05571460299958231,1.0156917266832686
36.11060929431049,3.6067910727984724,0.05621922534281687,1.0158338509282958
36.11060929431049,3.6072694974846877,0.056697650029032154,1.0159685967401735
35.942100365739066,3.607742769259179,0.057170921803523456,1.0161018912614013
35.77359143716764,3.60818297135205,0.057611123896394556,1.0162258718796744
35.60508250859621,3.608475866868217,0.057904019412561514,1.0163083643706734
35.436573580024785,3.6087223810141436,0.05815053355848798,1.0163777937912055
35.26806465145335,3.6089319600568417,0.05836011260118612,1.016436820632994
35.09738608002479,3.609171602178169,0.05859975472251344,1.0165043145837216
34.93032358002478,3.6095533972266574,0.058981549771001784,1.0166118451632709
34.761814651453356,3.6099059887529554,0.05933414129729986,1.0167111507234585
34.761814651453356,3.610198025450502,0.059626177994846596,1.0167934013326825
34.59330572288193,3.6105901277980754,0.06001828034241985,1.016903834909137
34.42407358002479,3.610973211074496,0.06040136361884052,1.0170117283113491
34.25628786573907,3.6113296680224045,0.060757820566748943,1.0171121225473265
34.08705572288192,3.6116715221024935,0.061099674646837965,1.01720840396192
33.919270008596214,3.6118720828118547,0.061300235356199106,1.0172648908372681
33.75003786573907,3.6120992705875454,0.06152742313188986,1.017328877086653
33.58152893716764,3.6124565863540754,0.06188473889841983,1.0174295132044058
33.41302000859621,3.6126464096172275,0.06207456216157192,1.0174829759341597
33.41302000859621,3.6128662966968244,0.06229444924116878,1.0175449059806547
33.244511080024786,3.611815822814024,0.06124397535836845,1.0172490455029817
33.07600215145335,3.6114451938832386,0.06087334642758302,1.0171446598021119
32.907493222881925,3.6124046204493485,0.06183277299369294,1.0174148772789944
32.738261080024785,3.613210727970592,0.06263888051493627,1.0176419132483754
32.57047536573907,3.6135388402149293,0.06296699275927375,1.0177343243467658
32.39690393716764,3.61359080538184,0.06301895792618462,1.017748960064375
32.22839500859621,3.613596817850003,0.06302497039434751,1.0177506534446026
32.05916286573907,3.6136771277204827,0.06310528026482709,1.0177732722997983
32.05916286573907,3.613788359488213,0.0632165120325574,1.0178046001457084
31.89065393716764,3.6138605098439784,0.06328866238832287,1.0178249209162393
31.722145008596215,3.613954992435153,0.06338314497949726,1.0178515314441299
31.55291286573907,3.6139524152414735,0.06338056778581791,1.0178508055910027
31.38512715145336,3.61388971336617,0.06331786591051447,1.0178331459356014
31.21083250859622,3.6138673811307624,0.06329553367510687,1.017826856178242
31.0430467943105,3.6138862780916865,0.06331443063603093,1.0178321784085012
30.87453786573907,3.6139129044201987,0.06334105696454317,1.0178396775747358
30.706028937167645,3.6138819832607667,0.06331013580511113,1.017830968791824
30.706028937167645,3.61383431218696,0.06326246473130448,1.01781754248309
30.5367967943105,3.613795230774995,0.06322338331933963,1.0178065354077106
30.36901108002478,3.6138003844245365,0.06322853696888098,1.017807986906163
30.199778937167636,3.6138162747824727,0.06324442732681712,1.0178124623424079
30.03127000859621,3.6137728985395876,0.06320105108393204,1.0178002456503512
29.862761080024782,3.6136685387964573,0.06309669134080176,1.0177708532742455
29.694252151453355,3.6135259557221677,0.06295410826651215,1.017730695496734
29.52574322288193,3.613320671510391,0.06274882405473559,1.0176728782716231
29.3572342943105,3.613096060928378,0.06252421347272241,1.0176096178753649
29.3572342943105,3.612862001865904,0.062290154410248544,1.0175436963639775
29.183662865739066,3.6126807675267765,0.0621089200711209,1.017492652659776
29.01515393716764,3.6125523571731795,0.06198050971752389,1.0174564865549585
28.846645008596212,3.6123608155349696,0.061788968079314,1.0174025398538526
28.678136080024785,3.612204059739987,0.061632212284331356,1.0173583904036465
28.50456465145335,3.612035279746494,0.061463432290838504,1.0173108544007872
28.33533250859621,3.6118068044806884,0.06123495702503279,1.0172465055365416
28.167546794310496,3.6115439713053332,0.06097212384967765,1.0171724799466797
27.99903786573907,3.6113249437821735,0.06075309632651793,1.0171107919897617
27.82980572288193,3.611160887291096,0.060589039835440506,1.0170645863366654
27.82980572288193,3.6109221047262077,0.0603502572705521,1.0169973344755152
27.661296794310502,3.6106219077761295,0.060050060320473886,1.016912785573824
27.492787865739075,3.610388278860782,0.05981643140512638,1.0168469852111262
27.32355572288193,3.610137900031062,0.05956605257540648,1.0167764673226065
27.155046794310497,3.6098218134608646,0.05924996600520904,1.0166874431924726
26.98653786573907,3.6094159678019095,0.05884412034625397,1.0165731388842114
26.818752151453356,3.6090865673296406,0.058514719873985044,1.0164803649631584
26.65024322288193,3.6088490729926828,0.05827722553702719,1.0164134759246708
26.48101108002479,3.6086459358274574,0.058074088371801835,1.0163562634039973
26.48101108002479,3.6083818144241713,0.0578099669685157,1.0162818749914728
26.31250215145335,3.6079836996084356,0.057411852152779996,1.0161697480347909
26.14327000859621,3.6076628887980084,0.05709104134235288,1.0160793933470926
25.975484294310498,3.6073214633894146,0.056749615933759046,1.0159832326655849
25.806252151453357,3.607026420088878,0.05645457263322262,1.015900135262346
25.638466437167644,3.6067786184528363,0.056206770997180744,1.0158303432269533
25.469957508596217,3.606576340106233,0.05600449265057739,1.0157733725880551
25.300725365739076,3.606299334210184,0.05572748675452832,1.0156953553254986
25.13149322288192,3.6058982135292754,0.05532636607361985,1.015582381782604
25.13149322288192,3.605373835406496,0.05480198795084057,1.0154346934255427
24.962984294310495,3.60483571471015,0.05426386725449461,1.0152831345444764
24.795198580024785,3.604460361539133,0.05388851408347728,1.0151774182860414
24.62596643716764,3.604203970241251,0.05363212278559537,1.0151052070172946
24.45818072288193,3.6038749999161084,0.05330315246045281,1.0150125542449309
24.289671794310493,3.6034055935632288,0.05283374610757319,1.0148803483994935
24.121162865739066,3.6030289521642804,0.05245710470862486,1.014774269318396
23.951930722881926,3.602773419685019,0.05220157222936361,1.0147022999314241
23.7834217943105,3.602433927356138,0.05186207990048253,1.014606683691712
23.614912865739072,3.601966882754465,0.05139503529880951,1.0144751430211556
23.614912865739072,3.6014491619516305,0.05087731449597488,1.014329329663455
23.446403937167645,3.600991136421109,0.05041928896545356,1.0142003291671409
23.277895008596218,3.6005844326813494,0.05001258522569385,1.0140857831849066
23.104323580024783,3.600217668434357,0.049645820978701405,1.0139824859520241
22.93509143716764,3.599740531976074,0.04916868452041845,1.0138481029628095
22.76730572288193,3.599306557056019,0.04873470960036341,1.0137258761952068
22.598796794310502,3.598739018132826,0.04816717067717047,1.0135660318243347
22.429564651453358,3.5981558035563537,0.0475839561006981,1.0134017724876618
22.26105572288193,3.5978156663756913,0.04724381892003571,1.0133059746288167
22.26105572288193,3.5974514793223786,0.04687963186672306,1.0132034032490618
22.092546794310497,3.597075696742051,0.04650384928639539,1.0130975660497392
21.92403786573907,3.596635708616018,0.04606386116036232,1.0129736456941074
21.755528937167643,3.5961635111026196,0.04559166364696399,1.0128406537329009
21.587020008596216,3.5957366221740035,0.0451647747183479,1.0127204226977446
21.41851108002479,3.5954059334738036,0.04483408601814798,1.012627285954029
21.249278937167645,3.595037236884915,0.04446538942925926,1.012523444487153
21.081493222881925,3.5946724057176365,0.04410055826198089,1.0124206916960667
20.912984294310498,3.594251529257183,0.04367968180152726,1.0123021540411379
20.912984294310498,3.593794577987754,0.04322273053209846,1.0121734561048445
20.743752151453357,3.5933861558729365,0.042814308417280955,1.0120584261512584
20.57524322288193,3.59302733717382,0.042455489718164596,1.0119573667403994
20.406734294310503,3.592466025423445,0.04189417796778949,1.0117992762201984
20.238225365739076,3.591907934242898,0.04133608678724254,1.0116420927566538
20.06971643716764,3.591353923188617,0.04078207573296133,1.0114860584393428
19.90120750859621,3.590831048736241,0.040259201280585355,1.0113387935831901
19.732698580024785,3.5903560593245087,0.03978421186885317,1.0112050152984124
19.56346643716764,3.589876346410362,0.039304498954706446,1.0110699066638722
19.56346643716764,3.5895095821633696,0.038937734707714,1.0109666094309897
19.394957508596214,3.589172451585696,0.038600604130040406,1.0108716583661592
19.226448580024787,3.588704119493909,0.03813227203825331,1.0107397550807427
19.057939651453353,3.588193269240041,0.03762142178438532,1.0105958767772423
18.889430722881926,3.5877605825479173,0.03718873509226173,1.0104740128323022
18.7209217943105,3.5873154415101594,0.03674359405450378,1.0103486411860203
18.552412865739072,3.5868741651561944,0.03630231770053882,1.0102243580077257
18.378841437167637,3.5864365395191844,0.035864692063528825,1.0101011030347773
18.21033250859621,3.585891118126745,0.03531927067108942,1.009947487950821
18.21033250859621,3.5854468359076073,0.034874988451951694,1.009822358186314
18.041100365739066,3.584922887194138,0.0343510397384823,1.0096747907701398
17.87259143716764,3.5843214205085228,0.03374957305286719,1.009505390822341
17.70480572288193,3.5837727778084383,0.03320093035278271,1.009350868473926
17.535573580024785,3.583286192869691,0.032714345414035506,1.0092138243695812
17.367064651453358,3.5828185048918697,0.03224665743621413,1.009082102495496
17.19855572288193,3.5823692837278456,0.031797436272190005,1.00895558170298
17.02932358002479,3.581863801828174,0.031291954372518305,1.0088132153683758
16.861537865739077,3.5813441486834425,0.030772301227786958,1.0086668577766813
16.693028937167632,3.580943027264718,0.030371179809062454,1.008553884025985
16.693028937167632,3.5805404029134063,0.02996855545775068,1.008440486982182
16.524520008596205,3.5801244653978395,0.02955261794218389,1.0083233403552618
16.355287865739065,3.579726135877449,0.02915428842179324,1.0082111529281361
16.186778937167638,3.5793525003436737,0.02878065288801812,1.0081059204332514
16.017546794310494,3.578954385527938,0.028382538072282415,1.0079937934765695
15.849761080024782,3.5785732345934145,0.028001387137758904,1.0078864443083513
15.68052893716764,3.5781390449687054,0.027567197513049813,1.0077641570703053
15.512743222881928,3.577674362856056,0.027102515400400318,1.0076332817824323
15.344234294310501,3.577252842281637,0.026680994825981408,1.0075145627161723
15.344234294310501,3.576685088653789,0.02611324119813352,1.0073546578748565
15.175725365739074,3.5760475464213823,0.025475698965726767,1.007175097437891
15.006493222881932,3.57536877573046,0.024796928274804397,1.0069839252211088
14.837984294310505,3.5747449768094364,0.024173129353780798,1.0068082355159502
14.669475365739078,3.5741624063469297,0.02359055889127415,1.0066441575906087
14.500966437167634,3.5737101785799164,0.02313833112426078,1.0065167900040783
14.332457508596207,3.573247428809164,0.022675581353508445,1.0063864589501992
14.163225365739065,3.572713817648394,0.022141970192738558,1.0062361701562539
13.994716437167638,3.5722598722441385,0.021688024788482974,1.0061083188061732
13.994716437167638,3.5718604692004723,0.021288621744816716,1.0059958290268292
13.821868222881935,3.5715119578004395,0.020940110344783935,1.005897672612875
13.65335929431049,3.5712102579177754,0.020638410462119783,1.0058127004180775
13.484127151453349,3.5708780662849886,0.020306218829333034,1.0057191403812555
13.316341437167637,3.570572715685369,0.020000868229713475,1.005633139981112
13.147109294310495,3.570217977112519,0.019646129656863298,1.005533229716487
12.978600365739068,3.569794523458386,0.01922267600273031,1.0054139662084307
12.81009143716764,3.569453098787609,0.018881251331953397,1.0053178057347252
12.641582508596214,3.569190480316908,0.018618632861252316,1.0052438406153066
12.472350365739072,3.5688247895931924,0.01825294213753681,1.0051408457346434
12.472350365739072,3.5683759978384786,0.017804150382823014,1.005014445883015
12.303841437167645,3.567996565279013,0.017424717823357305,1.004907580686149
12.135332508596218,3.567614984935179,0.017043137479523462,1.0048001105770432
11.96682358002479,3.5671732791719037,0.01660143171624817,1.004675706457861
11.797591437167647,3.5667730165718,0.01620116911614433,1.0045629745889395
11.629805722881937,3.5664041060160727,0.015832258560417145,1.004459072859422
11.46129679431049,3.5660053463485553,0.015433498892899689,1.0043467642836068
11.292064651453348,3.5656276314263318,0.015055783970676195,1.0042403828502908
11.124278937167636,3.565286635427048,0.014714787971392251,1.0041443431096704
11.124278937167636,3.564844500254462,0.014272652798806629,1.0040198180496007
10.955046794310494,3.564371658627098,0.013799811171442578,1.003886644677063
10.782198580024794,3.5639859981569986,0.013414150701342997,1.0037780254217235
10.613689651453347,3.563590675239598,0.013018827783942477,1.0036666847886129
10.44518072288192,3.563209739009729,0.012637891554073466,1.003559396090838
10.275948580024778,3.562829446893826,0.012257599438170619,1.0034522888043949
10.107439651453351,3.5624734200930455,0.01190157263738989,1.0033520157171072
9.938930722881924,3.5621886840915917,0.011616836635936156,1.003271821310773
9.770421794310497,3.5620407326631054,0.01146888520744982,1.0032301515643651
9.770421794310497,3.561835448451328,0.011263600995672363,1.003172334339254
9.60191286573907,3.5615090538442318,0.010937206388576204,1.0030804070044137
9.432680722881928,3.5611401432885037,0.010568295832848129,1.0029765052748958
9.264895008596216,3.560660429636541,0.010088582180885375,1.0028413964325535
9.095662865739074,3.5602223745902206,0.009650527134565046,1.0027180205187174
8.925707508596217,3.5598850293078916,0.009313181852236063,1.002623008983443
8.753582508596212,3.559585691176435,0.009013843720779402,1.002538701963527
8.585073580024785,3.5592764758930215,0.008704628437365969,1.0024516130953958
8.416564651453358,3.558984868604786,0.00841302114913045,1.0023694834270596
8.416564651453358,3.558705715662185,0.008133868206529282,1.0022908614600654
8.248055722881931,3.5584853999110932,0.007913552455437678,1.0022288106804849
8.078823580024789,3.558277967914948,0.007706120459292531,1.0021703885431341
7.911037865739077,3.557985287103435,0.007413439647779629,1.0020879565225789
7.741805722881935,3.557747578061822,0.007175730606166386,1.0020210070136473
7.568957508596215,3.5574789471229598,0.006907099667304184,1.0019453485140017
7.399725365739073,3.5571343004067204,0.006562452951064834,1.001848280568035
7.231216437167646,3.55673597088633,0.006164123430674628,1.0017360931409096
7.062707508596219,3.5563840234739983,0.0058121760183427185,1.0016369689920535
7.062707508596219,3.5561287064372085,0.005556858981552892,1.0015650602833273
6.894921794310507,3.555811116196609,0.005239268740953484,1.0014756126522852
6.7264128657390625,3.555516717010038,0.004944869554382336,1.0013926966603777
6.557180722881919,3.555295542440326,0.004723694984670512,1.001330403999022
6.3886717943104925,3.55515575126437,0.004583903808714318,1.0012910325450812
6.2201628657390655,3.555094122912343,0.004522275456687375,1.001273675241899
6.0516539371676386,3.5549569089300657,0.00438506147441009,1.001235029641085
5.883145008596212,3.554788987755195,0.004217140299539235,1.0011877355200012
5.714636080024785,3.554629011390383,0.004057163934727548,1.0011426790131384
5.714636080024785,3.554436825638207,0.003864978182551493,1.001088550900701
5.546127151453358,3.554193103390615,0.003621255934959322,1.0010199078037398
5.377618222881931,3.5539510995180814,0.0033792520624258415,1.0009517486781312
5.2083860800247885,3.553713819885779,0.0031419724301233742,1.0008849201100873
5.035537865739069,3.5534980129324465,0.0029261654767909206,1.0008241392098256
4.866305722881926,3.553291655197394,0.0027198077417383004,1.000766019632496
4.6977967943104995,3.5530855114291793,0.0025136639735237054,1.0007079603178077
4.5292878657390725,3.552972991433519,0.002401143977863285,1.0006762696492353
4.36005572288193,3.552807217305199,0.0022353698495436447,1.0006295802325886
4.36005572288193,3.5526738680067163,0.0021020205510606793,1.0005920230997627
4.192270008596219,3.552627056489348,0.0020552090336924955,1.000578838880606
4.023761080024792,3.5525368687290952,0.001965021273439671,1.000553437969393
3.8552521514533646,3.5523199882524876,0.001748140796832054,1.0004923547169127
3.6867432228819195,3.55205543743989,0.001483589984234257,1.0004178453635004
3.517511080024777,3.5518954610750786,0.0013236136194230141,1.0003727888566376
3.34900215145335,3.5518172989889667,0.001245451533311126,1.0003507749136815
3.180493222881923,3.55168845922606,0.00111661177040423,1.0003144878679766
3.0112610800247808,3.55153793134171,0.0009660838860545695,1.0002720924762434
2.842752151453354,3.551427128983291,0.0008552815276354764,1.000240885571221
2.842752151453354,3.5513264192192993,0.0007545717636436855,1.0002125211926594
2.674243222881927,3.551197150047081,0.0006253025914255694,1.0001761132060667
2.506457508596215,3.5511378834462617,0.0005660359906061174,1.0001594210777658
2.337225365739073,3.5511183431091884,0.0005464956535328191,1.0001539176439773
2.164377151453353,3.551091716042859,0.0005198685872032094,1.0001464182699402
1.9958682228819262,3.5510184921638173,0.000446644708161692,1.0001257951471907
1.822296794310491,3.5509641645078838,0.00039231705222819713,1.0001104940468981
1.6537878657390641,3.5508731179290094,0.00030127047335382073,1.00008485125391
1.6537878657390641,3.550732897343743,0.0001610498880872946,1.0000453588590814
1.4831092943104909,3.550641636060214,6.97886045584184e-05,1.0000196555956495
1.306645008596212,3.5505785047756,6.657319944647355e-06,1.0000018749993609
1.1330735800247769,3.550528042541277,-4.380491437849798e-05,0.9999876625748583
0.9638414371676345,3.55047951264885,-9.233480680537198e-05,0.9999739943843492
0.7960557228819231,3.550366563243879,-0.00020528421177656853,0.9999421827748891
0.6268235800247806,3.5502263426586125,-0.00034550479704309467,0.9999026903800607
0.45831465145335365,3.550134221818646,-0.00043762563700955326,0.9998767450270516
0.2898057228819267,3.5501516158469846,-0.0004202316086709956,0.9998816439642048
0.2898057228819267,3.550246312404997,-0.00032553505065857635,0.9999083147547368
0.12129679431049972,3.5503981285172777,-0.0001737189383779203,0.9999510729691324
-0.047212134260927234,3.5505718474556556,0.0,1.0
-0.2157210628323542,3.5506517286546426,7.988119898705293e-05,1.0000224981221109
-0.38422999140378117,3.5506517286546426,7.988119898705293e-05,1.0000224981221109
-0.5527389199752081,3.5506721278103366,0.00010028035468101493,1.0000282434376742
-0.721247848546635,3.5507601685240373,0.000188321068381736,1.0000530396444496
-0.8897567771180803,3.5507842183966876,0.00021237094103199183,1.0000598131653593
-1.0589889199752227,3.5507084180617827,0.000136570606127151,1.0000384643972844
-1.0589889199752227,3.550656452894873,8.460543921762209e-05,1.0000238286796754
-1.2274978485466497,3.5507067004245414,0.00013485296888582354,1.0000379806337343
-1.3960067771180766,3.5508718297010784,0.00029998224542282514,1.0000844884312474
-1.5645157056895036,3.551016989231231,0.00044514177557530843,1.0001253718540843
-1.733747848546646,3.551054352268136,0.00048250481248057753,1.0001358949581112
-1.902256777118073,3.5510902131102733,0.000518365654617714,1.0001459949768343
-2.0707657056895,3.5511907081696092,0.0006188607139536728,1.000174298884952
-2.239274634260927,3.5513017252326837,0.0007298777770281539,1.0002055662604183
-2.407060348546638,3.5513992136890313,0.0008273662333757592,1.0002330233745216
-2.576292491403781,3.551518390266821,0.0009465428111652407,1.0002665888346531
-2.576292491403781,3.55154201073016,0.0009701632745042765,1.000273241414675
-2.7491407056895003,3.551572932627409,0.0010010851717532354,1.000281950405389
-2.918372848546643,3.5516422910848404,0.0010704436291848474,1.000301484852349
-3.0861585628323542,3.5517571735695252,0.001185326113869678,1.000333840903605
-3.255390705689497,3.55184027533834,0.001268427882684442,1.0003572460823722
-3.423899634260924,3.551885583923122,0.0013137364674662422,1.0003700070084225
-3.5931317771180664,3.551982213560848,0.0014103661051922955,1.0003972222407507
-3.7609174914037777,3.552133814968473,0.0015619675128175636,1.0004399199847025
-3.929426419975223,3.55225835990046,0.0016865124448042224,1.0004749974137301
-3.929426419975223,3.5523328727452492,0.001761025289593654,1.0004959835669445
-4.102997848546639,3.552510456367421,0.0019386089117654492,1.0005459990657997
-4.271506777118066,3.552731846379605,0.00215999892394958,1.0006083524054012
-4.440738919975209,3.5530232389631866,0.002451391507531042,1.0006904216032941
-4.609247848546636,3.553284568468139,0.002712721012483321,1.0007640236922475
-4.777756777118063,3.5535132591764165,0.0029414117207609003,1.000828433234739
-4.946265705689508,3.553643387167255,0.003071539711599236,1.0008650831031065
-5.114774634260935,3.553832567054258,0.003260719598602524,1.0009183646293311
-5.283283562832362,3.5540281888187333,0.0034563413630777085,1.0009734604766707
-5.283283562832362,3.554286083049203,0.0037142355935473326,1.0010460950385243
-5.452515705689505,3.554553425760134,0.003981578304478539,1.0011213907155074
-5.620301419975216,3.554618489386645,0.00404664193098947,1.00113971554579
-5.793872848546651,3.5547136160917847,0.0041417686361291395,1.0011665074850118
-5.962381777118078,3.5548561991660743,0.004284351710418743,1.0012066652625236
-6.130890705689505,3.5550230460798526,0.0044511986241970725,1.0012536568235866
-6.299399634260932,3.555287382925611,0.004715535469955512,1.001328105914357
-6.467908562832359,3.5554815010196843,0.0049096535640287264,1.0013827782607883
-6.637140705689502,3.555665097847835,0.005093250392179449,1.001434487347673
-6.637140705689502,3.5559062429017483,0.00533439544609271,1.0015024045915069
-6.805649634260929,3.55614652913704,0.005574681681384419,1.0015700799535656
-6.974158562832356,3.556395404296357,0.00582355684070146,1.0016401743411767
-7.142667491403783,3.556672410192406,0.0061005627367505255,1.0017181916037334
-7.31117641997521,3.5569756130076566,0.006403765552001062,1.001803587091637
-7.480408562832352,3.5572545512456024,0.006682703789946842,1.0018821485881875
-7.648194277118064,3.5574744375873837,0.006902590131728115,1.0019440784268805
-7.8167032056895085,3.5577394178092914,0.007167570353635799,1.0020187087211803
-7.985935348546651,3.558045627227531,0.007473779771875577,1.0021049510030986
-7.985935348546651,3.5583449646211722,0.007773117165516652,1.0021892578152127
-8.154444277118078,3.55857064872646,0.007998801270804545,1.0022528205636894
-8.322953205689505,3.5587767924946747,0.00820494503901914,1.0023108798783775
-8.491462134260932,3.5590078449541593,0.008435997498503767,1.0023759545957502
-8.660694277118074,3.559270678129515,0.008698830673859348,1.0024499801856124
-8.8292032056895,3.5595609971898203,0.008989149734164759,1.0025317470312864
-8.998435348546643,3.5598504574315046,0.009278609975849061,1.0026132719951852
-9.166221062832355,3.5603121329411636,0.009740285485507982,1.0027433004890431
-9.334729991403782,3.5608036568247967,0.010231809369141143,1.0028817356213966
-9.503238919975209,3.561139713879194,0.010567866423538241,1.0029763843340085
-9.503238919975209,3.561453868107493,0.010882020651837632,1.003064864230148
-9.671747848546635,3.5617390327804404,0.011167185324784779,1.0031451793695676
-9.840256777118062,3.5620201188027543,0.011448271347098693,1.0032243457783576
-10.008765705689509,3.562381513957733,0.011809666502077487,1.0033261308345416
-10.177274634260936,3.562653366204241,0.012081518748585207,1.0034026965986458
-10.345783562832363,3.562935310307359,0.01236346285170331,1.0034821046814086
-10.515015705689505,3.563274587931585,0.012702740475929453,1.003577660450677
-10.683524634260932,3.56359282228615,0.01302097483049458,1.0036672894930503
-10.852033562832359,3.5637669706338384,0.013195123178182833,1.0037163374648055
-10.852033562832359,3.5640609404110988,0.013489092955443205,1.0037991325158255
-11.024881777118079,3.5645118792123647,0.013940031756709104,1.0039261370718913
-11.194113919975221,3.564947357802822,0.014375510347166554,1.004048787340402
-11.362622848546648,3.5652559289722703,0.014684081516614711,1.0041356947972022
-11.531131777118075,3.565620330730238,0.015048483274582303,1.0042383266474009
-11.699640705689502,3.565962185548142,0.015390338092486466,1.0043346082697961
-11.868149634260929,3.5662179319942418,0.01564608453858618,1.0044066379194097
-12.04244427711808,3.5665402464750735,0.015968399019417934,1.0044974161080167
-12.210229991403791,3.566846241188659,0.016274393733003212,1.0045835979194917
-12.210229991403791,3.567231900920941,0.01666005346528543,1.0046922169670285
-12.378738919975218,3.567576547637181,0.017004700181525223,1.0047892849129954
-12.54797106283236,3.5679512566942315,0.01737940923857595,1.0048948197600986
-12.716479991403787,3.568383084567734,0.017811237112078437,1.0050164418232634
-12.884988919975214,3.568863012186536,0.01829116473088055,1.0051516109282475
-13.053497848546641,3.5693233994682636,0.01875155201260803,1.0052812765994428
-13.222006777118068,3.569679641711517,0.01910779425586151,1.0053816103649766
-13.390515705689495,3.570050270642303,0.019478423186647387,1.0054859960658467
-13.559024634260922,3.570371510862041,0.01979966340638528,1.0055764716944324
-13.559024634260922,3.5706206014638293,0.02004875400817374,1.0056466267602895
-13.74850677711808,3.5707816513519175,0.020209803896261924,1.0056919856193711
-13.74850677711808,3.5709920892132363,0.020420241757580726,1.0057512543429346
-13.74850677711808,3.57116645226558,0.020594604809924366,1.0058003627851335
-13.74850677711808,3.5712085402805336,0.02063669282487801,1.0058122166545274
-13.74850677711808,3.571161298616038,0.020589451160382577,1.005798911286681
-13.74850677711808,3.571217773318524,0.02064592586286862,1.0058148170914112
-13.74850677711808,3.5712972251082005,0.020725377652544896,1.0058371942726343
-13.74850677711808,3.571408241433458,0.02083639397780246,1.0058684614402984
-13.74850677711808,3.571449255925137,0.020877408469481384,1.0058800129574739
-13.74850677711808,3.571494135100607,0.02092228764495152,1.0058926529426364
-13.74850677711808,3.571415757572024,0.020843910116368214,1.0058705783214343
-13.74850677711808,3.571288850151014,0.020717002695358477,1.0058348355097233
-13.74850677711808,3.571252559899568,0.02068071244391234,1.005824614550113
-13.74850677711808,3.5712980839268207,0.020726236471165116,1.0058374361544091
-13.74850677711808,3.5713871981637983,0.020815350708142777,1.0058625347134038
-13.74850677711808,3.571446249322147,0.020874401866491255,1.005879166163459
-13.74850677711808,3.5714831836875587,0.02091133623190311,1.0058895685344005
-13.74850677711808,3.571475452844338,0.02090360538868241,1.0058873911828208
-13.74850677711808,3.571402658374607,0.020830810918951226,1.0058668890009588
