LSCO 2511A, x = 24%
T=35 K, B = 45 T, theta= -14 to 99
Fixed parameters:
T=0.19,T1multvalue=-0.132,T11multvalue=0.066,mumultvalue=0.81
cost,Tzmultvalue,invtau_iso,invtau_aniso
118.8924885013682,0.07942100653562356,14.04683404951196,189.85506941378708
118.89216420153406,0.07942102143678476,14.04683404951196,189.85506941378708
118.8924887813757,0.07942100653562356,14.04683406441312,189.85506941378708
118.89248854393392,0.07942100653562356,14.04683404951196,189.85506942868824
857.7392527188683,1.0894206213599147,14.04596199397746,189.85493684709255
860.3341459520974,1.0894206362610759,14.04596199397746,189.85493684709255
857.7392527165963,1.0894206213599147,14.045962008878622,189.85493684709255
857.7392527182969,1.0894206213599147,14.04596199397746,189.8549368619937
820.871536827091,0.6603642604798357,14.046332450528755,189.85499316254325
820.8715383462134,0.6603642753809968,14.046332450528755,189.85499316254325
820.8715368112503,0.6603642604798357,14.046332465429916,189.85499316254325
820.8715368250718,0.6603642604798357,14.046332450528755,189.8549931774444
623.221766262288,0.2541000065112897,14.046683227881482,189.85504648643413
623.2217897424459,0.2541000214124509,14.046683227881482,189.85504648643413
623.2217661862227,0.2541000065112897,14.046683242782644,189.85504648643413
623.2217662520147,0.2541000065112897,14.046683227881482,189.8550465013353
174.2773335497238,0.12691134778420868,14.046793045323133,189.8550631804802
174.27742987820162,0.12691136268536987,14.046793045323133,189.8550631804802
174.27733341115675,0.12691134778420868,14.046793060224294,189.8550631804802
174.27733352919995,0.12691134778420868,14.046793045323133,189.85506319538135
2.3509632742308524,0.0958819765963595,14.04681983675402,189.85506725321557
2.3509891563141543,0.09588199149752069,14.04681983675402,189.85506725321557
2.350963246848935,0.0958819765963595,14.046819851655181,189.85506725321557
2.350963270105452,0.0958819765963595,14.04681983675402,189.85506726811673
0.6416432557321592,0.09494604180678218,14.359725419918844,189.90032838881945
0.6416572518666079,0.09494605670794337,14.359725419918844,189.90032838881945
0.6416432412594684,0.09494604180678218,14.359725434820005,189.90032838881945
0.6416432535277007,0.09494604180678218,14.359725419918844,189.9003284037206
0.009668847085865375,0.09380751607505718,14.677403492295666,189.9494680557355
0.00966731772824169,0.09380753097621837,14.677403492295666,189.9494680557355
0.009668848604834591,0.09380751607505718,14.677403507196827,189.9494680557355
0.009668847322166586,0.09380751607505718,14.677403492295666,189.94946807063667
0.0027256992685620223,0.09392257116717996,14.650014832343517,189.94492401015668
0.002725774240757292,0.09392258606834115,14.650014832343517,189.94492401015668
0.0027256991730620667,0.09392257116717996,14.650014847244679,189.94492401015668
0.002725699255906629,0.09392257116717996,14.650014832343517,189.94492402505784
0.0027052351394545085,0.09391824987672849,14.652675118986856,189.94521052364578
0.0027052317101187357,0.09391826477788968,14.652675118986856,189.94521052364578
0.0027052351230722614,0.09391824987672849,14.652675133888017,189.94521052364578
0.0027052351389821793,0.09391824987672849,14.652675118986856,189.94521053854695
0.002703364964058193,0.09391940603476122,14.654173758975677,189.9452904086489
0.002703357452974128,0.09391942093592241,14.654173758975677,189.9452904086489
0.0027033649518343806,0.09391940603476122,14.654173773876838,189.9452904086489
0.0027033649642204285,0.09391940603476122,14.654173758975677,189.94529042355006
0.0026969326237951336,0.09392403066689212,14.660168318930959,189.9456099486613
0.0026969087941841243,0.09392404556805331,14.660168318930959,189.9456099486613
0.0026969326281926055,0.09392403066689212,14.66016833383212,189.9456099486613
0.00269693262649416,0.09392403066689212,14.660168318930959,189.94560996356248
0.002681166877128431,0.09393728864729421,14.67473359220108,189.94634115457612
0.002681126022803514,0.0939373035484554,14.67473359220108,189.94634115457612
0.002681166899093563,0.09393728864729421,14.674733607102242,189.94634115457612
0.002681166882475326,0.09393728864729421,14.67473359220108,189.94634116947728
0.0026509580050701606,0.0939642700374281,14.702974651706056,189.94773139265257
0.002650898583670031,0.0939642849385893,14.702974651706056,189.94773139265257
0.0026509580465087683,0.0939642700374281,14.702974666607217,189.94773139265257
0.0026509580133080883,0.0939642700374281,14.702974651706056,189.94773140755373
0.0025938443325813857,0.0940188786264989,14.758796957296616,189.9504532794832
0.00259376322704689,0.09401889352766009,14.758796957296616,189.9504532794832
0.0025938443972891093,0.0940188786264989,14.758796972197777,189.9504532794832
0.002593844344201336,0.0940188786264989,14.758796957296616,189.95045329438437
0.0024899614962936543,0.09413087778879312,14.871627942100652,189.95592442742696
0.0024898576833193107,0.09413089268995431,14.871627942100652,189.95592442742696
0.002489961586492638,0.09413087778879312,14.871627957001813,189.95592442742696
0.0024899615114696728,0.09413087778879312,14.871627942100652,189.95592444232813
0.0023193911671333537,0.09436885629931781,15.10892907323515,189.96739165606755
0.002319279411250828,0.094368871200479,15.10892907323515,189.96739165606755
0.0023193912701555256,0.09436885629931781,15.10892908813631,189.96739165606755
0.0023193911835990948,0.09436885629931781,15.10892907323515,189.9673916709687
0.0021722111736048612,0.09477657900930613,15.512323834874861,189.9868541263223
0.00217215889901254,0.09477659391046732,15.512323834874861,189.9868541263223
0.0021722112244777617,0.09477657900930613,15.512323849776022,189.9868541263223
0.0021722111808722454,0.09477657900930613,15.512323834874861,189.98685414122346
0.0021650098897260626,0.09485623018156106,15.590038410583698,189.99063310199253
0.002164986289552537,0.09485624508272225,15.590038410583698,189.99063310199253
0.002165009913550942,0.09485623018156106,15.59003842548486,189.99063310199253
0.002165009892528125,0.09485623018156106,15.590038410583698,189.9906331168937
0.002163855086318611,0.0948528855362083,15.585865215232774,189.99048053955514
0.002163839978865799,0.09485290043736949,15.585865215232774,189.99048053955514
0.0021638551017363113,0.0948528855362083,15.585865230133935,189.99048053955514
0.002163855087794227,0.0948528855362083,15.585865215232774,189.9904805544563
0.0021627012089507694,0.09482652398617848,15.5578937215454,189.98928799251962
0.002162700494807146,0.09482653888733968,15.5578937215454,189.98928799251962
0.0021627012097895706,0.09482652398617848,15.55789373644656,189.98928799251962
0.0021627012081764903,0.09482652398617848,15.5578937215454,189.98928800742078
0.0021627074041177083,0.09482086514864596,15.552083599201158,189.98908467790537
0.002162707637985802,0.09482088004980715,15.552083599201158,189.98908467790537
0.0021627074039324043,0.09482086514864596,15.552083614102319,189.98908467790537
0.002162707403194867,0.09482086514864596,15.552083599201158,189.98908469280653
0.002162698881428915,0.09482509731598983,15.556428910390574,189.98923673413
0.0021626984053646683,0.09482511221715102,15.556428910390574,189.98923673413
0.002162698882010532,0.09482509731598983,15.556428925291735,189.98923673413
0.0021626988806173987,0.09482509731598983,15.556428910390574,189.98923674903116
0.0021626982471747,0.09482440510593651,15.555719320552935,189.98922057425742
0.002162697859961654,0.0948244200070977,15.555719320552935,189.98922057425742
0.0021626982476576993,0.09482440510593651,15.555719335454096,189.98922057425742
0.002162698246349243,0.09482440510593651,15.555719320552935,189.98922058915858
0.002162698008916961,0.09482421772309295,15.555526858503507,189.98921898648823
0.002162697645053669,0.09482423262425414,15.555526858503507,189.98921898648823
0.002162698009373972,0.09482421772309295,15.555526873404668,189.98921898648823
0.0021626980080878193,0.09482421772309295,15.555526858503507,189.9892190013894
0.0021626974814647195,0.09482346819171872,15.554757010305792,189.98921263541146
0.0021626972111089197,0.09482348309287991,15.554757010305792,189.98921263541146
0.0021626974818176217,0.09482346819171872,15.554757025206953,189.98921263541146
0.0021626974806209535,0.09482346819171872,15.554757010305792,189.98921265031262
0.0021626972103344386,0.09482324005018238,15.554522059475572,189.9892147839513
0.0021626969682331174,0.09482325495134357,15.554522059475572,189.9892147839513
0.0021626972106558845,0.09482324005018238,15.554522074376733,189.9892147839513
0.0021626972094862295,0.09482324005018238,15.554522059475572,189.98921479885246
0.0021626967596101946,0.09482232748403699,15.553582256154685,189.98922337811064
0.0021626966306852696,0.09482234238519818,15.553582256154685,189.98922337811064
0.002162696759805477,0.09482232748403699,15.553582271055847,189.98922337811064
0.0021626967587441417,0.09482232748403699,15.553582256154685,189.9892233930118
0.0021626965068509136,0.09482211170139693,15.553359256409399,189.98923030593585
0.002162696404721693,0.09482212660255812,15.553359256409399,189.98923030593585
0.0021626965070162983,0.09482211170139693,15.55335927131056,189.98923030593585
0.00216269650598067,0.09482211170139693,15.553359256409399,189.989230320837
0.002162696067105071,0.0948212485708367,15.552467257428255,189.98925801723675
0.002162696072302266,0.09482126347199789,15.552467257428255,189.98925801723675
0.00216269606715096,0.0948212485708367,15.552467272329416,189.98925801723675
0.002162696066218185,0.0948212485708367,15.552467257428255,189.9892580321379
0.002162695763573349,0.09482105239903023,15.55226366282275,189.9892698364919
0.0021626957930390195,0.09482106730019142,15.55226366282275,189.9892698364919
0.00216269576359193,0.09482105239903023,15.55226367772391,189.9892698364919
0.0021626957626824164,0.09482105239903023,15.55226366282275,189.98926985139306
0.0021626950253282587,0.09482026771180435,15.551449284400727,189.98931711351253
0.0021626951519899506,0.09482028261296555,15.551449284400727,189.98931711351253
0.002162695025238493,0.09482026771180435,15.551449299301888,189.98931711351253
0.0021626950244221484,0.09482026771180435,15.551449284400727,189.9893171284137
0.0021626943981799527,0.09482000490957111,15.551175021160297,189.98934215499546
0.0021626945580341637,0.0948200198107323,15.551175021160297,189.98934215499546
0.0021626943980531587,0.09482000490957111,15.551175036061458,189.98934215499546
0.002162694397268642,0.09482000490957111,15.551175021160297,189.98934216989662
0.002162692755746839,0.09481895370063816,15.550077968198575,189.9894423209272
0.002162693048592939,0.09481896860179935,15.550077968198575,189.9894423209272
0.0021626927554720373,0.09481895370063816,15.550077983099737,189.9894423209272
0.002162692754814727,0.09481895370063816,15.550077968198575,189.98944233582836
0.002162691126835716,0.09481844306544536,15.549541561152983,189.98951332454544
0.002162691483942671,0.09481845796660655,15.549541561152983,189.98951332454544
0.0021626911264890883,0.09481844306544536,15.549541576054144,189.98951332454544
0.0021626911258933487,0.09481844306544536,15.549541561152983,189.9895133394466
0.0021626879234143137,0.09481640052467415,15.547395932970613,189.98979733901837
0.0021626885384067257,0.09481641542583534,15.547395932970613,189.98979733901837
0.00216268792277998,0.09481640052467415,15.547395947871774,189.98979733901837
0.0021626879224315673,0.09481640052467415,15.547395932970613,189.98979735391953
0.0021626841600250954,0.09481541645759801,15.54635090619372,189.9900040625654
0.0021626849019309,0.09481543135875921,15.54635090619372,189.9900040625654
0.002162684159249342,0.09481541645759801,15.54635092109488,189.9900040625654
0.0021626841590223892,0.09481541645759801,15.54635090619372,189.99000407746655
0.0021626798339084586,0.09481485462704968,15.545746835570277,189.99016868100867
0.002162680648880862,0.09481486952821087,15.545746835570277,189.99016868100867
0.002162679833051138,0.09481485462704968,15.545746850471438,189.99016868100867
0.002162679832894282,0.09481485462704968,15.545746835570277,189.99016869590983
0.0021626667434981373,0.09481260730485634,15.543330553076508,189.99082715478178
0.002162667851813818,0.09481262220601754,15.543330553076508,189.99082715478178
0.0021626667423139566,0.09481260730485634,15.54333056797767,189.99082715478178
0.0021626667424380496,0.09481260730485634,15.543330553076508,189.99082716968294
0.002162646126696565,0.09481050068709306,15.541025643068117,189.9916939472826
0.002162647514996099,0.09481051558825425,15.541025643068117,189.9916939472826
0.0021626461252002723,0.09481050068709306,15.541025657969278,189.9916939472826
0.002162646125592609,0.09481050068709306,15.541025643068117,189.99169396218377
0.002162617089241089,0.09480864578317617,15.538951805881883,189.99273427687723
0.002162618729400549,0.09480866068433737,15.538951805881883,189.99273427687723
0.0021626170874640646,0.09480864578317617,15.538951820783044,189.99273427687723
0.002162617088097705,0.09480864578317617,15.538951805881883,189.9927342917784
0.0021625720178888035,0.09480669052235174,15.536710321794388,189.99417759735687
0.00216257392974873,0.09480670542351294,15.536710321794388,189.99417759735687
0.002162572015808526,0.09480669052235174,15.536710336695549,189.99417759735687
0.002162572016702659,0.09480669052235174,15.536710321794388,189.99417761225803
0.002162450126669416,0.09479886947905405,15.527744385444404,189.99995087927547
0.0021624531405997622,0.09479888438021525,15.527744385444404,189.99995087927547
0.002162450123360728,0.09479886947905405,15.527744400345565,189.99995087927547
0.002162450125310367,0.09479886947905405,15.527744385444404,189.99995089417664
0.002162236315412339,0.0947896309492001,15.516583092763032,190.01033356503066
0.00216224072246039,0.09478964585036129,15.516583092763032,190.01033356503066
0.0021622363105520616,0.0947896309492001,15.516583107664193,190.01033356503066
0.0021622363138350193,0.0947896309492001,15.516583092763032,190.01033357993182
0.0021618902171749678,0.09478282469252262,15.507494068747224,190.02340350233854
0.002161895753091345,0.09478283959368382,15.507494068747224,190.02340350233854
0.0021618902110553785,0.09478282469252262,15.507494083648385,190.02340350233854
0.0021618902154207876,0.09478282469252262,15.507494068747224,190.0234035172397
0.0021612731068360877,0.09477690383553662,15.498331735734101,190.04262046927983
0.0021612797822548723,0.09477691873669782,15.498331735734101,190.04262046927983
0.0021612730994448734,0.09477690383553662,15.498331750635263,190.04262046927983
0.002161273104903906,0.09477690383553662,15.498331735734101,190.042620484181
0.002160132233517177,0.0947710352227651,15.48717409820229,190.07464037343044
0.00216014030574688,0.0947710501239263,15.48717409820229,190.07464037343044
0.002160132224566634,0.0947710352227651,15.487174113103451,190.07464037343044
0.0021601322313664815,0.0947710352227651,15.48717409820229,190.0746403883316
0.0021579994480620556,0.09476510891944624,15.471936750875985,190.13177758159534
0.002158009469239374,0.09476512382060744,15.471936750875985,190.13177758159534
0.002157999436939056,0.09476510891944624,15.471936765777146,190.13177758159534
0.0021579994456072168,0.09476510891944624,15.471936750875985,190.1317775964965
0.002154023256010101,0.09475993688803698,15.449663302979614,190.2377378114565
0.002154036225778268,0.09475995178919817,15.449663302979614,190.2377378114565
0.0021540232416070782,0.09475993688803698,15.449663317880775,190.2377378114565
0.0021540232530955464,0.09475993688803698,15.449663302979614,190.23773782635766
0.0021467322512751397,0.09475830790818689,15.41584395605845,190.4386803886969
0.00214674999557928,0.09475832280934808,15.41584395605845,190.4386803886969
0.0021467322315836786,0.09475830790818689,15.415843970959612,190.4386803886969
0.0021467322476188214,0.09475830790818689,15.41584395605845,190.43868040359806
0.0021337958617866533,0.09476771639598762,15.363932008866064,190.823939768492
0.002133821789898513,0.09476773129714881,15.363932008866064,190.823939768492
0.0021337958330923347,0.09476771639598762,15.363932023767225,190.823939768492
0.002133795856862527,0.09476771639598762,15.363932008866064,190.82393978339317
0.0021121586569733037,0.09480622637753121,15.286483770503544,191.5571064619155
0.0021121992510349137,0.0948062412786924,15.286483770503544,191.5571064619155
0.0021121586123118187,0.09480622637753121,15.286483785404705,191.5571064619155
0.002112158649789503,0.09480622637753121,15.286483770503544,191.55710647681667
0.0020783140904561256,0.09491079170476595,15.185191918093851,192.86837098702858
0.0020783796619197464,0.09491080660592714,15.185191918093851,192.86837098702858
0.002078314018931944,0.09491079170476595,15.185191932995012,192.86837098702858
0.002078314079456561,0.09491079170476595,15.185191918093851,192.86837100192975
0.002023243698642665,0.09512120469363584,15.095098309282932,194.8011468117911
0.0020233399555062747,0.09512121959479704,15.095098309282932,194.8011468117911
0.0020232435945226218,0.09512120469363584,15.095098324184093,194.8011468117911
0.0020232436830244322,0.09512120469363584,15.095098309282932,194.80114682669227
0.001928284807041208,0.09546361185367339,15.047503987854434,197.33486495742147
0.0019284124477906173,0.09546362675483458,15.047503987854434,197.33486495742147
0.001928284670380947,0.09546361185367339,15.047504002755595,197.33486495742147
0.0019282847868033776,0.09546361185367339,15.047503987854434,197.33486497232263
0.0017667502901902994,0.09599891092028277,15.064099445038966,200.740187018912
0.0017669099227141049,0.09599892582144397,15.064099445038966,200.740187018912
0.0017667501218316772,0.09599891092028277,15.064099459940127,200.740187018912
0.001766750265390985,0.09599891092028277,15.064099445038966,200.74018703381316
0.0015094339604187301,0.09679976199116845,15.195639552588615,205.19830266840543
0.001509605791124587,0.09679977689232964,15.195639552588615,205.19830266840543
0.0015094337829881397,0.09679976199116845,15.195639567489776,205.19830266840543
0.001509433934191961,0.09679976199116845,15.195639552588615,205.1983026833066
0.00119561124638325,0.097804084710292,15.487905332726228,210.0664640167088
0.0011956944086818494,0.0978040996114532,15.487905332726228,210.0664640167088
0.0011956111639894146,0.097804084710292,15.48790534762739,210.0664640167088
0.0011956112336012842,0.097804084710292,15.487905332726228,210.06646403160997
0.001089444950887591,0.0987006646933117,15.617046198847728,215.2736041008526
0.0010896067938611401,0.09870067959447289,15.617046198847728,215.2736041008526
0.00108944479185046,0.0987006646933117,15.617046213748889,215.2736041008526
0.0010894449269656307,0.0987006646933117,15.617046198847728,215.27360411575376
0.0009451973897453489,0.09923951741247329,15.73278071614873,218.2833525477234
0.0009452473066421731,0.09923953231363448,15.73278071614873,218.2833525477234
0.0009451973446217942,0.09923951741247329,15.73278073104989,218.2833525477234
0.0009451973821345684,0.09923951741247329,15.73278071614873,218.28335256262457
0.0008448596795151329,0.10010789300393691,15.767313935511277,224.07637938657754
0.0008449880274888784,0.1001079079050981,15.767313935511277,224.07637938657754
0.0008448595561311907,0.10010789300393691,15.767313950412438,224.07637938657754
0.0008448596609985282,0.10010789300393691,15.767313935511277,224.0763794014787
0.0006843650612845217,0.10051303231567704,15.641943380989094,227.88310982643492
0.0006844560494129654,0.10051304721683824,15.641943380989094,227.88310982643492
0.0006843649736040556,0.10051303231567704,15.641943395890255,227.88310982643492
0.0006843650482373887,0.10051303231567704,15.641943380989094,227.88310984133608
0.0005361909401984398,0.10073422720779693,15.394722609483509,231.3390101989179
0.0005362017348557848,0.10073424210895812,15.394722609483509,231.3390101989179
0.0005361909302467146,0.10073422720779693,15.39472262438467,231.3390101989179
0.0005361909384001878,0.10073422720779693,15.394722609483509,231.33901021381905
0.0016194403153688367,0.1021949257124989,15.0341896302531,244.3650918079829
0.001620034490070511,0.10219494061366009,15.0341896302531,244.3650918079829
0.0016194396913897422,0.1021949257124989,15.034189645154262,244.3650918079829
0.0016194402358178195,0.1021949257124989,15.0341896302531,244.36509182288407
0.0005015761713684549,0.10099748499952593,15.3297447131879,233.68666611028195
0.0005016440576161442,0.10099749990068713,15.3297447131879,233.68666611028195
0.000501576102005085,0.10099748499952593,15.32974472808906,233.68666611028195
0.0005015761617537168,0.10099748499952593,15.3297447131879,233.6866661251831
0.00045182722255555197,0.1013739707349758,15.2282151039962,237.18572720804121
0.00045191569609795467,0.10137398563613699,15.2282151039962,237.18572720804121
0.00045182713014756603,0.1013739707349758,15.228215118897362,237.18572720804121
0.00045182721025956667,0.1013739707349758,15.2282151039962,237.18572722294238
0.00038613718705096255,0.10174376885822464,15.184004696998858,240.28082582602022
0.00038618625585886286,0.10174378375938584,15.184004696998858,240.28082582602022
0.00038613713453794496,0.10174376885822464,15.18400471190002,240.28082582602022
0.00038613718020412614,0.10174376885822464,15.184004696998858,240.28082584092138
0.00032425036729290046,0.10246100972137186,15.203673279690939,245.45639871517255
0.00032432397783957304,0.10246102462253305,15.203673279690939,245.45639871517255
0.0003242502898301802,0.10246100972137186,15.2036732945921,245.45639871517255
0.000324250357315612,0.10246100972137186,15.203673279690939,245.45639873007372
0.0002615777884061792,0.10315845056504647,15.32000813933577,249.8854780056603
0.00026155459672545155,0.10315846546620766,15.32000813933577,249.8854780056603
0.00026157781361878083,0.10315845056504647,15.32000815423693,249.8854780056603
0.0002615777913467833,0.10315845056504647,15.32000813933577,249.88547802056146
0.00036689811229421656,0.10438821045463592,15.357251957951053,258.8216900952124
0.00036710069415945114,0.10438822535579712,15.357251957951053,258.8216900952124
0.0003668979028528146,0.10438821045463592,15.357251972852215,258.8216900952124
0.0003668980861078391,0.10438821045463592,15.357251957951053,258.82169011011354
0.0002415812862409228,0.10353719193225415,15.331478488061403,252.63765199759683
0.00024160461834500397,0.10353720683341534,15.331478488061403,252.63765199759683
0.00024158126343953138,0.10353719193225415,15.331478502962565,252.63765199759683
0.00024158128309303197,0.10353719193225415,15.331478488061403,252.637652012498
0.00023084069748517073,0.10385889301008296,15.306311716954365,255.2798252987244
0.00023089059878326113,0.10385890791124415,15.306311716954365,255.2798252987244
0.00023084064667370594,0.10385889301008296,15.306311731855526,255.2798252987244
0.00023084069092210748,0.10385889301008296,15.306311716954365,255.27982531362557
0.00021698853520443263,0.10395187484386421,15.251350698138934,256.4514282144909
0.00021702182755485496,0.10395188974502541,15.251350698138934,256.4514282144909
0.00021698850085015756,0.10395187484386421,15.251350713040095,256.4514282144909
0.00021698853082386386,0.10395187484386421,15.251350698138934,256.45142822939204
0.00020519028594450148,0.10415006855822032,15.19932465579923,258.4200695664623
0.00020520519193815954,0.10415008345938151,15.19932465579923,258.4200695664623
0.00020519027005139488,0.10415006855822032,15.199324670700392,258.4200695664623
0.0002051902839728819,0.10415006855822032,15.19932465579923,258.42006958136346
0.00019912404807728538,0.10442192000966972,15.182347187703794,260.6667188060659
0.00019914359660579123,0.10442193491083092,15.182347187703794,260.6667188060659
0.00019912402712684142,0.10442192000966972,15.182347202604955,260.6667188060659
0.00019912404553863576,0.10442192000966972,15.182347187703794,260.66671882096705
0.0001944770826533806,0.10466297119941244,15.187530098357431,262.5350552826664
0.0001944638756350905,0.10466298610057363,15.187530098357431,262.5350552826664
0.0001944770963530814,0.10466297119941244,15.187530113258592,262.5350552826664
0.00019447708432756352,0.10466297119941244,15.187530098357431,262.53505529756757
0.00019269322411103265,0.10495442591610349,15.188267313025847,264.7914564100485
0.00019270761098048056,0.10495444081726468,15.188267313025847,264.7914564100485
0.00019269320888602287,0.10495442591610349,15.188267327927008,264.7914564100485
0.00019269322228763876,0.10495442591610349,15.188267313025847,264.7914564249497
0.0001925639781100218,0.10480184846560384,15.187881378854478,263.6102234033257
0.0001925622659483782,0.10480186336676503,15.187881378854478,263.6102234033257
0.00019256397978213957,0.10480184846560384,15.187881393755639,263.6102234033257
0.00019256397832374545,0.10480184846560384,15.187881378854478,263.61022341822684
0.00019213863200360603,0.10487713800259264,15.191651546762582,264.16668694245794
0.00019214078440423768,0.10487715290375384,15.191651546762582,264.16668694245794
0.00019213862969825232,0.10487713800259264,15.191651561663743,264.16668694245794
0.00019213863172995685,0.10487713800259264,15.191651546762582,264.1666869573591
0.00019217063940714233,0.10486544990074625,15.193354791932919,264.0623353643642
0.00019217104201849387,0.10486546480190745,15.193354791932919,264.0623353643642
0.00019217063896732902,0.10486544990074625,15.19335480683408,264.0623353643642
0.0001921706393554995,0.10486544990074625,15.193354791932919,264.06233537926533
0.00019214072393624002,0.10487578668837634,15.191848466625428,264.15462238545587
0.00019214267242640695,0.10487580158953753,15.191848466625428,264.15462238545587
0.0001921407218483202,0.10487578668837634,15.19184848152659,264.15462238545587
0.00019214072368846792,0.10487578668837634,15.191848466625428,264.154622400357
0.000192138878749079,0.10487696310484693,15.191677033684634,264.1651254523195
0.0001921410047344861,0.10487697800600812,15.191677033684634,264.1651254523195
0.00019213887647193782,0.10487696310484693,15.191677048585795,264.1651254523195
0.0001921388784788112,0.10487696310484693,15.191677033684634,264.16512546722066
0.00019213866395324976,0.10487711506726634,15.191654889006196,264.16648217546276
0.00019214081288974224,0.10487712996842753,15.191654889006196,264.16648217546276
0.00019213866165160407,0.10487711506726634,15.191654903907358,264.16648217546276
0.00019213866368001888,0.10487711506726634,15.191654889006196,264.1664821903639
0.00019213863620457525,0.10487713498183167,15.191651986962077,264.1666599730511
0.00019214078814900736,0.10487714988299286,15.191651986962077,264.1666599730511
0.00019213863389974764,0.10487713498183167,15.191652001863238,264.1666599730511
0.00019213863593098285,0.10487713498183167,15.191651986962077,264.16665998795224
0.00019213863255605887,0.1048771376050221,15.191651604698432,264.16668339294114
0.00019214078489708026,0.10487715250618329,15.191651604698432,264.16668339294114
0.0001921386302507861,0.1048771376050221,15.191651619599593,264.16668339294114
0.00019213863228246598,0.1048771376050221,15.191651604698432,264.1666834078423
0.00019213863207582246,0.1048771379503831,15.191651554370802,264.16668647633026
0.00019214078446898612,0.1048771528515443,15.191651554370802,264.16668647633026
0.0001921386297704975,0.1048771379503831,15.191651569271963,264.16668647633026
0.00019213863180219773,0.1048771379503831,15.191651554370802,264.1666864912314
0.0001921386320128262,0.10487713799571628,15.191651547764637,264.16668688106563
0.00019214078441286386,0.10487715289687748,15.191651547764637,264.16668688106563
0.00019213862970750005,0.10487713799571628,15.191651562665799,264.16668688106563
0.0001921386317391947,0.10487713799571628,15.191651547764637,264.1666868959668
0.00019213863200459393,0.10487713800167636,15.191651546896107,264.1666869342773
0.0001921407844056304,0.10487715290283756,15.191651546896107,264.1666869342773
0.00019213862969925596,0.10487713800167636,15.191651561797268,264.1666869342773
0.00019213863173091325,0.10487713800167636,15.191651546896107,264.1666869491785
0.00019213863200356012,0.10487713800246086,15.191651546781786,264.1666869412814
0.00019214078440429243,0.10487715290362205,15.191651546781786,264.1666869412814
0.00019213862969823215,0.10487713800246086,15.191651561682948,264.1666869412814
0.00019213863172992614,0.10487713800246086,15.191651546781786,264.16668695618256
0.00019213863200382827,0.10487713800235522,15.19165154679718,264.16668694033825
0.00019214078440467412,0.10487715290351642,15.19165154679718,264.16668694033825
0.0001921386296984851,0.10487713800235522,15.191651561698341,264.16668694033825
0.00019213863173015268,0.10487713800235522,15.19165154679718,264.1666869552394
0.00019213863200354245,0.10487713800245016,15.191651546783344,264.1666869411859
0.00019214078440461829,0.10487715290361135,15.191651546783344,264.1666869411859
0.00019213862969820038,0.10487713800245016,15.191651561684505,264.1666869411859
0.000192138631729873,0.10487713800245016,15.191651546783344,264.16668695608706
0.00019213863200376357,0.1048771380023875,15.191651546792476,264.16668694062645
0.00019214078440463748,0.1048771529035487,15.191651546792476,264.16668694062645
0.0001921386296984063,0.1048771380023875,15.191651561693638,264.16668694062645
0.00019213863173009628,0.1048771380023875,15.191651546792476,264.1666869555276
0.00019213863200358907,0.10487713800244491,15.191651546784112,264.16668694113895
0.00019214078440446213,0.10487715290360611,15.191651546784112,264.16668694113895
0.0001921386296982462,0.10487713800244491,15.191651561685273,264.16668694113895
0.00019213863172994378,0.10487713800244491,15.191651546784112,264.1666869560401
0.00019213863200352103,0.10487713800244994,15.191651546783378,264.16668694118385
0.00019214078440457725,0.10487715290361113,15.191651546783378,264.16668694118385
0.00019213862969816116,0.10487713800244994,15.19165156168454,264.16668694118385
0.00019213863172985653,0.10487713800244994,15.191651546783378,264.166686956085
0.0001921386320036235,0.10487713800244977,15.191651546783401,264.16668694118243
0.00019214078440450688,0.10487715290361097,15.191651546783401,264.16668694118243
0.00019213862969827292,0.10487713800244977,15.191651561684562,264.16668694118243
0.00019213863172997634,0.10487713800244977,15.191651546783401,264.1666869560836
0.00019213863200352103,0.10487713800244994,15.191651546783378,264.16668694118385
0.00019214078440457725,0.10487715290361113,15.191651546783378,264.16668694118385
0.00019213862969816116,0.10487713800244994,15.19165156168454,264.16668694118385
0.00019213863172985653,0.10487713800244994,15.191651546783378,264.166686956085
0.00019213863200361682,0.10487713800244985,15.19165154678339,264.1666869411831
0.0001921407844045083,0.10487715290361105,15.19165154678339,264.1666869411831
0.00019213862969828533,0.10487713800244985,15.191651561684552,264.1666869411831
0.0001921386317299946,0.10487713800244985,15.19165154678339,264.1666869560843
0.00019213863200352103,0.10487713800244994,15.191651546783378,264.16668694118385
0.00019214078440457725,0.10487715290361113,15.191651546783378,264.16668694118385
0.00019213862969816116,0.10487713800244994,15.19165156168454,264.16668694118385
0.00019213863172985653,0.10487713800244994,15.191651546783378,264.166686956085
0.00019213863200352022,0.1048771380024499,15.191651546783385,264.16668694118346
0.00019214078440454903,0.10487715290361109,15.191651546783385,264.16668694118346
0.00019213862969812858,0.1048771380024499,15.191651561684546,264.16668694118346
0.00019213863172985198,0.1048771380024499,15.191651546783385,264.1666869560846
0.00019213863200352163,0.10487713800244987,15.191651546783387,264.1666869411833
0.0001921407844045624,0.10487715290361106,15.191651546783387,264.1666869411833
0.00019213862969814878,0.10487713800244987,15.191651561684548,264.1666869411833
0.00019213863172986575,0.10487713800244987,15.191651546783387,264.16668695608445
0.00019213863200352022,0.1048771380024499,15.191651546783385,264.16668694118346
0.00019214078440454903,0.10487715290361109,15.191651546783385,264.16668694118346
0.00019213862969812858,0.1048771380024499,15.191651561684546,264.16668694118346
0.00019213863172985198,0.1048771380024499,15.191651546783385,264.1666869560846
0.00019213863200351003,0.10487713800244988,15.191651546783385,264.1666869411834
0.00019214078440456394,0.10487715290361108,15.191651546783385,264.1666869411834
0.00019213862969814647,0.10487713800244988,15.191651561684546,264.1666869411834
0.00019213863172988114,0.10487713800244988,15.191651546783385,264.16668695608456
0.0001921386320035011,0.10487713800244988,15.191651546783387,264.16668694118334
0.00019214078440453356,0.10487715290361108,15.191651546783387,264.16668694118334
0.00019213862969816162,0.10487713800244988,15.191651561684548,264.16668694118334
0.00019213863172988773,0.10487713800244988,15.191651546783387,264.1666869560845
0.00019213863200352163,0.10487713800244987,15.191651546783387,264.1666869411833
0.0001921407844045624,0.10487715290361106,15.191651546783387,264.1666869411833
0.00019213862969814878,0.10487713800244987,15.191651561684548,264.1666869411833
0.00019213863172986575,0.10487713800244987,15.191651546783387,264.16668695608445
0.0001921386320035011,0.10487713800244988,15.191651546783387,264.16668694118334
0.00019214078440453356,0.10487715290361108,15.191651546783387,264.16668694118334
0.00019213862969816162,0.10487713800244988,15.191651561684548,264.16668694118334
0.00019213863172988773,0.10487713800244988,15.191651546783387,264.1666869560845
0.00019213863200352163,0.10487713800244988,15.191651546783387,264.1666869411833
0.0001921407844045624,0.10487715290361108,15.191651546783387,264.1666869411833
0.00019213862969814878,0.10487713800244988,15.191651561684548,264.1666869411833
0.00019213863172986575,0.10487713800244988,15.191651546783387,264.16668695608445
0.0001921386320035011,0.10487713800244988,15.191651546783387,264.16668694118334
0.00019214078440453356,0.10487715290361108,15.191651546783387,264.16668694118334
0.00019213862969816162,0.10487713800244988,15.191651561684548,264.16668694118334
0.00019213863172988773,0.10487713800244988,15.191651546783387,264.1666869560845
0.00019213863200352163,0.10487713800244988,15.191651546783387,264.1666869411833
0.0001921407844045624,0.10487715290361108,15.191651546783387,264.1666869411833
0.00019213862969814878,0.10487713800244988,15.191651561684548,264.1666869411833
0.00019213863172986575,0.10487713800244988,15.191651546783387,264.16668695608445
0.0001921386320035011,0.10487713800244988,15.191651546783387,264.16668694118334
0.00019214078440453356,0.10487715290361108,15.191651546783387,264.16668694118334
0.00019213862969816162,0.10487713800244988,15.191651561684548,264.16668694118334
0.00019213863172988773,0.10487713800244988,15.191651546783387,264.1666869560845
0.00019213863200352163,0.10487713800244988,15.191651546783387,264.1666869411833
0.0001921407844045624,0.10487715290361108,15.191651546783387,264.1666869411833
0.00019213862969814878,0.10487713800244988,15.191651561684548,264.1666869411833
0.00019213863172986575,0.10487713800244988,15.191651546783387,264.16668695608445
0.0001921386320035011,0.10487713800244988,15.191651546783387,264.16668694118334
0.00019214078440453356,0.10487715290361108,15.191651546783387,264.16668694118334
0.00019213862969816162,0.10487713800244988,15.191651561684548,264.16668694118334
0.00019213863172988773,0.10487713800244988,15.191651546783387,264.1666869560845
0.00019213863200352163,0.10487713800244988,15.191651546783387,264.1666869411833
0.0001921407844045624,0.10487715290361108,15.191651546783387,264.1666869411833
0.00019213862969814878,0.10487713800244988,15.191651561684548,264.1666869411833
0.00019213863172986575,0.10487713800244988,15.191651546783387,264.16668695608445
0.0001921386320035011,0.10487713800244988,15.191651546783387,264.16668694118334
0.00019214078440453356,0.10487715290361108,15.191651546783387,264.16668694118334
0.00019213862969816162,0.10487713800244988,15.191651561684548,264.16668694118334
0.00019213863172988773,0.10487713800244988,15.191651546783387,264.1666869560845
0.00019213863200352163,0.10487713800244988,15.191651546783387,264.1666869411833
0.0001921407844045624,0.10487715290361108,15.191651546783387,264.1666869411833
0.00019213862969814878,0.10487713800244988,15.191651561684548,264.1666869411833
0.00019213863172986575,0.10487713800244988,15.191651546783387,264.16668695608445
0.0001921386320035011,0.10487713800244988,15.191651546783387,264.16668694118334
0.00019214078440453356,0.10487715290361108,15.191651546783387,264.16668694118334
0.00019213862969816162,0.10487713800244988,15.191651561684548,264.16668694118334
0.00019213863172988773,0.10487713800244988,15.191651546783387,264.1666869560845
0.00019217063940714233,0.10486544990074625,15.193354791932919,264.0623353643642
0.00019214400117712241,0.10487406660781855,15.19209912485387,264.13926547609515
0.0001921399031653787,0.10487628486610422,15.191775869823987,264.15907012493983
0.00019213898409086382,0.10487688993970704,15.191687695652917,264.1644722326684
0.00019213873373765804,0.10487706527595873,15.19166214482971,264.166037637796
0.0001921386617956657,0.10487711661324425,15.191654663719024,264.16649597798073
0.00019213864076147639,0.10487713170674606,15.191652464222955,264.16663073302936
0.00019213863458112924,0.1048771361489538,15.191651816883551,264.1666703931379
0.00019213863276219234,0.10487713745679857,15.191651626298263,264.16668206959883
0.00019213863222671798,0.10487713784186178,15.191651570185037,264.16668550745004
0.00019213863206918395,0.10487713795523809,15.191651553663311,264.16668651967564
0.0001921386320226269,0.10487713798863003,15.19165154879728,264.1666868177995
26.88560906447175,0.09689100455113071,15.57734556594731,264.4423610157768
26.885501391879338,0.09689101945229191,15.57734556594731,264.4423610157768
26.885609166996744,0.09689100455113071,15.57734558084847,264.4423610157768
26.88560907707169,0.09689100455113071,15.57734556594731,264.44236103067794
867.2967845262317,1.106890539767788,15.576383852358957,264.4422428247839
867.481768611847,1.1068905546689491,15.576383852358957,264.4422428247839
867.2967845261721,1.106890539767788,15.576383867260118,264.4422428247839
867.2967845261971,1.106890539767788,15.576383852358957,264.44224283968504
809.934993183218,0.6599116298345005,15.57680946215025,264.4422951306309
809.9349951082095,0.6599116447356617,15.57680946215025,264.4422951306309
809.9349931656188,0.6599116298345005,15.57680947705141,264.4422951306309
809.9349931814081,0.6599116298345005,15.57680946215025,264.44229514553206
523.3665423069265,0.23338653878305393,15.577215595976588,264.44234504295486
523.3665772151653,0.23338655368421513,15.577215595976588,264.44234504295486
523.3665422162372,0.23338653878305393,15.577215610877749,264.44234504295486
523.366542296802,0.23338653878305393,15.577215595976588,264.442345057856
52.847599459050954,0.12195986596599895,15.577321695575268,264.4423580821976
52.847675235555386,0.12195988086716014,15.577321695575268,264.4423580821976
52.847599366210574,0.12195986596599895,15.57732171047643,264.4423580821976
52.847599447806445,0.12195986596599895,15.577321695575268,264.44235809709875
0.05038068189186172,0.10573123551101873,15.577337148349141,264.44235998128556
0.05038426000793095,0.10573125041217993,15.577337148349141,264.44235998128556
0.05038067815131321,0.10573123551101873,15.577337163250302,264.44235998128556
0.05038068143373846,0.10573123551101873,15.577337148349141,264.4423599961867
0.005131982495575426,0.10546790078581195,15.59899803006026,264.44491965263103
0.005133105783645038,0.10546791568697314,15.59899803006026,264.44491965263103
0.005131981329382406,0.10546790078581195,15.598998044961421,264.44491965263103
0.00513198235215449,0.10546790078581195,15.59899803006026,264.4449196675322
0.00027505298724955204,0.10534667098319678,15.608116462244647,264.44605162672366
0.0002750345038160543,0.10534668588435797,15.608116462244647,264.44605162672366
0.0002750530121646321,0.10534667098319678,15.608116477145808,264.44605162672366
0.00027505298962992566,0.10534667098319678,15.608116462244647,264.4460516416248
0.0002735398165057194,0.10534828325551454,15.607590150306066,264.44603185335995
0.00027354030345355185,0.10534829815667573,15.607590150306066,264.44603185335995
0.00027353982165781665,0.10534828325551454,15.607590165207228,264.44603185335995
0.00027353981646654937,0.10534828325551454,15.607590150306066,264.4460318682611
0.00027338749265316787,0.10534794501159409,15.607168305513062,264.4460296016927
0.00027338886886798023,0.10534795991275528,15.607168305513062,264.4460296016927
0.0002733874968743231,0.10534794501159409,15.607168320414223,264.4460296016927
0.0002733874925005624,0.10534794501159409,15.607168305513062,264.4460296165939
0.00027284008085790614,0.10534659203591223,15.605480926341043,264.44602059502387
0.00027284501468665247,0.10534660693707343,15.605480926341043,264.44602059502387
0.00027284008135440287,0.10534659203591223,15.605480941242204,264.44602059502387
0.0002728400802514379,0.10534659203591223,15.605480926341043,264.44602060992503
0.0002715099970310974,0.10534273674146677,15.601348865049593,264.4460030629938
0.00027151888688396915,0.10534275164262796,15.601348865049593,264.4460030629938
0.0002715099933590921,0.10534273674146677,15.601348879950754,264.4460030629938
0.00027150999592001266,0.10534273674146677,15.601348865049593,264.44600307789494
0.00026752677700910704,0.10532731556368488,15.584820619883793,264.4459329348735
0.0002675515407286614,0.10532733046484608,15.584820619883793,264.4459329348735
0.0002675267565993911,0.10532731556368488,15.584820634784954,264.4459329348735
0.00026752677387303046,0.10532731556368488,15.584820619883793,264.44593294977466
0.0002587403164418859,0.10528902025209086,15.54621412399213,264.44578802168104
0.00025878248262381905,0.10528903515325205,15.54621412399213,264.44578802168104
0.0002587402773927009,0.10528902025209086,15.54621413889329,264.44578802168104
0.00025874031108603387,0.10528902025209086,15.54621412399213,264.4457880365822
0.00024407744060251865,0.10522092286752419,15.479486130769157,264.4455532401908
0.0002441338842726087,0.10522093776868538,15.479486130769157,264.4455532401908
0.0002440773857221931,0.10522092286752419,15.479486145670318,264.4455532401908
0.00024407743342623443,0.10522092286752419,15.479486130769157,264.44555325509197
0.00022190768280104978,0.1051002077906394,15.363425496660579,264.4451632108532
0.00022197180207658235,0.1051002226918006,15.363425496660579,264.4451632108532
0.00022190761812434235,0.1051002077906394,15.36342551156174,264.4451632108532
0.0002219076746468368,0.1051002077906394,15.363425496660579,264.44516322575436
0.00020153364265773394,0.10495048553315997,15.222625072487478,264.44471587105943
0.00020158296829107808,0.10495050043432116,15.222625072487478,264.44471587105943
0.00020153359118800615,0.10495048553315997,15.22262508738864,264.44471587105943
0.00020153363638577746,0.10495048553315997,15.222625072487478,264.4447158859606
0.0001933673195651786,0.1049096819917807,15.187182685312115,264.4446276103632
0.0001933861557495583,0.1049096968929419,15.187182685312115,264.4446276103632
0.00019336729961529685,0.1049096819917807,15.187182700213276,264.4446276103632
0.00019336731717136175,0.1049096819917807,15.187182685312115,264.4446276252644
0.00019199951685159103,0.10491139441927681,15.190780524761493,264.4446554435233
0.00019199991433318858,0.104911409320438,15.190780524761493,264.4446554435233
0.0001919995163976849,0.10491139441927681,15.190780539662654,264.4446554435233
0.00019199951680364306,0.10491139441927681,15.190780524761493,264.44465545842445
0.0001919878268197364,0.10491333706074954,15.192665978899296,264.44466174322014
0.00019198782230160256,0.10491335196191073,15.192665978899296,264.44466174322014
0.00019198782682014508,0.10491333706074954,15.192665993800457,264.44466174322014
0.00019198782682299287,0.10491333706074954,15.192665978899296,264.4446617581213
0.00019198654819912173,0.10491361692825532,15.19293112312084,264.44466240232236
0.00019198654660963673,0.10491363182941651,15.19293112312084,264.44466240232236
0.00019198654820079235,0.10491361692825532,15.192931138022,264.44466240232236
0.0001919865482020817,0.10491361692825532,15.19293112312084,264.4446624172235
0.0001919865480844353,0.10491361694456552,15.192930993059448,264.4446622155145
0.00019198654806270194,0.10491363184572672,15.192930993059448,264.4446622155145
0.00019198654808444616,0.10491361694456552,15.19293100796061,264.4446622155145
0.00019198654808714829,0.10491361694456552,15.192930993059448,264.44466223041564
451.4397783271895,0.20539542834032215,14.962312240711237,264.52782603336465
451.4397317224342,0.20539541343916096,14.962312240711237,264.52782603336465
451.4397782207234,0.20539542834032215,14.962312255612398,264.52782603336465
451.43977831531396,0.20539542834032215,14.962312240711237,264.5278260482658
834.2819111782203,0.8046019034360026,14.96461952691915,264.52808339509386
834.1253390338745,0.8046019183371638,14.96461952691915,264.52808339509386
834.2819111692404,0.8046019034360026,14.964619541820312,264.52808339509386
834.2819111770441,0.8046019034360026,14.96461952691915,264.528083409995
450.9694877882231,0.2052451834514625,14.962312583937846,264.5278260716492
450.96944110740446,0.2052451685503013,14.962312583937846,264.5278260716492
450.96948768167556,0.2052451834514625,14.962312598839008,264.5278260716492
450.96948777633713,0.2052451834514625,14.962312583937846,264.52782608655036
450.4977308035151,0.20509471584991412,14.962312927673231,264.5278261099905
450.49768404638326,0.20509470094875293,14.962312927673231,264.5278261099905
450.4977306968859,0.20509471584991412,14.962312942574393,264.5278261099905
450.49773079161855,0.20509471584991412,14.962312927673231,264.52782612489165
640.4606603796851,0.29975359379304406,14.963466227296191,264.5279547525422
640.4606788311453,0.29975360869420525,14.963466227296191,264.5279547525422
640.4606603131417,0.29975359379304406,14.963466242197352,264.5279547525422
640.4606603727659,0.29975359379304406,14.963466227296191,264.52795476744336
19660.595825091623,0.043112648829615935,14.962682967253938,264.52786738533206
19660.62860295157,0.04311263392845474,14.962682967253938,264.52786738533206
19660.59583886256,0.043112648829615935,14.9626829821551,264.52786738533206
19660.595826777262,0.043112648829615935,14.962682967253938,264.5278674002332
233.77856294882406,0.15334235989972195,14.962431153230224,264.5278392972291
233.7784833484311,0.15334234499856075,14.962431153230224,264.5278392972291
233.77856281944855,0.15334235989972195,14.962431168131385,264.5278392972291
233.77856293382416,0.15334235989972195,14.962431153230224,264.52783931213025
165.72337073636197,0.08692372802393443,14.962582883129357,264.5278562216441
165.72373677748752,0.08692371312277324,14.962582883129357,264.5278562216441
165.72337105422565,0.08692372802393443,14.962582898030519,264.5278562216441
165.72337077475635,0.08692372802393443,14.962582883129357,264.52785623654523
167.75026416511582,0.1414786609878268,14.962458255231402,264.52784232026886
167.75017847834556,0.1414786460866656,14.962458255231402,264.52784232026886
167.75026403804372,0.1414786609878268,14.962458270132563,264.52784232026886
167.7502641502595,0.1414786609878268,14.962458255231402,264.52784233517
1.8716432507628795,0.1072784132382048,14.96253638391299,264.5278510349799
1.8716225579514383,0.10727839833704361,14.96253638391299,264.5278510349799
1.8716432282047823,0.1072784132382048,14.962536398814152,264.5278510349799
1.8716432480675538,0.1072784132382048,14.96253638391299,264.52785104988106
602661.1581616511,0.01915482563845411,11.979799066052596,264.21676814280073
602663.1041265263,0.019154810737292916,11.979799066052596,264.21676814280073
602661.1585747149,0.01915482563845411,11.979799080953757,264.21676814280073
602661.1582066268,0.01915482563845411,11.979799066052596,264.2167681577019
395.06596191899706,0.07963196952728889,14.026781478685903,264.4302570093358
395.0666835854325,0.0796319546261277,14.026781478685903,264.4302570093358
395.06596251271424,0.07963196952728889,14.026781493587064,264.4302570093358
395.06596198848166,0.07963196952728889,14.026781478685903,264.43025702423694
0.11038506638363876,0.10395809547625572,14.850152901062728,264.51613006355245
0.11039056985334261,0.10395808057509452,14.850152901062728,264.51613006355245
0.11038507219969071,0.10395809547625572,14.85015291596389,264.51613006355245
0.11038506707791343,0.10395809547625572,14.850152901062728,264.5161300784536
0.0017716271509642476,0.10466617207715632,14.882764459654522,264.51971338289616
0.0017709930290018944,0.10466615717599513,14.882764459654522,264.51971338289616
0.0017716264701082168,0.10466617207715632,14.882764474555684,264.51971338289616
0.0017716270703795574,0.10466617207715632,14.882764459654522,264.5197133977973
0.0002527174609355898,0.10459370229968783,14.879992030579913,264.5193735805393
0.0002527003297397626,0.10459368739852663,14.879992030579913,264.5193735805393
0.00025271743677823913,0.10459370229968783,14.879992045481075,264.5193735805393
0.00025271745872664777,0.10459370229968783,14.879992030579913,264.51937359544047
0.0002514892800718452,0.10459210815896003,14.880282891166848,264.51936325759084
0.00025148909437073413,0.10459209325779883,14.880282891166848,264.51936325759084
0.00025148927394640113,0.10459210815896003,14.88028290606801,264.51936325759084
0.0002514892800139402,0.10459210815896003,14.880282891166848,264.519363272492
0.00025133040422677,0.10459242231769625,14.880693507858044,264.51936161168476
0.00025133130907111927,0.10459240741653505,14.880693507858044,264.51936161168476
0.00025133039926996016,0.10459242231769625,14.880693522759206,264.51936161168476
0.00025133040430736685,0.10459242231769625,14.880693507858044,264.5193616265859
0.0002507868403144625,0.10459367895264116,14.882335974622826,264.5193550280605
0.00025079210678763267,0.10459366405147996,14.882335974622826,264.5193550280605
0.00025078684003128116,0.10459367895264116,14.882335989523988,264.5193550280605
0.0002507868409488156,0.10459367895264116,14.882335974622826,264.51935504296165
0.0002494736218762858,0.1045974744973003,14.886384568184253,264.51934232355774
0.00024948342129385386,0.1045974595961391,14.886384568184253,264.51934232355774
0.0002494736264980034,0.1045974744973003,14.886384583085414,264.51934232355774
0.0002494736230863925,0.1045974744973003,14.886384568184253,264.5193423384589
0.00024699149521360245,0.10460516930624227,14.894152955465167,264.51932003227597
0.00024700631029548356,0.10460515440508107,14.894152955465167,264.51932003227597
0.00024699150532758295,0.10460516930624227,14.894152970366328,264.51932003227597
0.00024699149706101226,0.10460516930624227,14.894152955465167,264.51932004717713
0.00024234440466014984,0.10462050636080968,14.909239311785472,264.5192787501907
0.00024236540527961212,0.10462049145964848,14.909239311785472,264.5192787501907
0.00024234442165224244,0.10462050636080968,14.909239326686633,264.5192787501907
0.00024234440729415833,0.10462050636080968,14.909239311785472,264.5192787650919
0.00023390122735773334,0.10465121067046408,14.938967156576439,264.519199858881
0.00023392992842083258,0.10465119576930289,14.938967156576439,264.519199858881
0.0002339012531092366,0.10465121067046408,14.9389671714776,264.519199858881
0.0002339012309721463,0.10465121067046408,14.938967156576439,264.51919987378216
0.00021965567390647828,0.10471379122918555,14.998868416760043,264.5190445123214
0.00021969279435618961,0.10471377632802435,14.998868416760043,264.5190445123214
0.00021965570969888966,0.10471379122918555,14.998868431661204,264.5190445123214
0.00021965567859599268,0.10471379122918555,14.998868416760043,264.51904452722255
0.00020079141520114698,0.10484737656494589,15.125472358444963,264.5187227930599
0.00020083132712556698,0.1048473616637847,15.125472358444963,264.5187227930599
0.00020079145608852613,0.10484737656494589,15.125472373346124,264.5187227930599
0.00020079142025762638,0.10484737656494589,15.125472358444963,264.51872280796107
0.00019505079088078612,0.10492727662253692,15.200031707579502,264.51853949270264
0.00019507942291957747,0.10492726172137573,15.200031707579502,264.51853949270264
0.00019505082103257068,0.10492727662253692,15.200031722480663,264.51853949270264
0.00019505079450957754,0.10492727662253692,15.200031707579502,264.5185395076038
0.00019319282612455184,0.1049506365296561,15.220830990600467,264.51849405876084
0.00019320858608184663,0.1049506216284949,15.220830990600467,264.51849405876084
0.0001931928430350201,0.1049506365296561,15.220831005501628,264.51849405876084
0.0001931928281175764,0.1049506365296561,15.220830990600467,264.518494073662
0.00019218817850420557,0.10494695721544285,15.216004446012448,264.518514414188
0.0001921915440277918,0.10494694231428166,15.216004446012448,264.518514414188
0.0001921881822854213,0.10494695721544285,15.21600446091361,264.518514414188
0.00019218817892024823,0.10494695721544285,15.216004446012448,264.5185144290892
0.00019198119699599323,0.1049351198353774,15.204379379854352,264.51854731736324
0.0001919809776591031,0.1049351049342162,15.204379379854352,264.51854731736324
0.00019198119681517907,0.1049351198353774,15.204379394755513,264.51854731736324
0.00019198119695535066,0.1049351198353774,15.204379379854352,264.5185473322644
0.0001919620892990135,0.10493201643319462,15.201445316423012,264.51855574407386
0.00019196198322901713,0.10493200153203343,15.201445316423012,264.51855574407386
0.00019196208919028938,0.10493201643319462,15.201445331324173,264.51855574407386
0.00019196208927256162,0.10493201643319462,15.201445316423012,264.518555758975
0.0001919610786048157,0.10493180192611003,15.201252242527907,264.5185571148352
0.00019196107185262396,0.10493178702494883,15.201252242527907,264.5185571148352
0.00019196107859761451,0.10493180192611003,15.201252257429068,264.5185571148352
0.0001919610785910134,0.10493180192611003,15.201252242527907,264.51855712973634
0.00019196108165232665,0.10493180283514228,15.201253777046324,264.51855801962415
0.00019196108218123853,0.10493178793398109,15.201253777046324,264.51855801962415
0.0001919610816528321,0.10493180283514228,15.201253791947485,264.51855801962415
0.0001919610816394325,0.10493180283514228,15.201253777046324,264.5185580345253
0.00019196107874807895,0.10493180197171868,15.201252319518934,264.51855716023096
0.00019196107236116807,0.10493178707055749,15.201252319518934,264.51855716023096
0.0001919610787412577,0.10493180197171868,15.201252334420095,264.51855716023096
0.00019196107873432143,0.10493180197171868,15.201252319518934,264.5185571751321
0.0001919610786121015,0.10493180192843878,15.20125224645901,264.518557117153
0.00019196107187853105,0.10493178702727758,15.20125224645901,264.518557117153
0.0001919610786049324,0.10493180192843878,15.201252261360171,264.518557117153
0.0001919610785982468,0.10493180192843878,15.20125224645901,264.5185571320542
0.00019196107860517504,0.10493180192622908,15.201252242728875,264.5185571149537
0.0001919610718539216,0.10493178702506789,15.201252242728875,264.5185571149537
0.00019196107859798157,0.10493180192622908,15.201252257630037,264.5185571149537
0.00019196107859136046,0.10493180192622908,15.201252242728875,264.51855712985486
0.00019196107860482113,0.10493180192611627,15.20125224253846,264.51855711484137
0.00019196107185265993,0.10493178702495508,15.20125224253846,264.51855711484137
0.00019196107859761915,0.10493180192611627,15.201252257439622,264.51855711484137
0.00019196107859100782,0.10493180192611627,15.20125224253846,264.51855712974253
0.0001919610786047908,0.10493180192611072,15.20125224252909,264.51855711483586
0.0001919610718526163,0.10493178702494953,15.20125224252909,264.51855711483586
0.0001919610785976183,0.10493180192611072,15.201252257430252,264.51855711483586
0.00019196107859099308,0.10493180192611072,15.20125224252909,264.518557129737
0.0001919610786048341,0.10493180192611073,15.201252242529097,264.51855711483586
0.0001919610718526042,0.10493178702494954,15.201252242529097,264.51855711483586
0.00019196107859763625,0.10493180192611073,15.201252257430259,264.51855711483586
0.00019196107859099354,0.10493180192611073,15.201252242529097,264.518557129737
0.0001919610786047908,0.10493180192611072,15.20125224252909,264.51855711483586
0.0001919610718526163,0.10493178702494953,15.20125224252909,264.51855711483586
0.0001919610785976183,0.10493180192611072,15.201252257430252,264.51855711483586
0.00019196107859099308,0.10493180192611072,15.20125224252909,264.518557129737
0.0001919610786048064,0.10493180192611073,15.201252242529094,264.51855711483586
0.00019196107185263383,0.10493178702494954,15.201252242529094,264.51855711483586
0.00019196107859763162,0.10493180192611073,15.201252257430255,264.51855711483586
0.00019196107859101227,0.10493180192611073,15.201252242529094,264.518557129737
0.0001919610786047908,0.10493180192611072,15.20125224252909,264.51855711483586
0.0001919610718526163,0.10493178702494953,15.20125224252909,264.51855711483586
0.0001919610785976183,0.10493180192611072,15.201252257430252,264.51855711483586
0.00019196107859099308,0.10493180192611072,15.20125224252909,264.518557129737
0.00019196107860479708,0.10493180192611073,15.201252242529092,264.51855711483586
0.00019196107185262957,0.10493178702494954,15.201252242529092,264.51855711483586
0.00019196107859762476,0.10493180192611073,15.201252257430253,264.51855711483586
0.00019196107859099503,0.10493180192611073,15.201252242529092,264.518557129737
0.0001919610786047908,0.10493180192611072,15.20125224252909,264.51855711483586
0.0001919610718526163,0.10493178702494953,15.20125224252909,264.51855711483586
0.0001919610785976183,0.10493180192611072,15.201252257430252,264.51855711483586
0.00019196107859099308,0.10493180192611072,15.20125224252909,264.518557129737
0.0001919610786047908,0.10493180192611073,15.20125224252909,264.51855711483586
0.0001919610718526163,0.10493178702494954,15.20125224252909,264.51855711483586
0.0001919610785976183,0.10493180192611073,15.201252257430252,264.51855711483586
0.00019196107859099308,0.10493180192611073,15.20125224252909,264.518557129737
0.00019196107860479708,0.10493180192611073,15.201252242529092,264.51855711483586
0.00019196107185262957,0.10493178702494954,15.201252242529092,264.51855711483586
0.00019196107859762476,0.10493180192611073,15.201252257430253,264.51855711483586
0.00019196107859099503,0.10493180192611073,15.201252242529092,264.518557129737
0.0001919610786047908,0.10493180192611073,15.20125224252909,264.51855711483586
0.0001919610718526163,0.10493178702494954,15.20125224252909,264.51855711483586
0.0001919610785976183,0.10493180192611073,15.201252257430252,264.51855711483586
0.00019196107859099308,0.10493180192611073,15.20125224252909,264.518557129737
0.00019196107860479708,0.10493180192611073,15.201252242529092,264.51855711483586
0.00019196107185262957,0.10493178702494954,15.201252242529092,264.51855711483586
0.00019196107859762476,0.10493180192611073,15.201252257430253,264.51855711483586
0.00019196107859099503,0.10493180192611073,15.201252242529092,264.518557129737
0.0001919610786047908,0.10493180192611073,15.20125224252909,264.51855711483586
0.0001919610718526163,0.10493178702494954,15.20125224252909,264.51855711483586
0.0001919610785976183,0.10493180192611073,15.201252257430252,264.51855711483586
0.00019196107859099308,0.10493180192611073,15.20125224252909,264.518557129737
0.00019196107860479708,0.10493180192611073,15.201252242529092,264.51855711483586
0.00019196107185262957,0.10493178702494954,15.201252242529092,264.51855711483586
0.00019196107859762476,0.10493180192611073,15.201252257430253,264.51855711483586
0.00019196107859099503,0.10493180192611073,15.201252242529092,264.518557129737
0.0001919610786047908,0.10493180192611073,15.20125224252909,264.51855711483586
0.0001919610718526163,0.10493178702494954,15.20125224252909,264.51855711483586
0.0001919610785976183,0.10493180192611073,15.201252257430252,264.51855711483586
0.00019196107859099308,0.10493180192611073,15.20125224252909,264.518557129737
0.00019196107860479708,0.10493180192611073,15.201252242529092,264.51855711483586
0.00019196107185262957,0.10493178702494954,15.201252242529092,264.51855711483586
0.00019196107859762476,0.10493180192611073,15.201252257430253,264.51855711483586
0.00019196107859099503,0.10493180192611073,15.201252242529092,264.518557129737
0.0001919610786047908,0.10493180192611073,15.20125224252909,264.51855711483586
0.0001919610718526163,0.10493178702494954,15.20125224252909,264.51855711483586
0.0001919610785976183,0.10493180192611073,15.201252257430252,264.51855711483586
0.00019196107859099308,0.10493180192611073,15.20125224252909,264.518557129737
0.00019196107860479708,0.10493180192611073,15.201252242529092,264.51855711483586
0.00019196107185262957,0.10493178702494954,15.201252242529092,264.51855711483586
0.00019196107859762476,0.10493180192611073,15.201252257430253,264.51855711483586
0.00019196107859099503,0.10493180192611073,15.201252242529092,264.518557129737
0.0001919610786047908,0.10493180192611073,15.20125224252909,264.51855711483586
0.0001919610718526163,0.10493178702494954,15.20125224252909,264.51855711483586
0.0001919610785976183,0.10493180192611073,15.201252257430252,264.51855711483586
0.00019196107859099308,0.10493180192611073,15.20125224252909,264.518557129737
0.00019196108165232665,0.10493180283514228,15.201253777046324,264.51855801962415
0.00019196107900278276,0.10493180205202285,15.201252455078716,264.51855724016025
0.00019196107866180777,0.1049318019443032,15.201252273239417,264.51855713294344
0.00019196107861306968,0.10493180192875545,15.201252246993596,264.5185571174683
0.00019196107860600228,0.10493180192649579,15.201252243179098,264.51855711521915
0.00019196107860498476,0.10493180192616684,15.201252242623825,264.51855711489173
0.00019196107860484614,0.10493180192611859,15.20125224254237,264.5185571148437
0.00019196107860483574,0.10493180192611117,15.201252242529828,264.5185571148363
0.00019196107860482256,0.1049318019261106,15.201252242528868,264.51855711483574
0.0001919610786048219,0.1049318019261103,15.201252242528387,264.51855711483546
0.0001919610786048159,0.10493180192611017,15.201252242528147,264.5185571148353
0.00019196107860481535,0.10493180192611011,15.20125224252804,264.51855711483523
0.00019196107185259764,0.10493178702494892,15.20125224252804,264.51855711483523
0.00019196107859759928,0.10493180192611011,15.201252257429202,264.51855711483523
0.00019196107859100343,0.10493180192611011,15.20125224252804,264.5185571297364
685.1450859428649,0.3450974810021002,15.565164495884142,264.23961473497565
685.1450988233494,0.3450974959032614,15.565164495884142,264.23961473497565
685.1450858888549,0.3450974810021002,15.565164510785303,264.23961473497565
685.1450859373033,0.3450974810021002,15.565164495884142,264.2396147498768
824.2412053134918,0.6648935457363558,15.569399555294842,264.24005083082193
824.2412040424696,0.6648935308351946,15.569399555294842,264.24005083082193
824.241205302773,0.6648935457363558,15.569399570196003,264.24005083082193
824.241205311906,0.6648935457363558,15.569399555294842,264.2400508457231
498.32915681689724,0.07888356734922386,15.566280774851407,264.23972968132557
498.3282979807157,0.07888358225038505,15.566280774851407,264.23972968132557
498.3291574737364,0.07888356734922386,15.566280789752568,264.23972968132557
498.3291568983311,0.07888356734922386,15.566280774851407,264.23972969622673
681.6929556736478,0.3411638482245414,15.565180990256936,264.2396164334471
681.6929689496402,0.34116386312570257,15.565180990256936,264.2396164334471
681.6929556187634,0.3411638482245414,15.565181005158097,264.2396164334471
681.6929556679808,0.3411638482245414,15.565180990256936,264.2396164483483
287.6979803463753,0.16489386951665044,15.565920119429757,264.23969254363374
287.6980523010376,0.16489388441781164,15.565920119429757,264.23969254363374
287.69798022221744,0.16489386951665044,15.565920134330918,264.23969254363374
287.69798033177597,0.16489386951665044,15.565920119429757,264.2396925585349
9.897444449104121,0.11160037291571698,15.566143587874855,264.239715554801
9.897487187872947,0.11160038781687817,15.566143587874855,264.239715554801
9.897444401612075,0.11160037291571698,15.566143602776016,264.239715554801
9.897444443313505,0.11160037291571698,15.566143587874855,264.2397155697022
14.20346861961993,0.0989549374334538,15.566196612277176,264.23972101487124
14.203395205173592,0.09895495233461499,15.566196612277176,264.23972101487124
14.203468691178127,0.0989549374334538,15.566196627178337,264.23972101487124
14.203468628406306,0.0989549374334538,15.566196612277176,264.2397210297724
0.03229163239504845,0.10561001128355868,15.566168706451885,264.2397181413308
0.032294500867731966,0.10561002618471987,15.566168706451885,264.2397181413308
0.03229162939937882,0.10561001128355868,15.566168721353046,264.2397181413308
0.03229163202793605,0.10561001128355868,15.566168706451885,264.23971815623196
66974.83369913803,0.03298496408959724,14.786664773912428,264.1645131605261
66974.69910484427,0.03298497899075843,14.786664773912428,264.1645131605261
66974.83374261687,0.03298496408959724,14.786664788813589,264.1645131605261
66974.83370443663,0.03298496408959724,14.786664773912428,264.16451317542726
242.22832766647392,0.0845176712000168,15.339779014784359,264.2178765165416
242.22784306903944,0.08451768610117799,15.339779014784359,264.2178765165416
242.22832806881726,0.0845176712000168,15.33977902968552,264.2178765165416
242.22832771583933,0.0845176712000168,15.339779014784359,264.21787653144276
0.002211870507722135,0.10519267962405655,15.561689374839386,264.23928598437317
0.0022111535712215653,0.10519269452521775,15.561689374839386,264.23928598437317
0.002211871259760478,0.10519267962405655,15.561689389740547,264.23928598437317
0.002211870599128857,0.10519267962405655,15.561689374839386,264.23928599927433
0.0002575979969902758,0.1052759505031783,15.56241501115921,264.23939183247364
0.0002576081667625952,0.10527596540433949,15.56241501115921,264.23939183247364
0.00025759799151586185,0.1052759505031783,15.562415026060371,264.23939183247364
0.00025759799571238335,0.1052759505031783,15.56241501115921,264.2393918473748
0.00025709294590575037,0.10527443844479377,15.562076308163393,264.239390568933
0.0002570929389159422,0.10527445334595496,15.562076308163393,264.239390568933
0.00025709295103853644,0.10527443844479377,15.562076323064554,264.239390568933
0.000257092945926096,0.10527443844479377,15.562076308163393,264.23939058383417
0.0002569579926606085,0.10527382539280945,15.561651037554293,264.2393905634815
0.0002569564958066795,0.10527384029397065,15.561651037554293,264.2393905634815
0.0002569579993418491,0.10527382539280945,15.561651052455455,264.2393905634815
0.0002569579928710235,0.10527382539280945,15.561651037554293,264.23939057838265
0.0002566985009340541,0.1052727800600184,15.560808845046582,264.2393907582651
0.0002566955354909999,0.1052727949611796,15.560808845046582,264.2393907582651
0.0002566985091367367,0.1052727800600184,15.560808859947743,264.2393907582651
0.0002566985013317912,0.1052727800600184,15.560808845046582,264.23939077316624
0.000255830825950853,0.10526859872885419,15.557440075015736,264.23939153739934
0.00025582198735703233,0.10526861363001538,15.557440075015736,264.23939153739934
0.00025583084023858994,0.10526859872885419,15.557440089916897,264.23939153739934
0.0002558308270975996,0.10526859872885419,15.557440075015736,264.2393915523005
0.00025388675286616886,0.10525895623533646,15.549100236465046,264.23939435259126
0.00025386961056176656,0.10525897113649765,15.549100236465046,264.23939435259126
0.0002538867757180417,0.10525895623533646,15.549100251366207,264.23939435259126
0.0002538867550717462,0.10525895623533646,15.549100236465046,264.2393943674924
0.00025047635810294803,0.10524167356334327,15.533574353334968,264.2394004331664
0.00025044966986581096,0.10524168846450446,15.533574353334968,264.2394004331664
0.0002504763907372495,0.10524167356334327,15.53357436823613,264.2394004331664
0.0002504763615251809,0.10524167356334327,15.533574353334968,264.23940044806756
0.0002445076026030543,0.10521059542427547,15.505011882045045,264.23941255746246
0.00024446979847872843,0.10521061032543666,15.505011882045045,264.23941255746246
0.0002445076465185345,0.10521059542427547,15.505011896946206,264.23941255746246
0.0002445076074409138,0.10521059542427547,15.505011882045045,264.2394125723636
0.0002343410287594475,0.10515413034415412,15.452310905014217,264.2394361630612
0.00023429096605765036,0.10515414524531531,15.452310905014217,264.2394361630612
0.00023434108488577378,0.10515413034415412,15.452310919915378,264.2394361630612
0.0002343410351559135,0.10515413034415412,15.452310905014217,264.2394361779624
0.00021845046387424378,0.10505046667298842,15.354389048020627,264.2394820089145
0.00021839054678593034,0.10505048157414962,15.354389048020627,264.2394820089145
0.00021845052915435062,0.10505046667298842,15.354389062921788,264.2394820089145
0.00021845047151741086,0.10505046667298842,15.354389048020627,264.23948202381564
0.00020250338057177248,0.10488628023981247,15.197374217961817,264.2395592258708
0.00020245095246198004,0.10488629514097367,15.197374217961817,264.2395592258708
0.00020250343586964282,0.10488628023981247,15.197374232862979,264.2395592258708
0.00020250338724561967,0.10488628023981247,15.197374217961817,264.23955924077194
0.00019706168475267712,0.10485853214654138,15.169133283905333,264.2395765299422
0.00019702711025537878,0.10485854704770257,15.169133283905333,264.2395765299422
0.00019706172080840727,0.10485853214654138,15.169133298806495,264.2395765299422
0.0001970616891519281,0.10485853214654138,15.169133283905333,264.2395765448434
0.00019227077389043543,0.10487383883184867,15.180279736835837,264.239577858248
0.00019226769134576434,0.10487385373300986,15.180279736835837,264.239577858248
0.00019227077692136104,0.10487383883184867,15.180279751736999,264.239577858248
0.00019227077428298774,0.10487383883184867,15.180279736835837,264.2395778731492
0.0001920771829974277,0.10488737082136593,15.192778568467977,264.239572455043
0.00019207728016812814,0.10488738572252712,15.192778568467977,264.239572455043
0.00019207718288046096,0.10488737082136593,15.192778583369138,264.239572455043
0.0001920771829860824,0.10488737082136593,15.192778568467977,264.23957246994416
0.00019207266082156967,0.1048882843383859,15.19365469705207,264.23957194072614
0.00019207267237792845,0.1048882992395471,15.19365469705207,264.23957194072614
0.0001920726608090454,0.1048882843383859,15.193654711953231,264.23957194072614
0.00019207266082116125,0.1048882843383859,15.19365469705207,264.2395719556273
0.00019207256551231086,0.10488830567228677,15.193676174548626,264.2395718543566
0.00019207256566938313,0.10488832057344796,15.193676174548626,264.2395718543566
0.00019207256551216658,0.10488830567228677,15.193676189449787,264.2395718543566
0.0001920725655133901,0.10488830567228677,15.193676174548626,264.23957186925776
0.00019207257104752548,0.10488830442214372,15.193675019364377,264.23957178139455
0.0001920725709959975,0.10488831932330492,15.193675019364377,264.23957178139455
0.00019207257104753557,0.10488830442214372,15.193675034265539,264.23957178139455
0.00019207257104858426,0.10488830442214372,15.193675019364377,264.2395717962957
0.00019207256551351172,0.10488830567201306,15.193676174295701,264.2395718543406
0.00019207256567050864,0.10488832057317425,15.193676174295701,264.2395718543406
0.00019207256551338422,0.10488830567201306,15.193676189196863,264.2395718543406
0.00019207256551459194,0.10488830567201306,15.193676174295701,264.2395718692418
0.00019207256551229387,0.10488830567228671,15.193676174548571,264.2395718543566
0.0001920725656693537,0.10488832057344791,15.193676174548571,264.2395718543566
0.00019207256551215018,0.10488830567228671,15.193676189449732,264.2395718543566
0.00019207256551336484,0.10488830567228671,15.193676174548571,264.23957186925776
0.00019207256551232897,0.10488830567228664,15.193676174548516,264.2395718543566
0.00019207256566934126,0.10488832057344784,15.193676174548516,264.2395718543566
0.0001920725655121534,0.10488830567228664,15.193676189449677,264.2395718543566
0.00019207256551337376,0.10488830567228664,15.193676174548516,264.23957186925776
0.00019207256551229387,0.10488830567228671,15.193676174548571,264.2395718543566
0.0001920725656693537,0.10488832057344791,15.193676174548571,264.2395718543566
0.00019207256551215018,0.10488830567228671,15.193676189449732,264.2395718543566
0.00019207256551336484,0.10488830567228671,15.193676174548571,264.23957186925776
0.0001920725655123165,0.10488830567228667,15.193676174548543,264.2395718543566
0.00019207256566936823,0.10488832057344787,15.193676174548543,264.2395718543566
0.0001920725655121683,0.10488830567228667,15.193676189449704,264.2395718543566
0.00019207256551338016,0.10488830567228667,15.193676174548543,264.23957186925776
0.00019207256551229387,0.10488830567228671,15.193676174548571,264.2395718543566
0.0001920725656693537,0.10488832057344791,15.193676174548571,264.2395718543566
0.00019207256551215018,0.10488830567228671,15.193676189449732,264.2395718543566
0.00019207256551336484,0.10488830567228671,15.193676174548571,264.23957186925776
0.00019207256551231834,0.1048883056722867,15.193676174548557,264.2395718543566
0.00019207256566937305,0.1048883205734479,15.193676174548557,264.2395718543566
0.0001920725655121768,0.1048883056722867,15.193676189449718,264.2395718543566
0.00019207256551337037,0.1048883056722867,15.193676174548557,264.23957186925776
0.00019207256551229387,0.10488830567228671,15.193676174548571,264.2395718543566
0.0001920725656693537,0.10488832057344791,15.193676174548571,264.2395718543566
0.00019207256551215018,0.10488830567228671,15.193676189449732,264.2395718543566
0.00019207256551336484,0.10488830567228671,15.193676174548571,264.23957186925776
0.00019207256551232151,0.1048883056722867,15.193676174548564,264.2395718543566
0.00019207256566935218,0.1048883205734479,15.193676174548564,264.2395718543566
0.00019207256551218043,0.1048883056722867,15.193676189449725,264.2395718543566
0.00019207256551337089,0.1048883056722867,15.193676174548564,264.23957186925776
0.00019207256551229387,0.10488830567228671,15.193676174548571,264.2395718543566
0.0001920725656693537,0.10488832057344791,15.193676174548571,264.2395718543566
0.00019207256551215018,0.10488830567228671,15.193676189449732,264.2395718543566
0.00019207256551336484,0.10488830567228671,15.193676174548571,264.23957186925776
0.00019207256551235323,0.1048883056722867,15.193676174548568,264.2395718543566
0.00019207256566933754,0.1048883205734479,15.193676174548568,264.2395718543566
0.0001920725655121657,0.1048883056722867,15.193676189449729,264.2395718543566
0.00019207256551338422,0.1048883056722867,15.193676174548568,264.23957186925776
0.00019207256551229387,0.10488830567228671,15.193676174548571,264.2395718543566
0.0001920725656693537,0.10488832057344791,15.193676174548571,264.2395718543566
0.00019207256551215018,0.10488830567228671,15.193676189449732,264.2395718543566
0.00019207256551336484,0.10488830567228671,15.193676174548571,264.23957186925776
0.0001920725655123173,0.10488830567228671,15.19367617454857,264.2395718543566
0.0001920725656693415,0.10488832057344791,15.19367617454857,264.2395718543566
0.00019207256551215918,0.10488830567228671,15.19367618944973,264.2395718543566
0.00019207256551336275,0.10488830567228671,15.19367617454857,264.23957186925776
0.00019207256551229387,0.10488830567228671,15.193676174548571,264.2395718543566
0.0001920725656693537,0.10488832057344791,15.193676174548571,264.2395718543566
0.00019207256551215018,0.10488830567228671,15.193676189449732,264.2395718543566
0.00019207256551336484,0.10488830567228671,15.193676174548571,264.23957186925776
0.0001920725655123173,0.10488830567228671,15.19367617454857,264.2395718543566
0.0001920725656693415,0.10488832057344791,15.19367617454857,264.2395718543566
0.00019207256551215918,0.10488830567228671,15.19367618944973,264.2395718543566
0.00019207256551336275,0.10488830567228671,15.19367617454857,264.23957186925776
0.00019207256551229387,0.10488830567228671,15.193676174548571,264.2395718543566
0.0001920725656693537,0.10488832057344791,15.193676174548571,264.2395718543566
0.00019207256551215018,0.10488830567228671,15.193676189449732,264.2395718543566
0.00019207256551336484,0.10488830567228671,15.193676174548571,264.23957186925776
0.0001920725655123173,0.10488830567228671,15.19367617454857,264.2395718543566
0.0001920725656693415,0.10488832057344791,15.19367617454857,264.2395718543566
0.00019207256551215918,0.10488830567228671,15.19367618944973,264.2395718543566
0.00019207256551336275,0.10488830567228671,15.19367617454857,264.23957186925776
0.00019207256551229387,0.10488830567228671,15.193676174548571,264.2395718543566
0.0001920725656693537,0.10488832057344791,15.193676174548571,264.2395718543566
0.00019207256551215018,0.10488830567228671,15.193676189449732,264.2395718543566
0.00019207256551336484,0.10488830567228671,15.193676174548571,264.23957186925776
0.0001920725655123173,0.10488830567228671,15.19367617454857,264.2395718543566
0.0001920725656693415,0.10488832057344791,15.19367617454857,264.2395718543566
0.00019207256551215918,0.10488830567228671,15.19367618944973,264.2395718543566
0.00019207256551336275,0.10488830567228671,15.19367617454857,264.23957186925776
0.00019207256551229387,0.10488830567228671,15.193676174548571,264.2395718543566
0.0001920725656693537,0.10488832057344791,15.193676174548571,264.2395718543566
0.00019207256551215018,0.10488830567228671,15.193676189449732,264.2395718543566
0.00019207256551336484,0.10488830567228671,15.193676174548571,264.23957186925776
0.0001920725655123173,0.10488830567228671,15.19367617454857,264.2395718543566
0.0001920725656693415,0.10488832057344791,15.19367617454857,264.2395718543566
0.00019207256551215918,0.10488830567228671,15.19367618944973,264.2395718543566
0.00019207256551336275,0.10488830567228671,15.19367617454857,264.23957186925776
0.00019207256551229387,0.10488830567228671,15.193676174548571,264.2395718543566
0.0001920725656693537,0.10488832057344791,15.193676174548571,264.2395718543566
0.00019207256551215018,0.10488830567228671,15.193676189449732,264.2395718543566
0.00019207256551336484,0.10488830567228671,15.193676174548571,264.23957186925776
0.0001920725655123173,0.10488830567228671,15.19367617454857,264.2395718543566
0.0001920725656693415,0.10488832057344791,15.19367617454857,264.2395718543566
0.00019207256551215918,0.10488830567228671,15.19367618944973,264.2395718543566
0.00019207256551336275,0.10488830567228671,15.19367617454857,264.23957186925776
0.00019207256551229387,0.10488830567228671,15.193676174548571,264.2395718543566
0.0001920725656693537,0.10488832057344791,15.193676174548571,264.2395718543566
0.00019207256551215018,0.10488830567228671,15.193676189449732,264.2395718543566
0.00019207256551336484,0.10488830567228671,15.193676174548571,264.23957186925776
0.0001920725655123173,0.10488830567228671,15.19367617454857,264.2395718543566
0.0001920725656693415,0.10488832057344791,15.19367617454857,264.2395718543566
0.00019207256551215918,0.10488830567228671,15.19367618944973,264.2395718543566
0.00019207256551336275,0.10488830567228671,15.19367617454857,264.23957186925776
0.00019207256551229387,0.10488830567228671,15.193676174548571,264.2395718543566
0.0001920725656693537,0.10488832057344791,15.193676174548571,264.2395718543566
0.00019207256551215018,0.10488830567228671,15.193676189449732,264.2395718543566
0.00019207256551336484,0.10488830567228671,15.193676174548571,264.23957186925776
0.0001920725655123173,0.10488830567228671,15.19367617454857,264.2395718543566
0.0001920725656693415,0.10488832057344791,15.19367617454857,264.2395718543566
0.00019207256551215918,0.10488830567228671,15.19367618944973,264.2395718543566
0.00019207256551336275,0.10488830567228671,15.19367617454857,264.23957186925776
0.00019207256551229387,0.10488830567228671,15.193676174548571,264.2395718543566
0.0001920725656693537,0.10488832057344791,15.193676174548571,264.2395718543566
0.00019207256551215018,0.10488830567228671,15.193676189449732,264.2395718543566
0.00019207256551336484,0.10488830567228671,15.193676174548571,264.23957186925776
0.00019207257104752548,0.10488830442214372,15.193675019364377,264.23957178139455
0.00019207256827970465,0.10488830504721525,15.193675596956503,264.23957181787557
0.00019207256689595387,0.10488830535975101,15.193675885752564,264.23957183611606
0.00019207256620416726,0.1048883055160189,15.193676030150595,264.23957184523636
0.0001920725658582339,0.10488830559415283,15.193676102349611,264.23957184979645
0.00019207256568527233,0.1048883056332198,15.193676138449119,264.23957185207655
0.00019207256559881046,0.10488830565275328,15.193676156498872,264.23957185321655
0.00019207256555559086,0.10488830566252003,15.19367616552375,264.2395718537866
0.00019207256553395853,0.1048883056674034,15.193676170036188,264.2395718540716
0.0001920725655231446,0.10488830566984508,15.193676172292406,264.2395718542141
0.00019207256551771816,0.10488830567106593,15.193676173420517,264.2395718542854
0.00019207256551501695,0.10488830567167635,15.19367617398457,264.23957185432096
