LSCO 2511A, x = 24%
T=25 K, B = 45 T, theta= -14 to 99
Fixed parameters:
T=0.19,T1multvalue=-0.132,T11multvalue=0.066,mumultvalue=0.81
cost,Tzmultvalue,invtau_iso,invtau_aniso
13.678957659155369,0.10491361694456552,14.04683404951196,189.85506941378708
13.678957603620278,0.10491361694456552,14.04683406441312,189.85506941378708
13.678957650815168,0.10491361694456552,14.04683404951196,189.85506942868824
10.168170498296934,0.10491361694456552,15.045633530995277,190.00506806640988
10.168170451338526,0.10491361694456552,15.045633545896438,190.00506806640988
10.168170491000357,0.10491361694456552,15.045633530995277,190.00506808131104
4.399850675200916,0.10491361694456552,17.23825570290688,190.37700391933322
4.399850645498217,0.10491361694456552,17.23825571780804,190.37700391933322
4.399850670262985,0.10491361694456552,17.23825570290688,190.37700393423438
0.10847146842599063,0.10491361694456552,21.023059879958723,191.0782143227241
0.10847146470103544,0.10491361694456552,21.023059894859884,191.0782143227241
0.10847146773686742,0.10491361694456552,21.023059879958723,191.07821433762527
0.03265007442318363,0.10491361694456552,21.56700378308923,191.18436433497575
0.032650074129652096,0.10491361694456552,21.56700379799039,191.18436433497575
0.03265007436097382,0.10491361694456552,21.56700378308923,191.18436434987692
0.032165287304412024,0.10491361694456552,21.61368864046196,191.19405105561913
0.03216528730298403,0.10491361694456552,21.61368865536312,191.19405105561913
0.03216528729629199,0.10491361694456552,21.61368864046196,191.1940510705203
0.03216496891895314,0.10491361694456552,21.61407349220562,191.19465940995403
0.03216496892052112,0.10491361694456552,21.61407350710678,191.19465940995403
0.03216496891138794,0.10491361694456552,21.61407349220562,191.1946594248552
0.032164376879977585,0.10491361694456552,21.61433171746526,191.19597971964777
0.03216437688457383,0.10491361694456552,21.61433173236642,191.19597971964777
0.03216437687297368,0.10491361694456552,21.61433171746526,191.19597973454893
0.03216325657979374,0.10491361694456552,21.6144567087437,191.19860612165365
0.032163256588073126,0.10491361694456552,21.61445672364486,191.19860612165365
0.03216325657347299,0.10491361694456552,21.6144567087437,191.19860613655482
0.03216113392211796,0.10491361694456552,21.614331925579577,191.203777706935
0.03216113393541782,0.10491361694456552,21.61433194048074,191.203777706935
0.03216113391672736,0.10491361694456552,21.614331925579577,191.20377772183616
0.03215714494227039,0.10491361694456552,21.61365873335878,191.2139694091738
0.03215714496289129,0.10491361694456552,21.61365874825994,191.2139694091738
0.0321571449382371,0.10491361694456552,21.61365873335878,191.21396942407497
0.032149773545252086,0.10491361694456552,21.611772223824598,191.23409393650772
0.03214977357697408,0.10491361694456552,21.61177223872576,191.23409393650772
0.03214977354327579,0.10491361694456552,21.611772223824598,191.23409395140888
0.03213651559745868,0.10491361694456552,21.607252726018565,191.27382188924577
0.03213651564630388,0.10491361694456552,21.607252740919726,191.27382188924577
0.032136515598654436,0.10491361694456552,21.607252726018565,191.27382190414693
0.03211354801089825,0.10491361694456552,21.59717647510323,191.35168687329787
0.03211354808595361,0.10491361694456552,21.59717649000439,191.35168687329787
0.0321135480169445,0.10491361694456552,21.59717647510323,191.35168688819903
0.032075242200589014,0.10491361694456552,21.57597967194725,191.50047361245626
0.03207524231394474,0.10491361694456552,21.57597968684841,191.50047361245626
0.03207524221370848,0.10491361694456552,21.57597967194725,191.50047362735742
0.03201171895332462,0.10491361694456552,21.534774462924357,191.76861172848896
0.032011719117274746,0.10491361694456552,21.53477447782552,191.76861172848896
0.032011718975750406,0.10491361694456552,21.534774462924357,191.76861174339012
0.03190174171961846,0.10491361694456552,21.461268646312384,192.22073488822198
0.031901741943510024,0.10491361694456552,21.461268661213545,192.22073488822198
0.03190174175298092,0.10491361694456552,21.461268646312384,192.22073490312314
0.03170060875044643,0.10491361694456552,21.333449213608326,192.9792922944434
0.03170060904442237,0.10491361694456552,21.333449228509487,192.9792922944434
0.031700608796409034,0.10491361694456552,21.333449213608326,192.97929230934457
0.03130992309320075,0.10491361694456552,21.10435089666243,194.31288132123578
0.0313099234730916,0.10491361694456552,21.104350911563593,194.31288132123578
0.031309923154194993,0.10491361694456552,21.10435089666243,194.31288133613694
0.02948634135853906,0.10491361694456552,20.18795762887886,199.64723742840525
0.029486341939278078,0.10491361694456552,20.18795764378002,199.64723742840525
0.029486341451672976,0.10491361694456552,20.18795762887886,199.6472374433064
0.024599797459126743,0.10491361694456552,16.522384557744573,220.98466185708313
0.024599796084129353,0.10491361694456552,16.522384572645734,220.98466185708313
0.02459979725159829,0.10491361694456552,16.522384557744573,220.9846618719843
0.02727612713838896,0.10491361694456552,19.499613196766543,203.65411357466436
0.027276127709372957,0.10491361694456552,19.499613211667704,203.65411357466436
0.027276127226709326,0.10491361694456552,19.499613196766543,203.65411358956553
0.020121252101463906,0.10491361694456552,17.523870242558704,215.15497992156202
0.020121251765373396,0.10491361694456552,17.523870257459865,215.15497992156202
0.020121252042234535,0.10491361694456552,17.523870242558704,215.15497993646318
0.059933426951718716,0.10491361694456552,15.137115364044764,229.1363268697918
0.05993342346255616,0.10491361694456552,15.137115378945925,229.1363268697918
0.05993342647414393,0.10491361694456552,15.137115364044764,229.13632688469295
0.020082372959686776,0.10491361694456552,17.428444204842968,215.71397513016478
0.020082372546914265,0.10491361694456552,17.42844421974413,215.71397513016478
0.020082372889034583,0.10491361694456552,17.428444204842968,215.71397514506594
0.02000420492628064,0.10491361694456552,17.40635756326896,215.85957619000976
0.02000420451372934,0.10491361694456552,17.40635757817012,215.85957619000976
0.02000420485573704,0.10491361694456552,17.40635756326896,215.85957620491092
0.01969885737619774,0.10491361694456552,17.318010996972912,216.44198042938967
0.01969885696258039,0.10491361694456552,17.318011011874074,216.44198042938967
0.019698857305792815,0.10491361694456552,17.318010996972912,216.44198044429083
0.018600739542237066,0.10491361694456552,16.964624731788728,218.77159738690938
0.018600739092504637,0.10491361694456552,16.96462474668989,218.77159738690938
0.018600739467682505,0.10491361694456552,16.964624731788728,218.77159740181054
0.016100643900551857,0.10491361694456552,16.225539212644637,223.82814122549578
0.01610064341335652,0.10491361694456552,16.2255392275458,223.82814122549578
0.016100643823554524,0.10491361694456552,16.225539212644637,223.82814124039695
0.012395144928546153,0.10491361694456552,15.139316282856408,231.67849748646992
0.012395144402887288,0.10491361694456552,15.139316297757569,231.67849748646992
0.012395144851605751,0.10491361694456552,15.139316282856408,231.67849750137108
0.008568802735820537,0.10491361694456552,14.291062492816408,238.70498470988485
0.008568802791785592,0.10491361694456552,14.29106250771757,238.70498470988485
0.008568802738006285,0.10491361694456552,14.291062492816408,238.70498472478602
0.03702528235037203,0.10491361694456552,11.890928155859623,256.75325297063074
0.03702527927725135,0.10491361694456552,11.890928170760784,256.75325297063074
0.03702528202805959,0.10491361694456552,11.890928155859623,256.7532529855319
0.0077452217315638824,0.10491361694456552,13.839280600833852,242.10224487832485
0.007745221519446174,0.10491361694456552,13.839280615735014,242.10224487832485
0.007745221701954204,0.10491361694456552,13.839280600833852,242.10224489322601
0.007185466191033257,0.10491361694456552,13.308807307863393,246.4251906745545
0.007185465886278506,0.10491361694456552,13.308807322764554,246.4251906745545
0.007185466153678294,0.10491361694456552,13.308807307863393,246.42519068945566
0.006824108289944331,0.10491361694456552,13.24694256743652,247.18846065762443
0.006824108269321386,0.10491361694456552,13.246942582337681,247.18846065762443
0.006824108286750645,0.10491361694456552,13.24694256743652,247.1884606725256
0.0067939578741490194,0.10491361694456552,13.122595335117651,248.2567116034445
0.006793957863626845,0.10491361694456552,13.122595350018813,248.2567116034445
0.00679395787287962,0.10491361694456552,13.122595335117651,248.25671161834566
0.006793517922802941,0.10491361694456552,13.117877386387175,248.30623067086128
0.006793517923136431,0.10491361694456552,13.117877401288336,248.30623067086128
0.006793517922836642,0.10491361694456552,13.117877386387175,248.30623068576244
0.006793516220936173,0.10491361694456552,13.11690603040697,248.31424942487095
0.00679351622091319,0.10491361694456552,13.11690604530813,248.31424942487095
0.006793516220933846,0.10491361694456552,13.11690603040697,248.3142494397721
0.006954624524239569,0.10491361694456552,13.138730063650517,248.31334070383176
0.006954624745284034,0.10491361694456552,13.138730078551678,248.31334070383176
0.006954624550075094,0.10491361694456552,13.138730063650517,248.31334071873292
0.006808762771405706,0.10491361694456552,13.123896020720938,248.31160691106064
0.006808762839429375,0.10491361694456552,13.1238960356221,248.31160691106064
0.006808762779349768,0.10491361694456552,13.123896020720938,248.3116069259618
0.006793516426022863,0.10491361694456552,13.11730174647549,248.3108368067045
0.006793516425971908,0.10491361694456552,13.117301761376652,248.3108368067045
0.006793516426014988,0.10491361694456552,13.11730174647549,248.31083682160565
0.01484636001095705,0.10491361694456552,12.944916298587264,248.4763870356098
0.014846358440266019,0.10491361694456552,12.944916313488426,248.4763870356098
0.014846359829083678,0.10491361694456552,12.944916298587264,248.47638705051097
0.0075272180307129535,0.10491361694456552,13.050323589446412,248.48859235101438
0.007527217558040675,0.10491361694456552,13.050323604347573,248.48859235101438
0.007527217975828634,0.10491361694456552,13.050323589446412,248.48859236591554
0.006794306769064864,0.10491361694456552,13.095699770742158,248.49386120416847
0.00679430676650958,0.10491361694456552,13.095699785643319,248.49386120416847
0.00679430676889438,0.10491361694456552,13.095699770742158,248.49386121906963
0.006794285471072383,0.10491361694456552,13.095945984007692,248.49388127673012
0.006794285471053444,0.10491361694456552,13.095945998908853,248.49388127673012
0.006794285471197491,0.10491361694456552,13.095945984007692,248.49388129163128
0.022812348833234686,0.10491361694456552,12.88375374404652,248.46345125324356
0.02281234661458307,0.10491361694456552,12.883753758947682,248.46345125324356
0.022812348576930954,0.10491361694456552,12.88375374404652,248.46345126814472
0.008236166075488592,0.10491361694456552,13.032644933647793,248.4806515055176
0.008236165412238062,0.10491361694456552,13.032644948548954,248.4806515055176
0.008236165998474904,0.10491361694456552,13.032644933647793,248.48065152041877
0.006794319784724421,0.10491361694456552,13.096136610374021,248.48802387538882
0.006794319779681314,0.10491361694456552,13.096136625275182,248.48802387538882
0.006794319784259678,0.10491361694456552,13.096136610374021,248.48802389028998
0.006794236557591024,0.10491361694456552,13.09662266798215,248.48807214281936
0.006794236557565747,0.10491361694456552,13.09662268288331,248.48807214281936
0.006794236557711433,0.10491361694456552,13.09662266798215,248.48807215772052
