LSCO 2601C, x = 22%
T=35 K, B = 45 T, theta= -14 to 99
Fixed parameters:
T=0.19,T1multvalue=-0.134,T11multvalue=0.067,mumultvalue=0.805
cost,Tzmultvalue,invtau_iso,invtau_aniso
0.00047365168403951444,0.07942100653562356,14.04683404951196,189.85506941378708
0.0004736528051917186,0.07942102143678476,14.04683404951196,189.85506941378708
0.000473651683401987,0.07942100653562356,14.04683406441312,189.85506941378708
0.0004736516839167871,0.07942100653562356,14.04683404951196,189.85506942868824
214317625.28702232,0.00418175574267643,14.046876833255952,189.85507764988006
214314560.71395046,0.004181770643837623,14.046876833255952,189.85507764988006
214317625.42624098,0.00418175574267643,14.046876848157114,189.85507764988006
214317625.30758256,0.00418175574267643,14.046876833255952,189.85507766478122
1971.110102932933,0.054698518299860784,14.046848107607918,189.8550721200436
1971.1060058550984,0.05469853320102198,14.046848107607918,189.8550721200436
1971.1101053471934,0.054698518299860784,14.046848122509079,189.8550721200436
1971.1101032959036,0.054698518299860784,14.046848107607918,189.85507213494475
7.264761743100458,0.07686921433728466,14.04683550055278,189.85506969312
7.264672622188131,0.07686922923844586,14.04683550055278,189.85506969312
7.264761817727152,0.07686921433728466,14.04683551545394,189.85506969312
7.264761754293927,0.07686921433728466,14.04683550055278,189.85506970802115
0.00047365082273107326,0.07942097092245085,14.04683404953221,189.85506941379097
0.00047365087118547136,0.07942098582361204,14.04683404953221,189.85506941379097
0.00047365082302323067,0.07942097092245085,14.046834064433371,189.85506941379097
0.0004736508227477283,0.07942097092245085,14.04683404953221,189.85506942869213
0.00047365063607094206,0.07942094967878152,14.046811624998387,189.8550678735773
0.00047365063609950417,0.07942096457994272,14.046811624998387,189.8550678735773
0.0004736506364039374,0.07942094967878152,14.046811639899548,189.8550678735773
0.0004736506360939702,0.07942094967878152,14.046811624998387,189.85506788847846
0.00047364995990324264,0.07942086470410421,14.0467219268631,189.85506171272266
0.00047364976623166886,0.07942087960526541,14.0467219268631,189.85506171272266
0.00047364996039920816,0.07942086470410421,14.046721941764261,189.85506171272266
0.00047364995995123247,0.07942086470410421,14.0467219268631,189.85506172762382
0.0004736483827006727,0.07942052480539498,14.046363134321945,189.85503706930402
0.0004736474142811893,0.07942053970655617,14.046363134321945,189.85503706930402
0.0004736483838487523,0.07942052480539498,14.046363149223106,189.85503706930402
0.00047364838284933694,0.07942052480539498,14.046363134321945,189.85503708420518
0.00047364704951023955,0.07942029627455058,14.04610866150539,189.85501955036963
0.00047364590958347557,0.07942031117571177,14.04610866150539,189.85501955036963
0.00047364705079317755,0.07942029627455058,14.04610867640655,189.85501955036963
0.0004736470496810347,0.07942029627455058,14.04610866150539,189.8550195652708
0.0004736447191211973,0.07941938215117295,14.04509077023917,189.85494947463212
0.0004736428936418112,0.07941939705233414,14.04509077023917,189.85494947463212
0.00047364472094348255,0.07941938215117295,14.045090785140331,189.85494947463212
0.00047364471938065146,0.07941938215117295,14.04509077023917,189.85494948953328
0.000473643835004073,0.07941897588824885,14.044627833690534,189.85491749539014
0.00047364198397727814,0.07941899078941005,14.044627833690534,189.85491749539014
0.00047364383682342646,0.07941897588824885,14.044627848591695,189.85491749539014
0.00047364383526676503,0.07941897588824885,14.044627833690534,189.8549175102913
0.00047364358052782594,0.07941887596404015,14.044512696409418,189.85490950426194
0.00047364175698878113,0.07941889086520135,14.044512696409418,189.85490950426194
0.00047364358231725365,0.07941887596404015,14.04451271131058,189.85490950426194
0.000473643580786821,0.07941887596404015,14.044512696409418,189.8549095191631
0.00047364306057067905,0.07941847626720536,14.044052147284955,189.8548775397492
0.0004736413470859354,0.07941849116836655,14.044052147284955,189.8548775397492
0.0004736430622396103,0.07941847626720536,14.044052162186116,189.8548775397492
0.0004736430608151678,0.07941847626720536,14.044052147284955,189.85487755465036
0.0004736429826105545,0.07941837929680716,14.043939769588011,189.85486969743133
0.00047364131300663473,0.07941839419796835,14.043939769588011,189.85486969743133
0.00047364298423546497,0.07941837929680716,14.043939784489172,189.85486969743133
0.00047364298284931477,0.07941837929680716,14.043939769588011,189.8548697123325
0.0004736431722769733,0.07941799141521436,14.04349025880024,189.8548383281599
0.00047364167829553,0.07941800631637555,14.04349025880024,189.8548383281599
0.0004736431737253807,0.07941799141521436,14.043490273701401,189.8548383281599
0.00047364317249278757,0.07941799141521436,14.04349025880024,189.85483834306106
0.0004736429557362999,0.07941829655864202,14.043843885435535,189.8548630061214
0.0004736413235807434,0.07941831145980321,14.043843885435535,189.8548630061214
0.000473642957323617,0.07941829655864202,14.043843900336697,189.8548630061214
0.00047364295597022033,0.07941829655864202,14.043843885435535,189.85486302102257
0.0004736430429216175,0.07941809516397977,14.04361049185624,189.8548467186668
0.00047364150194974106,0.07941811006514096,14.04361049185624,189.8548467186668
0.0004736430444171499,0.07941809516397977,14.043610506757402,189.8548467186668
0.0004736430431434226,0.07941809516397977,14.04361049185624,189.85484673356797
0.000473643044513189,0.07941809269393442,14.043607621441312,189.85484651707245
0.00047364150487377,0.07941810759509561,14.043607621441312,189.85484651707245
0.000473643046007481,0.07941809269393442,14.043607636342474,189.85484651707245
0.0004736430447349531,0.07941809269393442,14.043607621441312,189.8548465319736
0.00047364304323594666,0.07941809467174932,14.043609919840168,189.8548466784931
0.00047364150252972325,0.07941810957291051,14.043609919840168,189.8548466784931
0.00047364304473128925,0.07941809467174932,14.04360993474133,189.8548466784931
0.0004736430434578283,0.07941809467174932,14.043609919840168,189.85484669339425
0.0004736430429840974,0.07941809506586592,14.043610377839123,189.8548467106592
0.00047364150206530205,0.07941810996702711,14.043610377839123,189.8548467106592
0.00047364304447957914,0.07941809506586592,14.043610392740284,189.8548467106592
0.0004736430432059752,0.07941809506586592,14.043610377839123,189.85484672556035
0.0004736430429339942,0.07941809514441843,14.043610469124207,189.8548467170703
0.00047364150197273585,0.07941811004557962,14.043610469124207,189.8548467170703
0.00047364304442957264,0.07941809514441843,14.043610484025368,189.8548467170703
0.00047364304315591097,0.07941809514441843,14.043610469124207,189.85484673197146
0.0004736430429240631,0.07941809516007883,14.043610487322999,189.85484671834843
0.00047364150195433483,0.07941811006124003,14.043610487322999,189.85484671834843
0.000473643044419638,0.07941809516007883,14.04361050222416,189.85484671834843
0.0004736430431459209,0.07941809516007883,14.043610487322999,189.8548467332496
0.00047364304292202763,0.07941809516320142,14.043610490951728,189.85484671860328
0.00047364150195067716,0.07941811006436261,14.043610490951728,189.85484671860328
0.00047364304441762864,0.07941809516320142,14.04361050585289,189.85484671860328
0.00047364304314397433,0.07941809516320142,14.043610490951728,189.85484673350444
0.0004736430429216809,0.07941809516382309,14.043610491674164,189.85484671865402
0.0004736415019498653,0.07941811006498428,14.043610491674164,189.85484671865402
0.00047364304441719577,0.07941809516382309,14.043610506575325,189.85484671865402
0.00047364304314350303,0.07941809516382309,14.043610491674164,189.85484673355518
0.000473643042921567,0.07941809516394788,14.043610491819177,189.8548467186642
0.00047364150194981994,0.07941811006510907,14.043610491819177,189.8548467186642
0.00047364304441714384,0.07941809516394788,14.043610506720338,189.8548467186642
0.0004736430431434918,0.07941809516394788,14.043610491819177,189.85484673356535
0.00047364304292154646,0.07941809516392358,14.043610491790947,189.85484671866223
0.00047364150194978134,0.07941811006508477,14.043610491790947,189.85484671866223
0.00047364304441715213,0.07941809516392358,14.043610506692108,189.85484671866223
0.00047364304314348677,0.07941809516392358,14.043610491790947,189.8548467335634
0.00047364304292153464,0.0794180951639047,14.04361049176901,189.85484671866067
0.0004736415019498523,0.0794181100650659,14.04361049176901,189.85484671866067
0.00047364304441710356,0.0794180951639047,14.043610506670172,189.85484671866067
0.00047364304314347853,0.0794180951639047,14.04361049176901,189.85484673356183
0.000473643042921633,0.07941809516385084,14.043610491706412,189.8548467186563
0.0004736415019498381,0.07941811006501204,14.043610491706412,189.8548467186563
0.0004736430444171704,0.07941809516385084,14.043610506607573,189.8548467186563
0.00047364304314343863,0.07941809516385084,14.043610491706412,189.85484673355745
0.0004736430429215299,0.07941809516389498,14.043610491757708,189.8548467186599
0.00047364150194980536,0.07941811006505617,14.043610491757708,189.8548467186599
0.0004736430444171396,0.07941809516389498,14.043610506658869,189.8548467186599
0.00047364304314347256,0.07941809516389498,14.043610491757708,189.85484673356106
0.0004736430429216456,0.07941809516388731,14.043610491748801,189.85484671865927
0.00047364150194982086,0.07941811006504851,14.043610491748801,189.85484671865927
0.0004736430444171955,0.07941809516388731,14.043610506649962,189.85484671865927
0.00047364304314348406,0.07941809516388731,14.043610491748801,189.85484673356044
0.000473643042921591,0.0794180951638943,14.04361049175691,189.85484671865984
0.0004736415019498272,0.07941811006505549,14.04361049175691,189.85484671865984
0.00047364304441716736,0.0794180951638943,14.043610506658071,189.85484671865984
0.00047364304314353035,0.0794180951638943,14.04361049175691,189.854846733561
0.00047364304292153925,0.07941809516389496,14.043610491757688,189.85484671865987
0.0004736415019498758,0.07941811006505616,14.043610491757688,189.85484671865987
0.0004736430444171173,0.07941809516389496,14.04361050665885,189.85484671865987
0.0004736430431434789,0.07941809516389496,14.043610491757688,189.85484673356103
0.0004736430429215299,0.07941809516389498,14.043610491757708,189.8548467186599
0.00047364150194980536,0.07941811006505617,14.043610491757708,189.8548467186599
0.0004736430444171396,0.07941809516389498,14.043610506658869,189.8548467186599
0.00047364304314347256,0.07941809516389498,14.043610491757708,189.85484673356106
0.00047364304292151583,0.07941809516389498,14.043610491757697,189.85484671865987
0.00047364150194979685,0.07941811006505617,14.043610491757697,189.85484671865987
0.00047364304441710285,0.07941809516389498,14.043610506658858,189.85484671865987
0.0004736430431434728,0.07941809516389498,14.043610491757697,189.85484673356103
0.00047364304292152657,0.07941809516389496,14.043610491757693,189.85484671865987
0.000473641501949823,0.07941811006505616,14.043610491757693,189.85484671865987
0.00047364304441709917,0.07941809516389496,14.043610506658855,189.85484671865987
0.0004736430431434756,0.07941809516389496,14.043610491757693,189.85484673356103
0.00047364304292151583,0.07941809516389498,14.043610491757697,189.85484671865987
0.00047364150194979685,0.07941811006505617,14.043610491757697,189.85484671865987
0.00047364304441710285,0.07941809516389498,14.043610506658858,189.85484671865987
0.0004736430431434728,0.07941809516389498,14.043610491757697,189.85484673356103
0.00047364304292152966,0.07941809516389498,14.043610491757695,189.85484671865987
0.0004736415019497909,0.07941811006505617,14.043610491757695,189.85484671865987
0.000473643044417084,0.07941809516389498,14.043610506658856,189.85484671865987
0.0004736430431434941,0.07941809516389498,14.043610491757695,189.85484673356103
0.00047364304292151583,0.07941809516389498,14.043610491757697,189.85484671865987
0.00047364150194979685,0.07941811006505617,14.043610491757697,189.85484671865987
0.00047364304441710285,0.07941809516389498,14.043610506658858,189.85484671865987
0.0004736430431434728,0.07941809516389498,14.043610491757697,189.85484673356103
0.00047364304292152966,0.07941809516389498,14.043610491757695,189.85484671865987
0.0004736415019497909,0.07941811006505617,14.043610491757695,189.85484671865987
0.000473643044417084,0.07941809516389498,14.043610506658856,189.85484671865987
0.0004736430431434941,0.07941809516389498,14.043610491757695,189.85484673356103
0.00047364304292151583,0.07941809516389498,14.043610491757697,189.85484671865987
0.00047364150194979685,0.07941811006505617,14.043610491757697,189.85484671865987
0.00047364304441710285,0.07941809516389498,14.043610506658858,189.85484671865987
0.0004736430431434728,0.07941809516389498,14.043610491757697,189.85484673356103
0.00047364304292152966,0.07941809516389498,14.043610491757695,189.85484671865987
0.0004736415019497909,0.07941811006505617,14.043610491757695,189.85484671865987
0.000473643044417084,0.07941809516389498,14.043610506658856,189.85484671865987
0.0004736430431434941,0.07941809516389498,14.043610491757695,189.85484673356103
0.00047364304292151583,0.07941809516389498,14.043610491757697,189.85484671865987
0.00047364150194979685,0.07941811006505617,14.043610491757697,189.85484671865987
0.00047364304441710285,0.07941809516389498,14.043610506658858,189.85484671865987
0.0004736430431434728,0.07941809516389498,14.043610491757697,189.85484673356103
0.00047364304292152966,0.07941809516389498,14.043610491757695,189.85484671865987
0.0004736415019497909,0.07941811006505617,14.043610491757695,189.85484671865987
0.000473643044417084,0.07941809516389498,14.043610506658856,189.85484671865987
0.0004736430431434941,0.07941809516389498,14.043610491757695,189.85484673356103
0.00047364304292151583,0.07941809516389498,14.043610491757697,189.85484671865987
0.00047364150194979685,0.07941811006505617,14.043610491757697,189.85484671865987
0.00047364304441710285,0.07941809516389498,14.043610506658858,189.85484671865987
0.0004736430431434728,0.07941809516389498,14.043610491757697,189.85484673356103
0.00047364304292152966,0.07941809516389498,14.043610491757695,189.85484671865987
0.0004736415019497909,0.07941811006505617,14.043610491757695,189.85484671865987
0.000473643044417084,0.07941809516389498,14.043610506658856,189.85484671865987
0.0004736430431434941,0.07941809516389498,14.043610491757695,189.85484673356103
0.00047364304292151583,0.07941809516389498,14.043610491757697,189.85484671865987
0.00047364150194979685,0.07941811006505617,14.043610491757697,189.85484671865987
0.00047364304441710285,0.07941809516389498,14.043610506658858,189.85484671865987
0.0004736430431434728,0.07941809516389498,14.043610491757697,189.85484673356103
0.00047364304292152966,0.07941809516389498,14.043610491757695,189.85484671865987
0.0004736415019497909,0.07941811006505617,14.043610491757695,189.85484671865987
0.000473643044417084,0.07941809516389498,14.043610506658856,189.85484671865987
0.0004736430431434941,0.07941809516389498,14.043610491757695,189.85484673356103
0.00047364304292151583,0.07941809516389498,14.043610491757697,189.85484671865987
0.00047364150194979685,0.07941811006505617,14.043610491757697,189.85484671865987
0.00047364304441710285,0.07941809516389498,14.043610506658858,189.85484671865987
0.0004736430431434728,0.07941809516389498,14.043610491757697,189.85484673356103
0.00047364304292152966,0.07941809516389498,14.043610491757695,189.85484671865987
0.0004736415019497909,0.07941811006505617,14.043610491757695,189.85484671865987
0.000473643044417084,0.07941809516389498,14.043610506658856,189.85484671865987
0.0004736430431434941,0.07941809516389498,14.043610491757695,189.85484673356103
0.00047364304292151583,0.07941809516389498,14.043610491757697,189.85484671865987
0.00047364150194979685,0.07941811006505617,14.043610491757697,189.85484671865987
0.00047364304441710285,0.07941809516389498,14.043610506658858,189.85484671865987
0.0004736430431434728,0.07941809516389498,14.043610491757697,189.85484673356103
0.00047364304292152966,0.07941809516389498,14.043610491757695,189.85484671865987
0.0004736415019497909,0.07941811006505617,14.043610491757695,189.85484671865987
0.000473643044417084,0.07941809516389498,14.043610506658856,189.85484671865987
0.0004736430431434941,0.07941809516389498,14.043610491757695,189.85484673356103
0.00047364304292151583,0.07941809516389498,14.043610491757697,189.85484671865987
0.00047364150194979685,0.07941811006505617,14.043610491757697,189.85484671865987
0.00047364304441710285,0.07941809516389498,14.043610506658858,189.85484671865987
0.0004736430431434728,0.07941809516389498,14.043610491757697,189.85484673356103
0.00047364304292152966,0.07941809516389498,14.043610491757695,189.85484671865987
0.0004736415019497909,0.07941811006505617,14.043610491757695,189.85484671865987
0.000473643044417084,0.07941809516389498,14.043610506658856,189.85484671865987
0.0004736430431434941,0.07941809516389498,14.043610491757695,189.85484673356103
0.00047364304292151583,0.07941809516389498,14.043610491757697,189.85484671865987
0.00047364150194979685,0.07941811006505617,14.043610491757697,189.85484671865987
0.00047364304441710285,0.07941809516389498,14.043610506658858,189.85484671865987
0.0004736430431434728,0.07941809516389498,14.043610491757697,189.85484673356103
0.000473643044513189,0.07941809269393442,14.043607621441312,189.85484651707245
0.0004736430436791827,0.07941809398173598,14.04360911798259,189.8548466221772
0.00047364304322535867,0.07941809468822542,14.043609938986885,189.8548466798378
0.00047364304304771165,0.07941809496612817,14.043610261934893,189.854846702519
0.00047364304297370103,0.07941809508215568,14.043610396769282,189.85484671198867
0.000473643042943149,0.07941809513010527,14.04361045249102,189.8548467159021
0.0004736430429305871,0.07941809514995744,14.043610475561032,189.85484671752238
0.0004736430429252255,0.07941809515817737,14.043610485113325,189.85484671819324
0.0004736430429230607,0.0794180951615745,14.043610489061106,189.8548467184705
0.0004736430429221404,0.07941809516298114,14.043610490695734,189.8548467185853
0.0004736430429217917,0.07941809516356234,14.043610491371153,189.85484671863273
0.00047364304292171674,0.07941809516380383,14.043610491651783,189.85484671865245
1829203.5730311153,0.01353878779007886,13.884397748597346,190.26779600874863
1829195.2564641596,0.013538802691240054,13.884397748597346,190.26779600874863
1829203.5742560676,0.01353878779007886,13.884397763498507,190.26779600874863
1829203.5732114916,0.01353878779007886,13.884397748597346,190.2677960236498
1632.3330478148544,1.0235387765967896,13.884248985075095,190.2677741030766
1633.1892219901306,1.0235387914979508,13.884248985075095,190.2677741030766
1632.333047814071,1.0235387765967896,13.884248999976256,190.2677741030766
1632.3330478144755,1.0235387765967896,13.884248985075095,190.26777411797775
1567.5872336050757,0.9592867937162016,418.1352296007694,126.6531016558088
1567.814319556598,0.9592868086173628,418.1352296007694,126.6531016558088
1567.587233607077,0.9592867937162016,418.1352295858682,126.6531016558088
1567.5872336034795,0.9592867937162016,418.1352296007694,126.65310167070996
1623.161455698969,1.0047589466155442,112.38815526907663,171.6742197984165
1621.1196754902285,1.0047589615167054,112.38815526907663,171.6742197984165
1623.1614556999039,1.0047589466155442,112.38815525417547,171.6742197984165
1623.161455698286,1.0047589466155442,112.38815526907663,171.67421981331765
1631.7962142075048,1.0132864479708767,55.05067673526087,180.11713752939596
1631.6558467247899,1.013286462872038,55.05067673526087,180.11713752939596
1631.7962142080592,1.0132864479708767,55.05067672035971,180.11713752939596
1631.7962142071563,1.0132864479708767,55.05067673526087,180.11713754429712
1637.1051795528087,1.0198314235363075,11.043366698004212,186.59719398997328
1637.1263746767052,1.0198314384374687,11.043366698004212,186.59719398997328
1637.105179552907,1.0198314235363075,11.04336668310305,186.59719398997328
1637.105179552736,1.0198314235363075,11.043366698004212,186.59719400487444
1621.3505186096074,1.0223182476062331,5.6776182406349065,189.05935144488504
1621.5271655248316,1.0223182625073943,5.6776182406349065,189.05935144488504
1621.3505186032512,1.0223182476062331,5.677618255536068,189.05935144488504
1621.350518608714,1.0223182476062331,5.6776182406349065,189.0593514597862
1635.7847687968688,1.0223163757483238,5.665293922198794,189.05748831597936
1635.1872069144601,1.022316390649485,5.665293922198794,189.05748831597936
1635.7847687965595,1.0223163757483238,5.665293937099955,189.05748831597936
1635.7847687966996,1.0223163757483238,5.665293922198794,189.05748833088052
1633.9372315927008,1.0223175832912508,5.6732443886748785,189.05869022779152
1635.6599450071626,1.022317598192412,5.6732443886748785,189.05869022779152
1633.937231591999,1.0223175832912508,5.67324440357604,189.05869022779152
1633.9372315924074,1.0223175832912508,5.6732443886748785,189.05869024269268
1629.9991063647744,1.022318226705559,5.677480630530317,189.05933064167675
1628.0289171965092,1.0223182416067202,5.677480630530317,189.05933064167675
1629.9991063628304,1.022318226705559,5.677480645431478,189.05933064167675
1629.9991063642456,1.022318226705559,5.677480630530317,189.0593306565779
1625.5782329093804,1.0223182474963644,5.677617517258376,189.0593513355286
1621.526895331952,1.0223182623975255,5.677617517258376,189.0593513355286
1625.5782329054657,1.0223182474963644,5.6776175321595375,189.0593513355286
1625.5782329086394,1.0223182474963644,5.677617517258376,189.05935135042975
1625.998519292624,1.0223182476062276,5.677618240597691,189.0593514448794
1621.9215696335073,1.0223182625073888,5.677618240597691,189.0593514448794
1625.9985192889353,1.0223182476062276,5.677618255498852,189.0593514448794
1625.9985192919016,1.0223182476062276,5.677618240597691,189.05935145978057
1621.3505186096074,1.0223182476062331,5.6776182406349065,189.05935144488504
1621.5271655248316,1.0223182625073943,5.6776182406349065,189.05935144488504
1621.3505186032512,1.0223182476062331,5.677618255536068,189.05935144488504
1621.350518608714,1.0223182476062331,5.6776182406349065,189.0593514597862
1625.51122805394,1.0223182476062302,5.677618240616299,189.05935144488222
1621.8638985990024,1.0223182625073914,5.677618240616299,189.05935144488222
1625.5112280499925,1.0223182476062302,5.67761825551746,189.05935144488222
1625.5112280531962,1.0223182476062302,5.677618240616299,189.0593514597834
1621.3505186096074,1.0223182476062331,5.6776182406349065,189.05935144488504
1621.5271655248316,1.0223182625073943,5.6776182406349065,189.05935144488504
1621.3505186032512,1.0223182476062331,5.677618255536068,189.05935144488504
1621.350518608714,1.0223182476062331,5.6776182406349065,189.0593514597862
1625.4422285649935,1.0223182476062318,5.677618240625603,189.05935144488365
1621.8638985989987,1.022318262507393,5.677618240625603,189.05935144488365
1625.4422285610083,1.0223182476062318,5.677618255526764,189.05935144488365
1625.4422285642465,1.0223182476062318,5.677618240625603,189.0593514597848
1621.3505186096074,1.0223182476062331,5.6776182406349065,189.05935144488504
1621.5271655248316,1.0223182625073943,5.6776182406349065,189.05935144488504
1621.3505186032512,1.0223182476062331,5.677618255536068,189.05935144488504
1621.350518608714,1.0223182476062331,5.6776182406349065,189.0593514597862
1625.4422285649919,1.0223182476062325,5.677618240630254,189.05935144488433
1621.5271655248337,1.0223182625073937,5.677618240630254,189.05935144488433
1625.4422285610067,1.0223182476062325,5.677618255531415,189.05935144488433
1625.4422285642452,1.0223182476062325,5.677618240630254,189.0593514597855
1621.3505186096074,1.0223182476062331,5.6776182406349065,189.05935144488504
1621.5271655248316,1.0223182625073943,5.6776182406349065,189.05935144488504
1621.3505186032512,1.0223182476062331,5.677618255536068,189.05935144488504
1621.350518608714,1.0223182476062331,5.6776182406349065,189.0593514597862
1625.4422285649912,1.0223182476062327,5.67761824063258,189.0593514448847
1621.5271655248325,1.0223182625073939,5.67761824063258,189.0593514448847
1625.4422285610062,1.0223182476062327,5.6776182555337416,189.0593514448847
1625.4422285642445,1.0223182476062327,5.67761824063258,189.05935145978586
1621.3505186096074,1.0223182476062331,5.6776182406349065,189.05935144488504
1621.5271655248316,1.0223182625073943,5.6776182406349065,189.05935144488504
1621.3505186032512,1.0223182476062331,5.677618255536068,189.05935144488504
1621.350518608714,1.0223182476062331,5.6776182406349065,189.0593514597862
1625.4422285649912,1.022318247606233,5.677618240633744,189.05935144488487
1621.5271655248323,1.022318262507394,5.677618240633744,189.05935144488487
1625.4422285610058,1.022318247606233,5.677618255534905,189.05935144488487
1625.4422285642443,1.022318247606233,5.677618240633744,189.05935145978603
1621.3505186096074,1.0223182476062331,5.6776182406349065,189.05935144488504
1621.5271655248316,1.0223182625073943,5.6776182406349065,189.05935144488504
1621.3505186032512,1.0223182476062331,5.677618255536068,189.05935144488504
1621.350518608714,1.0223182476062331,5.6776182406349065,189.0593514597862
1621.3505186096077,1.0223182476062331,5.677618240634325,189.05935144488495
1621.5271655248318,1.0223182625073943,5.677618240634325,189.05935144488495
1621.3505186032512,1.0223182476062331,5.677618255535486,189.05935144488495
1621.3505186087145,1.0223182476062331,5.677618240634325,189.05935145978611
1621.3505186096074,1.0223182476062331,5.677618240634784,189.059351444885
1621.5271655248318,1.0223182625073943,5.677618240634784,189.059351444885
1621.3505186032512,1.0223182476062331,5.677618255535945,189.059351444885
1621.350518608714,1.0223182476062331,5.677618240634784,189.05935145978617
1621.3505186096077,1.0223182476062331,5.677618240634687,189.059351444885
1621.5271655248318,1.0223182625073943,5.677618240634687,189.059351444885
1621.3505186032512,1.0223182476062331,5.677618255535848,189.059351444885
1621.350518608714,1.0223182476062331,5.677618240634687,189.05935145978617
1621.3505186096074,1.0223182476062331,5.6776182406347635,189.059351444885
1621.5271655248318,1.0223182625073943,5.6776182406347635,189.059351444885
1621.3505186032512,1.0223182476062331,5.677618255535925,189.059351444885
1621.350518608714,1.0223182476062331,5.6776182406347635,189.05935145978617
1621.3505186096077,1.0223182476062331,5.6776182406347475,189.059351444885
1621.5271655248318,1.0223182625073943,5.6776182406347475,189.059351444885
1621.3505186032512,1.0223182476062331,5.677618255535909,189.059351444885
1621.350518608714,1.0223182476062331,5.6776182406347475,189.05935145978617
1621.3505186096074,1.0223182476062331,5.67761824063476,189.059351444885
1621.5271655248318,1.0223182625073943,5.67761824063476,189.059351444885
1621.3505186032512,1.0223182476062331,5.677618255535921,189.059351444885
1621.350518608714,1.0223182476062331,5.67761824063476,189.05935145978617
1621.3505186096074,1.0223182476062331,5.677618240634757,189.059351444885
1621.5271655248318,1.0223182625073943,5.677618240634757,189.059351444885
1621.3505186032512,1.0223182476062331,5.6776182555359185,189.059351444885
1621.350518608714,1.0223182476062331,5.677618240634757,189.05935145978617
1621.3505186096077,1.0223182476062331,5.6776182406347555,189.059351444885
1621.5271655248318,1.0223182625073943,5.6776182406347555,189.059351444885
1621.3505186032512,1.0223182476062331,5.677618255535917,189.059351444885
1621.350518608714,1.0223182476062331,5.6776182406347555,189.05935145978617
1621.3505186096074,1.0223182476062331,5.677618240634756,189.059351444885
1621.5271655248318,1.0223182625073943,5.677618240634756,189.059351444885
1621.3505186032512,1.0223182476062331,5.677618255535918,189.059351444885
1621.350518608714,1.0223182476062331,5.677618240634756,189.05935145978617
1621.3505186096077,1.0223182476062331,5.6776182406347555,189.059351444885
1621.5271655248318,1.0223182625073943,5.6776182406347555,189.059351444885
1621.3505186032512,1.0223182476062331,5.677618255535917,189.059351444885
1621.350518608714,1.0223182476062331,5.6776182406347555,189.05935145978617
1621.3505186096074,1.0223182476062331,5.677618240634756,189.059351444885
1621.5271655248318,1.0223182625073943,5.677618240634756,189.059351444885
1621.3505186032512,1.0223182476062331,5.677618255535918,189.059351444885
1621.350518608714,1.0223182476062331,5.677618240634756,189.05935145978617
1621.3505186096077,1.0223182476062331,5.6776182406347555,189.059351444885
1621.5271655248318,1.0223182625073943,5.6776182406347555,189.059351444885
1621.3505186032512,1.0223182476062331,5.677618255535917,189.059351444885
1621.350518608714,1.0223182476062331,5.6776182406347555,189.05935145978617
1621.3505186096074,1.0223182476062331,5.677618240634756,189.059351444885
1621.5271655248318,1.0223182625073943,5.677618240634756,189.059351444885
1621.3505186032512,1.0223182476062331,5.677618255535918,189.059351444885
1621.350518608714,1.0223182476062331,5.677618240634756,189.05935145978617
1621.3505186096077,1.0223182476062331,5.6776182406347555,189.059351444885
1621.5271655248318,1.0223182625073943,5.6776182406347555,189.059351444885
1621.3505186032512,1.0223182476062331,5.677618255535917,189.059351444885
1621.350518608714,1.0223182476062331,5.6776182406347555,189.05935145978617
1621.3505186096074,1.0223182476062331,5.677618240634756,189.059351444885
1621.5271655248318,1.0223182625073943,5.677618240634756,189.059351444885
1621.3505186032512,1.0223182476062331,5.677618255535918,189.059351444885
1621.350518608714,1.0223182476062331,5.677618240634756,189.05935145978617
1621.3505186096077,1.0223182476062331,5.6776182406347555,189.059351444885
1621.5271655248318,1.0223182625073943,5.6776182406347555,189.059351444885
1621.3505186032512,1.0223182476062331,5.677618255535917,189.059351444885
1621.350518608714,1.0223182476062331,5.6776182406347555,189.05935145978617
1621.3505186096074,1.0223182476062331,5.677618240634756,189.059351444885
1621.5271655248318,1.0223182625073943,5.677618240634756,189.059351444885
1621.3505186032512,1.0223182476062331,5.677618255535918,189.059351444885
1621.350518608714,1.0223182476062331,5.677618240634756,189.05935145978617
1621.3505186096077,1.0223182476062331,5.6776182406347555,189.059351444885
1621.5271655248318,1.0223182625073943,5.6776182406347555,189.059351444885
1621.3505186032512,1.0223182476062331,5.677618255535917,189.059351444885
1621.350518608714,1.0223182476062331,5.6776182406347555,189.05935145978617
1621.3505186096074,1.0223182476062331,5.677618240634756,189.059351444885
1621.5271655248318,1.0223182625073943,5.677618240634756,189.059351444885
1621.3505186032512,1.0223182476062331,5.677618255535918,189.059351444885
1621.350518608714,1.0223182476062331,5.677618240634756,189.05935145978617
1621.3505186096077,1.0223182476062331,5.6776182406347555,189.059351444885
1621.5271655248318,1.0223182625073943,5.6776182406347555,189.059351444885
1621.3505186032512,1.0223182476062331,5.677618255535917,189.059351444885
1621.350518608714,1.0223182476062331,5.6776182406347555,189.05935145978617
1621.3505186096074,1.0223182476062331,5.677618240634756,189.059351444885
1621.5271655248318,1.0223182625073943,5.677618240634756,189.059351444885
1621.3505186032512,1.0223182476062331,5.677618255535918,189.059351444885
1621.350518608714,1.0223182476062331,5.677618240634756,189.05935145978617
1621.3505186096077,1.0223182476062331,5.6776182406347555,189.059351444885
1621.5271655248318,1.0223182625073943,5.6776182406347555,189.059351444885
1621.3505186032512,1.0223182476062331,5.677618255535917,189.059351444885
1621.350518608714,1.0223182476062331,5.6776182406347555,189.05935145978617
1621.3505186096074,1.0223182476062331,5.677618240634756,189.059351444885
1621.5271655248318,1.0223182625073943,5.677618240634756,189.059351444885
1621.3505186032512,1.0223182476062331,5.677618255535918,189.059351444885
1621.350518608714,1.0223182476062331,5.677618240634756,189.05935145978617
1621.3505186096077,1.0223182476062331,5.6776182406347555,189.059351444885
1621.5271655248318,1.0223182625073943,5.6776182406347555,189.059351444885
1621.3505186032512,1.0223182476062331,5.677618255535917,189.059351444885
1621.350518608714,1.0223182476062331,5.6776182406347555,189.05935145978617
1621.3505186096074,1.0223182476062331,5.677618240634756,189.059351444885
1621.5271655248318,1.0223182625073943,5.677618240634756,189.059351444885
1621.3505186032512,1.0223182476062331,5.677618255535918,189.059351444885
1621.350518608714,1.0223182476062331,5.677618240634756,189.05935145978617
1621.3505186096077,1.0223182476062331,5.6776182406347555,189.059351444885
1621.5271655248318,1.0223182625073943,5.6776182406347555,189.059351444885
1621.3505186032512,1.0223182476062331,5.677618255535917,189.059351444885
1621.350518608714,1.0223182476062331,5.6776182406347555,189.05935145978617
1621.3505186096074,1.0223182476062331,5.677618240634756,189.059351444885
1621.5271655248318,1.0223182625073943,5.677618240634756,189.059351444885
1621.3505186032512,1.0223182476062331,5.677618255535918,189.059351444885
1621.350518608714,1.0223182476062331,5.677618240634756,189.05935145978617
1621.3505186096077,1.0223182476062331,5.6776182406347555,189.059351444885
1621.5271655248318,1.0223182625073943,5.6776182406347555,189.059351444885
1621.3505186032512,1.0223182476062331,5.677618255535917,189.059351444885
1621.350518608714,1.0223182476062331,5.6776182406347555,189.05935145978617
1621.3505186096074,1.0223182476062331,5.677618240634756,189.059351444885
1621.5271655248318,1.0223182625073943,5.677618240634756,189.059351444885
1621.3505186032512,1.0223182476062331,5.677618255535918,189.059351444885
1621.350518608714,1.0223182476062331,5.677618240634756,189.05935145978617
1635.7847687968688,1.0223163757483238,5.665293922198794,189.05748831597936
1635.1919470189646,1.0223176805963574,5.673885045806729,189.05878707913686
1621.6259929154985,1.0223181549492608,5.67700818683437,189.05925921999847
1626.4741943430417,1.0223182123431185,5.677386068175989,189.0593163462123
1629.7506592113673,1.0223182299746758,5.677502154405447,189.0593338955487
1626.4673638004474,1.0223182387904546,5.677560197520177,189.05934267021686
1630.2103872712587,1.0223182431983437,5.677589219077542,189.05934705755095
1621.6022903662147,1.0223182454022886,5.677603729856224,189.05934925121798
1626.0828444720798,1.022318246329326,5.677609833474398,189.0593501739325
1621.5702330336449,1.0223182469677796,5.677614037054652,189.05935080940878
1625.622428833436,1.0223182472781454,5.677616080503194,189.05935111832713
1621.442499905791,1.0223182474421892,5.67761716056905,189.05935128160607
1547.4868277393712,0.5506968708679245,13.59424099399104,189.7589892947493
1547.4868314870273,0.5506968857690857,13.59424099399104,189.7589892947493
1547.4868277072387,0.5506968708679245,13.594241008892201,189.7589892947493
1547.486827735543,0.5506968708679245,13.59424099399104,189.75898930965047
1513.9399443140437,0.45926547992774713,13.602900423069029,189.76002092613876
1513.9399379321487,0.45926546502658594,13.602900423069029,189.76002092613876
1513.9399442702443,0.45926547992774713,13.60290043797019,189.76002092613876
1513.9399443087664,0.45926547992774713,13.602900423069029,189.76002094103993
1017.2861054780718,0.17700689321656532,13.597445016255907,189.75937100235512
1017.2861910918609,0.1770069081177265,13.597445016255907,189.75937100235512
1017.2861052939031,0.17700689321656532,13.597445031157068,189.75937100235512
1017.2861054523257,0.17700689321656532,13.597445016255907,189.75937101725629
1491.4486465666905,0.41512941968328676,13.602521999969229,189.7599758431264
1491.448638031898,0.41512940478212557,13.602521999969229,189.7599758431264
1491.448646515602,0.41512941968328676,13.60252201487039,189.7599758431264
1491.4486465603995,0.41512941968328676,13.602521999969229,189.75997585802756
936520.4490735324,0.015843664177952577,13.598826831677778,189.75953562338853
936516.7669597991,0.01584367907911377,13.598826831677778,189.75953562338853
936520.4497153601,0.015843664177952577,13.59882684657894,189.75953562338853
936520.4491673957,0.015843664177952577,13.598826831677778,189.7595356382897
566.7684962841274,0.12457048545197258,13.597894606632998,189.7594245638014
566.7686785162339,0.12457050035313377,13.597894606632998,189.7594245638014
566.7684960219426,0.12457048545197258,13.59789462153416,189.7594245638014
566.7684962461883,0.12457048545197258,13.597894606632998,189.75942457870255
1869.3138381336394,0.054801185617770365,13.598492809430617,189.75949583002202
1869.309910418508,0.05480120051893156,13.598492809430617,189.75949583002202
1869.3138404964795,0.054801185617770365,13.598492824331778,189.75949583002202
1869.3138384833965,0.054801185617770365,13.598492809430617,189.75949584492318
175.06341812768974,0.09666449445109815,13.598133872928155,189.7594530685236
175.06363520337405,0.09666450935225934,13.598133872928155,189.7594530685236
175.06341789128544,0.09666449445109815,13.598133887829317,189.7594530685236
175.06341809300528,0.09666449445109815,13.598133872928155,189.75945308342477
14.487913480570608,0.07550216445494456,13.598315318994517,189.7594746848976
14.487781963116632,0.07550217935610576,13.598315318994517,189.7594746848976
14.487913590672616,0.07550216445494456,13.598315333895679,189.7594746848976
14.487913496838875,0.07550216445494456,13.598315318994517,189.75947469979877
17.299155432534157,0.0834862916477137,13.598246862994033,189.75946652946863
17.299261562611548,0.0834863065488749,13.598246862994033,189.75946652946863
17.299155333703663,0.0834862916477137,13.598246877895194,189.75946652946863
17.299155417969075,0.0834862916477137,13.598246862994033,189.7594665443698
0.001026143268010396,0.07902887536142622,13.598285080933714,189.7594710825201
0.0010264985878047168,0.07902889026258741,13.598285080933714,189.7594710825201
0.0010261429266220862,0.07902887536142622,13.598285095834875,189.7594710825201
0.0010261432217729557,0.07902887536142622,13.598285080933714,189.75947109742125
81782.5699307101,0.027723605932321246,13.398173667638204,189.73604372142813
81782.36844469752,0.02772362083348244,13.398173667638204,189.73604372142813
81782.56999242285,0.027723605932321246,13.398173682539365,189.73604372142813
81782.56993972475,0.027723605932321246,13.398173667638204,189.7360437363293
393.19883507549434,0.06456926455396661,13.54188671899972,189.75286843668263
393.1977378777997,0.0645692794551278,13.54188671899972,189.75286843668263
393.19883585805087,0.06456926455396661,13.541886733900881,189.75286843668263
393.1988351910627,0.06456926455396661,13.54188671899972,189.7528684515838
0.0008906672069809099,0.07901530403912031,13.598232147258145,189.7594648854906
0.0008906110078401117,0.0790153189402815,13.598232147258145,189.7594648854906
0.0008906672271075162,0.07901530403912031,13.598232162159306,189.7594648854906
0.0008906672141023011,0.07901530403912031,13.598232147258145,189.75946490039175
0.0008834073891205661,0.07901882777129196,13.6001359837802,189.7594691971298
0.0008834075488578935,0.07901884267245315,13.6001359837802,189.7594691971298
0.0008834073598939284,0.07901882777129196,13.600135998681361,189.7594691971298
0.0008834073889363754,0.07901882777129196,13.6001359837802,189.75946921203095
0.0008767800183786419,0.07902320052765675,13.604012303896523,189.75947658975988
0.0008768096223984409,0.07902321542881795,13.604012303896523,189.75947658975988
0.0008767799635977711,0.07902320052765675,13.604012318797684,189.75947658975988
0.0008767800143786467,0.07902320052765675,13.604012303896523,189.75947660466105
0.0008643891381607614,0.07903112429237714,13.611934829904337,189.75949123071643
0.0008644480998115553,0.07903113919353834,13.611934829904337,189.75949123071643
0.0008643890582288938,0.07903112429237714,13.611934844805498,189.75949123071643
0.0008643891303574318,0.07903112429237714,13.611934829904337,189.7594912456176
0.0008410891949427804,0.07904596097833683,13.627542403458259,189.75951977896827
0.0008411825805722824,0.07904597587949802,13.627542403458259,189.75951977896827
0.0008410890860334975,0.07904596097833683,13.62754241835942,189.75951977896827
0.0008410891826819444,0.07904596097833683,13.627542403458259,189.75951979386943
0.0007981886699895346,0.07907451595431537,13.658460523306815,189.75957609576113
0.000798325340066081,0.07907453085547657,13.658460523306815,189.75957609576113
0.0007981885255551529,0.07907451595431537,13.658460538207976,189.75957609576113
0.0007981886521261827,0.07907451595431537,13.658460523306815,189.7595761106623
0.0007239399924101786,0.07913073778051156,13.720586586907382,189.7596893072387
0.0007241306888521034,0.07913075268167276,13.720586586907382,189.7596893072387
0.0007239398054638747,0.07913073778051156,13.720586601808543,189.7596893072387
0.0007239399675577437,0.07913073778051156,13.720586586907382,189.75968932213985
0.0006160561820334018,0.07924392180310434,13.8479648993048,189.75992254574652
0.0006163035753232483,0.07924393670426554,13.8479648993048,189.75992254574652
0.0006160559549108077,0.07924392180310434,13.847964914205962,189.75992254574652
0.0006160561498551714,0.07924392180310434,13.8479648993048,189.75992256064768
0.0005457911138087399,0.0793358368115508,13.954316506226471,189.76012020072744
0.0005460173663738988,0.079335851712712,13.954316506226471,189.76012020072744
0.0005457909122658622,0.0793358368115508,13.954316521127632,189.76012020072744
0.0005457910844015019,0.0793358368115508,13.954316506226471,189.7601202156286
0.0004919908389973824,0.07940166908667871,14.033892703189895,189.76027191398936
0.000492118471387462,0.07940168398783991,14.033892703189895,189.76027191398936
0.0004919907279314935,0.07940166908667871,14.033892718091057,189.76027191398936
0.0004919908224260131,0.07940166908667871,14.033892703189895,189.76027192889052
0.00047469658416652856,0.0794172010954782,14.055661685653373,189.76031569559174
0.0004747235345686112,0.0794172159966394,14.055661685653373,189.76031569559174
0.00047469656158874234,0.0794172010954782,14.055661700554534,189.76031569559174
0.0004746965806875493,0.0794172010954782,14.055661685653373,189.7603157104929
0.00047371023069221063,0.07940948621661713,14.047711513348213,189.76030043387095
0.0004737123659378116,0.07940950111777832,14.047711513348213,189.76030043387095
0.0004737102291877619,0.07940948621661713,14.047711528249375,189.76030043387095
0.00047371023043550647,0.07940948621661713,14.047711513348213,189.7603004487721
0.0004737038038755664,0.07940482105657669,14.042433673072791,189.7602891528477
0.0004737032460310094,0.07940483595773788,14.042433673072791,189.7602891528477
0.00047370380441961774,0.07940482105657669,14.042433687973952,189.7602891528477
0.0004737038039666569,0.07940482105657669,14.042433673072791,189.76028916774885
0.00047371517863656207,0.07940389360562088,14.041346787128045,189.76028566372213
0.000473715075718368,0.07940390850678207,14.041346787128045,189.76028566372213
0.0004737151787275271,0.07940389360562088,14.041346802029206,189.76028566372213
0.00047371517866823764,0.07940389360562088,14.041346787128045,189.7602856786233
0.0004737043482703924,0.07940476580431301,14.04236892257743,189.7602889449854
0.0004737038175016638,0.0794047807054742,14.04236892257743,189.7602889449854
0.00047370434878753,0.07940476580431301,14.04236893747859,189.7602889449854
0.0004737043483581026,0.07940476580431301,14.04236892257743,189.76028895988657
0.0004737038377757529,0.07940481756524988,14.042429581563674,189.7602891397131
0.0004737032816420224,0.07940483246641107,14.042429581563674,189.7602891397131
0.0004737038383181987,0.07940481756524988,14.042429596464835,189.7602891397131
0.00047370383786677305,0.07940481756524988,14.042429581563674,189.76028915461427
0.00047370380602318484,0.0794048208351794,14.042433413615832,189.7602891520148
0.0004737032482871736,0.07940483573634059,14.042433413615832,189.7602891520148
0.00047370380656716604,0.0794048208351794,14.042433428516993,189.7602891520148
0.0004737038061144518,0.0794048208351794,14.042433413615832,189.76028916691595
0.00047370380401174923,0.07940482104253185,14.04243365661356,189.76028915279485
0.0004737032461740175,0.07940483594369305,14.04243365661356,189.76028915279485
0.0004737038045557386,0.07940482104253185,14.042433671514722,189.76028915279485
0.0004737038041029082,0.07940482104253185,14.04243365661356,189.76028916769602
0.0004737038038840889,0.07940482105568535,14.042433672028217,189.76028915284434
0.00047370324604013175,0.07940483595684654,14.042433672028217,189.76028915284434
0.00047370380442821936,0.07940482105568535,14.042433686929378,189.76028915284434
0.0004737038039752917,0.07940482105568535,14.042433672028217,189.7602891677455
0.00047370380387601097,0.07940482105651958,14.042433673005872,189.76028915284746
0.00047370324603162234,0.07940483595768077,14.042433673005872,189.76028915284746
0.0004737038044201011,0.07940482105651958,14.042433687907034,189.76028915284746
0.0004737038039672049,0.07940482105651958,14.042433673005872,189.76028916774862
0.0004737038038754998,0.0794048210565725,14.042433673067876,189.76028915284766
0.0004737032460310427,0.07940483595773369,14.042433673067876,189.76028915284766
0.00047370380441965075,0.0794048210565725,14.042433687969037,189.76028915284766
0.00047370380396674833,0.0794048210565725,14.042433673067876,189.76028916774882
0.0004737038038755686,0.07940482105656912,14.042433673063927,189.76028915284766
0.00047370324603106164,0.07940483595773032,14.042433673063927,189.76028915284766
0.0004737038044197486,0.07940482105656912,14.042433687965088,189.76028915284766
0.0004737038039667936,0.07940482105656912,14.042433673063927,189.76028916774882
0.00047370380387554676,0.07940482105657237,14.042433673067734,189.76028915284766
0.00047370324603105356,0.07940483595773357,14.042433673067734,189.76028915284766
0.00047370380441967975,0.07940482105657237,14.042433687968895,189.76028915284766
0.00047370380396671906,0.07940482105657237,14.042433673067734,189.76028916774882
0.0004737038038754998,0.0794048210565725,14.042433673067876,189.76028915284766
0.0004737032460310427,0.07940483595773369,14.042433673067876,189.76028915284766
0.00047370380441965075,0.0794048210565725,14.042433687969037,189.76028915284766
0.00047370380396674833,0.0794048210565725,14.042433673067876,189.76028916774882
0.0004737038038755153,0.07940482105657243,14.042433673067805,189.76028915284766
0.00047370324603091766,0.07940483595773362,14.042433673067805,189.76028915284766
0.000473703804419624,0.07940482105657243,14.042433687968966,189.76028915284766
0.00047370380396670713,0.07940482105657243,14.042433673067805,189.76028916774882
0.000473703803875488,0.0794048210565725,14.042433673067874,189.76028915284766
0.00047370324603102467,0.07940483595773369,14.042433673067874,189.76028915284766
0.0004737038044196675,0.0794048210565725,14.042433687969035,189.76028915284766
0.00047370380396677327,0.0794048210565725,14.042433673067874,189.76028916774882
0.0004737038038754378,0.07940482105657247,14.04243367306784,189.76028915284766
0.0004737032460309944,0.07940483595773366,14.04243367306784,189.76028915284766
0.00047370380441963704,0.07940482105657247,14.042433687969002,189.76028915284766
0.00047370380396673673,0.07940482105657247,14.04243367306784,189.76028916774882
0.0004737038038754741,0.07940482105657244,14.042433673067823,189.76028915284766
0.00047370324603097187,0.07940483595773364,14.042433673067823,189.76028915284766
0.0004737038044196333,0.07940482105657244,14.042433687968984,189.76028915284766
0.0004737038039667438,0.07940482105657244,14.042433673067823,189.76028916774882
0.0004737038038754378,0.07940482105657247,14.04243367306784,189.76028915284766
0.0004737032460309944,0.07940483595773366,14.04243367306784,189.76028915284766
0.00047370380441963704,0.07940482105657247,14.042433687969002,189.76028915284766
0.00047370380396673673,0.07940482105657247,14.04243367306784,189.76028916774882
0.00047370380387552047,0.07940482105657246,14.042433673067832,189.76028915284766
0.0004737032460310238,0.07940483595773365,14.042433673067832,189.76028915284766
0.0004737038044196882,0.07940482105657246,14.042433687968993,189.76028915284766
0.0004737038039667072,0.07940482105657246,14.042433673067832,189.76028916774882
0.0004737038038754378,0.07940482105657247,14.04243367306784,189.76028915284766
0.0004737032460309944,0.07940483595773366,14.04243367306784,189.76028915284766
0.00047370380441963704,0.07940482105657247,14.042433687969002,189.76028915284766
0.00047370380396673673,0.07940482105657247,14.04243367306784,189.76028916774882
0.00047370380387554546,0.07940482105657246,14.042433673067835,189.76028915284766
0.0004737032460309618,0.07940483595773365,14.042433673067835,189.76028915284766
0.00047370380441968105,0.07940482105657246,14.042433687968996,189.76028915284766
0.00047370380396673576,0.07940482105657246,14.042433673067835,189.76028916774882
0.0004737038038754378,0.07940482105657247,14.04243367306784,189.76028915284766
0.0004737032460309944,0.07940483595773366,14.04243367306784,189.76028915284766
0.00047370380441963704,0.07940482105657247,14.042433687969002,189.76028915284766
0.00047370380396673673,0.07940482105657247,14.04243367306784,189.76028916774882
0.00047370380387550513,0.07940482105657246,14.042433673067837,189.76028915284766
0.0004737032460309746,0.07940483595773365,14.042433673067837,189.76028915284766
0.0004737038044196568,0.07940482105657246,14.042433687968998,189.76028915284766
0.0004737038039667069,0.07940482105657246,14.042433673067837,189.76028916774882
0.0004737038038754378,0.07940482105657247,14.04243367306784,189.76028915284766
0.0004737032460309944,0.07940483595773366,14.04243367306784,189.76028915284766
0.00047370380441963704,0.07940482105657247,14.042433687969002,189.76028915284766
0.00047370380396673673,0.07940482105657247,14.04243367306784,189.76028916774882
0.00047370380387548236,0.07940482105657246,14.042433673067839,189.76028915284766
0.00047370324603100364,0.07940483595773365,14.042433673067839,189.76028915284766
0.0004737038044196413,0.07940482105657246,14.042433687969,189.76028915284766
0.0004737038039667154,0.07940482105657246,14.042433673067839,189.76028916774882
0.0004737038038754378,0.07940482105657247,14.04243367306784,189.76028915284766
0.0004737032460309944,0.07940483595773366,14.04243367306784,189.76028915284766
0.00047370380441963704,0.07940482105657247,14.042433687969002,189.76028915284766
0.00047370380396673673,0.07940482105657247,14.04243367306784,189.76028916774882
0.00047370380387548095,0.07940482105657247,14.042433673067839,189.76028915284766
0.00047370324603100364,0.07940483595773366,14.042433673067839,189.76028915284766
0.0004737038044196724,0.07940482105657247,14.042433687969,189.76028915284766
0.00047370380396672275,0.07940482105657247,14.042433673067839,189.76028916774882
0.0004737038038754378,0.07940482105657247,14.04243367306784,189.76028915284766
0.0004737032460309944,0.07940483595773366,14.04243367306784,189.76028915284766
0.00047370380441963704,0.07940482105657247,14.042433687969002,189.76028915284766
0.00047370380396673673,0.07940482105657247,14.04243367306784,189.76028916774882
0.00047370380387548095,0.07940482105657247,14.042433673067839,189.76028915284766
0.00047370324603100364,0.07940483595773366,14.042433673067839,189.76028915284766
0.0004737038044196724,0.07940482105657247,14.042433687969,189.76028915284766
0.00047370380396672275,0.07940482105657247,14.042433673067839,189.76028916774882
0.0004737038038754378,0.07940482105657247,14.04243367306784,189.76028915284766
0.0004737032460309944,0.07940483595773366,14.04243367306784,189.76028915284766
0.00047370380441963704,0.07940482105657247,14.042433687969002,189.76028915284766
0.00047370380396673673,0.07940482105657247,14.04243367306784,189.76028916774882
0.00047370380387548095,0.07940482105657247,14.042433673067839,189.76028915284766
0.00047370324603100364,0.07940483595773366,14.042433673067839,189.76028915284766
0.0004737038044196724,0.07940482105657247,14.042433687969,189.76028915284766
0.00047370380396672275,0.07940482105657247,14.042433673067839,189.76028916774882
0.0004737038038754378,0.07940482105657247,14.04243367306784,189.76028915284766
0.0004737032460309944,0.07940483595773366,14.04243367306784,189.76028915284766
0.00047370380441963704,0.07940482105657247,14.042433687969002,189.76028915284766
0.00047370380396673673,0.07940482105657247,14.04243367306784,189.76028916774882
0.00047370380387548095,0.07940482105657247,14.042433673067839,189.76028915284766
0.00047370324603100364,0.07940483595773366,14.042433673067839,189.76028915284766
0.0004737038044196724,0.07940482105657247,14.042433687969,189.76028915284766
0.00047370380396672275,0.07940482105657247,14.042433673067839,189.76028916774882
0.0004737038038754378,0.07940482105657247,14.04243367306784,189.76028915284766
0.0004737032460309944,0.07940483595773366,14.04243367306784,189.76028915284766
0.00047370380441963704,0.07940482105657247,14.042433687969002,189.76028915284766
0.00047370380396673673,0.07940482105657247,14.04243367306784,189.76028916774882
0.00047370380387548095,0.07940482105657247,14.042433673067839,189.76028915284766
0.00047370324603100364,0.07940483595773366,14.042433673067839,189.76028915284766
0.0004737038044196724,0.07940482105657247,14.042433687969,189.76028915284766
0.00047370380396672275,0.07940482105657247,14.042433673067839,189.76028916774882
0.0004737038038754378,0.07940482105657247,14.04243367306784,189.76028915284766
0.0004737032460309944,0.07940483595773366,14.04243367306784,189.76028915284766
0.00047370380441963704,0.07940482105657247,14.042433687969002,189.76028915284766
0.00047370380396673673,0.07940482105657247,14.04243367306784,189.76028916774882
0.00047370380387548095,0.07940482105657247,14.042433673067839,189.76028915284766
0.00047370324603100364,0.07940483595773366,14.042433673067839,189.76028915284766
0.0004737038044196724,0.07940482105657247,14.042433687969,189.76028915284766
0.00047370380396672275,0.07940482105657247,14.042433673067839,189.76028916774882
0.0004737038038754378,0.07940482105657247,14.04243367306784,189.76028915284766
0.0004737032460309944,0.07940483595773366,14.04243367306784,189.76028915284766
0.00047370380441963704,0.07940482105657247,14.042433687969002,189.76028915284766
0.00047370380396673673,0.07940482105657247,14.04243367306784,189.76028916774882
0.00047370380387548095,0.07940482105657247,14.042433673067839,189.76028915284766
0.00047370324603100364,0.07940483595773366,14.042433673067839,189.76028915284766
0.0004737038044196724,0.07940482105657247,14.042433687969,189.76028915284766
0.00047370380396672275,0.07940482105657247,14.042433673067839,189.76028916774882
0.0004737038038754378,0.07940482105657247,14.04243367306784,189.76028915284766
0.0004737032460309944,0.07940483595773366,14.04243367306784,189.76028915284766
0.00047370380441963704,0.07940482105657247,14.042433687969002,189.76028915284766
0.00047370380396673673,0.07940482105657247,14.04243367306784,189.76028916774882
0.00047370380387548095,0.07940482105657247,14.042433673067839,189.76028915284766
0.00047370324603100364,0.07940483595773366,14.042433673067839,189.76028915284766
0.0004737038044196724,0.07940482105657247,14.042433687969,189.76028915284766
0.00047370380396672275,0.07940482105657247,14.042433673067839,189.76028916774882
0.0004737038038754378,0.07940482105657247,14.04243367306784,189.76028915284766
0.0004737032460309944,0.07940483595773366,14.04243367306784,189.76028915284766
0.00047370380441963704,0.07940482105657247,14.042433687969002,189.76028915284766
0.00047370380396673673,0.07940482105657247,14.04243367306784,189.76028916774882
0.00047371517863656207,0.07940389360562088,14.041346787128045,189.76028566372213
0.00047370522949455904,0.07940467977567982,14.04226810504992,189.76028862134058
0.0004737040436516751,0.0794047965095606,14.042404906261348,189.76028906050036
0.0004737038461802512,0.07940481670075054,14.042428568451163,189.7602891364608
0.00047370381140252667,0.07940482028078241,14.042432763914318,189.7602891499291
0.000473703805216648,0.07940482091831273,14.042433511040349,189.76028915232754
0.00047370380411456195,0.07940482103193032,14.042433644189547,189.76028915275498
0.0004737038039181193,0.07940482105218262,14.042433667923348,189.76028915283115
0.00047370380388315667,0.07940482105579262,14.042433672153942,189.76028915284473
0.00047370380387691915,0.07940482105643674,14.042433672908796,189.76028915284715
0.0004737038038757004,0.0794048210565517,14.042433673043496,189.7602891528476
0.00047370380387553077,0.07940482105657104,14.042433673066173,189.76028915284766
0.00047370324603104353,0.07940483595773223,14.042433673066173,189.76028915284766
0.0004737038044196998,0.07940482105657104,14.042433687967334,189.76028915284766
0.00047370380396671917,0.07940482105657104,14.042433673066173,189.76028916774882
790064.0027829355,0.01665044591322888,14.439188360303872,189.74606959670515
790061.0359327409,0.016650460814390075,14.439188360303872,189.74606959670515
790064.0033076926,0.01665044591322888,14.439188375205033,189.74606959670515
790064.0028620036,0.01665044591322888,14.439188360303872,189.74606961160632
1638.0792970231687,1.02665042975602,14.439009718104815,189.7460426796729
1638.0596462219264,1.0266504446571811,14.439009718104815,189.7460426796729
1638.0792970231673,1.02665042975602,14.439009733005976,189.7460426796729
1638.0792970231676,1.02665042975602,14.439009718104815,189.74604269457407
1586.9837846216672,1.0761417509083187,249.24495697272505,225.1256479926626
1586.9837851829466,1.0761417658094798,249.24495697272505,225.1256479926626
1586.983784619705,1.0761417509083187,249.2449569876262,225.1256479926626
1586.9837846204828,1.0761417509083187,249.24495697272505,225.12564800756377
1602.6284577077822,1.0761659328094901,249.37001710137258,225.20416220236459
1607.2088139456869,1.0761659477106513,249.37001710137258,225.20416220236459
1602.6284577064312,1.0761659328094901,249.37001711627374,225.20416220236459
1602.6284577069455,1.0761659328094901,249.37001710137258,225.20416221726575
1571.1698642255228,1.0761498029104228,249.28659904262997,225.15179137060647
1571.16986505949,1.076149817811584,249.28659904262997,225.15179137060647
1571.1698642229376,1.0761498029104228,249.28659905753113,225.15179137060647
1571.1698642240062,1.0761498029104228,249.28659904262997,225.15179138550764
1589.759891172369,1.0761604870599435,249.34185363589262,225.18648084973412
1589.3126854961592,1.0761605019611047,249.34185363589262,225.18648084973412
1589.7598911704695,1.0761604870599435,249.34185365079378,225.18648084973412
1589.7598911713008,1.0761604870599435,249.34185363589262,225.18648086463529
1571.169864007924,1.0761498030880772,249.2865999613946,225.15179194741762
1571.1698648720933,1.0761498179892384,249.2865999613946,225.15179194741762
1571.169864005339,1.0761498030880772,249.28659997629575,225.15179194741762
1571.1698640064076,1.0761498030880772,249.2865999613946,225.15179196231878
1555.54126467712,1.0761551450740103,249.3142267986436,225.16913639857586
1553.832407066967,1.0761551599751715,249.3142267986436,225.16913639857586
1555.541264673943,1.0761551450740103,249.31422681354476,225.16913639857586
1555.5412646752513,1.0761551450740103,249.3142267986436,225.16913641347702
1575.8582285478542,1.0761565643605444,249.3215668400767,225.17374456233304
1575.8582292554488,1.0761565792617056,249.3215668400767,225.17374456233304
1575.8582285454804,1.0761565643605444,249.32156685497787,225.17374456233304
1575.8582285464063,1.0761565643605444,249.3215668400767,225.1737445772342
1558.577463795744,1.0761555236556035,249.31618468699978,225.1703655837577
1558.5775580388718,1.0761555385567647,249.31618468699978,225.1703655837577
1558.577463792703,1.0761555236556035,249.31618470190094,225.1703655837577
1558.577463793919,1.0761555236556035,249.31618468699978,225.17036559865886
1555.541104543584,1.0761552557856682,249.3147993596705,225.16949585907716
1554.9224606837715,1.0761552706868294,249.3147993596705,225.16949585907716
1555.541104540407,1.0761552557856682,249.31479937457166,225.16949585907716
1555.5411045417152,1.0761552557856682,249.3147993596705,225.16949587397832
1555.5410136654964,1.076155318611493,249.31512427232622,225.169699843038
1556.4490772578497,1.0761553335126541,249.31512427232622,225.169699843038
1555.5410136623195,1.076155318611493,249.31512428722738,225.169699843038
1555.5410136636278,1.076155318611493,249.31512427232622,225.16969985793915
1552.0513562608485,1.0761552812445234,249.31493102374844,225.16957851932335
1555.5410687410745,1.0761552961456846,249.31493102374844,225.16957851932335
1552.0513562575115,1.0761552812445234,249.3149310386496,225.16957851932335
1552.051356258933,1.0761552812445234,249.31493102374844,225.1695785342245
1555.541073795327,1.0761552771325944,249.31490975832432,225.16956516864167
1555.541074667657,1.0761552920337556,249.31490975832432,225.16956516864167
1555.5410737921502,1.0761552771325944,249.31490977322548,225.16956516864167
1555.5410737934587,1.0761552771325944,249.31490975832432,225.16956518354283
1559.223858385835,1.0761552810783412,249.31493016431298,225.16957797975974
1558.3423310591688,1.0761552959795024,249.31493016431298,225.16957797975974
1559.2238583828237,1.0761552810783412,249.31493017921414,225.16957797975974
1559.2238583840192,1.0761552810783412,249.31493016431298,225.1695779946609
1555.5410677541645,1.0761552812443735,249.31493102297298,225.16957851883652
1558.3422378918153,1.0761552961455347,249.31493102297298,225.16957851883652
1555.5410677509876,1.0761552812443735,249.31493103787415,225.16957851883652
1555.541067752296,1.0761552812443735,249.31493102297298,225.16957853373768
1552.0513562608485,1.0761552812445234,249.31493102374844,225.16957851932335
1555.5410687410745,1.0761552961456846,249.31493102374844,225.16957851932335
1552.0513562575115,1.0761552812445234,249.3149310386496,225.16957851932335
1552.051356258933,1.0761552812445234,249.31493102374844,225.1695785342245
1555.541067793485,1.0761552812444486,249.3149310233607,225.16957851907995
1555.5410686911023,1.0761552961456098,249.3149310233607,225.16957851907995
1555.541067790308,1.0761552812444486,249.31493103826188,225.16957851907995
1555.5410677916163,1.0761552812444486,249.3149310233607,225.1695785339811
1552.0513562608485,1.0761552812445234,249.31493102374844,225.16957851932335
1555.5410687410745,1.0761552961456846,249.31493102374844,225.16957851932335
1552.0513562575115,1.0761552812445234,249.3149310386496,225.16957851932335
1552.051356258933,1.0761552812445234,249.31493102374844,225.1695785342245
1555.5410677232048,1.076155281244486,249.31493102355458,225.16957851920165
1555.5410686233913,1.076155296145647,249.31493102355458,225.16957851920165
1555.5410677200282,1.076155281244486,249.31493103845574,225.16957851920165
1555.5410677213365,1.076155281244486,249.31493102355458,225.1695785341028
1552.0513562608485,1.0761552812445234,249.31493102374844,225.16957851932335
1555.5410687410745,1.0761552961456846,249.31493102374844,225.16957851932335
1552.0513562575115,1.0761552812445234,249.3149310386496,225.16957851932335
1552.051356258933,1.0761552812445234,249.31493102374844,225.1695785342245
1555.5410677764191,1.0761552812445048,249.3149310236515,225.1695785192625
1555.5410686737468,1.076155296145666,249.3149310236515,225.1695785192625
1555.5410677732423,1.0761552812445048,249.31493103855266,225.1695785192625
1555.5410677745506,1.0761552812445048,249.3149310236515,225.16957853416366
1552.0513562608485,1.0761552812445234,249.31493102374844,225.16957851932335
1555.5410687410745,1.0761552961456846,249.31493102374844,225.16957851932335
1552.0513562575115,1.0761552812445234,249.3149310386496,225.16957851932335
1552.051356258933,1.0761552812445234,249.31493102374844,225.1695785342245
1554.9224226877627,1.076155281244514,249.31493102369998,225.16957851929294
1555.5410687334993,1.0761552961456753,249.31493102369998,225.16957851929294
1554.922422684555,1.076155281244514,249.31493103860115,225.16957851929294
1554.922422685886,1.076155281244514,249.31493102369998,225.1695785341941
1552.0513562608485,1.0761552812445234,249.31493102374844,225.16957851932335
1555.5410687410745,1.0761552961456846,249.31493102374844,225.16957851932335
1552.0513562575115,1.0761552812445234,249.3149310386496,225.16957851932335
1552.051356258933,1.0761552812445234,249.31493102374844,225.1695785342245
1602.6284577077822,1.0761659328094901,249.37001710137258,225.20416220236459
1571.1602879669945,1.0761538418589045,249.30748703704882,225.1649050975136
1569.999820145285,1.0761538567600657,249.30748703704882,225.1649050975136
1571.160287964408,1.0761538418589045,249.30748705194998,225.1649050975136
1571.1602879654783,1.0761538418589045,249.30748703704882,225.16490511241477
1589.768744191369,1.0761606941074084,249.34292441119786,225.1871530949794
1575.8582727611326,1.076156523800634,249.32135707875366,225.173612871724
1559.2248688396112,1.0761549942464936,249.31344677276698,225.16864668921838
1553.8326296364794,1.0761550091476548,249.31344677276698,225.16864668921838
1559.2248688365999,1.0761549942464936,249.31344678766814,225.16864668921838
1559.2248688377954,1.0761549942464936,249.31344677276698,225.16864670411954
1551.3019967404305,1.0761558831421383,249.318043822556,225.17153277077807
1553.5846925910237,1.0761558980432995,249.318043822556,225.17153277077807
1551.3019967370597,1.0761558831421383,249.31804383745717,225.17153277077807
1551.3019967385048,1.0761558831421383,249.318043822556,225.17153278567923
1559.6726866492586,1.0761553775682764,249.3154291756864,225.16989126492936
1557.7642911599846,1.0761557056398203,249.31712584416593,225.1709564532211
1551.0001393343987,1.0761558224005652,249.31772968890306,225.1713355540011
1548.2525310704746,1.0761558373017264,249.31772968890306,225.1713355540011
1551.0001393310133,1.0761558224005652,249.31772970380422,225.1713355540011
1551.000139332469,1.0761558224005652,249.31772968890306,225.17133556890226
1551.5285148075063,1.0761558549256895,249.31789789719306,225.17144115713054
1552.0502804136947,1.0761558342841888,249.31779114674717,225.17137413795356
1548.2525249942005,1.076155825613302,249.31774630402725,225.17134598517015
1551.52856040434,1.0761558405144631,249.31774630402725,225.17134598517015
1548.2525249906869,1.076155825613302,249.3177463189284,225.17134598517015
1548.2525249922364,1.076155825613302,249.31774630402725,225.1713460000713
